,tmin,cloud,sunshine,tavg,wind,day,rainfall,date,humid,tmax,year,snow,Date,station_id,month
0,-7.7,0.0,7.8,-1.7,1.1,1,0.0,20230101,58.4,5.5,2023,0.0,2023-01-01,203,1
1,-9.0,0.0,8.4,-4.1,1.5,2,0.0,20230102,46.8,1.3,2023,0.0,2023-01-02,203,1
2,-14.3,10.0,8.3,-6.2,0.8,3,0.0,20230103,59.1,1.7,2023,0.0,2023-01-03,203,1
3,-10.8,0.1,7.8,-3.8,0.8,4,0.0,20230104,63.4,3.9,2023,0.0,2023-01-04,203,1
4,-10.6,0.0,3.1,-5.3,0.4,5,0.0,20230105,80.5,2.3,2023,0.0,2023-01-05,203,1
5,-10.1,2.5,6.6,-2.7,0.5,6,3.1,20230106,81.0,4.5,2023,0.0,2023-01-06,203,1
6,-3.6,4.8,0.2,0.9,0.9,7,0.4,20230107,84.5,4.0,2023,0.0,2023-01-07,203,1
7,-7.2,2.5,2.7,-1.9,0.1,8,0.0,20230108,86.8,2.9,2023,0.0,2023-01-08,203,1
8,-3.1,1.1,6.0,2.7,1.5,9,0.0,20230109,65.6,9.1,2023,0.0,2023-01-09,203,1
9,-7.2,1.6,8.3,-0.2,0.5,10,0.0,20230110,73.3,8.0,2023,0.0,2023-01-10,203,1
10,-6.8,0.8,7.7,-0.3,0.4,11,0.0,20230111,75.3,7.9,2023,0.0,2023-01-11,203,1
11,-5.4,2.4,8.1,2.0,0.2,12,0.1,20230112,68.8,11.0,2023,0.0,2023-01-12,203,1
12,1.2,8.5,0.0,4.8,0.2,13,25.2,20230113,99.9,7.0,2023,0.0,2023-01-13,203,1
13,2.2,8.3,0.0,5.0,0.6,14,5.5,20230114,99.9,7.2,2023,0.0,2023-01-14,203,1
14,-2.3,6.0,0.0,0.0,0.6,15,7.7,20230115,95.0,2.5,2023,0.0,2023-01-15,203,1
15,-7.4,4.4,5.1,-3.6,0.7,16,0.0,20230116,72.3,0.0,2023,0.0,2023-01-16,203,1
16,-8.4,7.9,2.5,-4.4,0.5,17,0.0,20230117,79.1,-0.9,2023,0.0,2023-01-17,203,1
17,-6.6,2.3,8.0,-2.3,0.7,18,0.0,20230118,68.1,3.5,2023,0.0,2023-01-18,203,1
18,-9.1,4.1,7.0,-1.5,1.0,19,0.0,20230119,72.4,4.7,2023,0.0,2023-01-19,203,1
19,-7.0,0.6,8.2,-1.9,2.4,20,0.6,20230120,50.9,2.9,2023,0.0,2023-01-20,203,1
20,-12.2,2.5,8.5,-5.9,0.5,21,0.0,20230121,67.5,0.8,2023,0.0,2023-01-21,203,1
21,-5.5,8.0,0.3,-2.1,0.3,22,0.0,20230122,62.8,2.0,2023,0.0,2023-01-22,203,1
22,-5.6,5.6,5.9,-0.6,1.2,23,0.0,20230123,69.1,6.8,2023,0.0,2023-01-23,203,1
23,-16.4,1.8,8.7,-12.8,2.9,24,0.0,20230124,44.5,-4.2,2023,0.0,2023-01-24,203,1
24,-18.7,3.6,8.8,-12.4,1.0,25,0.0,20230125,52.6,-6.0,2023,0.0,2023-01-25,203,1
25,-12.3,9.6,0.0,-7.9,0.5,26,1.3,20230126,81.8,-5.3,2023,0.0,2023-01-26,203,1
26,-15.5,0.0,8.5,-8.0,1.9,27,0.0,20230127,60.6,-2.4,2023,0.0,2023-01-27,203,1
27,-12.7,1.4,8.7,-5.8,1.5,28,0.0,20230128,53.8,-0.1,2023,0.0,2023-01-28,203,1
28,-11.7,2.6,3.5,-2.9,1.4,29,0.0,20230129,64.9,3.8,2023,0.0,2023-01-29,203,1
29,-5.4,0.0,8.7,-0.9,1.2,30,0.0,20230130,50.1,4.8,2023,0.0,2023-01-30,203,1
30,-8.6,0.8,7.4,0.7,1.0,31,0.0,20230131,67.6,8.2,2023,0.0,2023-01-31,203,1
31,-2.6,3.3,8.3,2.6,2.0,1,0.0,20230201,60.9,6.8,2023,0.0,2023-02-01,203,2
32,-7.3,6.4,6.2,-2.0,1.1,2,0.0,20230202,52.6,2.4,2023,0.0,2023-02-02,203,2
33,-5.2,4.5,6.6,-1.6,1.2,3,0.0,20230203,51.8,4.5,2023,0.0,2023-02-03,203,2
34,-9.5,1.5,7.5,-1.6,1.1,4,0.0,20230204,65.4,6.4,2023,0.0,2023-02-04,203,2
35,-7.9,1.4,6.5,-0.9,0.7,5,0.0,20230205,75.0,7.3,2023,0.0,2023-02-05,203,2
36,-7.2,2.8,6.2,0.5,0.5,6,0.0,20230206,71.1,8.6,2023,0.0,2023-02-06,203,2
37,-5.1,4.5,2.4,1.1,0.7,7,0.0,20230207,73.0,8.7,2023,0.0,2023-02-07,203,2
38,-4.9,2.6,5.3,0.3,1.1,8,0.0,20230208,74.5,8.6,2023,0.0,2023-02-08,203,2
39,-6.8,6.9,6.1,2.8,1.1,9,0.0,20230209,60.9,10.4,2023,0.0,2023-02-09,203,2
40,0.6,5.6,0.5,3.4,0.9,10,0.6,20230210,85.8,7.8,2023,0.0,2023-02-10,203,2
41,-3.2,4.5,1.2,0.2,0.6,11,0.0,20230211,89.4,6.9,2023,0.0,2023-02-11,203,2
42,-5.5,7.3,1.5,1.4,0.7,12,0.0,20230212,78.8,7.6,2023,0.0,2023-02-12,203,2
43,3.0,7.3,0.3,5.9,1.0,13,0.0,20230213,65.4,10.3,2023,0.0,2023-02-13,203,2
44,-2.0,3.6,5.5,2.2,1.1,14,0.0,20230214,64.6,7.5,2023,0.0,2023-02-14,203,2
45,-2.0,4.6,5.3,2.2,1.1,15,0.0,20230215,56.0,7.9,2023,0.0,2023-02-15,203,2
46,-2.2,3.5,1.2,1.6,1.2,16,0.0,20230216,70.3,5.8,2023,0.0,2023-02-16,203,2
47,-4.4,6.5,7.2,1.7,0.6,17,0.0,20230217,68.6,8.9,2023,0.0,2023-02-17,203,2
48,0.4,8.9,0.0,4.5,0.4,18,0.0,20230218,59.9,7.6,2023,0.0,2023-02-18,203,2
49,-1.3,4.5,5.3,3.9,2.1,19,0.0,20230219,55.0,8.6,2023,0.0,2023-02-19,203,2
50,-3.0,0.5,9.4,0.2,2.1,20,0.0,20230220,42.8,4.7,2023,0.0,2023-02-20,203,2
51,-7.4,0.4,9.3,-1.3,1.1,21,0.0,20230221,46.4,4.9,2023,0.0,2023-02-21,203,2
52,-8.3,4.5,9.3,0.7,1.1,22,0.0,20230222,57.5,9.1,2023,0.0,2023-02-22,203,2
53,-4.3,2.4,9.1,2.8,1.3,23,0.0,20230223,58.9,9.9,2023,0.0,2023-02-23,203,2
54,-2.7,2.3,9.0,3.1,1.8,24,0.0,20230224,56.5,10.5,2023,0.0,2023-02-24,203,2
55,-6.0,0.8,9.8,0.9,1.5,25,0.0,20230225,45.4,7.6,2023,0.0,2023-02-25,203,2
56,-7.6,0.4,10.0,1.5,1.2,26,0.0,20230226,47.5,10.5,2023,0.0,2023-02-26,203,2
57,-6.2,0.0,10.0,3.4,1.1,27,0.0,20230227,53.9,14.1,2023,0.0,2023-02-27,203,2
58,-5.0,2.9,9.8,4.0,1.3,28,0.0,20230228,62.3,12.8,2023,0.0,2023-02-28,203,2
59,2.6,5.0,2.2,5.7,1.5,1,0.0,20230301,55.3,10.0,2023,0.0,2023-03-01,203,3
60,-1.2,0.9,9.6,2.5,2.0,2,0.0,20230302,34.9,7.9,2023,0.0,2023-03-02,203,3
61,-5.9,0.8,9.4,3.4,1.2,3,0.0,20230303,65.1,12.6,2023,0.0,2023-03-03,203,3
62,-1.7,3.9,5.3,5.6,0.9,4,0.0,20230304,69.8,14.0,2023,0.0,2023-03-04,203,3
63,-2.0,0.8,9.2,6.7,0.9,5,0.0,20230305,57.4,16.9,2023,0.0,2023-03-05,203,3
64,-3.0,2.4,9.5,7.4,1.0,6,0.0,20230306,46.5,17.8,2023,0.0,2023-03-06,203,3
65,1.2,0.8,9.2,9.9,1.2,7,0.0,20230307,60.1,20.2,2023,0.0,2023-03-07,203,3
66,1.8,6.6,3.6,10.6,0.7,8,0.0,20230308,67.6,19.8,2023,0.0,2023-03-08,203,3
67,6.6,5.3,5.2,12.4,1.3,9,0.0,20230309,64.8,19.4,2023,0.0,2023-03-09,203,3
68,2.1,1.3,9.1,12.5,0.8,10,0.0,20230310,58.9,23.7,2023,0.0,2023-03-10,203,3
69,4.5,6.1,7.4,15.1,1.2,11,0.0,20230311,45.9,25.4,2023,0.0,2023-03-11,203,3
70,1.1,6.5,0.1,6.5,2.3,12,3.8,20230312,64.9,13.0,2023,0.0,2023-03-12,203,3
71,-1.9,4.0,9.8,3.3,2.0,13,0.0,20230313,32.4,9.1,2023,0.0,2023-03-13,203,3
72,-1.4,3.6,9.1,7.7,1.5,14,0.0,20230314,48.3,17.5,2023,0.0,2023-03-14,203,3
73,-0.9,5.4,4.8,8.6,2.0,15,0.0,20230315,63.9,18.7,2023,0.0,2023-03-15,203,3
74,-0.7,5.1,6.4,5.2,1.6,16,0.0,20230316,31.9,10.8,2023,0.0,2023-03-16,203,3
75,-2.7,7.9,6.5,6.3,0.9,17,0.0,20230317,42.3,13.8,2023,0.0,2023-03-17,203,3
76,0.2,2.1,9.5,8.3,1.5,18,0.0,20230318,46.5,16.4,2023,0.0,2023-03-18,203,3
77,-1.9,0.3,9.6,7.7,1.4,19,0.0,20230319,57.9,17.1,2023,0.0,2023-03-19,203,3
78,-1.6,5.9,8.6,8.7,0.9,20,0.0,20230320,46.1,18.7,2023,0.0,2023-03-20,203,3
79,1.4,1.0,9.7,11.5,0.7,21,0.0,20230321,40.4,22.0,2023,0.0,2023-03-21,203,3
80,3.6,4.8,9.6,16.1,0.6,22,0.0,20230322,43.4,25.1,2023,0.0,2023-03-22,203,3
81,11.1,7.6,0.8,16.3,1.0,23,0.8,20230323,64.1,21.3,2023,0.0,2023-03-23,203,3
82,6.9,8.4,0.3,11.9,1.2,24,0.0,20230324,54.1,16.8,2023,0.0,2023-03-24,203,3
83,9.8,5.6,3.1,12.3,1.7,25,0.0,20230325,61.3,16.6,2023,0.0,2023-03-25,203,3
84,3.6,1.4,9.9,10.4,2.2,26,0.0,20230326,37.8,17.0,2023,0.0,2023-03-26,203,3
85,-2.2,0.9,9.8,6.8,1.5,27,0.0,20230327,41.4,15.3,2023,0.0,2023-03-27,203,3
86,-1.4,1.8,7.7,8.3,1.1,28,0.0,20230328,50.9,16.6,2023,0.0,2023-03-28,203,3
87,0.0,0.8,10.0,11.0,1.2,29,0.0,20230329,46.0,21.1,2023,0.0,2023-03-29,203,3
88,1.5,2.4,10.1,12.6,1.1,30,0.0,20230330,38.1,23.3,2023,0.0,2023-03-30,203,3
89,1.9,0.0,9.9,14.0,1.2,31,0.0,20230331,41.6,24.7,2023,0.0,2023-03-31,203,3
90,4.6,1.8,10.2,16.3,1.0,1,0.0,20230401,39.4,25.9,2023,0.0,2023-04-01,203,4
91,6.1,0.4,10.4,16.6,1.3,2,0.0,20230402,33.4,24.6,2023,0.0,2023-04-02,203,4
92,4.8,3.1,10.4,16.6,1.5,3,0.0,20230403,33.4,25.6,2023,0.0,2023-04-03,203,4
93,9.6,9.4,2.9,16.2,1.4,4,6.0,20230404,44.9,22.7,2023,0.0,2023-04-04,203,4
94,8.9,9.3,0.0,12.1,1.6,5,28.4,20230405,97.5,15.7,2023,0.0,2023-04-05,203,4
95,7.2,9.8,0.0,9.0,1.8,6,3.5,20230406,95.3,11.3,2023,0.0,2023-04-06,203,4
96,0.0,3.9,9.9,0.0,2.3,7,0.0,20230407,65.3,0.0,2023,0.0,2023-04-07,203,4
97,1.4,1.0,10.8,8.6,2.1,8,0.0,20230408,47.5,16.2,2023,0.0,2023-04-08,203,4
98,-0.5,0.0,10.6,9.8,1.4,9,0.0,20230409,57.8,19.5,2023,0.0,2023-04-09,203,4
99,1.4,3.1,10.2,11.7,1.4,10,0.0,20230410,55.0,21.7,2023,0.0,2023-04-10,203,4
100,6.4,6.5,0.0,12.6,2.3,11,2.0,20230411,79.1,19.2,2023,0.0,2023-04-11,203,4
101,3.3,0.0,10.5,10.5,2.0,12,0.0,20230412,39.3,16.7,2023,0.0,2023-04-12,203,4
102,0.7,3.3,6.2,10.9,0.8,13,0.0,20230413,46.6,20.0,2023,0.0,2023-04-13,203,4
103,8.0,0.0,7.3,15.4,0.9,14,0.0,20230414,53.1,24.1,2023,0.0,2023-04-14,203,4
104,8.5,6.4,1.3,12.4,1.0,15,5.4,20230415,84.0,18.0,2023,0.0,2023-04-15,203,4
105,6.4,5.9,2.9,10.6,1.2,16,1.7,20230416,69.0,17.1,2023,0.0,2023-04-16,203,4
106,2.9,4.0,6.9,12.3,0.9,17,0.0,20230417,61.9,19.2,2023,0.0,2023-04-17,203,4
107,10.0,8.3,0.0,12.7,0.7,18,2.2,20230418,86.4,14.5,2023,0.0,2023-04-18,203,4
108,10.2,3.1,10.4,19.1,1.3,19,0.0,20230419,66.0,28.8,2023,0.0,2023-04-19,203,4
109,15.4,8.4,0.6,18.0,1.4,20,0.2,20230420,84.8,22.7,2023,0.0,2023-04-20,203,4
110,13.6,6.1,5.8,17.9,1.1,21,0.0,20230421,60.0,23.7,2023,0.0,2023-04-21,203,4
111,9.5,8.0,4.5,15.4,0.9,22,0.0,20230422,36.5,22.5,2023,0.0,2023-04-22,203,4
112,7.1,8.3,2.7,14.6,0.8,23,0.0,20230423,46.4,21.5,2023,0.0,2023-04-23,203,4
113,9.5,6.1,7.3,15.0,1.6,24,0.0,20230424,50.8,20.4,2023,0.0,2023-04-24,203,4
114,7.5,8.1,0.0,9.2,0.8,25,2.1,20230425,83.0,11.9,2023,0.0,2023-04-25,203,4
115,6.3,5.3,5.0,9.7,2.0,26,0.3,20230426,74.0,13.9,2023,0.0,2023-04-26,203,4
116,1.7,2.0,11.0,12.1,1.0,27,0.0,20230427,64.0,21.6,2023,0.0,2023-04-27,203,4
117,5.6,2.8,8.1,15.3,1.3,28,0.0,20230428,66.1,22.8,2023,0.0,2023-04-28,203,4
118,9.2,8.4,0.2,13.1,1.8,29,4.8,20230429,91.4,17.4,2023,0.0,2023-04-29,203,4
119,7.3,6.5,9.5,13.6,2.3,30,0.1,20230430,66.6,20.3,2023,0.0,2023-04-30,203,4
120,8.8,1.8,10.7,14.5,1.6,1,0.0,20230501,57.5,21.5,2023,0.0,2023-05-01,203,5
121,4.9,6.9,8.8,15.5,0.7,2,0.0,20230502,56.0,24.4,2023,0.0,2023-05-02,203,5
122,10.2,5.6,9.6,18.9,1.0,3,0.0,20230503,54.5,27.0,2023,0.0,2023-05-03,203,5
123,13.5,6.6,4.5,20.9,1.6,4,0.0,20230504,66.3,27.3,2023,0.0,2023-05-04,203,5
124,15.5,9.1,0.0,18.4,1.3,5,32.0,20230505,99.4,20.7,2023,0.0,2023-05-05,203,5
125,9.8,9.0,0.0,11.8,2.1,6,46.2,20230506,95.4,15.4,2023,0.0,2023-05-06,203,5
126,7.1,7.5,0.2,11.4,0.8,7,2.3,20230507,73.4,16.6,2023,0.0,2023-05-07,203,5
127,3.6,2.1,11.1,13.3,1.1,8,0.0,20230508,63.1,23.2,2023,0.0,2023-05-08,203,5
128,6.1,0.1,11.0,15.8,1.2,9,0.0,20230509,60.3,24.9,2023,0.0,2023-05-09,203,5
129,7.5,3.1,10.6,17.2,0.8,10,0.0,20230510,58.6,26.1,2023,0.0,2023-05-10,203,5
130,9.4,3.0,10.8,18.5,1.0,11,0.0,20230511,57.4,27.1,2023,0.0,2023-05-11,203,5
131,10.3,6.8,6.9,18.1,1.0,12,0.0,20230512,57.0,25.2,2023,0.0,2023-05-12,203,5
132,10.1,3.9,8.4,18.2,1.1,13,0.0,20230513,60.6,25.5,2023,0.0,2023-05-13,203,5
133,10.6,0.8,9.1,18.0,1.0,14,0.0,20230514,58.8,25.5,2023,0.0,2023-05-14,203,5
134,9.2,2.4,10.6,19.6,1.1,15,0.0,20230515,60.1,28.5,2023,0.0,2023-05-15,203,5
135,13.8,2.1,10.8,22.8,1.3,16,0.0,20230516,56.4,32.1,2023,0.0,2023-05-16,203,5
136,12.7,4.0,10.8,22.3,1.7,17,0.0,20230517,60.9,30.4,2023,0.0,2023-05-17,203,5
137,17.0,8.3,1.3,20.2,1.1,18,0.0,20230518,74.0,26.1,2023,0.0,2023-05-18,203,5
138,14.7,2.6,4.5,20.3,0.9,19,0.0,20230519,70.9,25.8,2023,0.0,2023-05-19,203,5
139,13.2,5.0,9.0,20.4,1.5,20,0.0,20230520,72.1,28.2,2023,0.0,2023-05-20,203,5
140,15.4,7.8,5.2,18.6,1.8,21,0.0,20230521,68.8,23.2,2023,0.0,2023-05-21,203,5
141,13.3,6.5,5.6,18.3,1.0,22,8.1,20230522,69.4,25.0,2023,0.0,2023-05-22,203,5
142,10.9,0.3,9.6,18.3,0.9,23,0.0,20230523,65.4,25.8,2023,0.0,2023-05-23,203,5
143,11.0,6.6,4.2,19.0,0.7,24,0.0,20230524,63.8,25.3,2023,0.0,2023-05-24,203,5
144,13.8,4.9,9.6,21.1,1.1,25,0.0,20230525,50.5,27.7,2023,0.0,2023-05-25,203,5
145,13.4,7.3,10.0,20.9,1.1,26,0.3,20230526,61.3,27.4,2023,0.0,2023-05-26,203,5
146,16.8,9.1,0.0,18.3,0.5,27,18.9,20230527,93.6,20.1,2023,0.0,2023-05-27,203,5
147,17.9,9.9,0.0,19.4,1.2,28,35.8,20230528,99.6,20.8,2023,0.0,2023-05-28,203,5
148,19.1,7.3,2.2,21.9,0.6,29,9.9,20230529,90.0,26.4,2023,0.0,2023-05-29,203,5
149,18.1,7.5,3.5,21.6,1.0,30,15.6,20230530,86.8,28.4,2023,0.0,2023-05-30,203,5
150,15.4,6.1,9.7,22.0,1.2,31,0.0,20230531,66.6,28.1,2023,0.0,2023-05-31,203,5
151,17.9,9.3,0.9,22.1,0.7,1,0.0,20230601,77.9,26.1,2023,0.0,2023-06-01,203,6
152,17.7,4.6,6.4,21.2,1.5,2,0.0,20230602,76.9,25.6,2023,0.0,2023-06-02,203,6
153,15.4,1.9,10.9,22.1,1.6,3,0.0,20230603,59.0,28.7,2023,0.0,2023-06-03,203,6
154,14.0,3.9,9.9,21.8,1.5,4,0.0,20230604,58.9,28.5,2023,0.0,2023-06-04,203,6
155,14.4,4.3,9.5,20.9,1.7,5,0.0,20230605,67.1,26.6,2023,0.0,2023-06-05,203,6
156,14.4,5.6,6.8,20.4,1.1,6,0.2,20230606,70.9,27.3,2023,0.0,2023-06-06,203,6
157,18.5,7.6,0.2,21.0,0.8,7,0.0,20230607,78.0,24.9,2023,0.0,2023-06-07,203,6
158,17.1,8.1,1.8,21.4,0.9,8,0.0,20230608,78.1,24.9,2023,0.0,2023-06-08,203,6
159,18.4,3.0,10.0,22.5,1.2,9,6.7,20230609,69.8,28.2,2023,0.0,2023-06-09,203,6
160,17.0,6.9,7.5,22.5,1.1,10,0.0,20230610,73.0,29.0,2023,0.0,2023-06-10,203,6
161,17.8,4.1,7.0,20.9,0.8,11,6.9,20230611,85.4,26.2,2023,0.0,2023-06-11,203,6
162,17.0,6.3,5.9,22.3,0.8,12,0.0,20230612,76.8,28.2,2023,0.0,2023-06-12,203,6
163,18.0,4.9,9.9,22.4,1.3,13,0.0,20230613,69.6,28.0,2023,0.0,2023-06-13,203,6
164,15.0,3.0,8.0,21.4,0.9,14,0.0,20230614,72.9,28.3,2023,0.0,2023-06-14,203,6
165,15.8,3.6,8.0,21.6,1.1,15,1.3,20230615,75.1,27.7,2023,0.0,2023-06-15,203,6
166,16.9,1.3,11.2,23.7,1.3,16,0.0,20230616,68.8,30.6,2023,0.0,2023-06-16,203,6
167,15.7,3.9,9.6,24.2,1.1,17,0.0,20230617,62.0,32.1,2023,0.0,2023-06-17,203,6
168,18.3,3.5,11.3,25.7,0.9,18,0.0,20230618,59.3,32.6,2023,0.0,2023-06-18,203,6
169,19.8,4.1,8.9,27.2,1.1,19,0.0,20230619,65.5,33.7,2023,0.0,2023-06-19,203,6
170,19.6,8.8,0.6,23.3,0.8,20,6.4,20230620,67.5,26.9,2023,0.0,2023-06-20,203,6
171,18.0,7.4,0.1,20.2,0.8,21,46.4,20230621,99.1,22.7,2023,0.0,2023-06-21,203,6
172,19.3,7.5,3.8,22.3,1.1,22,0.5,20230622,82.3,27.3,2023,0.0,2023-06-22,203,6
173,18.6,2.8,7.5,23.7,0.5,23,0.0,20230623,80.4,29.7,2023,0.0,2023-06-23,203,6
174,18.9,1.6,11.1,25.3,0.6,24,0.0,20230624,77.8,31.4,2023,0.0,2023-06-24,203,6
175,20.4,5.1,7.4,26.5,1.1,25,0.0,20230625,70.9,32.2,2023,0.0,2023-06-25,203,6
176,20.8,9.3,0.0,23.9,1.4,26,41.0,20230626,94.0,25.8,2023,0.0,2023-06-26,203,6
177,21.6,6.3,7.7,25.7,1.7,27,4.0,20230627,78.0,29.7,2023,0.0,2023-06-27,203,6
178,21.2,6.9,5.3,25.7,1.4,28,0.2,20230628,79.3,30.1,2023,0.0,2023-06-28,203,6
179,23.4,8.4,0.0,24.3,1.2,29,41.8,20230629,99.0,25.3,2023,0.0,2023-06-29,203,6
180,23.5,7.4,1.7,26.1,1.0,30,0.6,20230630,88.5,29.9,2023,0.0,2023-06-30,203,6
181,22.9,1.5,10.5,27.7,1.0,1,0.0,20230701,79.5,33.4,2023,0.0,2023-07-01,203,7
182,22.1,6.0,4.5,26.3,0.7,2,0.0,20230702,82.5,31.2,2023,0.0,2023-07-02,203,7
183,22.3,4.5,10.0,27.9,0.8,3,0.0,20230703,77.3,34.0,2023,0.0,2023-07-03,203,7
184,21.9,8.5,1.9,24.8,1.6,4,39.5,20230704,92.1,30.5,2023,0.0,2023-07-04,203,7
185,21.6,5.1,5.3,24.3,2.3,5,30.9,20230705,85.4,28.0,2023,0.0,2023-07-05,203,7
186,20.5,6.1,8.2,26.5,1.4,6,0.0,20230706,73.9,32.5,2023,0.0,2023-07-06,203,7
187,21.0,7.5,2.8,24.0,1.4,7,0.0,20230707,80.9,29.2,2023,0.0,2023-07-07,203,7
188,20.2,5.3,1.2,24.4,0.9,8,1.1,20230708,87.8,29.2,2023,0.0,2023-07-08,203,7
189,20.6,8.0,0.9,23.9,0.8,9,18.8,20230709,94.6,29.2,2023,0.0,2023-07-09,203,7
190,21.9,6.1,4.1,26.3,1.2,10,1.9,20230710,83.8,31.4,2023,0.0,2023-07-10,203,7
191,20.4,8.4,0.0,22.2,0.7,11,66.9,20230711,98.5,25.6,2023,0.0,2023-07-11,203,7
192,20.9,8.5,1.0,25.3,0.4,12,0.1,20230712,92.4,29.7,2023,0.0,2023-07-12,203,7
193,24.2,10.0,0.0,24.9,0.8,13,39.4,20230713,99.9,26.2,2023,0.0,2023-07-13,203,7
194,23.6,8.3,0.0,24.9,1.9,14,120.9,20230714,99.6,26.3,2023,0.0,2023-07-14,203,7
195,22.8,9.8,0.0,23.8,1.5,15,30.4,20230715,97.5,24.8,2023,0.0,2023-07-15,203,7
196,22.2,9.1,0.1,24.2,1.0,16,0.1,20230716,93.8,27.3,2023,0.0,2023-07-16,203,7
197,22.9,9.4,0.4,25.0,0.7,17,28.0,20230717,94.0,29.1,2023,0.0,2023-07-17,203,7
198,21.7,9.0,0.2,23.4,0.7,18,33.6,20230718,100.0,24.7,2023,0.0,2023-07-18,203,7
199,20.8,0.9,8.5,25.9,0.8,19,0.0,20230719,84.0,32.0,2023,0.0,2023-07-19,203,7
200,21.7,4.1,8.0,26.9,0.7,20,0.0,20230720,83.0,32.8,2023,0.0,2023-07-20,203,7
201,22.9,3.3,8.1,27.7,0.6,21,0.0,20230721,80.0,33.8,2023,0.0,2023-07-21,203,7
202,22.6,5.0,5.1,26.3,1.5,22,1.0,20230722,83.3,32.1,2023,0.0,2023-07-22,203,7
203,23.7,9.8,0.0,24.8,1.0,23,23.1,20230723,99.8,25.7,2023,0.0,2023-07-23,203,7
204,24.2,7.5,3.8,26.6,0.9,24,13.7,20230724,89.4,31.2,2023,0.0,2023-07-24,203,7
205,23.9,6.3,5.8,27.4,1.1,25,0.0,20230725,84.3,32.2,2023,0.0,2023-07-25,203,7
206,23.2,8.0,3.0,25.5,0.8,26,2.5,20230726,93.0,31.4,2023,0.0,2023-07-26,203,7
207,23.0,5.1,6.4,27.6,0.8,27,0.0,20230727,83.9,33.3,2023,0.0,2023-07-27,203,7
208,24.2,2.8,7.6,28.7,0.7,28,0.0,20230728,81.0,34.0,2023,0.0,2023-07-28,203,7
209,24.3,3.8,8.1,28.7,0.7,29,0.0,20230729,79.0,34.8,2023,0.0,2023-07-29,203,7
210,22.9,4.6,9.9,28.4,0.9,30,0.0,20230730,77.6,34.7,2023,0.0,2023-07-30,203,7
211,24.2,6.8,5.7,27.8,0.8,31,95.3,20230731,87.6,33.5,2023,0.0,2023-07-31,203,7
212,23.2,4.5,9.2,28.4,0.5,1,0.0,20230801,84.4,34.2,2023,0.0,2023-08-01,203,8
213,24.8,5.9,7.2,28.6,0.7,2,0.0,20230802,78.9,33.9,2023,0.0,2023-08-02,203,8
214,22.1,4.3,10.6,28.0,0.8,3,0.0,20230803,76.9,33.7,2023,0.0,2023-08-03,203,8
215,24.2,5.4,9.0,28.9,0.7,4,0.0,20230804,79.3,34.5,2023,0.0,2023-08-04,203,8
216,24.6,5.0,8.9,29.6,0.7,5,0.0,20230805,76.6,35.1,2023,0.0,2023-08-05,203,8
217,24.4,6.1,8.5,29.1,0.6,6,0.1,20230806,79.1,35.6,2023,0.0,2023-08-06,203,8
218,25.1,6.8,8.1,28.8,0.9,7,23.6,20230807,81.6,34.8,2023,0.0,2023-08-07,203,8
219,23.7,5.5,10.3,29.0,1.1,8,0.0,20230808,73.4,34.8,2023,0.0,2023-08-08,203,8
220,22.5,8.4,3.4,26.5,1.3,9,2.6,20230809,80.9,31.4,2023,0.0,2023-08-09,203,8
221,20.8,8.9,0.0,21.6,1.5,10,91.8,20230810,99.0,22.6,2023,0.0,2023-08-10,203,8
222,21.6,8.6,0.0,24.8,2.1,11,15.0,20230811,90.0,27.0,2023,0.0,2023-08-11,203,8
223,21.1,7.3,0.8,23.0,0.8,12,0.9,20230812,93.0,27.1,2023,0.0,2023-08-12,203,8
224,21.2,8.5,3.7,25.9,0.4,13,0.0,20230813,88.6,31.7,2023,0.0,2023-08-13,203,8
225,23.3,3.3,9.6,27.8,0.5,14,0.0,20230814,83.4,33.5,2023,0.0,2023-08-14,203,8
226,22.3,5.6,8.9,27.4,0.9,15,0.0,20230815,77.4,32.7,2023,0.0,2023-08-15,203,8
227,21.4,4.8,8.2,26.9,0.9,16,0.0,20230816,75.1,32.4,2023,0.0,2023-08-16,203,8
228,22.1,4.9,6.5,26.8,0.6,17,0.0,20230817,83.3,32.4,2023,0.0,2023-08-17,203,8
229,23.3,4.9,6.6,28.3,0.8,18,0.0,20230818,79.6,33.6,2023,0.0,2023-08-18,203,8
230,25.0,5.4,8.7,28.8,0.8,19,0.0,20230819,76.1,34.1,2023,0.0,2023-08-19,203,8
231,23.9,5.9,5.5,28.1,0.7,20,0.0,20230820,77.5,33.8,2023,0.0,2023-08-20,203,8
232,24.0,7.5,4.4,28.3,0.9,21,0.0,20230821,80.9,33.9,2023,0.0,2023-08-21,203,8
233,24.8,6.9,2.4,27.3,1.4,22,5.9,20230822,87.0,31.4,2023,0.0,2023-08-22,203,8
234,22.9,9.8,1.2,25.5,1.0,23,46.8,20230823,94.8,30.6,2023,0.0,2023-08-23,203,8
235,21.8,9.4,0.7,24.2,0.7,24,30.8,20230824,97.6,28.0,2023,0.0,2023-08-24,203,8
236,22.4,4.3,8.0,26.0,1.5,25,2.2,20230825,83.8,30.7,2023,0.0,2023-08-25,203,8
237,21.1,5.9,6.5,24.6,0.5,26,0.0,20230826,84.8,30.3,2023,0.0,2023-08-26,203,8
238,20.2,7.3,2.9,24.7,0.5,27,0.1,20230827,87.5,29.3,2023,0.0,2023-08-27,203,8
239,21.4,10.0,0.0,23.1,0.9,28,0.7,20230828,89.8,25.0,2023,0.0,2023-08-28,203,8
240,21.6,9.6,0.0,23.9,1.4,29,22.4,20230829,95.6,28.1,2023,0.0,2023-08-29,203,8
241,20.2,8.1,0.0,21.7,0.3,30,11.0,20230830,97.8,24.6,2023,0.0,2023-08-30,203,8
242,19.2,7.1,4.4,22.5,0.4,31,0.0,20230831,87.4,27.6,2023,0.0,2023-08-31,203,8
243,18.5,4.1,6.4,21.9,0.5,1,0.0,20230901,87.4,29.3,2023,0.0,2023-09-01,203,9
244,17.2,4.3,8.6,22.8,0.5,2,0.0,20230902,82.3,30.2,2023,0.0,2023-09-02,203,9
245,21.6,6.4,3.3,25.1,0.6,3,7.8,20230903,89.6,30.5,2023,0.0,2023-09-03,203,9
246,22.9,9.6,1.7,26.0,0.5,4,1.1,20230904,90.9,30.2,2023,0.0,2023-09-04,203,9
247,22.8,6.0,6.7,26.4,0.5,5,0.0,20230905,83.1,31.8,2023,0.0,2023-09-05,203,9
248,21.3,1.8,9.0,25.6,0.7,6,0.0,20230906,77.9,31.8,2023,0.0,2023-09-06,203,9
249,17.0,0.0,9.9,23.3,0.6,7,0.0,20230907,72.4,30.5,2023,0.0,2023-09-07,203,9
250,15.5,0.0,9.9,22.3,0.5,8,0.0,20230908,74.5,29.5,2023,0.0,2023-09-08,203,9
251,17.1,2.4,9.1,23.7,0.6,9,0.0,20230909,80.0,31.1,2023,0.0,2023-09-09,203,9
252,18.5,3.6,7.1,24.3,0.5,10,0.0,20230910,80.5,31.4,2023,0.0,2023-09-10,203,9
253,20.5,6.5,4.3,24.6,0.6,11,0.0,20230911,79.0,29.9,2023,0.0,2023-09-11,203,9
254,19.3,7.1,7.7,24.1,0.5,12,0.0,20230912,80.1,30.5,2023,0.0,2023-09-12,203,9
255,18.7,10.0,0.0,20.6,0.6,13,33.6,20230913,99.3,22.7,2023,0.0,2023-09-13,203,9
256,18.7,9.4,0.0,21.6,0.6,14,1.7,20230914,89.4,25.2,2023,0.0,2023-09-14,203,9
257,18.9,10.0,0.0,21.0,0.6,15,15.4,20230915,98.5,23.6,2023,0.0,2023-09-15,203,9
258,21.2,9.8,0.0,23.1,0.5,16,6.9,20230916,96.8,26.5,2023,0.0,2023-09-16,203,9
259,21.6,6.8,1.5,24.6,0.5,17,0.0,20230917,89.0,28.7,2023,0.0,2023-09-17,203,9
260,20.9,5.1,3.0,24.1,0.8,18,0.1,20230918,87.1,29.8,2023,0.0,2023-09-18,203,9
261,18.0,7.8,2.9,22.6,0.7,19,0.0,20230919,89.1,27.8,2023,0.0,2023-09-19,203,9
262,17.9,8.5,0.0,19.8,1.1,20,62.2,20230920,98.0,21.5,2023,0.0,2023-09-20,203,9
263,14.8,7.0,0.3,18.9,1.1,21,0.0,20230921,78.3,22.3,2023,0.0,2023-09-21,203,9
264,12.5,2.4,6.7,17.8,0.5,22,0.0,20230922,86.5,25.4,2023,0.0,2023-09-22,203,9
265,12.6,5.9,6.5,18.8,0.6,23,0.0,20230923,81.3,25.8,2023,0.0,2023-09-23,203,9
266,13.5,4.9,7.2,19.8,1.1,24,0.0,20230924,71.0,25.9,2023,0.0,2023-09-24,203,9
267,16.2,9.0,3.1,20.7,0.6,25,1.7,20230925,80.8,26.4,2023,0.0,2023-09-25,203,9
268,18.8,7.8,0.0,19.9,0.9,26,25.3,20230926,100.0,20.7,2023,0.0,2023-09-26,203,9
269,20.1,8.0,0.0,21.1,0.8,27,11.0,20230927,97.4,23.2,2023,0.0,2023-09-27,203,9
270,18.7,2.6,6.6,22.0,1.0,28,0.0,20230928,84.1,27.4,2023,0.0,2023-09-28,203,9
271,16.4,7.0,4.3,20.1,0.6,29,0.0,20230929,81.3,25.4,2023,0.0,2023-09-29,203,9
272,15.4,5.9,3.9,18.8,1.0,30,1.1,20230930,84.6,22.7,2023,0.0,2023-09-30,203,9
273,11.6,0.0,8.8,17.3,0.9,1,0.0,20231001,71.0,24.0,2023,0.0,2023-10-01,203,10
274,9.2,3.4,7.0,15.1,0.6,2,0.0,20231002,78.9,24.3,2023,0.0,2023-10-02,203,10
275,9.8,5.0,2.6,14.1,0.4,3,0.0,20231003,89.4,21.3,2023,0.0,2023-10-03,203,10
276,9.8,7.3,2.8,14.9,0.6,4,18.7,20231004,89.4,22.9,2023,0.0,2023-10-04,203,10
277,9.0,2.6,8.8,13.7,1.1,5,0.0,20231005,54.1,19.2,2023,0.0,2023-10-05,203,10
278,5.7,5.6,8.0,12.6,0.6,6,0.0,20231006,78.1,20.8,2023,0.0,2023-10-06,203,10
279,8.3,8.6,2.7,14.3,0.4,7,0.0,20231007,83.3,20.6,2023,0.0,2023-10-07,203,10
280,12.5,8.4,0.1,15.7,0.6,8,0.0,20231008,82.1,20.5,2023,0.0,2023-10-08,203,10
281,11.6,7.3,2.3,15.9,0.5,9,0.0,20231009,81.5,22.2,2023,0.0,2023-10-09,203,10
282,9.6,1.8,7.3,14.8,0.6,10,0.0,20231010,83.3,22.6,2023,0.0,2023-10-10,203,10
283,8.8,0.8,8.6,14.6,0.5,11,0.0,20231011,77.1,23.4,2023,0.0,2023-10-11,203,10
284,8.1,3.0,8.7,14.7,0.5,12,0.0,20231012,79.4,23.5,2023,0.0,2023-10-12,203,10
285,10.5,7.3,3.3,15.0,0.4,13,0.0,20231013,84.8,21.6,2023,0.0,2023-10-13,203,10
286,9.6,7.9,0.2,12.7,0.4,14,1.4,20231014,96.0,17.8,2023,0.0,2023-10-14,203,10
287,11.3,5.1,3.4,15.0,0.7,15,0.0,20231015,85.5,21.1,2023,0.0,2023-10-15,203,10
288,7.0,1.6,8.7,14.2,1.0,16,0.0,20231016,71.3,20.6,2023,0.0,2023-10-16,203,10
289,3.6,1.8,7.7,10.5,0.5,17,0.0,20231017,80.5,20.5,2023,0.0,2023-10-17,203,10
290,4.4,4.6,6.3,12.4,0.7,18,0.0,20231018,83.1,21.6,2023,0.0,2023-10-18,203,10
291,9.2,9.4,0.0,13.3,0.5,19,15.7,20231019,99.8,15.0,2023,0.0,2023-10-19,203,10
292,5.4,2.4,8.7,11.7,1.5,20,0.0,20231020,54.3,16.2,2023,0.0,2023-10-20,203,10
293,1.5,2.5,7.3,8.5,1.0,21,1.4,20231021,72.0,17.4,2023,0.0,2023-10-21,203,10
294,0.8,3.0,6.7,9.4,0.7,22,0.0,20231022,80.6,18.2,2023,0.0,2023-10-22,203,10
295,7.2,4.1,4.9,13.1,0.5,23,0.0,20231023,82.4,20.9,2023,0.0,2023-10-23,203,10
296,7.5,6.6,1.1,11.5,0.4,24,0.0,20231024,92.6,18.2,2023,0.0,2023-10-24,203,10
297,8.8,5.6,4.4,12.7,0.5,25,0.0,20231025,93.9,19.9,2023,0.0,2023-10-25,203,10
298,9.7,7.3,1.3,15.1,0.6,26,1.0,20231026,89.6,21.6,2023,0.0,2023-10-26,203,10
299,9.3,4.1,5.1,13.5,0.7,27,0.5,20231027,84.5,19.3,2023,0.0,2023-10-27,203,10
300,6.6,2.8,3.7,10.2,0.4,28,0.0,20231028,90.3,17.7,2023,0.0,2023-10-28,203,10
301,3.7,2.6,7.3,10.8,0.5,29,0.0,20231029,80.6,20.4,2023,0.0,2023-10-29,203,10
302,4.2,1.3,8.0,11.7,0.4,30,0.0,20231030,82.9,20.7,2023,0.0,2023-10-30,203,10
303,6.1,4.9,4.3,11.9,0.5,31,0.0,20231031,88.6,18.9,2023,0.0,2023-10-31,203,10
304,9.8,8.6,0.0,16.1,0.8,1,0.0,20231101,87.1,20.4,2023,0.0,2023-11-01,203,11
305,11.4,3.1,7.7,18.9,1.5,2,0.0,20231102,66.6,26.9,2023,0.0,2023-11-02,203,11
306,9.7,7.8,2.3,17.6,1.1,3,1.0,20231103,83.3,24.6,2023,0.0,2023-11-03,203,11
307,14.2,6.9,0.0,17.1,0.8,4,1.7,20231104,85.5,20.2,2023,0.0,2023-11-04,203,11
308,13.1,8.5,1.0,17.1,1.1,5,30.2,20231105,91.1,21.7,2023,0.0,2023-11-05,203,11
309,8.2,7.4,2.1,14.1,3.7,6,45.5,20231106,82.6,19.9,2023,0.0,2023-11-06,203,11
310,1.5,1.1,7.8,6.7,2.0,7,1.2,20231107,62.3,11.4,2023,0.0,2023-11-07,203,11
311,-0.7,1.3,7.5,6.3,0.5,8,0.0,20231108,76.8,15.6,2023,0.0,2023-11-08,203,11
312,1.5,5.9,3.9,10.6,0.8,9,0.6,20231109,81.0,19.1,2023,0.0,2023-11-09,203,11
313,0.6,1.6,7.7,5.6,1.9,10,0.0,20231110,47.0,12.3,2023,0.0,2023-11-10,203,11
314,-3.1,2.9,4.8,2.2,0.7,11,0.0,20231111,53.9,7.9,2023,0.0,2023-11-11,203,11
315,-3.3,0.1,7.9,1.3,1.0,12,0.0,20231112,56.0,6.8,2023,0.0,2023-11-12,203,11
316,-4.0,0.8,7.9,1.9,1.2,13,0.0,20231113,59.3,9.1,2023,0.0,2023-11-13,203,11
317,-3.9,2.3,7.7,3.5,0.7,14,0.0,20231114,72.9,11.8,2023,0.0,2023-11-14,203,11
318,-1.9,2.5,6.1,4.5,0.6,15,0.0,20231115,78.3,12.9,2023,0.0,2023-11-15,203,11
319,1.2,8.9,0.0,4.2,0.5,16,5.6,20231116,97.3,5.9,2023,0.0,2023-11-16,203,11
320,-1.7,4.8,4.0,2.3,1.6,17,0.8,20231117,69.3,7.0,2023,0.0,2023-11-17,203,11
321,-3.7,0.1,7.9,0.9,1.8,18,0.0,20231118,57.6,6.9,2023,0.0,2023-11-18,203,11
322,-2.3,3.8,3.4,5.8,1.1,19,0.0,20231119,72.0,14.8,2023,0.0,2023-11-19,203,11
323,-0.5,0.0,7.9,5.5,1.0,20,0.0,20231120,61.5,12.7,2023,0.0,2023-11-20,203,11
324,-3.4,0.0,7.8,4.4,0.5,21,0.0,20231121,71.1,13.9,2023,0.0,2023-11-21,203,11
325,-2.7,3.3,7.3,6.1,0.5,22,0.0,20231122,75.6,14.6,2023,0.0,2023-11-22,203,11
326,3.1,3.5,6.9,10.0,1.9,23,0.2,20231123,67.5,16.3,2023,0.0,2023-11-23,203,11
327,-3.6,0.3,7.5,0.0,2.0,24,0.0,20231124,46.5,4.1,2023,0.0,2023-11-24,203,11
328,-7.2,0.6,7.8,-1.9,0.7,25,0.0,20231125,50.6,4.4,2023,0.0,2023-11-25,203,11
329,-3.3,3.8,2.7,2.4,0.4,26,0.0,20231126,57.8,6.7,2023,0.0,2023-11-26,203,11
330,2.0,7.4,0.4,4.7,0.8,27,7.8,20231127,93.5,7.8,2023,0.0,2023-11-27,203,11
331,-1.6,3.4,6.4,2.6,1.7,28,0.0,20231128,60.5,6.4,2023,0.0,2023-11-28,203,11
332,-5.0,2.6,3.1,-0.3,1.1,29,0.5,20231129,65.3,4.3,2023,0.0,2023-11-29,203,11
333,-6.8,0.0,7.8,-3.4,1.4,30,0.0,20231130,48.3,1.9,2023,0.0,2023-11-30,203,11
334,-8.7,0.0,7.9,-3.3,1.0,1,0.0,20231201,57.1,2.6,2023,0.0,2023-12-01,203,12
335,-7.8,4.1,2.5,0.1,0.9,2,0.1,20231202,72.3,6.2,2023,0.0,2023-12-02,203,12
336,-4.2,0.0,7.7,0.8,1.0,3,0.0,20231203,57.8,6.9,2023,0.0,2023-12-03,203,12
337,-6.9,0.9,7.8,-0.5,0.5,4,0.0,20231204,70.0,7.8,2023,0.0,2023-12-04,203,12
338,-5.1,1.5,6.8,1.7,0.4,5,0.0,20231205,73.6,10.1,2023,0.0,2023-12-05,203,12
339,-2.7,4.5,0.0,2.9,0.7,6,4.9,20231206,86.6,8.1,2023,0.0,2023-12-06,203,12
340,-0.3,1.3,6.0,6.0,1.6,7,0.0,20231207,62.3,11.9,2023,0.0,2023-12-07,203,12
341,-1.3,0.8,7.0,8.1,1.0,8,0.0,20231208,78.4,17.9,2023,0.0,2023-12-08,203,12
342,4.1,6.8,2.4,10.1,0.4,9,0.0,20231209,90.6,17.5,2023,0.0,2023-12-09,203,12
343,5.4,8.9,3.3,10.8,0.6,10,0.0,20231210,82.3,16.7,2023,0.0,2023-12-10,203,12
344,4.9,8.5,0.0,8.8,1.7,11,14.6,20231211,88.3,11.6,2023,0.0,2023-12-11,203,12
345,1.3,4.0,2.6,5.1,1.3,12,0.4,20231212,79.1,9.6,2023,0.0,2023-12-12,203,12
346,-0.8,7.1,1.0,5.1,0.5,13,0.0,20231213,83.8,10.8,2023,0.0,2023-12-13,203,12
347,6.0,10.0,0.0,7.4,1.0,14,20.8,20231214,89.6,8.2,2023,0.0,2023-12-14,203,12
348,3.3,8.6,0.0,4.5,1.2,15,33.8,20231215,99.0,6.1,2023,0.0,2023-12-15,203,12
349,-8.8,6.5,1.2,-2.7,3.1,16,2.9,20231216,72.5,4.4,2023,0.0,2023-12-16,203,12
350,-11.5,1.0,7.5,-8.8,1.7,17,0.0,20231217,46.9,-5.1,2023,0.0,2023-12-17,203,12
351,-12.1,8.9,1.2,-7.5,0.6,18,0.0,20231218,64.1,-3.9,2023,0.0,2023-12-18,203,12
352,-8.8,7.9,3.0,-3.7,0.5,19,0.1,20231219,70.0,0.5,2023,0.0,2023-12-19,203,12
353,-10.8,2.3,4.9,-6.4,1.5,20,0.8,20231220,63.9,-2.8,2023,0.0,2023-12-20,203,12
354,-13.2,0.1,7.5,-10.5,1.3,21,0.0,20231221,53.1,-6.6,2023,0.0,2023-12-21,203,12
355,-13.9,0.0,7.4,-10.8,1.3,22,0.0,20231222,50.6,-6.1,2023,0.0,2023-12-22,203,12
356,-15.1,1.9,7.4,-8.7,0.6,23,0.0,20231223,69.3,-2.0,2023,0.0,2023-12-23,203,12
357,-7.7,2.5,4.0,-4.2,0.4,24,0.5,20231224,83.3,1.3,2023,0.0,2023-12-24,203,12
358,-7.5,4.5,0.7,-3.3,0.6,25,1.3,20231225,91.5,1.6,2023,0.0,2023-12-25,203,12
359,-7.0,5.0,4.9,-0.2,0.8,26,0.0,20231226,82.6,6.9,2023,0.0,2023-12-26,203,12
360,-6.6,0.1,6.1,-1.1,0.3,27,0.0,20231227,85.6,6.0,2023,0.0,2023-12-27,203,12
361,-4.6,3.0,5.0,-0.3,0.6,28,0.0,20231228,81.1,6.2,2023,0.0,2023-12-28,203,12
362,-6.1,3.0,5.6,-0.8,0.5,29,0.0,20231229,82.5,5.8,2023,0.0,2023-12-29,203,12
363,-5.3,5.6,0.0,-1.6,0.3,30,16.1,20231230,98.5,0.6,2023,0.0,2023-12-30,203,12
364,-2.5,5.0,0.1,1.2,0.7,31,3.4,20231231,96.9,3.6,2023,0.0,2023-12-31,203,12
