,snow,month,sunshine,date,station_id,year,cloud,wind,tmax,rainfall,day,tavg,humid,Date,tmin
0,0.0,1,6.7,20100101,203,2010,4.4,0.9,-3.9,0.0,1,-9.1,56.4,2010-01-01,-17.0
1,1.0,1,0.0,20100102,203,2010,5.9,1.0,0.4,0.8,2,-3.4,74.1,2010-01-02,-6.7
2,0.0,1,8.2,20100103,203,2010,2.6,1.2,-1.2,0.0,3,-5.9,52.3,2010-01-03,-11.9
3,23.0,1,0.0,20100104,203,2010,8.4,1.9,-2.4,17.8,4,-5.3,80.9,2010-01-04,-7.9
4,0.0,1,5.8,20100105,203,2010,2.5,1.8,-4.7,0.0,5,-9.1,63.8,2010-01-05,-14.4
5,0.0,1,7.6,20100106,203,2010,0.3,0.9,-6.7,0.0,6,-14.0,68.8,2010-01-06,-22.8
6,0.0,1,8.6,20100107,203,2010,0.0,0.8,-7.2,0.0,7,-14.8,70.6,2010-01-07,-21.2
7,0.0,1,7.7,20100108,203,2010,0.3,0.5,-3.9,0.0,8,-13.3,74.8,2010-01-08,-20.9
8,0.2,1,0.0,20100109,203,2010,6.3,0.4,-5.0,0.2,9,-10.2,78.5,2010-01-09,-17.3
9,0.0,1,3.4,20100110,203,2010,6.0,0.5,0.2,0.0,10,-5.7,78.3,2010-01-10,-10.4
10,0.0,1,0.1,20100111,203,2010,7.6,0.7,-2.4,0.0,11,-7.0,80.5,2010-01-11,-11.8
11,0.0,1,7.4,20100112,203,2010,1.4,1.7,-4.8,0.0,12,-9.2,54.3,2010-01-12,-12.3
12,0.0,1,8.8,20100113,203,2010,0.0,1.6,-6.5,0.0,13,-12.3,47.6,2010-01-13,-16.9
13,0.0,1,7.6,20100114,203,2010,3.9,0.8,-4.9,0.0,14,-12.6,59.6,2010-01-14,-21.6
14,0.5,1,6.2,20100115,203,2010,3.6,1.0,1.0,0.3,15,-6.4,60.9,2010-01-15,-12.8
15,0.0,1,7.2,20100116,203,2010,0.5,0.8,-0.8,0.0,16,-9.0,69.8,2010-01-16,-16.5
16,0.0,1,8.2,20100117,203,2010,0.4,0.6,1.1,0.0,17,-8.7,65.6,2010-01-17,-16.4
17,0.0,1,0.0,20100118,203,2010,6.8,0.6,0.2,0.0,18,-5.5,70.9,2010-01-18,-12.7
18,0.0,1,4.7,20100119,203,2010,7.4,0.6,6.0,0.1,19,-1.3,75.3,2010-01-19,-10.2
19,0.0,1,0.0,20100120,203,2010,10.0,0.4,5.2,10.0,20,3.1,90.4,2010-01-20,1.2
20,0.0,1,7.3,20100121,203,2010,3.6,2.9,5.1,2.5,21,-1.9,66.1,2010-01-21,-7.1
21,0.0,1,7.9,20100122,203,2010,0.6,2.2,-1.5,0.0,22,-5.9,49.9,2010-01-22,-9.1
22,0.0,1,8.8,20100123,203,2010,0.4,1.5,0.4,0.0,23,-5.3,53.5,2010-01-23,-11.4
23,0.0,1,4.3,20100124,203,2010,6.8,1.2,4.6,0.0,24,-1.3,68.8,2010-01-24,-7.3
24,0.0,1,7.0,20100125,203,2010,1.9,2.7,2.5,0.0,25,-1.0,50.0,2010-01-25,-7.1
25,0.0,1,8.6,20100126,203,2010,0.5,1.1,2.3,0.0,26,-5.0,54.5,2010-01-26,-11.7
26,0.8,1,4.3,20100127,203,2010,7.8,0.7,1.9,4.6,27,-2.6,76.9,2010-01-27,-8.5
27,0.0,1,5.9,20100128,203,2010,3.9,2.5,4.7,0.0,28,1.1,58.8,2010-01-28,-3.3
28,0.0,1,4.4,20100129,203,2010,4.1,2.2,1.9,0.0,29,-2.4,60.3,2010-01-29,-8.0
29,0.0,1,1.7,20100130,203,2010,5.3,0.9,5.1,0.0,30,-0.9,72.9,2010-01-30,-6.8
30,0.0,1,0.7,20100131,203,2010,6.1,0.6,5.2,0.0,31,-1.4,85.1,2010-01-31,-4.8
31,0.0,2,2.2,20100201,203,2010,5.4,1.2,6.5,0.0,1,0.5,71.9,2010-02-01,-2.9
32,0.0,2,9.3,20100202,203,2010,0.9,2.4,-0.9,0.0,2,-4.4,30.4,2010-02-02,-7.2
33,0.0,2,9.4,20100203,203,2010,0.8,2.0,-3.7,0.0,3,-7.6,37.9,2010-02-03,-12.2
34,0.0,2,8.1,20100204,203,2010,3.1,1.8,0.4,0.0,4,-4.8,59.3,2010-02-04,-11.7
35,0.0,2,9.4,20100205,203,2010,0.0,2.1,0.4,0.0,5,-4.4,33.5,2010-02-05,-8.2
36,0.0,2,9.5,20100206,203,2010,0.0,1.2,2.4,0.0,6,-4.9,43.3,2010-02-06,-12.6
37,0.0,2,6.3,20100207,203,2010,5.4,0.7,5.9,0.0,7,-2.0,49.1,2010-02-07,-11.5
38,0.0,2,0.0,20100208,203,2010,10.0,0.5,4.8,0.5,8,2.2,62.3,2010-02-08,0.3
39,0.0,2,0.0,20100209,203,2010,10.0,0.6,3.7,16.5,9,2.6,90.8,2010-02-09,1.5
40,0.0,2,0.0,20100210,203,2010,9.8,1.3,4.0,10.5,10,2.8,88.9,2010-02-10,1.3
41,7.3,2,0.0,20100211,203,2010,9.8,2.8,2.7,11.4,11,0.7,80.8,2010-02-11,-0.4
42,0.5,2,1.5,20100212,203,2010,9.5,1.5,3.3,0.5,12,0.0,74.9,2010-02-12,-2.2
43,3.1,2,6.5,20100213,203,2010,6.6,2.2,1.1,2.2,13,-2.3,66.8,2010-02-13,-5.7
44,0.0,2,0.0,20100214,203,2010,7.9,0.7,0.6,0.0,14,-3.3,69.4,2010-02-14,-6.8
45,0.0,2,4.1,20100215,203,2010,4.0,1.4,2.0,0.0,15,-3.1,57.0,2010-02-15,-8.3
46,0.0,2,9.4,20100216,203,2010,1.9,1.8,1.6,0.0,16,-3.8,51.1,2010-02-16,-7.6
47,0.0,2,2.1,20100217,203,2010,8.0,1.0,-0.2,0.0,17,-4.2,60.1,2010-02-17,-9.6
48,1.4,2,7.8,20100218,203,2010,3.9,2.5,0.5,0.6,18,-2.4,51.1,2010-02-18,-5.7
49,0.0,2,7.6,20100219,203,2010,2.5,1.5,3.8,0.0,19,-2.3,56.4,2010-02-19,-7.3
50,0.0,2,7.4,20100220,203,2010,1.0,0.9,8.8,0.0,20,0.9,63.5,2010-02-20,-6.4
51,0.0,2,8.8,20100221,203,2010,2.0,0.7,10.4,0.0,21,2.2,65.6,2010-02-21,-5.2
52,0.0,2,4.2,20100222,203,2010,4.8,0.8,10.9,0.0,22,2.6,73.5,2010-02-22,-2.4
53,0.0,2,6.6,20100223,203,2010,2.5,0.6,15.4,0.0,23,3.4,65.0,2010-02-23,-4.3
54,0.0,2,7.1,20100224,203,2010,4.5,0.8,17.9,0.0,24,8.0,55.6,2010-02-24,-2.2
55,0.0,2,0.0,20100225,203,2010,9.9,0.7,13.4,15.0,25,10.1,84.8,2010-02-25,6.8
56,0.0,2,4.2,20100226,203,2010,5.5,1.7,17.1,0.0,26,11.1,77.0,2010-02-26,6.7
57,0.0,2,5.6,20100227,203,2010,8.0,1.9,11.8,0.0,27,6.3,71.9,2010-02-27,1.4
58,0.0,2,1.6,20100228,203,2010,7.8,1.1,11.6,0.0,28,5.8,72.3,2010-02-28,0.8
59,0.0,3,0.0,20100301,203,2010,9.5,3.0,5.2,20.0,1,2.3,81.1,2010-03-01,0.6
60,0.0,3,0.0,20100302,203,2010,8.1,1.5,5.3,0.1,2,2.3,77.8,2010-03-02,0.2
61,0.0,3,6.4,20100303,203,2010,6.1,1.7,10.3,0.0,3,3.5,65.1,2010-03-03,-3.6
62,0.0,3,0.0,20100304,203,2010,9.9,1.8,6.0,1.0,4,4.5,74.0,2010-03-04,2.9
63,0.0,3,0.0,20100305,203,2010,10.0,0.9,8.7,0.5,5,5.9,81.3,2010-03-05,3.9
64,0.0,3,1.9,20100306,203,2010,9.3,1.8,10.7,0.0,6,5.9,67.1,2010-03-06,3.4
65,0.0,3,1.1,20100307,203,2010,7.6,1.9,8.0,0.0,7,4.3,52.8,2010-03-07,1.2
66,0.0,3,4.7,20100308,203,2010,5.8,2.1,6.8,0.0,8,2.5,56.1,2010-03-08,-3.0
67,9.8,3,1.8,20100309,203,2010,10.0,1.4,5.4,12.0,9,1.7,68.5,2010-03-09,-2.4
68,4.4,3,0.2,20100310,203,2010,9.1,1.9,0.7,3.1,10,-1.3,77.3,2010-03-10,-3.7
69,0.0,3,7.3,20100311,203,2010,4.0,1.4,6.0,0.0,11,1.1,66.3,2010-03-11,-5.8
70,0.0,3,2.7,20100312,203,2010,7.4,2.5,11.0,0.0,12,4.8,70.3,2010-03-12,-0.7
71,0.0,3,9.4,20100313,203,2010,2.0,1.8,9.7,0.0,13,2.8,34.8,2010-03-13,-1.8
72,0.0,3,3.1,20100314,203,2010,5.9,1.2,13.1,0.1,14,5.8,58.3,2010-03-14,-3.0
73,0.0,3,0.5,20100315,203,2010,8.8,2.0,12.4,15.5,15,7.6,79.1,2010-03-15,2.8
74,0.0,3,8.1,20100316,203,2010,1.8,3.5,5.1,0.0,16,1.4,41.1,2010-03-16,-1.3
75,5.8,3,4.9,20100317,203,2010,6.1,1.3,5.3,4.7,17,-0.3,62.5,2010-03-17,-5.1
76,1.9,3,9.7,20100318,203,2010,2.3,2.1,6.2,0.9,18,0.5,59.9,2010-03-18,-2.9
77,0.0,3,8.4,20100319,203,2010,4.1,1.3,10.3,0.0,19,2.7,55.9,2010-03-19,-4.8
78,0.0,3,0.3,20100320,203,2010,9.9,2.8,13.3,1.5,20,6.7,67.4,2010-03-20,2.8
79,0.0,3,9.4,20100321,203,2010,1.1,3.5,8.4,0.0,21,3.0,41.9,2010-03-21,-0.6
80,8.2,3,0.0,20100322,203,2010,8.8,0.7,3.9,14.5,22,0.4,79.5,2010-03-22,-1.2
81,0.0,3,4.4,20100323,203,2010,8.6,0.6,10.3,0.0,23,4.1,79.1,2010-03-23,-0.4
82,0.0,3,8.1,20100324,203,2010,7.4,1.0,14.5,0.0,24,7.3,57.8,2010-03-24,-0.3
83,0.0,3,0.2,20100325,203,2010,8.0,2.3,8.4,7.0,25,4.2,62.5,2010-03-25,0.3
84,0.0,3,8.4,20100326,203,2010,4.1,3.3,7.4,0.0,26,2.5,42.1,2010-03-26,-3.0
85,0.0,3,0.0,20100327,203,2010,9.8,2.4,8.0,0.0,27,5.3,69.4,2010-03-27,1.8
86,0.0,3,10.4,20100328,203,2010,1.6,2.4,11.2,0.0,28,5.1,46.1,2010-03-28,0.8
87,0.0,3,11.0,20100329,203,2010,0.5,1.9,13.8,0.0,29,5.5,44.1,2010-03-29,-3.6
88,0.0,3,4.1,20100330,203,2010,6.5,1.1,14.2,0.0,30,7.0,53.9,2010-03-30,-1.9
89,0.0,3,0.0,20100331,203,2010,10.0,0.8,8.9,19.0,31,7.1,86.3,2010-03-31,5.1
90,0.0,4,0.0,20100401,203,2010,8.1,1.3,9.9,5.5,1,7.6,79.9,2010-04-01,3.6
91,0.0,4,10.9,20100402,203,2010,0.6,3.2,12.0,0.0,2,6.1,42.6,2010-04-02,-0.2
92,0.0,4,11.4,20100403,203,2010,0.0,2.3,12.1,0.0,3,5.1,35.6,2010-04-03,-0.7
93,0.0,4,9.4,20100404,203,2010,2.5,1.4,17.2,0.0,4,6.7,46.6,2010-04-04,-3.1
94,0.0,4,9.0,20100405,203,2010,4.4,1.2,18.4,0.0,5,10.1,55.1,2010-04-05,-0.3
95,0.0,4,3.0,20100406,203,2010,6.5,2.8,13.8,0.0,6,9.0,54.3,2010-04-06,4.9
96,0.0,4,11.7,20100407,203,2010,0.6,2.0,14.8,0.0,7,6.7,42.9,2010-04-07,-1.0
97,0.0,4,11.4,20100408,203,2010,0.0,1.4,18.5,0.0,8,8.0,46.6,2010-04-08,-2.0
98,0.0,4,10.5,20100409,203,2010,1.9,1.3,19.9,0.0,9,11.0,45.1,2010-04-09,1.1
99,0.0,4,0.0,20100410,203,2010,9.6,1.3,14.2,0.0,10,9.9,64.5,2010-04-10,5.3
100,0.0,4,4.3,20100411,203,2010,7.9,2.1,19.0,0.0,11,12.7,51.4,2010-04-11,4.8
101,0.0,4,2.1,20100412,203,2010,9.1,2.2,18.2,4.0,12,13.0,52.9,2010-04-12,9.5
102,0.0,4,5.4,20100413,203,2010,5.8,4.6,10.1,1.5,13,5.1,51.3,2010-04-13,2.5
103,0.0,4,5.6,20100414,203,2010,5.8,2.6,8.5,0.0,14,4.2,28.9,2010-04-14,-0.7
104,0.0,4,10.5,20100415,203,2010,3.4,1.6,13.9,0.0,15,6.1,33.3,2010-04-15,-3.0
105,0.0,4,9.3,20100416,203,2010,1.3,1.9,14.4,0.0,16,7.0,41.1,2010-04-16,-1.5
106,0.0,4,7.2,20100417,203,2010,4.0,1.6,14.8,0.0,17,7.6,53.6,2010-04-17,-1.3
107,0.0,4,0.1,20100418,203,2010,8.9,1.5,18.6,0.0,18,10.9,54.0,2010-04-18,2.5
108,0.0,4,0.0,20100419,203,2010,7.9,1.3,21.0,0.0,19,14.9,52.1,2010-04-19,9.8
109,0.0,4,3.9,20100420,203,2010,7.1,1.4,24.9,0.0,20,16.4,62.3,2010-04-20,8.1
110,0.0,4,1.2,20100421,203,2010,9.1,2.5,20.4,8.5,21,14.0,63.0,2010-04-21,8.7
111,0.0,4,0.0,20100422,203,2010,10.0,1.7,12.7,4.0,22,10.2,69.3,2010-04-22,7.8
112,0.0,4,2.8,20100423,203,2010,8.3,1.8,15.9,4.5,23,8.3,75.8,2010-04-23,5.7
113,0.0,4,6.9,20100424,203,2010,4.4,1.5,18.1,0.0,24,9.6,60.6,2010-04-24,4.8
114,0.0,4,10.5,20100425,203,2010,3.3,1.3,21.8,0.0,25,12.5,41.8,2010-04-25,1.4
115,0.0,4,0.6,20100426,203,2010,9.8,1.5,18.8,28.0,26,11.6,69.3,2010-04-26,8.2
116,0.0,4,2.6,20100427,203,2010,7.6,4.3,12.6,4.0,27,8.6,72.4,2010-04-27,4.6
117,0.0,4,0.0,20100428,203,2010,8.4,2.9,7.5,9.5,28,4.5,78.5,2010-04-28,1.2
118,0.0,4,10.3,20100429,203,2010,4.0,4.0,14.0,0.5,29,9.1,57.5,2010-04-29,4.0
119,0.0,4,8.8,20100430,203,2010,3.9,3.1,16.2,0.0,30,10.3,57.8,2010-04-30,5.1
120,0.0,5,11.9,20100501,203,2010,0.5,1.8,20.0,0.0,1,11.6,53.1,2010-05-01,2.0
121,0.0,5,12.2,20100502,203,2010,0.0,1.4,26.3,0.0,2,16.2,48.1,2010-05-02,4.7
122,0.0,5,2.7,20100503,203,2010,8.0,2.2,25.2,0.0,3,19.5,67.8,2010-05-03,11.2
123,0.0,5,3.0,20100504,203,2010,7.0,1.5,27.3,0.0,4,20.9,62.8,2010-05-04,15.4
124,0.0,5,4.2,20100505,203,2010,8.1,1.7,28.2,0.0,5,20.9,54.3,2010-05-05,12.3
125,0.0,5,0.3,20100506,203,2010,8.3,3.4,22.3,8.0,6,15.1,75.6,2010-05-06,9.6
126,0.0,5,12.5,20100507,203,2010,0.1,2.7,22.8,0.0,7,15.4,48.0,2010-05-07,8.0
127,0.0,5,11.9,20100508,203,2010,3.5,1.6,25.0,0.0,8,16.6,51.3,2010-05-08,7.3
128,0.0,5,5.8,20100509,203,2010,6.8,1.2,27.5,0.0,9,18.9,46.9,2010-05-09,10.6
129,0.0,5,8.4,20100510,203,2010,4.6,2.1,23.1,0.0,10,17.6,43.5,2010-05-10,12.7
130,0.0,5,4.8,20100511,203,2010,4.0,1.8,19.2,0.0,11,13.5,56.5,2010-05-11,7.4
131,0.0,5,9.5,20100512,203,2010,2.3,1.9,21.7,0.0,12,14.0,60.5,2010-05-12,6.5
132,0.0,5,8.3,20100513,203,2010,1.6,1.1,22.9,0.0,13,14.9,57.5,2010-05-13,7.1
133,0.0,5,12.5,20100514,203,2010,0.5,1.2,25.0,0.0,14,17.2,46.9,2010-05-14,7.9
134,0.0,5,3.8,20100515,203,2010,5.3,1.6,22.9,0.0,15,16.1,52.6,2010-05-15,10.4
135,0.0,5,11.4,20100516,203,2010,3.4,1.4,26.7,0.0,16,17.5,50.5,2010-05-16,7.8
136,0.0,5,9.4,20100517,203,2010,6.5,1.6,29.3,3.0,17,20.1,53.0,2010-05-17,10.4
137,0.0,5,0.0,20100518,203,2010,10.0,1.2,19.1,52.5,18,17.6,90.0,2010-05-18,15.2
138,0.0,5,7.9,20100519,203,2010,5.8,2.0,24.2,2.5,19,19.1,73.4,2010-05-19,16.3
139,0.0,5,9.9,20100520,203,2010,2.0,1.9,28.4,0.0,20,20.8,61.1,2010-05-20,13.8
140,0.0,5,9.4,20100521,203,2010,3.4,1.1,31.9,0.0,21,22.0,57.3,2010-05-21,13.8
141,0.0,5,0.0,20100522,203,2010,9.9,1.3,25.9,6.5,22,19.3,67.4,2010-05-22,15.1
142,0.0,5,0.0,20100523,203,2010,10.0,2.0,17.9,20.0,23,15.9,81.5,2010-05-23,14.5
143,0.0,5,0.0,20100524,203,2010,10.0,2.1,15.3,7.5,24,13.7,86.4,2010-05-24,12.4
144,0.0,5,0.2,20100525,203,2010,9.6,1.3,17.8,0.5,25,14.8,84.0,2010-05-25,13.2
145,0.0,5,7.8,20100526,203,2010,4.8,2.4,21.1,0.5,26,16.6,62.5,2010-05-26,11.9
146,0.0,5,12.5,20100527,203,2010,4.0,1.4,25.2,0.0,27,17.2,56.1,2010-05-27,8.4
147,0.0,5,0.4,20100528,203,2010,9.1,1.1,21.7,0.0,28,16.8,67.6,2010-05-28,11.5
148,0.0,5,7.6,20100529,203,2010,6.4,1.2,25.5,0.0,29,19.4,58.9,2010-05-29,14.1
149,0.0,5,9.8,20100530,203,2010,3.4,1.4,26.3,0.0,30,19.4,49.8,2010-05-30,12.4
150,0.0,5,3.4,20100531,203,2010,8.3,1.3,23.1,0.0,31,17.8,41.9,2010-05-31,13.9
151,0.0,6,13.0,20100601,203,2010,1.1,1.2,25.8,0.0,1,17.9,47.3,2010-06-01,8.1
152,0.0,6,12.9,20100602,203,2010,0.4,1.0,27.2,0.0,2,20.3,54.4,2010-06-02,11.3
153,0.0,6,11.5,20100603,203,2010,0.4,1.4,29.1,0.0,3,21.4,57.6,2010-06-03,13.6
154,0.0,6,12.6,20100604,203,2010,0.3,1.4,30.1,0.0,4,22.1,53.4,2010-06-04,14.0
155,0.0,6,10.1,20100605,203,2010,4.1,1.2,31.3,0.0,5,22.8,55.0,2010-06-05,14.3
156,0.0,6,9.2,20100606,203,2010,5.4,1.1,32.1,0.0,6,22.3,62.4,2010-06-06,15.9
157,0.0,6,10.3,20100607,203,2010,5.0,1.1,31.3,0.0,7,22.9,58.8,2010-06-07,16.1
158,0.0,6,13.0,20100608,203,2010,0.3,1.1,31.3,0.0,8,23.2,49.0,2010-06-08,13.7
159,0.0,6,12.8,20100609,203,2010,0.0,0.9,32.6,0.0,9,24.3,51.4,2010-06-09,15.7
160,0.0,6,8.5,20100610,203,2010,5.5,0.8,32.1,0.0,10,24.5,56.5,2010-06-10,17.8
161,0.0,6,7.1,20100611,203,2010,7.1,1.4,30.5,0.0,11,24.1,52.4,2010-06-11,17.0
162,0.0,6,0.0,20100612,203,2010,10.0,1.6,22.5,29.0,12,18.8,83.4,2010-06-12,17.6
163,0.0,6,4.8,20100613,203,2010,8.0,0.8,29.0,43.0,13,22.5,75.5,2010-06-13,17.7
164,0.0,6,0.1,20100614,203,2010,9.0,1.0,25.3,1.0,14,22.8,79.5,2010-06-14,21.3
165,0.0,6,6.1,20100615,203,2010,5.6,1.2,30.0,2.0,15,24.0,75.1,2010-06-15,20.7
166,0.0,6,3.4,20100616,203,2010,6.4,1.4,27.3,0.0,16,22.8,72.6,2010-06-16,19.2
167,0.0,6,0.1,20100617,203,2010,9.8,0.7,27.6,0.0,17,23.7,74.0,2010-06-17,19.9
168,0.0,6,3.5,20100618,203,2010,9.8,1.4,31.9,0.0,18,26.3,63.8,2010-06-18,21.6
169,0.0,6,0.2,20100619,203,2010,9.4,1.2,26.8,1.5,19,23.6,72.5,2010-06-19,20.7
170,0.0,6,6.1,20100621,203,2010,4.0,1.6,27.2,0.0,21,22.0,77.3,2010-06-21,18.5
171,0.0,6,6.3,20100622,203,2010,4.9,1.2,27.4,0.0,22,21.4,61.0,2010-06-22,15.4
172,0.0,6,12.6,20100623,203,2010,0.4,0.8,28.7,0.0,23,21.7,63.0,2010-06-23,13.6
173,0.0,6,12.3,20100624,203,2010,0.0,0.7,30.7,0.0,24,23.0,65.8,2010-06-24,15.1
174,0.0,6,8.7,20100625,203,2010,5.4,1.3,32.3,0.0,25,24.5,63.3,2010-06-25,16.6
175,0.0,6,0.0,20100626,203,2010,10.0,1.0,26.4,2.0,26,23.1,77.8,2010-06-26,20.6
176,0.0,6,0.0,20100627,203,2010,9.3,1.5,24.1,5.0,27,22.0,90.0,2010-06-27,19.6
177,0.0,6,7.5,20100628,203,2010,5.1,1.1,29.6,0.0,28,23.8,76.8,2010-06-28,18.1
178,0.0,6,1.0,20100629,203,2010,6.6,0.7,28.2,0.0,29,23.7,81.4,2010-06-29,19.4
179,0.0,6,0.1,20100630,203,2010,9.9,0.5,26.6,7.5,30,23.2,86.3,2010-06-30,21.6
180,0.0,7,3.3,20100701,203,2010,8.9,1.1,31.0,0.0,1,25.9,79.5,2010-07-01,21.8
181,0.0,7,0.0,20100702,203,2010,10.0,1.3,26.6,37.0,2,24.8,92.3,2010-07-02,24.0
182,0.0,7,0.0,20100703,203,2010,9.6,0.8,27.4,9.0,3,24.7,91.4,2010-07-03,23.7
183,0.0,7,0.0,20100704,203,2010,8.8,0.5,27.1,2.5,4,24.2,88.9,2010-07-04,22.1
184,0.0,7,6.9,20100705,203,2010,5.3,1.9,31.3,0.0,5,26.0,79.5,2010-07-05,22.7
185,0.0,7,7.8,20100706,203,2010,3.6,1.6,31.9,0.0,6,26.1,67.8,2010-07-06,21.4
186,0.0,7,8.9,20100707,203,2010,5.4,1.6,30.5,7.0,7,25.1,74.0,2010-07-07,21.0
187,0.0,7,2.2,20100708,203,2010,8.4,0.7,29.0,0.5,8,23.8,82.9,2010-07-08,20.0
188,0.0,7,7.6,20100709,203,2010,5.0,0.9,30.1,0.5,9,24.6,71.8,2010-07-09,19.1
189,0.0,7,4.1,20100710,203,2010,7.9,0.8,30.8,0.0,10,24.7,76.6,2010-07-10,19.0
190,0.0,7,0.0,20100711,203,2010,9.3,1.6,23.9,2.5,11,22.2,82.9,2010-07-11,20.9
191,0.0,7,6.7,20100712,203,2010,4.8,1.3,29.5,0.0,12,24.0,74.4,2010-07-12,18.9
192,0.0,7,11.5,20100713,203,2010,4.8,1.1,31.1,0.4,13,25.4,73.9,2010-07-13,19.2
193,0.0,7,2.6,20100714,203,2010,6.8,0.7,30.6,0.0,14,25.4,77.4,2010-07-14,21.5
194,0.0,7,4.8,20100715,203,2010,5.5,0.8,31.1,0.0,15,26.3,74.8,2010-07-15,22.3
195,0.0,7,0.6,20100716,203,2010,9.5,1.2,28.0,66.0,16,23.9,90.4,2010-07-16,22.6
196,0.0,7,0.0,20100717,203,2010,9.9,1.9,25.2,35.5,17,24.1,92.4,2010-07-17,22.9
197,0.0,7,1.5,20100718,203,2010,8.9,2.2,30.7,3.0,18,27.1,77.0,2010-07-18,23.4
198,0.0,7,5.5,20100719,203,2010,5.8,1.8,32.4,0.0,19,27.5,72.9,2010-07-19,23.2
199,0.0,7,5.1,20100720,203,2010,5.1,1.5,33.2,0.0,20,28.3,72.4,2010-07-20,23.1
200,0.0,7,3.5,20100721,203,2010,8.0,1.9,31.9,0.3,21,27.9,72.8,2010-07-21,23.9
201,0.0,7,3.9,20100722,203,2010,6.1,1.6,31.6,0.0,22,27.5,75.1,2010-07-22,22.8
202,0.0,7,0.0,20100723,203,2010,9.6,1.5,26.5,16.0,23,23.0,91.4,2010-07-23,20.8
203,0.0,7,2.0,20100724,203,2010,9.1,1.0,30.4,3.0,24,24.8,85.6,2010-07-24,21.9
204,0.0,7,5.9,20100725,203,2010,6.8,1.2,31.5,1.5,25,25.9,79.5,2010-07-25,22.9
205,0.0,7,4.1,20100726,203,2010,6.6,1.4,30.7,0.4,26,26.2,78.9,2010-07-26,22.4
206,0.0,7,9.0,20100727,203,2010,6.6,1.5,31.7,0.0,27,26.3,75.9,2010-07-27,22.4
207,0.0,7,1.5,20100728,203,2010,6.5,1.2,28.8,0.0,28,24.4,82.5,2010-07-28,19.7
208,0.0,7,0.8,20100729,203,2010,8.6,0.9,30.5,0.0,29,26.5,78.9,2010-07-29,23.5
209,0.0,7,0.6,20100730,203,2010,8.1,1.1,30.6,0.0,30,26.6,77.5,2010-07-30,23.9
210,0.0,7,0.8,20100731,203,2010,8.3,1.2,30.3,0.0,31,26.6,80.1,2010-07-31,22.7
211,0.0,8,2.4,20100801,203,2010,7.9,1.5,32.8,0.1,1,28.2,78.0,2010-08-01,25.3
212,0.0,8,0.4,20100802,203,2010,8.5,1.0,29.5,15.0,2,26.3,87.5,2010-08-02,24.3
213,0.0,8,1.3,20100803,203,2010,7.1,0.6,31.1,0.0,3,26.7,84.1,2010-08-03,23.9
214,0.0,8,3.4,20100804,203,2010,8.1,0.7,33.8,4.5,4,28.2,83.0,2010-08-04,24.6
215,0.0,8,5.0,20100805,203,2010,6.1,1.2,34.0,6.5,5,28.1,81.3,2010-08-05,24.7
216,0.0,8,2.7,20100806,203,2010,7.6,1.3,30.6,14.0,6,27.2,86.4,2010-08-06,24.9
217,0.0,8,0.8,20100807,203,2010,8.3,1.0,30.6,6.5,7,26.2,86.9,2010-08-07,23.2
218,0.0,8,6.9,20100808,203,2010,6.1,0.8,32.8,0.0,8,26.8,79.3,2010-08-08,23.0
219,0.0,8,9.4,20100809,203,2010,5.6,0.6,34.1,0.0,9,27.1,78.0,2010-08-09,22.1
220,0.0,8,0.0,20100810,203,2010,9.3,1.1,29.5,20.0,10,25.6,89.1,2010-08-10,23.4
221,0.0,8,2.7,20100811,203,2010,7.5,1.9,33.5,1.5,11,27.4,81.4,2010-08-11,23.7
222,0.0,8,0.0,20100812,203,2010,8.9,1.6,25.9,2.5,12,23.3,84.4,2010-08-12,21.3
223,0.0,8,0.0,20100813,203,2010,10.0,1.5,29.2,12.0,13,25.8,89.5,2010-08-13,21.2
224,0.0,8,0.7,20100814,203,2010,9.8,1.9,28.9,12.5,14,26.6,86.1,2010-08-14,24.0
225,0.0,8,3.4,20100815,203,2010,7.4,2.4,30.7,22.0,15,26.9,81.0,2010-08-15,24.1
226,0.0,8,0.0,20100816,203,2010,9.5,0.7,27.3,1.0,16,24.0,87.5,2010-08-16,21.5
227,0.0,8,8.9,20100817,203,2010,5.0,0.5,31.9,0.1,17,24.9,75.6,2010-08-17,20.8
228,0.0,8,2.7,20100818,203,2010,7.9,1.0,31.9,20.0,18,25.6,86.1,2010-08-18,21.7
229,0.0,8,7.4,20100819,203,2010,4.9,0.7,33.5,0.0,19,28.4,78.1,2010-08-19,24.0
230,0.0,8,8.0,20100820,203,2010,3.5,0.8,34.0,7.5,20,28.4,77.6,2010-08-20,24.0
231,0.0,8,7.6,20100821,203,2010,2.4,0.8,33.2,0.0,21,27.8,77.0,2010-08-21,23.3
232,0.0,8,6.9,20100822,203,2010,4.0,1.1,33.3,0.0,22,28.1,75.6,2010-08-22,23.0
233,0.0,8,1.1,20100823,203,2010,9.0,1.6,29.4,6.5,23,26.1,85.9,2010-08-23,23.7
234,0.0,8,0.1,20100824,203,2010,9.5,0.8,25.7,20.5,24,23.3,90.4,2010-08-24,21.3
235,0.0,8,0.0,20100825,203,2010,10.0,1.0,23.5,5.0,25,22.0,91.0,2010-08-25,21.2
236,0.0,8,0.6,20100826,203,2010,9.5,1.0,28.2,4.5,26,24.0,89.6,2010-08-26,21.2
237,0.0,8,6.4,20100827,203,2010,7.1,1.2,31.7,0.0,27,26.5,78.9,2010-08-27,21.3
238,0.0,8,0.2,20100828,203,2010,9.3,1.4,28.6,4.5,28,25.2,87.4,2010-08-28,23.5
239,0.0,8,0.1,20100829,203,2010,9.6,0.8,26.0,56.0,29,23.7,93.6,2010-08-29,21.8
240,0.0,8,5.0,20100830,203,2010,7.6,1.1,31.0,0.5,30,25.3,82.6,2010-08-30,22.5
241,0.0,8,0.3,20100831,203,2010,9.4,0.5,28.5,20.0,31,23.9,90.4,2010-08-31,22.2
242,0.0,9,5.8,20100901,203,2010,8.6,1.3,32.6,28.0,1,26.0,82.1,2010-09-01,20.8
243,0.0,9,1.6,20100902,203,2010,8.5,3.3,29.4,26.0,2,24.7,85.1,2010-09-02,22.3
244,0.0,9,1.3,20100903,203,2010,6.5,0.5,30.6,3.5,3,25.1,88.4,2010-09-03,21.5
245,0.0,9,5.3,20100904,203,2010,5.1,0.7,32.8,0.0,4,26.7,80.4,2010-09-04,22.7
246,0.0,9,4.9,20100905,203,2010,7.5,1.1,31.5,19.0,5,25.3,84.8,2010-09-05,21.6
247,0.0,9,0.4,20100906,203,2010,8.0,0.9,26.4,21.0,6,23.2,91.8,2010-09-06,21.6
248,0.0,9,5.0,20100907,203,2010,6.0,2.4,28.8,0.0,7,23.6,72.9,2010-09-07,18.8
249,0.0,9,0.4,20100908,203,2010,8.9,1.1,23.7,0.2,8,20.4,73.6,2010-09-08,17.7
250,0.0,9,0.0,20100909,203,2010,10.0,0.7,21.8,4.0,9,20.0,89.6,2010-09-09,17.5
251,0.0,9,1.4,20100910,203,2010,9.6,2.4,29.7,9.0,10,24.8,83.4,2010-09-10,21.3
252,0.0,9,0.1,20100911,203,2010,10.0,1.3,25.0,39.5,11,23.1,92.0,2010-09-11,21.9
253,0.0,9,1.9,20100912,203,2010,8.0,1.3,25.8,75.0,12,22.2,87.6,2010-09-12,20.5
254,0.0,9,3.8,20100913,203,2010,3.6,1.1,28.4,0.0,13,22.7,80.3,2010-09-13,19.1
255,0.0,9,4.1,20100914,203,2010,6.0,0.7,28.1,0.0,14,21.9,80.6,2010-09-14,18.3
256,0.0,9,11.0,20100915,203,2010,0.0,0.5,29.7,0.0,15,21.5,74.5,2010-09-15,15.6
257,0.0,9,10.6,20100916,203,2010,0.6,0.7,30.7,0.0,16,21.4,75.3,2010-09-16,14.8
258,0.0,9,8.3,20100917,203,2010,5.1,0.8,29.8,0.0,17,22.2,72.4,2010-09-17,15.4
259,0.0,9,10.1,20100918,203,2010,3.3,0.9,30.3,0.0,18,23.2,68.6,2010-09-18,17.2
260,0.0,9,0.0,20100919,203,2010,9.8,0.8,21.7,6.5,19,19.0,91.6,2010-09-19,17.8
261,0.0,9,0.0,20100920,203,2010,10.0,0.9,23.6,28.0,20,19.9,91.4,2010-09-20,17.2
262,0.0,9,0.1,20100921,203,2010,10.0,1.4,28.5,187.0,21,21.7,93.3,2010-09-21,17.9
263,0.0,9,0.0,20100922,203,2010,9.5,1.8,18.4,0.3,22,16.6,84.6,2010-09-22,14.8
264,0.0,9,9.9,20100923,203,2010,1.0,0.8,23.5,0.0,23,15.9,74.6,2010-09-23,10.2
265,0.0,9,8.7,20100924,203,2010,1.8,0.6,23.9,0.0,24,15.6,74.8,2010-09-24,9.3
266,0.0,9,10.0,20100925,203,2010,2.5,0.7,24.2,0.0,25,16.3,73.8,2010-09-25,9.9
267,0.0,9,6.0,20100926,203,2010,4.4,0.7,23.8,0.0,26,16.0,77.8,2010-09-26,11.2
268,0.0,9,7.1,20100927,203,2010,6.0,0.9,24.3,0.0,27,17.0,78.4,2010-09-27,10.9
269,0.0,9,10.4,20100928,203,2010,2.0,1.8,20.3,0.3,28,15.3,56.6,2010-09-28,7.8
270,0.0,9,1.4,20100929,203,2010,5.4,0.7,17.2,0.0,29,11.2,79.8,2010-09-29,5.9
271,0.0,9,5.3,20100930,203,2010,4.1,0.7,20.2,0.0,30,11.4,85.9,2010-09-30,7.0
272,0.0,10,3.4,20101001,203,2010,5.3,0.7,20.4,0.0,1,12.4,82.0,2010-10-01,7.5
273,0.0,10,0.3,20101002,203,2010,8.1,0.8,19.0,15.0,2,14.1,90.8,2010-10-02,8.3
274,0.0,10,5.8,20101003,203,2010,7.5,2.0,22.2,10.0,3,17.9,78.9,2010-10-03,14.1
275,0.0,10,0.3,20101004,203,2010,8.9,1.5,17.7,7.5,4,14.0,83.9,2010-10-04,12.4
276,0.0,10,7.3,20101005,203,2010,3.1,0.9,20.4,0.0,5,14.6,75.9,2010-10-05,10.2
277,0.0,10,4.7,20101006,203,2010,5.0,0.5,21.1,0.0,6,12.6,86.9,2010-10-06,8.8
278,0.0,10,5.6,20101007,203,2010,5.6,0.5,23.1,0.0,7,13.9,84.8,2010-10-07,8.7
279,0.0,10,3.5,20101008,203,2010,7.6,0.5,23.0,0.0,8,16.3,81.1,2010-10-08,11.2
280,0.0,10,8.5,20101009,203,2010,2.9,0.8,25.1,0.0,9,17.8,75.3,2010-10-09,12.7
281,0.0,10,5.8,20101010,203,2010,2.5,0.7,24.1,0.0,10,16.1,83.6,2010-10-10,11.5
282,0.0,10,0.0,20101011,203,2010,10.0,0.7,17.8,0.0,11,14.9,92.6,2010-10-11,12.0
283,0.0,10,0.0,20101012,203,2010,8.3,0.9,19.7,0.0,12,14.9,87.1,2010-10-12,11.6
284,0.0,10,0.0,20101013,203,2010,7.9,0.7,18.7,0.0,13,13.9,85.8,2010-10-13,10.4
285,0.0,10,5.3,20101014,203,2010,5.4,1.0,20.6,0.0,14,14.2,77.8,2010-10-14,9.5
286,0.0,10,9.3,20101015,203,2010,1.0,1.7,17.9,0.0,15,12.1,57.6,2010-10-15,6.9
287,0.0,10,9.3,20101016,203,2010,3.0,1.3,22.0,0.0,16,13.7,70.1,2010-10-16,5.8
288,0.0,10,5.6,20101017,203,2010,3.8,0.9,20.7,0.0,17,14.5,75.9,2010-10-17,9.4
289,0.0,10,5.7,20101018,203,2010,3.8,0.6,20.0,0.0,18,10.9,82.0,2010-10-18,5.7
290,0.0,10,7.7,20101019,203,2010,1.0,0.5,21.5,0.0,19,13.2,76.9,2010-10-19,5.6
291,0.0,10,4.0,20101020,203,2010,6.0,0.8,20.7,0.0,20,13.1,84.1,2010-10-20,8.5
292,0.0,10,4.9,20101021,203,2010,6.1,0.8,21.4,0.0,21,13.4,82.9,2010-10-21,8.5
293,0.0,10,9.2,20101022,203,2010,0.4,0.8,22.8,0.0,22,14.0,74.9,2010-10-22,8.2
294,0.0,10,3.7,20101023,203,2010,6.4,0.6,19.5,0.0,23,12.3,82.0,2010-10-23,5.9
295,0.0,10,5.3,20101024,203,2010,5.0,0.6,23.2,0.0,24,15.4,78.1,2010-10-24,10.7
296,0.0,10,6.1,20101025,203,2010,3.4,2.2,15.3,0.0,25,10.7,55.4,2010-10-25,5.0
297,0.0,10,9.5,20101026,203,2010,0.0,2.1,9.2,0.0,26,3.7,34.8,2010-10-26,-1.9
298,0.0,10,5.3,20101027,203,2010,4.4,0.8,11.4,0.0,27,3.4,61.6,2010-10-27,-4.3
299,0.0,10,9.6,20101028,203,2010,0.0,1.0,13.9,0.0,28,4.6,62.3,2010-10-28,-3.1
300,0.0,10,9.5,20101029,203,2010,0.5,0.6,17.5,0.0,29,6.7,64.3,2010-10-29,-3.2
301,0.0,10,8.8,20101030,203,2010,2.3,0.6,18.6,0.0,30,9.2,64.8,2010-10-30,1.1
302,0.0,10,3.8,20101031,203,2010,4.0,0.6,16.4,0.0,31,9.1,68.9,2010-10-31,2.3
303,0.0,11,9.0,20101101,203,2010,1.0,1.5,17.6,0.0,1,10.4,65.0,2010-11-01,2.0
304,0.0,11,9.5,20101102,203,2010,0.1,2.1,11.6,0.0,2,5.8,37.4,2010-11-02,1.4
305,0.0,11,8.5,20101103,203,2010,0.9,1.0,13.4,0.0,3,4.6,61.6,2010-11-03,-4.5
306,0.0,11,8.0,20101104,203,2010,1.1,0.9,16.7,0.0,4,7.4,74.4,2010-11-04,-0.4
307,0.0,11,3.6,20101105,203,2010,3.3,0.7,16.5,0.0,5,9.1,79.1,2010-11-05,3.3
308,0.0,11,0.0,20101106,203,2010,8.9,0.5,14.8,0.0,6,9.0,89.3,2010-11-06,4.2
309,0.0,11,0.0,20101107,203,2010,7.1,0.7,13.0,0.0,7,8.5,92.3,2010-11-07,6.0
310,0.0,11,2.6,20101108,203,2010,7.1,3.3,11.5,6.0,8,7.3,70.5,2010-11-08,1.9
311,0.0,11,8.1,20101109,203,2010,2.5,3.5,7.6,0.0,9,3.3,45.0,2010-11-09,0.2
312,0.0,11,9.1,20101110,203,2010,0.0,1.1,11.0,0.0,10,2.9,56.4,2010-11-10,-3.8
313,0.0,11,5.4,20101111,203,2010,4.5,1.2,12.8,6.0,11,6.3,66.6,2010-11-11,-3.3
314,0.0,11,7.9,20101112,203,2010,2.8,2.3,14.2,2.5,12,8.1,66.5,2010-11-12,1.7
315,0.0,11,8.8,20101113,203,2010,2.6,0.7,17.8,0.0,13,7.6,68.4,2010-11-13,-1.3
316,0.0,11,7.3,20101114,203,2010,6.1,2.4,11.8,0.0,14,7.9,38.1,2010-11-14,5.0
317,0.0,11,9.1,20101115,203,2010,0.3,2.0,7.8,0.0,15,2.0,40.3,2010-11-15,-2.0
318,0.0,11,7.0,20101116,203,2010,2.6,0.8,9.3,0.0,16,1.1,68.8,2010-11-16,-6.8
319,0.0,11,4.3,20101117,203,2010,2.3,0.5,11.0,0.0,17,2.6,79.9,2010-11-17,-4.0
320,0.0,11,5.1,20101118,203,2010,1.3,0.5,11.4,0.0,18,1.7,84.4,2010-11-18,-3.8
321,0.0,11,0.4,20101119,203,2010,6.3,0.6,7.8,0.0,19,0.4,88.3,2010-11-19,-4.5
322,0.0,11,7.9,20101120,203,2010,1.3,0.5,13.2,0.0,20,3.3,72.1,2010-11-20,-4.8
323,0.0,11,6.2,20101121,203,2010,5.5,0.4,15.0,0.0,21,6.7,76.9,2010-11-21,-0.7
324,0.0,11,8.2,20101122,203,2010,2.3,2.2,11.3,0.1,22,7.0,54.8,2010-11-22,-0.6
325,0.0,11,8.8,20101123,203,2010,1.9,0.7,13.1,0.0,23,3.4,63.1,2010-11-23,-4.9
326,0.0,11,0.8,20101124,203,2010,4.5,1.0,11.5,0.0,24,4.5,73.0,2010-11-24,-1.7
327,0.0,11,7.9,20101125,203,2010,1.4,1.8,8.5,0.2,25,3.2,58.8,2010-11-25,-0.9
328,0.0,11,8.3,20101126,203,2010,0.8,1.3,5.8,0.0,26,-0.6,45.5,2010-11-26,-5.5
329,0.0,11,1.5,20101127,203,2010,4.5,1.7,7.0,4.0,27,-0.8,68.5,2010-11-27,-5.4
330,0.0,11,8.6,20101128,203,2010,2.3,1.5,2.6,0.0,28,-1.5,40.6,2010-11-28,-7.1
331,0.0,11,5.5,20101129,203,2010,3.8,0.7,8.2,0.0,29,1.3,70.5,2010-11-29,-2.8
332,0.0,11,2.6,20101130,203,2010,5.4,0.5,11.4,0.0,30,3.4,79.0,2010-11-30,-1.1
333,0.0,12,0.0,20101201,203,2010,6.3,0.6,8.2,0.0,1,4.0,91.9,2010-12-01,-0.1
334,0.0,12,0.1,20101202,203,2010,9.6,0.6,10.6,1.0,2,5.3,90.1,2010-12-02,0.2
335,0.0,12,7.1,20101203,203,2010,1.3,3.4,9.1,1.5,3,1.4,49.1,2010-12-03,-3.1
336,0.0,12,3.9,20101204,203,2010,2.9,0.7,5.0,0.0,4,-0.3,65.4,2010-12-04,-6.7
337,0.0,12,0.0,20101205,203,2010,8.4,0.5,8.2,0.0,5,3.9,77.5,2010-12-05,-2.4
338,0.0,12,4.2,20101206,203,2010,4.8,2.3,9.2,0.0,6,3.7,62.4,2010-12-06,-2.2
339,0.0,12,7.1,20101207,203,2010,2.1,1.1,4.4,0.0,7,-2.1,56.1,2010-12-07,-6.8
340,6.1,12,0.2,20101208,203,2010,8.6,0.9,1.8,5.0,8,-1.7,79.4,2010-12-08,-5.3
341,0.0,12,8.6,20101209,203,2010,0.0,1.2,2.5,0.0,9,-2.7,66.6,2010-12-09,-6.6
342,0.0,12,3.1,20101210,203,2010,5.5,1.1,9.0,0.3,10,-0.6,77.0,2010-12-10,-8.9
343,0.0,12,7.9,20101211,203,2010,1.3,3.0,7.1,0.0,11,-1.7,41.6,2010-12-11,-6.2
344,0.0,12,7.6,20101212,203,2010,4.6,0.9,3.1,0.0,12,-3.8,54.6,2010-12-12,-10.4
345,0.0,12,0.0,20101213,203,2010,8.9,0.3,3.0,1.0,13,0.2,77.4,2010-12-13,-3.4
346,0.0,12,6.5,20101214,203,2010,2.0,2.5,2.8,0.0,14,-2.5,53.6,2010-12-14,-9.0
347,0.0,12,8.6,20101215,203,2010,0.0,2.4,-5.5,0.0,15,-9.2,38.5,2010-12-15,-12.4
348,0.0,12,8.3,20101216,203,2010,2.5,1.1,-2.4,0.0,16,-8.4,54.8,2010-12-16,-14.1
349,3.8,12,1.6,20101217,203,2010,6.1,0.7,1.6,3.5,17,-3.9,82.9,2010-12-17,-7.2
350,0.0,12,8.3,20101218,203,2010,0.0,0.5,3.5,0.0,18,-4.6,74.6,2010-12-18,-12.1
351,0.0,12,0.9,20101219,203,2010,8.1,0.5,6.5,0.0,19,1.3,79.8,2010-12-19,-6.5
352,0.0,12,3.6,20101220,203,2010,5.3,1.0,6.8,0.0,20,0.9,88.4,2010-12-20,-3.8
353,0.0,12,5.1,20101221,203,2010,6.4,0.6,9.6,0.0,21,1.5,75.1,2010-12-21,-4.8
354,0.0,12,7.8,20101222,203,2010,0.0,1.0,9.3,0.0,22,2.0,74.4,2010-12-22,-4.2
355,0.0,12,3.2,20101223,203,2010,2.9,1.9,4.4,0.0,23,-1.6,56.1,2010-12-23,-7.7
356,0.0,12,8.6,20101224,203,2010,0.1,2.7,-7.4,0.0,24,-10.6,36.4,2010-12-24,-13.0
357,0.0,12,8.5,20101225,203,2010,0.0,2.8,-4.9,0.0,25,-10.0,39.5,2010-12-25,-14.0
358,0.0,12,5.2,20101226,203,2010,2.0,1.3,-4.7,0.0,26,-9.7,66.6,2010-12-26,-14.8
359,0.7,12,3.1,20101227,203,2010,6.1,0.7,-3.5,0.7,27,-7.1,87.8,2010-12-27,-13.4
360,5.9,12,0.6,20101228,203,2010,7.1,1.0,2.1,5.2,28,-2.7,80.8,2010-12-28,-6.6
361,0.0,12,8.4,20101229,203,2010,2.5,1.1,-1.4,0.0,29,-5.9,67.1,2010-12-29,-12.4
362,5.3,12,4.2,20101230,203,2010,3.8,1.8,-1.3,3.6,30,-5.9,72.9,2010-12-30,-9.9
363,0.0,12,8.3,20101231,203,2010,0.9,1.5,-4.1,0.0,31,-9.6,62.4,2010-12-31,-13.9
