,year,rainfall,cloud,sunshine,humid,snow,tmax,day,tmin,wind,month,Date,tavg,date,station_id
0,2018,0.0,0.0,8.5,47.1,0.0,4.9,1,-9.5,1.2,1,2018-01-01,-2.0,20180101,203
1,2018,0.0,0.0,6.4,52.3,0.0,3.5,2,-8.9,1.2,1,2018-01-02,-3.1,20180102,203
2,2018,0.0,0.0,8.8,39.9,0.0,1.4,3,-7.7,1.9,1,2018-01-03,-4.0,20180103,203
3,2018,0.0,0.0,6.2,51.6,0.0,-1.4,4,-11.1,0.9,1,2018-01-04,-5.2,20180104,203
4,2018,0.0,0.0,7.5,64.0,0.0,2.5,5,-9.1,1.3,1,2018-01-05,-4.0,20180105,203
5,2018,0.0,0.0,8.8,54.6,0.0,4.3,6,-11.2,1.2,1,2018-01-06,-3.5,20180106,203
6,2018,0.0,0.0,4.1,57.9,0.0,1.8,7,-11.3,0.7,1,2018-01-07,-3.3,20180107,203
7,2018,1.5,0.0,0.5,61.1,0.0,4.4,8,-1.2,1.7,1,2018-01-08,0.7,20180108,203
8,2018,0.3,0.0,6.7,57.6,0.0,0.1,9,-6.7,2.6,1,2018-01-09,-3.6,20180109,203
9,2018,0.7,0.0,8.6,51.6,0.0,-3.3,10,-11.0,2.3,1,2018-01-10,-7.3,20180110,203
10,2018,0.0,0.0,8.9,49.5,0.0,-5.7,11,-14.4,2.2,1,2018-01-11,-10.9,20180111,203
11,2018,0.0,0.0,8.9,48.3,0.0,-5.1,12,-19.1,1.4,1,2018-01-12,-10.8,20180112,203
12,2018,0.2,0.0,0.0,77.3,0.0,-3.4,13,-9.1,0.8,1,2018-01-13,-6.8,20180113,203
13,2018,0.0,0.0,7.6,70.0,0.0,5.1,14,-10.8,0.7,1,2018-01-14,-2.4,20180114,203
14,2018,0.0,0.0,7.0,64.0,0.0,9.5,15,-0.9,1.3,1,2018-01-15,3.3,20180115,203
15,2018,0.0,0.0,0.0,77.0,0.0,4.4,16,-3.5,0.6,1,2018-01-16,0.7,20180116,203
16,2018,2.4,0.0,1.7,81.9,0.0,7.8,17,0.3,1.1,1,2018-01-17,3.3,20180117,203
17,2018,0.0,0.0,2.1,58.4,0.0,6.7,18,-0.9,1.3,1,2018-01-18,2.3,20180118,203
18,2018,0.0,0.0,8.6,44.9,0.0,6.7,19,-3.2,1.2,1,2018-01-19,0.7,20180119,203
19,2018,0.0,0.0,4.8,67.5,0.0,6.9,20,-5.5,1.2,1,2018-01-20,0.1,20180120,203
20,2018,0.0,0.0,6.3,63.9,0.0,5.9,21,-7.5,0.9,1,2018-01-21,-1.5,20180121,203
21,2018,3.0,0.0,1.0,69.1,0.0,4.4,22,-3.6,1.5,1,2018-01-22,-0.3,20180122,203
22,2018,0.0,0.0,9.1,37.6,0.0,-3.0,23,-13.8,3.4,1,2018-01-23,-9.7,20180123,203
23,2018,0.0,0.0,9.0,28.4,0.0,-8.9,24,-15.8,2.8,1,2018-01-24,-13.2,20180124,203
24,2018,0.0,0.0,8.7,31.8,0.0,-7.6,25,-16.9,2.3,1,2018-01-25,-13.0,20180125,203
25,2018,0.0,0.0,9.1,32.9,0.0,-9.4,26,-16.9,2.3,1,2018-01-26,-13.6,20180126,203
26,2018,0.0,0.0,9.0,48.3,0.0,-3.1,27,-19.2,1.0,1,2018-01-27,-10.8,20180127,203
27,2018,0.0,0.0,8.1,33.5,0.0,1.2,28,-8.3,2.2,1,2018-01-28,-5.1,20180128,203
28,2018,0.0,0.0,9.1,34.6,0.0,-3.7,29,-12.1,2.1,1,2018-01-29,-8.0,20180129,203
29,2018,0.1,0.0,7.1,59.1,0.0,0.5,30,-15.5,1.4,1,2018-01-30,-6.1,20180130,203
30,2018,0.0,0.0,3.7,46.8,0.0,2.9,31,-4.9,1.4,1,2018-01-31,-1.5,20180131,203
31,2018,0.0,0.0,9.3,45.5,0.0,3.8,1,-12.4,1.2,2,2018-02-01,-4.3,20180201,203
32,2018,0.0,0.0,8.8,50.3,0.0,5.2,2,-11.9,1.1,2,2018-02-02,-3.7,20180202,203
33,2018,0.6,0.0,9.1,45.1,0.0,-2.1,3,-10.2,2.9,2,2018-02-03,-6.0,20180203,203
34,2018,0.0,0.0,9.4,36.9,0.0,-4.1,4,-14.7,2.1,2,2018-02-04,-9.0,20180204,203
35,2018,0.0,0.0,9.4,34.4,0.0,-3.4,5,-14.7,2.4,2,2018-02-05,-9.0,20180205,203
36,2018,0.0,0.0,9.7,33.5,0.0,-4.1,6,-14.2,2.4,2,2018-02-06,-9.4,20180206,203
37,2018,0.0,0.0,9.5,41.3,0.0,-1.0,7,-17.6,1.3,2,2018-02-07,-9.0,20180207,203
38,2018,0.0,0.0,9.2,46.9,0.0,2.6,8,-15.5,0.8,2,2018-02-08,-6.6,20180208,203
39,2018,0.0,0.0,1.3,44.9,0.0,4.9,9,-9.9,0.7,2,2018-02-09,-2.9,20180209,203
40,2018,0.0,0.0,5.1,38.1,0.0,6.3,10,-7.0,2.2,2,2018-02-10,-1.6,20180210,203
41,2018,0.6,0.0,5.9,44.9,0.0,-1.3,11,-10.9,2.3,2,2018-02-11,-6.5,20180211,203
42,2018,0.6,0.0,9.3,46.6,0.0,-0.5,12,-12.4,2.3,2,2018-02-12,-6.5,20180212,203
43,2018,0.1,0.0,8.4,64.5,0.0,4.0,13,-15.3,1.9,2,2018-02-13,-3.6,20180213,203
44,2018,0.0,0.0,3.9,56.6,0.0,9.1,14,-6.6,2.0,2,2018-02-14,1.2,20180214,203
45,2018,0.0,0.0,9.5,28.6,0.0,6.2,15,-4.7,2.0,2,2018-02-15,-0.1,20180215,203
46,2018,0.0,0.0,9.3,46.8,0.0,6.4,16,-9.9,1.8,2,2018-02-16,-1.8,20180216,203
47,2018,0.0,0.0,9.5,27.0,0.0,2.5,17,-7.7,2.3,2,2018-02-17,-2.8,20180217,203
48,2018,0.0,0.0,4.9,38.3,0.0,5.2,18,-6.9,0.9,2,2018-02-18,-1.7,20180218,203
49,2018,0.0,0.0,5.3,45.4,0.0,8.0,19,-7.7,1.0,2,2018-02-19,0.3,20180219,203
50,2018,0.0,0.0,8.1,41.5,0.0,7.2,20,-8.1,1.8,2,2018-02-20,0.3,20180220,203
51,2018,0.0,0.0,10.1,24.0,0.0,5.2,21,-6.0,1.9,2,2018-02-21,-0.8,20180221,203
52,2018,0.2,0.0,6.1,57.9,0.0,5.8,22,-8.6,1.4,2,2018-02-22,-0.9,20180222,203
53,2018,3.4,0.0,1.8,76.5,0.0,8.3,23,-2.4,2.0,2,2018-02-23,3.3,20180223,203
54,2018,0.0,0.0,7.3,44.0,0.0,9.3,24,-1.8,1.8,2,2018-02-24,3.7,20180224,203
55,2018,0.0,0.0,7.8,38.6,0.0,9.4,25,-4.4,1.6,2,2018-02-25,1.5,20180225,203
56,2018,0.0,0.0,10.0,45.5,0.0,10.8,26,-7.5,1.0,2,2018-02-26,1.4,20180226,203
57,2018,0.0,0.0,0.0,54.6,0.0,5.2,27,-5.1,0.5,2,2018-02-27,0.8,20180227,203
58,2018,27.9,0.0,0.0,75.3,0.0,6.6,28,0.0,1.7,2,2018-02-28,3.0,20180228,203
59,2018,1.6,0.0,8.6,59.5,0.0,3.5,1,-4.1,3.7,3,2018-03-01,0.4,20180301,203
60,2018,0.0,0.0,10.2,44.5,0.0,6.1,2,-8.0,1.2,3,2018-03-02,-1.1,20180302,203
61,2018,0.0,0.0,10.0,44.9,0.0,16.9,3,-3.7,1.0,3,2018-03-03,6.9,20180303,203
62,2018,11.3,0.0,1.7,79.6,0.0,15.3,4,5.5,1.8,3,2018-03-04,9.7,20180304,203
63,2018,14.6,0.0,5.9,68.9,0.0,10.1,5,-1.2,3.2,3,2018-03-05,3.6,20180305,203
64,2018,0.0,0.0,10.6,57.6,0.0,11.5,6,-4.5,1.0,3,2018-03-06,3.1,20180306,203
65,2018,2.1,0.0,3.9,62.4,0.0,10.5,7,-1.8,2.1,3,2018-03-07,4.2,20180307,203
66,2018,8.7,0.0,2.5,79.3,0.0,9.1,8,0.7,1.5,3,2018-03-08,4.0,20180308,203
67,2018,0.0,0.0,5.4,68.0,0.0,8.4,9,-0.1,1.3,3,2018-03-09,3.8,20180309,203
68,2018,0.0,0.0,5.8,67.1,0.0,10.6,10,-4.2,1.4,3,2018-03-10,3.0,20180310,203
69,2018,0.0,0.0,9.7,52.5,0.0,13.5,11,0.7,2.0,3,2018-03-11,6.2,20180311,203
70,2018,0.0,0.0,7.8,52.3,0.0,16.8,12,-3.2,1.3,3,2018-03-12,6.5,20180312,203
71,2018,0.0,0.0,7.8,61.0,0.0,20.6,13,0.4,1.8,3,2018-03-13,10.7,20180313,203
72,2018,0.0,0.0,7.9,66.9,0.0,23.1,14,6.7,1.4,3,2018-03-14,14.5,20180314,203
73,2018,24.6,0.0,0.0,92.1,0.0,14.3,15,6.2,1.5,3,2018-03-15,11.4,20180315,203
74,2018,0.0,0.0,9.6,53.9,0.0,10.5,16,-0.5,2.9,3,2018-03-16,5.2,20180316,203
75,2018,0.0,0.0,10.1,54.8,0.0,13.6,17,-3.9,1.2,3,2018-03-17,5.3,20180317,203
76,2018,1.3,0.0,0.0,59.4,0.0,12.5,18,2.7,0.8,3,2018-03-18,7.6,20180318,203
77,2018,6.0,0.0,0.0,73.3,0.0,9.4,19,5.2,2.5,3,2018-03-19,6.9,20180319,203
78,2018,0.0,0.0,5.8,43.5,0.0,8.3,20,0.8,4.0,3,2018-03-20,3.6,20180320,203
79,2018,1.2,0.0,0.0,65.6,0.0,4.9,21,-0.9,2.4,3,2018-03-21,1.4,20180321,203
80,2018,0.0,0.0,10.2,58.4,0.0,12.8,22,-0.2,2.3,3,2018-03-22,4.6,20180322,203
81,2018,0.0,0.0,7.7,55.3,0.0,14.0,23,-3.0,1.7,3,2018-03-23,5.3,20180323,203
82,2018,0.0,0.0,7.7,58.5,0.0,15.1,24,0.4,2.1,3,2018-03-24,7.8,20180324,203
83,2018,0.0,0.0,7.2,60.0,0.0,18.9,25,3.8,1.6,3,2018-03-25,9.4,20180325,203
84,2018,0.0,0.0,8.7,63.5,0.0,19.6,26,0.6,1.5,3,2018-03-26,10.5,20180326,203
85,2018,0.0,0.0,8.5,64.0,0.0,21.5,27,2.2,1.8,3,2018-03-27,12.2,20180327,203
86,2018,0.0,0.0,7.0,65.0,0.0,21.8,28,4.0,1.6,3,2018-03-28,13.3,20180328,203
87,2018,0.0,0.0,6.4,64.3,0.0,22.2,29,9.6,1.5,3,2018-03-29,14.9,20180329,203
88,2018,0.0,0.0,9.8,53.1,0.0,21.8,30,6.4,1.7,3,2018-03-30,14.1,20180330,203
89,2018,0.0,0.0,9.4,54.5,0.0,22.3,31,7.1,1.7,3,2018-03-31,14.1,20180331,203
90,2018,0.0,0.0,1.4,64.6,0.0,20.9,1,7.1,1.1,4,2018-04-01,14.3,20180401,203
91,2018,0.0,0.0,5.3,67.9,0.0,24.9,2,10.3,1.5,4,2018-04-02,17.1,20180402,203
92,2018,0.0,0.0,6.3,65.0,0.0,24.5,3,12.1,1.8,4,2018-04-03,18.0,20180403,203
93,2018,13.4,0.0,0.0,73.6,0.0,16.9,4,8.9,2.7,4,2018-04-04,11.6,20180404,203
94,2018,21.0,0.0,0.0,91.0,0.0,9.0,5,6.3,2.2,4,2018-04-05,7.0,20180405,203
95,2018,9.8,0.0,6.0,67.9,0.0,11.3,6,2.8,2.9,4,2018-04-06,6.5,20180406,203
96,2018,0.3,0.0,9.6,44.1,0.0,9.7,7,1.3,4.3,4,2018-04-07,4.2,20180407,203
97,2018,1.1,0.0,3.8,62.1,0.0,10.3,8,-0.6,2.0,4,2018-04-08,4.2,20180408,203
98,2018,0.0,0.0,7.3,63.8,0.0,15.6,9,1.3,1.1,4,2018-04-09,7.4,20180409,203
99,2018,8.2,0.0,7.7,54.1,0.0,22.9,10,1.2,3.0,4,2018-04-10,14.0,20180410,203
100,2018,0.0,0.0,11.7,45.0,0.0,18.6,11,8.9,3.5,4,2018-04-11,13.1,20180411,203
101,2018,0.0,0.0,11.9,33.6,0.0,21.8,12,2.7,2.5,4,2018-04-12,12.3,20180412,203
102,2018,0.0,0.0,2.2,34.3,0.0,19.0,13,2.9,1.8,4,2018-04-13,12.5,20180413,203
103,2018,18.1,0.0,0.0,79.9,0.0,12.1,14,5.9,1.6,4,2018-04-14,8.1,20180414,203
104,2018,0.0,0.0,8.6,66.0,0.0,15.2,15,4.7,2.6,4,2018-04-15,9.2,20180415,203
105,2018,0.0,0.0,11.0,54.6,0.0,18.8,16,1.0,1.4,4,2018-04-16,10.3,20180416,203
106,2018,0.0,0.0,9.3,48.3,0.0,20.8,17,3.7,1.5,4,2018-04-17,11.8,20180417,203
107,2018,0.0,0.0,12.0,38.0,0.0,21.5,18,2.7,1.8,4,2018-04-18,12.4,20180418,203
108,2018,0.0,0.0,11.4,44.8,0.0,22.7,19,2.9,1.6,4,2018-04-19,13.7,20180419,203
109,2018,0.0,0.0,11.2,50.1,0.0,29.1,20,7.1,1.2,4,2018-04-20,18.0,20180420,203
110,2018,0.0,0.0,11.8,41.1,0.0,28.8,21,8.7,1.5,4,2018-04-21,18.3,20180421,203
111,2018,0.9,0.0,0.8,57.9,0.0,22.8,22,10.2,1.7,4,2018-04-22,14.8,20180422,203
112,2018,66.9,0.0,0.0,94.3,0.0,10.6,23,7.8,2.4,4,2018-04-23,8.6,20180423,203
113,2018,6.1,0.0,0.0,64.3,0.0,16.3,24,7.8,2.5,4,2018-04-24,11.0,20180424,203
114,2018,0.0,0.0,12.2,42.5,0.0,23.6,25,1.3,1.4,4,2018-04-25,12.9,20180425,203
115,2018,0.0,0.0,10.6,52.4,0.0,22.4,26,5.5,1.6,4,2018-04-26,14.3,20180426,203
116,2018,0.0,0.0,11.1,54.4,0.0,22.9,27,6.1,1.4,4,2018-04-27,14.6,20180427,203
117,2018,0.0,0.0,11.8,53.9,0.0,23.7,28,6.9,1.7,4,2018-04-28,14.7,20180428,203
118,2018,0.0,0.0,11.5,50.8,0.0,24.2,29,4.7,1.5,4,2018-04-29,14.8,20180429,203
119,2018,0.0,0.0,9.3,58.3,0.0,26.6,30,9.2,1.3,4,2018-04-30,17.6,20180430,203
120,2018,0.0,0.0,4.4,69.5,0.0,25.1,1,14.9,1.4,5,2018-05-01,19.7,20180501,203
121,2018,13.6,0.0,0.1,89.0,0.0,18.7,2,8.8,2.0,5,2018-05-02,14.8,20180502,203
122,2018,2.7,0.0,8.4,66.4,0.0,16.5,3,5.6,2.7,5,2018-05-03,10.6,20180503,203
123,2018,0.0,0.0,12.4,48.0,0.0,20.4,4,7.0,3.2,5,2018-05-04,13.3,20180504,203
124,2018,0.0,0.0,11.0,51.6,0.0,24.7,5,5.6,1.7,5,2018-05-05,16.1,20180505,203
125,2018,23.5,0.0,0.2,91.0,0.0,18.1,6,13.4,1.2,5,2018-05-06,15.0,20180506,203
126,2018,0.0,0.0,6.2,67.5,0.0,24.6,7,12.1,1.2,5,2018-05-07,17.4,20180507,203
127,2018,0.0,0.0,5.0,58.6,0.0,20.6,8,9.1,2.3,5,2018-05-08,15.4,20180508,203
128,2018,0.6,0.0,12.5,55.4,0.0,21.7,9,7.3,1.4,5,2018-05-09,14.6,20180509,203
129,2018,0.0,0.0,12.4,63.0,0.0,23.5,10,8.2,1.8,5,2018-05-10,15.2,20180510,203
130,2018,0.0,0.0,5.1,56.0,0.0,23.1,11,10.6,1.5,5,2018-05-11,15.9,20180511,203
131,2018,30.6,0.0,0.0,89.8,0.0,15.7,12,10.5,0.9,5,2018-05-12,12.9,20180512,203
132,2018,0.7,0.0,8.1,79.3,0.0,20.4,13,13.8,2.2,5,2018-05-13,16.4,20180513,203
133,2018,0.0,0.0,6.7,77.9,0.0,25.8,14,11.3,1.1,5,2018-05-14,17.9,20180514,203
134,2018,0.0,0.0,6.2,68.1,0.0,29.5,15,14.1,0.8,5,2018-05-15,21.6,20180515,203
135,2018,34.7,0.0,0.0,93.0,0.0,25.6,16,19.5,0.8,5,2018-05-16,21.3,20180516,203
136,2018,26.9,0.0,0.1,91.9,0.0,25.9,17,19.8,1.2,5,2018-05-17,21.8,20180517,203
137,2018,11.1,0.0,0.0,87.5,0.0,20.3,18,10.7,2.1,5,2018-05-18,15.7,20180518,203
138,2018,0.0,0.0,12.6,53.9,0.0,24.0,19,8.8,2.2,5,2018-05-19,16.4,20180519,203
139,2018,0.0,0.0,4.4,50.5,0.0,21.4,20,7.0,1.6,5,2018-05-20,15.0,20180520,203
140,2018,0.0,0.0,9.1,60.3,0.0,22.9,21,5.5,1.8,5,2018-05-21,15.1,20180521,203
141,2018,7.2,0.0,5.4,78.1,0.0,24.4,22,11.3,0.9,5,2018-05-22,17.1,20180522,203
142,2018,7.5,0.0,12.3,57.0,0.0,24.6,23,12.9,2.1,5,2018-05-23,18.0,20180523,203
143,2018,0.0,0.0,12.3,55.0,0.0,26.2,24,8.1,1.8,5,2018-05-24,17.5,20180524,203
144,2018,0.0,0.0,10.0,52.0,0.0,26.7,25,10.6,1.3,5,2018-05-25,18.4,20180525,203
145,2018,0.0,0.0,12.6,52.3,0.0,29.9,26,9.2,1.3,5,2018-05-26,19.9,20180526,203
146,2018,0.0,0.0,0.9,60.4,0.0,25.5,27,13.8,1.3,5,2018-05-27,19.2,20180527,203
147,2018,0.0,0.0,12.5,56.5,0.0,29.8,28,11.8,1.5,5,2018-05-28,21.2,20180528,203
148,2018,4.6,0.0,3.9,64.6,0.0,27.7,29,17.1,1.4,5,2018-05-29,21.3,20180529,203
149,2018,25.5,0.0,8.2,72.3,0.0,26.3,30,14.6,1.8,5,2018-05-30,19.2,20180530,203
150,2018,0.0,0.0,11.2,64.3,0.0,28.1,31,11.9,1.6,5,2018-05-31,19.7,20180531,203
151,2018,0.0,0.0,11.4,56.1,0.0,31.4,1,14.3,1.5,6,2018-06-01,22.6,20180601,203
152,2018,0.0,0.0,12.8,47.3,0.0,31.4,2,14.0,1.6,6,2018-06-02,22.2,20180602,203
153,2018,0.0,0.0,12.5,50.5,0.0,30.7,3,12.5,1.1,6,2018-06-03,21.6,20180603,203
154,2018,0.0,0.0,9.2,57.0,0.0,28.8,4,13.5,1.4,6,2018-06-04,21.4,20180604,203
155,2018,0.0,0.0,10.6,57.6,0.0,29.9,5,17.5,1.4,6,2018-06-05,22.9,20180605,203
156,2018,0.0,0.0,12.4,61.8,0.0,29.8,6,15.6,1.5,6,2018-06-06,22.7,20180606,203
157,2018,0.0,0.0,11.2,63.6,0.0,30.1,7,16.3,1.6,6,2018-06-07,22.6,20180607,203
158,2018,0.0,0.0,6.3,67.8,0.0,27.8,8,16.9,1.6,6,2018-06-08,21.3,20180608,203
159,2018,0.0,0.0,8.3,59.3,0.0,29.0,9,16.3,2.0,6,2018-06-09,22.4,20180609,203
160,2018,0.0,0.0,2.4,60.1,0.0,24.9,10,17.3,2.1,6,2018-06-10,20.6,20180610,203
161,2018,0.1,0.0,4.9,64.8,0.0,23.6,11,15.3,1.3,6,2018-06-11,19.4,20180611,203
162,2018,6.6,0.0,10.7,63.9,0.0,27.3,12,14.3,1.4,6,2018-06-12,20.3,20180612,203
163,2018,0.0,0.0,8.4,64.3,0.0,27.0,13,14.7,1.6,6,2018-06-13,21.6,20180613,203
164,2018,0.0,0.0,3.9,61.0,0.0,26.5,14,18.9,2.3,6,2018-06-14,21.1,20180614,203
165,2018,0.7,0.0,10.6,61.5,0.0,26.0,15,14.9,2.0,6,2018-06-15,19.9,20180615,203
166,2018,0.0,0.0,12.9,58.1,0.0,28.7,16,12.0,1.1,6,2018-06-16,20.6,20180616,203
167,2018,0.0,0.0,5.3,67.4,0.0,27.7,17,14.6,0.9,6,2018-06-17,21.4,20180617,203
168,2018,0.0,0.0,10.4,59.3,0.0,31.7,18,17.5,1.2,6,2018-06-18,24.4,20180618,203
169,2018,0.0,0.0,1.8,65.6,0.0,25.6,19,16.7,1.5,6,2018-06-19,21.5,20180619,203
170,2018,0.0,0.0,11.1,63.0,0.0,30.0,20,17.2,2.0,6,2018-06-20,22.7,20180620,203
171,2018,0.0,0.0,11.2,52.9,0.0,30.1,21,18.6,1.9,6,2018-06-21,23.9,20180621,203
172,2018,0.0,0.0,12.9,47.8,0.0,33.4,22,15.1,1.4,6,2018-06-22,24.3,20180622,203
173,2018,0.0,0.0,8.1,52.1,0.0,31.1,23,17.8,1.7,6,2018-06-23,23.9,20180623,203
174,2018,0.0,0.0,10.0,58.5,0.0,33.1,24,19.0,1.8,6,2018-06-24,25.3,20180624,203
175,2018,0.0,0.0,8.3,62.1,0.0,33.7,25,18.1,0.9,6,2018-06-25,25.3,20180625,203
176,2018,85.4,0.0,0.0,87.1,0.0,25.4,26,19.0,2.0,6,2018-06-26,22.0,20180626,203
177,2018,0.0,0.0,6.3,79.4,0.0,28.9,27,19.5,1.8,6,2018-06-27,23.2,20180627,203
178,2018,8.5,0.0,1.7,86.9,0.0,26.3,28,19.5,1.3,6,2018-06-28,22.5,20180628,203
179,2018,0.0,0.0,7.8,76.9,0.0,30.5,29,19.8,1.0,6,2018-06-29,24.2,20180629,203
180,2018,3.4,0.0,1.4,85.5,0.0,28.7,30,20.7,1.0,6,2018-06-30,23.8,20180630,203
181,2018,81.8,0.0,0.0,96.6,0.0,21.9,1,19.7,1.3,7,2018-07-01,20.8,20180701,203
182,2018,40.7,0.0,0.8,94.6,0.0,27.2,2,19.5,1.4,7,2018-07-02,22.5,20180702,203
183,2018,0.1,0.0,8.5,81.0,0.0,32.5,3,21.4,1.4,7,2018-07-03,25.7,20180703,203
184,2018,0.0,0.0,11.6,72.9,0.0,32.0,4,22.1,1.3,7,2018-07-04,26.5,20180704,203
185,2018,61.7,0.0,2.8,83.3,0.0,31.5,5,20.3,1.0,7,2018-07-05,24.1,20180705,203
186,2018,0.0,0.0,5.9,70.0,0.0,27.8,6,19.2,2.3,7,2018-07-06,22.6,20180706,203
187,2018,0.0,0.0,12.2,57.9,0.0,29.6,7,17.3,2.2,7,2018-07-07,22.3,20180707,203
188,2018,0.0,0.0,10.0,62.5,0.0,27.8,8,14.3,1.9,7,2018-07-08,21.4,20180708,203
189,2018,15.7,0.0,0.0,90.5,0.0,21.6,9,18.0,1.1,7,2018-07-09,19.5,20180709,203
190,2018,9.4,0.0,0.4,89.8,0.0,28.2,10,19.3,0.3,7,2018-07-10,23.6,20180710,203
191,2018,2.0,0.0,0.5,89.5,0.0,31.3,11,23.0,0.3,7,2018-07-11,25.9,20180711,203
192,2018,0.0,0.0,6.6,83.4,0.0,31.0,12,23.7,0.8,7,2018-07-12,26.6,20180712,203
193,2018,0.0,0.0,6.7,79.1,0.0,31.8,13,23.1,0.4,7,2018-07-13,26.9,20180713,203
194,2018,0.0,0.0,10.9,73.8,0.0,31.7,14,23.0,1.4,7,2018-07-14,27.4,20180714,203
195,2018,0.0,0.0,10.3,72.9,0.0,34.1,15,22.2,1.1,7,2018-07-15,27.7,20180715,203
196,2018,0.0,0.0,7.6,70.4,0.0,34.8,16,22.6,1.2,7,2018-07-16,27.9,20180716,203
197,2018,0.0,0.0,12.6,70.3,0.0,33.5,17,21.4,1.3,7,2018-07-17,27.6,20180717,203
198,2018,0.0,0.0,11.1,69.8,0.0,34.3,18,21.1,1.2,7,2018-07-18,27.7,20180718,203
199,2018,0.0,0.0,12.3,69.8,0.0,34.7,19,21.3,1.2,7,2018-07-19,27.9,20180719,203
200,2018,0.0,0.0,12.2,70.0,0.0,35.6,20,22.0,1.0,7,2018-07-20,28.5,20180720,203
201,2018,0.0,0.0,12.2,64.0,0.0,36.6,21,22.7,0.9,7,2018-07-21,29.3,20180721,203
202,2018,0.0,0.0,11.7,62.5,0.0,37.4,22,22.3,1.0,7,2018-07-22,30.2,20180722,203
203,2018,0.0,0.0,9.0,62.5,0.0,36.2,23,25.7,1.0,7,2018-07-23,30.4,20180723,203
204,2018,0.0,0.0,12.2,67.5,0.0,37.5,24,24.5,1.2,7,2018-07-24,30.7,20180724,203
205,2018,0.0,0.0,7.1,67.5,0.0,33.6,25,27.0,1.5,7,2018-07-25,29.7,20180725,203
206,2018,0.0,0.0,10.6,69.4,0.0,34.9,26,24.0,1.2,7,2018-07-26,29.7,20180726,203
207,2018,0.0,0.0,10.0,72.4,0.0,36.2,27,25.2,1.2,7,2018-07-27,30.3,20180727,203
208,2018,17.2,0.0,5.4,82.6,0.0,35.6,28,24.9,1.2,7,2018-07-28,28.5,20180728,203
209,2018,0.0,0.0,11.8,63.6,0.0,35.0,29,23.7,1.7,7,2018-07-29,29.2,20180729,203
210,2018,0.0,0.0,11.4,61.0,0.0,37.0,30,23.7,1.2,7,2018-07-30,30.3,20180730,203
211,2018,0.0,0.0,12.5,61.9,0.0,37.0,31,23.5,0.9,7,2018-07-31,30.0,20180731,203
212,2018,0.0,1.8,12.4,62.3,0.0,39.4,1,23.6,1.0,8,2018-08-01,31.6,20180801,203
213,2018,0.0,2.8,12.3,59.3,0.0,38.7,2,24.4,0.9,8,2018-08-02,31.4,20180802,203
214,2018,0.0,2.3,12.4,61.3,0.0,38.1,3,25.6,1.3,8,2018-08-03,31.6,20180803,203
215,2018,0.0,3.9,10.4,62.3,0.0,35.5,4,26.6,1.8,8,2018-08-04,30.4,20180804,203
216,2018,2.1,5.6,7.7,73.8,0.0,34.9,5,25.1,1.7,8,2018-08-05,29.2,20180805,203
217,2018,0.0,6.7,2.9,83.4,0.0,34.4,6,26.0,1.2,8,2018-08-06,28.2,20180806,203
218,2018,0.0,5.0,9.8,69.3,0.0,35.4,7,23.8,0.9,8,2018-08-07,29.3,20180807,203
219,2018,7.4,3.9,7.8,74.1,0.0,34.1,8,25.2,1.2,8,2018-08-08,28.9,20180808,203
220,2018,26.0,6.3,3.0,87.5,0.0,32.7,9,24.4,1.1,8,2018-08-09,27.3,20180809,203
221,2018,0.0,4.0,11.2,73.4,0.0,36.0,10,24.5,1.2,8,2018-08-10,29.2,20180810,203
222,2018,0.0,5.3,9.4,71.4,0.0,34.4,11,23.3,1.4,8,2018-08-11,28.0,20180811,203
223,2018,2.5,6.3,9.4,71.3,0.0,34.4,12,23.2,1.4,8,2018-08-12,28.4,20180812,203
224,2018,0.0,6.5,9.9,76.3,0.0,35.6,13,24.3,0.8,8,2018-08-13,29.5,20180813,203
225,2018,0.0,5.6,10.2,68.5,0.0,37.0,14,26.0,0.9,8,2018-08-14,30.8,20180814,203
226,2018,0.0,4.9,11.3,69.5,0.0,37.9,15,24.4,1.3,8,2018-08-15,29.5,20180815,203
227,2018,0.0,5.1,9.9,63.0,0.0,34.1,16,20.3,2.2,8,2018-08-16,26.9,20180816,203
228,2018,0.0,1.5,12.1,52.0,0.0,32.4,17,17.4,2.1,8,2018-08-17,24.6,20180817,203
229,2018,0.0,4.3,11.0,57.1,0.0,31.3,18,16.4,1.2,8,2018-08-18,23.7,20180818,203
230,2018,0.0,7.0,10.2,63.6,0.0,32.7,19,18.4,0.8,8,2018-08-19,25.2,20180819,203
231,2018,0.0,6.3,7.6,62.4,0.0,33.7,20,19.4,1.7,8,2018-08-20,27.1,20180820,203
232,2018,0.1,6.9,2.2,72.9,0.0,29.1,21,21.7,2.1,8,2018-08-21,25.4,20180821,203
233,2018,0.0,5.3,11.3,62.3,0.0,37.6,22,20.7,1.7,8,2018-08-22,29.2,20180822,203
234,2018,0.3,10.0,0.3,66.9,0.0,32.4,23,24.4,2.0,8,2018-08-23,27.8,20180823,203
235,2018,36.2,8.6,0.0,92.3,0.0,27.0,24,22.8,2.4,8,2018-08-24,24.0,20180824,203
236,2018,0.0,7.9,2.6,80.5,0.0,27.8,25,21.0,2.0,8,2018-08-25,24.1,20180825,203
237,2018,6.0,7.8,0.0,93.4,0.0,23.6,26,18.2,0.7,8,2018-08-26,19.6,20180826,203
238,2018,64.3,8.5,0.0,98.9,0.0,23.2,27,18.3,0.6,8,2018-08-27,21.0,20180827,203
239,2018,168.4,9.3,0.0,99.3,0.0,23.3,28,21.2,0.9,8,2018-08-28,22.4,20180828,203
240,2018,4.3,9.0,3.3,88.0,0.0,30.8,29,21.0,1.3,8,2018-08-29,25.0,20180829,203
241,2018,5.1,7.5,6.4,86.4,0.0,31.2,30,22.7,1.2,8,2018-08-30,26.3,20180830,203
242,2018,4.6,7.3,7.9,82.4,0.0,29.4,31,19.2,0.9,8,2018-08-31,23.9,20180831,203
243,2018,0.0,5.3,8.4,76.5,0.0,30.9,1,18.4,1.1,9,2018-09-01,23.3,20180901,203
244,2018,0.0,4.3,8.5,72.5,0.0,29.4,2,15.8,1.4,9,2018-09-02,22.9,20180902,203
245,2018,27.1,9.5,0.4,90.4,0.0,28.6,3,20.7,1.1,9,2018-09-03,23.1,20180903,203
246,2018,0.8,4.0,9.4,70.4,0.0,29.0,4,19.5,1.6,9,2018-09-04,23.5,20180904,203
247,2018,0.0,1.5,10.9,65.6,0.0,28.4,5,16.6,2.1,9,2018-09-05,22.7,20180905,203
248,2018,0.2,7.9,2.4,79.5,0.0,27.7,6,15.7,1.9,9,2018-09-06,22.0,20180906,203
249,2018,1.1,6.6,8.4,69.9,0.0,25.7,7,14.7,1.7,9,2018-09-07,20.3,20180907,203
250,2018,0.0,0.0,10.8,66.6,0.0,28.6,8,11.2,0.9,9,2018-09-08,19.1,20180908,203
251,2018,0.0,0.5,10.6,67.3,0.0,28.4,9,12.1,0.9,9,2018-09-09,19.7,20180909,203
252,2018,0.0,2.8,9.1,65.6,0.0,28.0,10,14.1,1.3,9,2018-09-10,20.4,20180910,203
253,2018,0.0,6.0,8.0,67.5,0.0,27.2,11,11.8,1.3,9,2018-09-11,19.0,20180911,203
254,2018,0.0,4.8,9.4,70.9,0.0,28.5,12,13.1,1.1,9,2018-09-12,20.1,20180912,203
255,2018,0.0,8.1,4.7,81.4,0.0,27.2,13,16.5,1.1,9,2018-09-13,20.5,20180913,203
256,2018,0.5,7.9,0.4,86.3,0.0,26.4,14,16.3,0.9,9,2018-09-14,21.1,20180914,203
257,2018,10.5,8.0,0.0,97.8,0.0,22.0,15,19.1,0.5,9,2018-09-15,20.3,20180915,203
258,2018,0.2,9.9,0.1,89.6,0.0,26.1,16,19.6,0.5,9,2018-09-16,21.4,20180916,203
259,2018,0.0,4.0,10.4,71.0,0.0,28.2,17,16.6,1.0,9,2018-09-17,21.9,20180917,203
260,2018,0.0,8.3,5.6,74.8,0.0,27.7,18,14.9,0.9,9,2018-09-18,20.3,20180918,203
261,2018,0.3,9.8,1.2,77.8,0.0,26.7,19,15.7,0.7,9,2018-09-19,20.0,20180919,203
262,2018,16.7,9.0,0.0,97.0,0.0,19.2,20,16.8,1.2,9,2018-09-20,17.8,20180920,203
263,2018,37.4,9.6,0.0,94.1,0.0,21.2,21,17.0,0.7,9,2018-09-21,18.7,20180921,203
264,2018,0.6,2.8,9.3,68.4,0.0,26.2,22,12.1,1.3,9,2018-09-22,20.0,20180922,203
265,2018,0.6,5.3,5.2,72.5,0.0,25.5,23,11.3,0.5,9,2018-09-23,17.2,20180923,203
266,2018,0.0,2.5,10.1,64.9,0.0,23.8,24,9.2,0.7,9,2018-09-24,15.9,20180924,203
267,2018,0.0,2.6,9.9,68.4,0.0,25.0,25,7.1,0.7,9,2018-09-25,15.5,20180925,203
268,2018,0.0,6.0,6.9,65.4,0.0,24.3,26,12.4,1.2,9,2018-09-26,16.8,20180926,203
269,2018,0.0,2.3,9.5,64.5,0.0,25.9,27,9.2,1.0,9,2018-09-27,16.6,20180927,203
270,2018,0.0,5.6,1.8,79.4,0.0,21.2,28,9.3,0.7,9,2018-09-28,14.5,20180928,203
271,2018,0.0,0.8,9.5,73.0,0.0,27.2,29,10.2,0.9,9,2018-09-29,17.8,20180929,203
272,2018,0.0,1.0,10.0,63.4,0.0,23.9,30,10.7,1.6,9,2018-09-30,16.4,20180930,203
273,2018,0.0,4.3,8.3,63.9,0.0,20.2,1,8.8,2.2,10,2018-10-01,14.7,20181001,203
274,2018,0.0,2.3,6.8,74.1,0.0,22.0,2,7.0,1.0,10,2018-10-02,13.6,20181002,203
275,2018,0.0,2.4,8.1,76.3,0.0,24.5,3,7.0,0.7,10,2018-10-03,13.8,20181003,203
276,2018,0.0,6.9,9.5,68.6,0.0,27.2,4,8.3,1.2,10,2018-10-04,17.4,20181004,203
277,2018,31.4,10.0,0.0,92.9,0.0,17.3,5,14.4,1.6,10,2018-10-05,15.8,20181005,203
278,2018,59.9,7.9,0.7,87.6,0.0,22.1,6,14.7,2.6,10,2018-10-06,17.3,20181006,203
279,2018,0.0,3.6,7.9,72.5,0.0,23.0,7,9.9,1.2,10,2018-10-07,15.7,20181007,203
280,2018,0.0,3.8,9.4,68.0,0.0,21.2,8,4.6,0.8,10,2018-10-08,12.0,20181008,203
281,2018,0.0,9.4,2.4,78.5,0.0,19.3,9,6.5,0.6,10,2018-10-09,12.7,20181009,203
282,2018,1.4,5.6,8.6,65.3,0.0,17.4,10,6.6,1.9,10,2018-10-10,12.3,20181010,203
283,2018,0.0,1.5,9.0,64.4,0.0,15.8,11,1.8,1.4,10,2018-10-11,8.4,20181011,203
284,2018,0.0,1.0,9.1,73.9,0.0,17.8,12,0.2,0.8,10,2018-10-12,8.2,20181012,203
285,2018,0.0,3.5,8.0,76.1,0.0,19.3,13,1.1,0.7,10,2018-10-13,9.4,20181013,203
286,2018,0.0,6.3,8.2,75.0,0.0,19.8,14,3.5,0.8,10,2018-10-14,11.0,20181014,203
287,2018,0.0,3.4,6.0,80.1,0.0,21.2,15,5.8,0.7,10,2018-10-15,12.5,20181015,203
288,2018,0.0,6.6,4.9,79.9,0.0,19.5,16,7.3,0.8,10,2018-10-16,12.1,20181016,203
289,2018,0.0,3.3,6.0,74.8,0.0,19.2,17,4.0,0.9,10,2018-10-17,9.8,20181017,203
290,2018,5.8,6.8,4.5,85.0,0.0,18.4,18,0.5,0.9,10,2018-10-18,9.0,20181018,203
291,2018,0.0,0.4,9.7,75.9,0.0,20.1,19,2.9,0.8,10,2018-10-19,10.5,20181019,203
292,2018,0.0,2.5,7.4,74.1,0.0,21.5,20,2.3,0.6,10,2018-10-20,10.0,20181020,203
293,2018,0.0,3.8,8.1,76.0,0.0,20.8,21,1.3,0.6,10,2018-10-21,9.4,20181021,203
294,2018,0.0,6.0,6.2,73.5,0.0,20.3,22,3.6,0.5,10,2018-10-22,10.5,20181022,203
295,2018,5.8,6.3,2.6,94.0,0.0,14.5,23,4.1,0.6,10,2018-10-23,8.9,20181023,203
296,2018,0.0,5.6,4.7,88.9,0.0,17.9,24,6.2,0.7,10,2018-10-24,10.0,20181024,203
297,2018,0.0,7.3,5.8,83.9,0.0,20.0,25,4.5,0.6,10,2018-10-25,9.7,20181025,203
298,2018,4.8,7.4,0.2,90.0,0.0,13.5,26,7.4,1.3,10,2018-10-26,10.1,20181026,203
299,2018,0.0,3.4,8.2,59.3,0.0,13.5,27,3.2,2.3,10,2018-10-27,8.0,20181027,203
300,2018,7.2,6.8,2.2,83.9,0.0,11.8,28,1.9,1.2,10,2018-10-28,7.0,20181028,203
301,2018,0.0,3.8,6.1,71.0,0.0,13.8,29,1.1,1.5,10,2018-10-29,6.8,20181029,203
302,2018,0.1,2.4,9.6,58.8,0.0,13.2,30,-1.3,1.4,10,2018-10-30,6.0,20181030,203
303,2018,0.0,0.0,9.4,64.8,0.0,14.3,31,1.1,1.3,10,2018-10-31,7.0,20181031,203
304,2018,0.0,0.0,9.2,71.9,0.0,16.0,1,-2.3,0.7,11,2018-11-01,5.5,20181101,203
305,2018,0.0,0.8,8.3,71.3,0.0,18.8,2,-1.4,0.6,11,2018-11-02,7.0,20181102,203
306,2018,0.0,0.3,8.8,71.0,0.0,19.6,3,-1.4,0.6,11,2018-11-03,8.1,20181103,203
307,2018,0.0,3.6,8.3,65.5,0.0,20.3,4,-1.0,0.8,11,2018-11-04,9.1,20181104,203
308,2018,0.0,4.8,7.8,70.8,0.0,19.3,5,0.9,0.7,11,2018-11-05,9.2,20181105,203
309,2018,0.0,5.8,6.5,75.6,0.0,18.4,6,3.0,0.5,11,2018-11-06,9.8,20181106,203
310,2018,2.2,7.9,0.3,88.0,0.0,15.2,7,8.6,0.6,11,2018-11-07,11.7,20181107,203
311,2018,55.8,9.9,0.0,97.1,0.0,16.2,8,10.4,1.5,11,2018-11-08,12.1,20181108,203
312,2018,2.1,5.6,4.4,72.5,0.0,16.1,9,8.2,2.9,11,2018-11-09,11.7,20181109,203
313,2018,0.0,1.6,6.5,70.5,0.0,18.0,10,4.4,1.5,11,2018-11-10,10.3,20181110,203
314,2018,0.0,6.0,1.3,80.4,0.0,10.9,11,1.4,0.8,11,2018-11-11,6.8,20181111,203
315,2018,0.0,0.1,8.9,63.1,0.0,16.2,12,0.2,0.9,11,2018-11-12,7.6,20181112,203
316,2018,0.0,2.3,8.2,71.6,0.0,16.5,13,0.7,0.7,11,2018-11-13,7.3,20181113,203
317,2018,0.0,0.4,8.5,70.8,0.0,16.6,14,1.1,0.5,11,2018-11-14,7.6,20181114,203
318,2018,0.0,4.4,7.9,75.6,0.0,15.1,15,-0.7,0.6,11,2018-11-15,6.5,20181115,203
319,2018,0.0,7.0,2.3,76.6,0.0,14.6,16,1.8,1.1,11,2018-11-16,7.2,20181116,203
320,2018,0.0,5.4,6.1,62.1,0.0,11.1,17,-1.3,1.1,11,2018-11-17,5.0,20181117,203
321,2018,0.0,8.5,5.8,59.4,0.0,12.0,18,-1.4,0.9,11,2018-11-18,5.0,20181118,203
322,2018,0.0,1.0,6.0,66.8,0.0,11.9,19,-1.4,0.7,11,2018-11-19,5.1,20181119,203
323,2018,0.0,0.3,8.7,47.8,0.0,12.6,20,-3.6,1.0,11,2018-11-20,4.6,20181120,203
324,2018,2.9,8.8,0.0,80.1,0.0,8.3,21,-0.2,0.8,11,2018-11-21,3.5,20181121,203
325,2018,0.0,0.9,8.6,51.4,0.0,8.3,22,-1.9,1.6,11,2018-11-22,2.2,20181122,203
326,2018,0.0,3.5,8.5,40.8,0.0,7.0,23,-4.7,1.1,11,2018-11-23,0.7,20181123,203
327,2018,11.7,6.9,0.0,85.3,0.0,3.2,24,-2.7,0.8,11,2018-11-24,0.8,20181124,203
328,2018,0.0,5.9,1.4,93.4,0.0,7.4,25,-1.1,0.5,11,2018-11-25,2.5,20181125,203
329,2018,0.0,6.1,3.5,91.8,0.0,11.0,26,-1.5,0.6,11,2018-11-26,1.9,20181126,203
330,2018,0.0,8.0,0.5,93.3,0.0,7.3,27,-1.5,0.7,11,2018-11-27,2.4,20181127,203
331,2018,0.0,4.5,5.5,52.0,0.0,10.7,28,-2.3,0.9,11,2018-11-28,3.2,20181128,203
332,2018,0.0,4.0,2.0,66.9,0.0,6.0,29,-3.9,0.6,11,2018-11-29,1.3,20181129,203
333,2018,0.0,1.6,8.7,57.3,0.0,9.7,30,-5.0,1.0,11,2018-11-30,1.5,20181130,203
334,2018,0.0,5.0,6.5,62.3,0.0,11.3,1,-3.0,0.5,12,2018-12-01,2.4,20181201,203
335,2018,0.0,6.3,2.8,74.3,0.0,11.3,2,-3.5,0.5,12,2018-12-02,4.0,20181202,203
336,2018,17.7,7.9,0.0,95.3,0.0,9.7,3,4.2,0.4,12,2018-12-03,7.8,20181203,203
337,2018,9.3,7.1,1.6,77.5,0.0,11.6,4,1.1,1.8,12,2018-12-04,8.1,20181204,203
338,2018,0.0,6.9,4.9,51.8,0.0,5.3,5,-4.1,1.0,12,2018-12-05,1.0,20181205,203
339,2018,1.4,7.5,5.5,64.9,0.0,7.8,6,-0.5,1.6,12,2018-12-06,2.7,20181206,203
340,2018,0.0,3.4,8.8,33.1,0.0,0.4,7,-10.0,3.2,12,2018-12-07,-6.1,20181207,203
341,2018,0.0,0.0,8.8,38.9,0.0,-2.6,8,-11.5,2.0,12,2018-12-08,-7.6,20181208,203
342,2018,0.0,2.4,8.8,32.5,0.0,-0.7,9,-14.0,1.2,12,2018-12-09,-7.2,20181209,203
343,2018,0.0,3.1,7.6,52.8,0.0,3.4,10,-12.3,0.6,12,2018-12-10,-5.6,20181210,203
344,2018,0.0,8.0,0.0,70.5,0.0,0.1,11,-7.6,0.6,12,2018-12-11,-2.9,20181211,203
345,2018,0.0,0.0,8.7,47.9,0.0,3.6,12,-7.0,1.4,12,2018-12-12,-2.1,20181212,203
346,2018,1.4,4.4,2.4,65.8,0.0,2.0,13,-8.2,1.3,12,2018-12-13,-4.0,20181213,203
347,2018,0.0,0.6,8.8,58.9,0.0,1.8,14,-12.6,1.2,12,2018-12-14,-5.8,20181214,203
348,2018,0.0,3.6,8.3,68.0,0.0,2.3,15,-13.0,0.6,12,2018-12-15,-5.8,20181215,203
349,2018,0.0,8.9,1.0,71.3,0.0,1.2,16,-7.6,0.7,12,2018-12-16,-2.7,20181216,203
350,2018,0.0,1.9,8.2,59.5,0.0,6.8,17,-4.7,1.4,12,2018-12-17,0.7,20181217,203
351,2018,0.0,2.3,5.6,64.4,0.0,7.8,18,-7.5,1.2,12,2018-12-18,0.5,20181218,203
352,2018,0.0,4.0,7.6,63.6,0.0,10.2,19,-4.0,0.9,12,2018-12-19,1.7,20181219,203
353,2018,0.0,4.6,6.5,60.0,0.0,9.6,20,-4.8,0.5,12,2018-12-20,0.1,20181220,203
354,2018,0.0,8.5,4.6,62.6,0.0,7.6,21,-5.9,0.5,12,2018-12-21,1.1,20181221,203
355,2018,0.0,4.5,7.9,58.4,0.0,13.4,22,-2.7,0.9,12,2018-12-22,5.0,20181222,203
356,2018,0.0,2.4,8.1,43.6,0.0,9.4,23,-2.7,2.4,12,2018-12-23,3.5,20181223,203
357,2018,0.0,0.0,8.6,40.8,0.0,4.0,24,-7.6,1.2,12,2018-12-24,-2.8,20181224,203
358,2018,0.0,8.1,2.1,65.3,0.0,2.0,25,-10.0,0.6,12,2018-12-25,-3.3,20181225,203
359,2018,0.0,5.3,8.2,38.4,0.0,5.2,26,-4.7,1.9,12,2018-12-26,-0.3,20181226,203
360,2018,0.0,1.0,8.8,24.5,0.0,-4.8,27,-11.8,2.5,12,2018-12-27,-8.8,20181227,203
361,2018,0.0,2.1,8.8,36.4,0.0,-6.1,28,-14.9,1.5,12,2018-12-28,-10.8,20181228,203
362,2018,0.0,0.0,8.8,30.3,0.0,-2.7,29,-11.8,2.0,12,2018-12-29,-7.5,20181229,203
363,2018,0.0,2.0,8.7,46.9,0.0,-1.1,30,-14.9,1.0,12,2018-12-30,-8.6,20181230,203
364,2018,0.0,2.6,8.5,53.6,0.0,2.1,31,-15.9,0.8,12,2018-12-31,-7.3,20181231,203
