,year,rainfall,cloud,sunshine,humid,snow,tmax,day,tmin,wind,month,Date,tavg,date,station_id
0,2008,0.0,0.0,7.7,54.8,0.0,-2.6,1,-9.1,2.0,1,2008-01-01,-6.5,20080101,203
1,2008,0.0,0.0,8.8,65.3,0.0,2.3,2,-12.8,1.3,1,2008-01-02,-5.3,20080102,203
2,2008,0.0,0.0,6.0,69.0,0.0,7.4,3,-8.1,1.3,1,2008-01-03,-0.8,20080103,203
3,2008,0.0,0.0,6.4,69.8,0.0,6.1,4,-9.6,0.9,1,2008-01-04,-1.2,20080104,203
4,2008,0.0,0.0,8.2,78.4,0.0,6.8,5,-7.6,0.9,1,2008-01-05,-0.9,20080105,203
5,2008,0.0,0.0,0.0,86.6,0.0,4.6,6,-4.8,0.4,1,2008-01-06,-0.2,20080106,203
6,2008,0.0,0.0,0.0,94.1,0.0,3.7,7,-4.6,0.8,1,2008-01-07,-0.4,20080107,203
7,2008,0.0,0.0,0.3,77.6,0.0,5.2,8,-5.4,0.8,1,2008-01-08,-0.5,20080108,203
8,2008,0.0,0.0,4.3,68.5,0.0,6.1,9,-5.1,0.8,1,2008-01-09,-0.7,20080109,203
9,2008,0.0,0.0,7.1,65.1,0.0,6.2,10,-6.2,0.7,1,2008-01-10,-0.5,20080110,203
10,2008,11.5,0.0,0.0,89.1,2.9,1.5,11,-1.0,1.4,1,2008-01-11,0.0,20080111,203
11,2008,0.0,0.0,0.5,78.9,0.0,6.5,12,-1.8,0.9,1,2008-01-12,2.2,20080112,203
12,2008,0.0,0.0,3.4,56.5,0.0,-0.3,13,-6.4,1.5,1,2008-01-13,-2.7,20080113,203
13,2008,0.0,0.0,7.5,62.1,0.0,4.3,14,-4.8,1.4,1,2008-01-14,-1.3,20080114,203
14,2008,0.0,0.0,6.8,52.8,0.0,1.5,15,-9.9,1.4,1,2008-01-15,-3.6,20080115,203
15,2008,0.0,0.0,8.9,40.0,0.0,-1.7,16,-9.7,2.4,1,2008-01-16,-6.2,20080116,203
16,2008,0.0,0.0,3.0,57.0,0.0,-4.1,17,-14.3,0.8,1,2008-01-17,-8.4,20080117,203
17,2008,0.0,0.0,8.5,58.0,0.0,0.8,18,-12.3,0.9,1,2008-01-18,-6.2,20080118,203
18,2008,0.0,0.0,6.8,53.6,0.0,2.6,19,-11.5,0.8,1,2008-01-19,-3.8,20080119,203
19,2008,0.0,0.0,0.0,62.9,0.0,4.6,20,-3.1,1.7,1,2008-01-20,1.3,20080120,203
20,2008,2.0,0.0,0.0,85.4,3.5,3.2,21,-0.8,2.7,1,2008-01-21,0.5,20080121,203
21,2008,2.0,0.0,0.0,92.6,0.0,1.8,22,-1.2,1.3,1,2008-01-22,0.4,20080122,203
22,2008,0.0,0.0,6.4,66.6,0.0,1.4,23,-8.1,2.7,1,2008-01-23,-1.6,20080123,203
23,2008,0.0,0.0,8.9,46.4,0.0,-3.3,24,-10.6,2.1,1,2008-01-24,-7.2,20080124,203
24,2008,0.0,0.0,7.2,63.0,0.0,-1.1,25,-13.6,1.0,1,2008-01-25,-7.0,20080125,203
25,2008,0.0,0.0,8.3,63.6,0.0,3.9,26,-11.0,0.8,1,2008-01-26,-4.5,20080126,203
26,2008,0.0,0.0,9.0,66.3,0.0,4.6,27,-11.7,0.7,1,2008-01-27,-3.8,20080127,203
27,2008,0.0,0.0,0.1,68.4,0.0,2.3,28,-7.3,1.0,1,2008-01-28,-2.5,20080128,203
28,2008,0.0,0.0,6.1,61.8,0.0,5.1,29,-4.7,1.5,1,2008-01-29,-0.9,20080129,203
29,2008,0.3,0.0,8.5,56.4,1.3,1.4,30,-5.1,2.3,1,2008-01-30,-2.0,20080130,203
30,2008,0.0,0.0,9.1,56.3,0.0,0.8,31,-10.4,1.6,1,2008-01-31,-4.8,20080131,203
31,2008,0.0,0.0,9.1,57.3,0.0,3.2,1,-13.5,1.4,2,2008-02-01,-4.6,20080201,203
32,2008,0.0,0.0,8.6,60.6,0.0,4.6,2,-10.0,0.9,2,2008-02-02,-3.2,20080202,203
33,2008,0.0,0.0,4.2,71.0,0.0,4.1,3,-8.2,1.2,2,2008-02-03,-2.7,20080203,203
34,2008,0.0,0.0,7.9,59.4,0.0,2.4,4,-10.8,1.9,2,2008-02-04,-3.5,20080204,203
35,2008,0.0,0.0,6.7,57.3,0.0,1.5,5,-11.3,1.2,2,2008-02-05,-4.6,20080205,203
36,2008,0.0,0.0,8.9,54.5,0.0,3.1,6,-8.1,1.8,2,2008-02-06,-3.4,20080206,203
37,2008,0.0,0.0,9.1,60.8,0.0,2.1,7,-13.0,1.5,2,2008-02-07,-5.2,20080207,203
38,2008,0.0,0.0,4.7,66.3,0.0,0.9,8,-12.6,0.8,2,2008-02-08,-5.4,20080208,203
39,2008,0.1,0.0,6.5,67.1,0.2,1.7,9,-7.8,1.6,2,2008-02-09,-3.7,20080209,203
40,2008,0.0,0.0,8.2,62.0,0.0,4.4,10,-10.5,1.1,2,2008-02-10,-2.9,20080210,203
41,2008,0.0,0.0,4.6,59.3,0.0,5.1,11,-8.9,1.7,2,2008-02-11,-2.4,20080211,203
42,2008,0.0,0.0,8.9,29.4,0.0,-1.9,12,-9.0,2.7,2,2008-02-12,-5.8,20080212,203
43,2008,0.0,0.0,9.5,41.5,0.0,0.3,13,-14.2,1.8,2,2008-02-13,-6.5,20080213,203
44,2008,0.0,0.0,9.6,55.3,0.0,4.0,14,-13.7,1.4,2,2008-02-14,-4.0,20080214,203
45,2008,0.0,0.0,9.6,41.4,0.0,1.9,15,-6.2,2.8,2,2008-02-15,-3.0,20080215,203
46,2008,0.0,0.0,9.7,46.8,0.0,1.7,16,-13.1,2.0,2,2008-02-16,-4.6,20080216,203
47,2008,0.0,0.0,9.9,42.8,0.0,3.6,17,-11.8,1.7,2,2008-02-17,-3.5,20080217,203
48,2008,0.0,0.0,8.8,51.6,0.0,5.6,18,-11.9,1.3,2,2008-02-18,-3.3,20080218,203
49,2008,0.0,0.0,8.9,63.6,0.0,6.3,19,-10.7,1.4,2,2008-02-19,-1.2,20080219,203
50,2008,0.0,0.0,9.3,52.3,0.0,8.4,20,-1.7,2.1,2,2008-02-20,2.6,20080220,203
51,2008,0.0,0.0,8.7,47.3,0.0,10.7,21,-7.6,1.0,2,2008-02-21,1.3,20080221,203
52,2008,1.5,0.0,5.7,61.6,0.0,11.9,22,-4.4,1.8,2,2008-02-22,4.0,20080222,203
53,2008,0.0,0.0,9.3,44.5,0.0,3.4,23,-4.8,3.5,2,2008-02-23,-1.8,20080223,203
54,2008,0.0,0.0,10.1,49.4,0.0,4.8,24,-9.7,1.2,2,2008-02-24,-2.3,20080224,203
55,2008,2.5,0.0,0.3,86.0,3.2,2.9,25,-8.4,0.6,2,2008-02-25,-2.6,20080225,203
56,2008,2.5,0.0,4.8,72.1,4.8,2.4,26,-2.7,2.1,2,2008-02-26,-0.5,20080226,203
57,2008,0.0,0.0,8.4,55.3,0.0,7.7,27,-6.5,2.1,2,2008-02-27,0.5,20080227,203
58,2008,0.0,0.0,9.7,66.9,0.0,9.0,28,-7.1,1.7,2,2008-02-28,1.6,20080228,203
59,2008,0.0,0.0,2.0,70.0,0.0,11.2,29,-3.9,1.8,2,2008-02-29,2.2,20080229,203
60,2008,0.0,0.0,10.1,51.6,0.0,9.3,1,-2.2,2.1,3,2008-03-01,2.4,20080301,203
61,2008,0.1,0.0,0.2,78.9,0.0,4.7,2,-3.9,0.8,3,2008-03-02,0.0,20080302,203
62,2008,0.0,0.0,3.2,73.3,0.0,7.3,3,-4.3,1.5,3,2008-03-03,1.1,20080303,203
63,2008,2.5,0.0,4.1,83.9,5.1,4.7,4,-3.3,1.0,3,2008-03-04,-0.4,20080304,203
64,2008,0.0,0.0,5.5,70.1,0.0,8.6,5,-4.1,1.2,3,2008-03-05,0.9,20080305,203
65,2008,0.5,0.0,2.5,81.5,0.2,7.6,6,-3.6,1.3,3,2008-03-06,1.0,20080306,203
66,2008,0.0,0.0,8.6,58.6,0.0,9.8,7,-3.2,1.6,3,2008-03-07,3.4,20080307,203
67,2008,0.0,0.0,10.0,60.1,0.0,12.9,8,-5.4,1.3,3,2008-03-08,3.5,20080308,203
68,2008,0.0,0.0,9.2,62.8,0.0,13.8,9,-2.7,1.5,3,2008-03-09,4.6,20080309,203
69,2008,0.0,0.0,6.3,69.8,0.0,12.8,10,0.9,1.7,3,2008-03-10,6.2,20080310,203
70,2008,0.0,0.0,4.8,72.3,0.0,15.7,11,2.4,0.9,3,2008-03-11,7.7,20080311,203
71,2008,0.0,0.0,7.6,67.3,0.0,18.4,12,-0.4,1.0,3,2008-03-12,9.2,20080312,203
72,2008,1.0,0.0,0.0,79.5,0.0,14.1,13,3.0,1.3,3,2008-03-13,8.4,20080313,203
73,2008,0.0,0.0,8.3,67.4,0.0,15.6,14,3.1,1.4,3,2008-03-14,8.1,20080314,203
74,2008,0.0,0.0,8.4,64.0,0.0,15.8,15,-1.8,2.0,3,2008-03-15,7.3,20080315,203
75,2008,0.0,0.0,9.8,55.4,0.0,15.0,16,2.7,2.2,3,2008-03-16,7.3,20080316,203
76,2008,0.0,0.0,10.1,50.4,0.0,16.3,17,-3.2,0.9,3,2008-03-17,6.4,20080317,203
77,2008,0.0,0.0,7.5,48.0,0.0,19.5,18,-1.3,1.0,3,2008-03-18,10.0,20080318,203
78,2008,0.0,0.0,6.4,56.5,0.0,17.4,19,3.1,2.6,3,2008-03-19,8.9,20080319,203
79,2008,0.0,0.0,10.8,38.0,0.0,18.3,20,-0.7,1.3,3,2008-03-20,8.0,20080320,203
80,2008,0.0,0.0,9.2,42.8,0.0,20.6,21,-1.6,0.9,3,2008-03-21,9.1,20080321,203
81,2008,5.5,0.0,3.8,52.6,0.0,17.9,22,2.3,1.2,3,2008-03-22,9.8,20080322,203
82,2008,36.0,0.0,0.0,97.3,0.0,9.2,23,6.0,2.0,3,2008-03-23,7.6,20080323,203
83,2008,2.0,0.0,3.6,72.8,0.0,14.0,24,2.2,2.9,3,2008-03-24,7.0,20080324,203
84,2008,0.0,0.0,1.0,75.3,0.0,8.9,25,-0.6,2.6,3,2008-03-25,4.0,20080325,203
85,2008,0.0,0.0,4.3,65.9,0.0,11.1,26,1.6,2.4,3,2008-03-26,5.6,20080326,203
86,2008,0.0,0.0,6.4,65.0,0.0,11.6,27,1.1,2.4,3,2008-03-27,6.3,20080327,203
87,2008,0.0,0.0,6.1,67.3,0.0,12.4,28,-1.6,1.3,3,2008-03-28,5.8,20080328,203
88,2008,9.5,0.0,0.0,91.9,0.0,6.9,29,4.1,1.1,3,2008-03-29,5.2,20080329,203
89,2008,0.5,0.0,0.3,85.5,0.0,9.6,30,4.2,1.4,3,2008-03-30,6.4,20080330,203
90,2008,0.5,0.0,4.3,74.5,0.0,12.4,31,3.0,2.5,3,2008-03-31,6.8,20080331,203
91,2008,0.0,0.0,5.3,65.5,0.0,15.3,1,-2.1,2.3,4,2008-04-01,7.6,20080401,203
92,2008,1.0,0.0,0.6,72.8,0.0,10.4,2,4.1,2.0,4,2008-04-02,7.1,20080402,203
93,2008,0.0,0.0,10.8,52.4,0.0,15.1,3,1.7,2.6,4,2008-04-03,8.3,20080403,203
94,2008,0.0,0.0,10.8,50.8,0.0,18.6,4,-2.7,1.8,4,2008-04-04,8.8,20080404,203
95,2008,0.0,0.0,9.1,54.0,0.0,21.4,5,1.9,1.2,4,2008-04-05,11.5,20080405,203
96,2008,2.0,0.0,7.3,53.9,0.0,22.9,6,3.2,1.8,4,2008-04-06,13.1,20080406,203
97,2008,0.0,0.0,5.9,72.5,0.0,19.6,7,7.9,1.2,4,2008-04-07,12.6,20080407,203
98,2008,0.0,0.0,11.0,52.5,0.0,24.1,8,3.2,1.0,4,2008-04-08,14.4,20080408,203
99,2008,10.5,0.0,0.0,68.3,0.0,16.3,9,7.5,2.8,4,2008-04-09,10.3,20080409,203
100,2008,3.5,0.0,8.9,60.6,0.0,20.3,10,8.3,3.0,4,2008-04-10,13.3,20080410,203
101,2008,0.0,0.0,8.7,62.8,0.0,21.3,11,4.0,1.7,4,2008-04-11,12.6,20080411,203
102,2008,0.0,0.0,2.6,67.3,0.0,18.2,12,4.6,1.9,4,2008-04-12,11.6,20080412,203
103,2008,0.4,0.0,1.5,78.8,0.0,16.3,13,8.4,1.3,4,2008-04-13,11.0,20080413,203
104,2008,0.0,0.0,8.7,63.8,0.0,22.5,14,1.5,1.5,4,2008-04-14,11.4,20080414,203
105,2008,0.0,0.0,9.2,53.8,0.0,24.0,15,4.0,1.1,4,2008-04-15,14.6,20080415,203
106,2008,0.0,0.0,8.7,52.5,0.0,25.5,16,6.8,1.2,4,2008-04-16,16.5,20080416,203
107,2008,0.0,0.0,10.0,60.3,0.0,22.6,17,7.9,2.2,4,2008-04-17,15.5,20080417,203
108,2008,0.0,0.0,11.5,56.0,0.0,26.8,18,6.8,1.6,4,2008-04-18,16.3,20080418,203
109,2008,0.0,0.0,11.3,47.4,0.0,29.0,19,6.9,1.1,4,2008-04-19,17.8,20080419,203
110,2008,0.0,0.0,8.9,40.0,0.0,26.7,20,6.8,1.5,4,2008-04-20,17.9,20080420,203
111,2008,0.0,0.0,0.1,39.1,0.0,23.9,21,11.3,1.8,4,2008-04-21,17.4,20080421,203
112,2008,6.5,0.0,0.0,63.8,0.0,20.4,22,11.0,1.1,4,2008-04-22,15.3,20080422,203
113,2008,2.5,0.0,1.8,78.9,0.0,13.6,23,7.1,2.6,4,2008-04-23,10.7,20080423,203
114,2008,0.0,0.0,11.4,45.1,0.0,15.7,24,3.8,2.4,4,2008-04-24,9.2,20080424,203
115,2008,4.5,0.0,3.8,63.5,0.0,20.2,25,3.2,1.9,4,2008-04-25,11.4,20080425,203
116,2008,7.5,0.0,1.5,79.4,0.0,13.6,26,6.8,3.3,4,2008-04-26,9.5,20080426,203
117,2008,1.0,0.0,3.2,80.6,0.0,14.5,27,3.4,1.2,4,2008-04-27,8.1,20080427,203
118,2008,0.0,0.0,7.9,65.6,0.0,21.9,28,2.1,1.2,4,2008-04-28,10.9,20080428,203
119,2008,0.0,0.0,6.8,72.8,0.0,23.0,29,5.4,0.9,4,2008-04-29,14.4,20080429,203
120,2008,0.0,0.0,7.6,71.6,0.0,26.0,30,9.8,1.4,4,2008-04-30,17.2,20080430,203
121,2008,0.0,0.0,10.9,68.8,0.0,27.1,1,10.8,1.4,5,2008-05-01,19.0,20080501,203
122,2008,0.0,0.0,10.3,68.3,0.0,28.3,2,12.0,1.2,5,2008-05-02,19.5,20080502,203
123,2008,0.0,0.0,9.5,61.9,0.0,29.9,3,12.2,0.9,5,2008-05-03,20.9,20080503,203
124,2008,0.0,0.0,0.0,78.1,0.0,21.0,4,14.4,1.0,5,2008-05-04,17.8,20080504,203
125,2008,0.2,0.0,11.5,48.0,0.0,23.2,5,10.4,3.0,5,2008-05-05,16.4,20080505,203
126,2008,0.0,0.0,11.3,41.3,0.0,25.6,6,4.6,1.9,5,2008-05-06,15.7,20080506,203
127,2008,0.0,0.0,4.2,51.5,0.0,24.9,7,7.0,1.5,5,2008-05-07,16.0,20080507,203
128,2008,0.0,0.0,1.4,67.5,0.0,23.8,8,12.3,1.1,5,2008-05-08,16.7,20080508,203
129,2008,0.0,0.0,5.1,47.0,0.0,22.8,9,10.2,2.6,5,2008-05-09,16.5,20080509,203
130,2008,0.0,0.0,9.0,50.0,0.0,21.0,10,7.9,2.5,5,2008-05-10,13.4,20080510,203
131,2008,0.0,0.0,11.5,52.4,0.0,22.5,11,4.5,1.3,5,2008-05-11,14.4,20080511,203
132,2008,0.0,0.0,6.4,47.4,0.0,21.6,12,6.4,2.8,5,2008-05-12,14.7,20080512,203
133,2008,2.0,0.0,1.5,77.0,0.0,16.1,13,8.8,2.1,5,2008-05-13,10.8,20080513,203
134,2008,0.0,0.0,7.0,62.9,0.0,19.3,14,5.4,1.4,5,2008-05-14,12.4,20080514,203
135,2008,0.0,0.0,11.6,61.5,0.0,22.0,15,4.9,1.3,5,2008-05-15,13.5,20080515,203
136,2008,0.0,0.0,9.9,59.5,0.0,23.9,16,5.8,1.3,5,2008-05-16,14.7,20080516,203
137,2008,0.0,0.0,9.8,57.3,0.0,24.6,17,6.7,1.1,5,2008-05-17,16.4,20080517,203
138,2008,49.5,0.0,0.0,91.8,0.0,14.9,18,10.3,1.0,5,2008-05-18,12.7,20080518,203
139,2008,1.6,0.0,9.5,72.8,0.0,20.0,19,8.0,2.5,5,2008-05-19,13.0,20080519,203
140,2008,0.0,0.0,8.9,74.6,0.0,21.6,20,5.3,1.3,5,2008-05-20,13.5,20080520,203
141,2008,0.0,0.0,1.1,68.0,0.0,22.8,21,8.4,1.4,5,2008-05-21,16.2,20080521,203
142,2008,0.0,0.0,9.1,70.0,0.0,27.1,22,9.9,1.4,5,2008-05-22,19.5,20080522,203
143,2008,0.0,0.0,0.8,75.6,0.0,25.8,23,15.6,0.6,5,2008-05-23,20.5,20080523,203
144,2008,0.0,0.0,7.4,67.9,0.0,29.3,24,15.2,1.1,5,2008-05-24,22.0,20080524,203
145,2008,0.0,0.0,9.7,72.3,0.0,28.2,25,16.3,2.0,5,2008-05-25,20.9,20080525,203
146,2008,0.0,0.0,4.6,75.6,0.0,25.2,26,14.1,1.5,5,2008-05-26,18.7,20080526,203
147,2008,0.0,0.0,5.2,66.5,0.0,29.1,27,13.0,1.1,5,2008-05-27,20.9,20080527,203
148,2008,33.5,0.0,0.0,92.4,0.0,21.4,28,17.0,0.7,5,2008-05-28,18.8,20080528,203
149,2008,0.0,0.0,7.3,72.3,0.0,28.6,29,17.6,1.8,5,2008-05-29,22.6,20080529,203
150,2008,0.0,0.0,1.1,71.6,0.0,21.7,30,11.8,1.6,5,2008-05-30,17.9,20080530,203
151,2008,0.0,0.0,12.1,62.5,0.0,24.6,31,7.9,1.6,5,2008-05-31,16.5,20080531,203
152,2008,0.0,0.0,7.0,62.9,0.0,26.8,1,9.7,1.1,6,2008-06-01,18.5,20080601,203
153,2008,26.0,0.0,2.8,80.6,0.0,24.2,2,12.9,1.5,6,2008-06-02,17.6,20080602,203
154,2008,2.5,0.0,6.3,72.4,0.0,25.7,3,14.1,2.0,6,2008-06-03,19.2,20080603,203
155,2008,0.5,0.0,0.4,78.6,0.0,20.0,4,12.4,2.1,6,2008-06-04,16.5,20080604,203
156,2008,5.5,0.0,0.0,93.5,0.0,15.7,5,12.5,1.6,6,2008-06-05,13.8,20080605,203
157,2008,0.0,0.0,2.8,81.5,0.0,22.5,6,12.7,1.4,6,2008-06-06,17.0,20080606,203
158,2008,0.0,0.0,3.0,78.1,0.0,24.1,7,15.0,0.8,6,2008-06-07,18.7,20080607,203
159,2008,6.0,0.0,2.2,90.1,0.0,25.4,8,13.5,0.8,6,2008-06-08,17.8,20080608,203
160,2008,0.0,0.0,7.9,76.8,0.0,28.0,9,14.9,0.8,6,2008-06-09,20.7,20080609,203
161,2008,0.0,0.0,6.1,76.3,0.0,28.7,10,16.7,1.1,6,2008-06-10,22.5,20080610,203
162,2008,0.0,0.0,4.2,63.6,0.0,28.7,11,17.3,1.5,6,2008-06-11,22.4,20080611,203
163,2008,0.0,0.0,12.5,64.1,0.0,30.4,12,12.9,1.2,6,2008-06-12,21.6,20080612,203
164,2008,0.0,0.0,7.9,75.1,0.0,29.9,13,14.9,1.2,6,2008-06-13,21.7,20080613,203
165,2008,0.0,0.0,7.3,67.0,0.0,28.7,14,16.6,2.0,6,2008-06-14,22.9,20080614,203
166,2008,0.0,0.0,8.3,61.4,0.0,27.1,15,16.0,2.3,6,2008-06-15,20.9,20080615,203
167,2008,0.0,0.0,10.2,54.1,0.0,28.6,16,10.9,1.5,6,2008-06-16,20.4,20080616,203
168,2008,0.5,0.0,1.4,62.4,0.0,27.9,17,17.1,2.1,6,2008-06-17,22.5,20080617,203
169,2008,80.5,0.0,0.0,94.5,0.0,22.3,18,17.3,1.8,6,2008-06-18,19.2,20080618,203
170,2008,0.0,0.0,1.5,82.5,0.0,26.1,19,17.3,1.1,6,2008-06-19,20.8,20080619,203
171,2008,0.0,0.0,7.2,74.8,0.0,30.0,20,17.4,0.8,6,2008-06-20,23.2,20080620,203
172,2008,0.5,0.0,0.0,77.3,0.0,26.0,21,20.4,1.5,6,2008-06-21,22.6,20080621,203
173,2008,0.0,0.0,0.5,71.8,0.0,26.1,22,17.7,2.5,6,2008-06-22,21.3,20080622,203
174,2008,0.0,0.0,8.3,62.9,0.0,26.9,23,14.2,1.4,6,2008-06-23,21.0,20080623,203
175,2008,0.0,0.0,8.1,61.0,0.0,27.4,24,17.0,1.6,6,2008-06-24,22.1,20080624,203
176,2008,0.0,0.0,10.6,63.5,0.0,28.9,25,17.5,1.4,6,2008-06-25,22.8,20080625,203
177,2008,0.0,0.0,8.6,68.4,0.0,29.6,26,17.2,1.5,6,2008-06-26,22.6,20080626,203
178,2008,0.0,0.0,9.4,71.8,0.0,28.8,27,17.7,1.2,6,2008-06-27,23.1,20080627,203
179,2008,9.5,0.0,0.0,89.3,0.0,23.0,28,18.6,1.1,6,2008-06-28,20.4,20080628,203
180,2008,12.5,0.0,0.0,82.5,0.0,24.9,29,17.3,2.0,6,2008-06-29,20.0,20080629,203
181,2008,0.0,0.0,6.3,76.6,0.0,28.0,30,15.5,1.0,6,2008-06-30,21.8,20080630,203
182,2008,0.0,0.0,1.7,77.5,0.0,28.8,1,19.0,1.2,7,2008-07-01,23.0,20080701,203
183,2008,1.5,0.0,0.0,84.3,0.0,26.2,2,19.8,1.6,7,2008-07-02,22.8,20080702,203
184,2008,2.0,0.0,3.3,83.9,0.0,27.3,3,20.6,2.2,7,2008-07-03,23.0,20080703,203
185,2008,0.0,0.0,2.1,79.6,0.0,30.5,4,20.8,1.2,7,2008-07-04,25.1,20080704,203
186,2008,2.0,0.0,0.9,87.8,0.0,29.1,5,21.4,0.6,7,2008-07-05,24.2,20080705,203
187,2008,0.0,0.0,6.9,79.6,0.0,32.2,6,22.6,1.5,7,2008-07-06,27.5,20080706,203
188,2008,0.0,0.0,1.0,84.1,0.0,30.5,7,24.0,1.2,7,2008-07-07,26.2,20080707,203
189,2008,0.0,0.0,9.2,73.3,0.0,33.2,8,23.2,0.9,7,2008-07-08,27.7,20080708,203
190,2008,0.0,0.0,11.3,69.8,0.0,34.3,9,22.3,1.2,7,2008-07-09,27.9,20080709,203
191,2008,0.0,0.0,5.7,71.3,0.0,32.3,10,21.1,1.2,7,2008-07-10,26.3,20080710,203
192,2008,0.0,0.0,1.8,73.1,0.0,30.4,11,22.2,1.0,7,2008-07-11,26.1,20080711,203
193,2008,0.5,0.0,0.2,85.3,0.0,29.1,12,22.5,1.3,7,2008-07-12,25.0,20080712,203
194,2008,66.5,0.0,4.2,83.9,0.0,30.9,13,23.1,1.5,7,2008-07-13,25.9,20080713,203
195,2008,0.0,0.0,5.4,79.8,0.0,33.0,14,21.8,0.7,7,2008-07-14,27.0,20080714,203
196,2008,2.5,0.0,1.3,83.8,0.0,31.8,15,23.2,0.9,7,2008-07-15,26.7,20080715,203
197,2008,28.5,0.0,0.4,88.8,0.0,28.3,16,22.2,1.9,7,2008-07-16,24.6,20080716,203
198,2008,0.0,0.0,10.4,76.1,0.0,31.6,17,21.0,1.1,7,2008-07-17,25.2,20080717,203
199,2008,0.0,0.0,3.2,80.1,0.0,30.9,18,19.9,0.7,7,2008-07-18,25.2,20080718,203
200,2008,46.5,0.0,0.0,95.0,0.0,24.3,19,22.3,1.3,7,2008-07-19,23.0,20080719,203
201,2008,84.0,0.0,1.4,88.3,0.0,30.5,20,22.9,1.6,7,2008-07-20,25.4,20080720,203
202,2008,1.5,0.0,0.2,84.3,0.0,25.8,21,22.9,2.3,7,2008-07-21,23.8,20080721,203
203,2008,0.0,0.0,3.7,79.8,0.0,29.7,22,21.7,1.1,7,2008-07-22,24.4,20080722,203
204,2008,3.0,0.0,0.0,87.0,0.0,27.4,23,20.3,0.6,7,2008-07-23,23.2,20080723,203
205,2008,162.5,0.0,0.0,94.8,0.0,25.0,24,20.6,1.1,7,2008-07-24,22.5,20080724,203
206,2008,4.5,0.0,0.2,93.1,0.0,26.8,25,21.4,1.1,7,2008-07-25,23.3,20080725,203
207,2008,23.0,0.0,0.5,93.1,0.0,25.3,26,21.2,1.4,7,2008-07-26,22.2,20080726,203
208,2008,0.0,0.0,1.6,88.9,0.0,30.1,27,21.6,0.4,7,2008-07-27,24.8,20080727,203
209,2008,0.0,0.0,6.4,76.5,0.0,32.5,28,23.2,0.7,7,2008-07-28,26.8,20080728,203
210,2008,0.0,0.0,10.2,74.1,0.0,33.8,29,22.7,1.2,7,2008-07-29,27.8,20080729,203
211,2008,21.5,0.0,0.2,87.5,0.0,28.7,30,22.2,0.7,7,2008-07-30,24.4,20080730,203
212,2008,0.4,0.0,0.5,85.4,0.0,29.8,31,22.0,0.5,7,2008-07-31,25.4,20080731,203
213,2008,0.0,0.0,4.3,72.6,0.0,32.2,1,23.6,1.9,8,2008-08-01,27.3,20080801,203
214,2008,7.0,0.0,1.0,82.4,0.0,29.8,2,24.1,2.6,8,2008-08-02,26.1,20080802,203
215,2008,1.5,0.0,5.2,76.3,0.0,30.5,3,21.9,1.9,8,2008-08-03,25.1,20080803,203
216,2008,0.0,0.0,6.2,75.1,0.0,31.2,4,18.7,0.7,8,2008-08-04,23.7,20080804,203
217,2008,0.0,0.0,8.5,74.0,0.0,32.9,5,18.5,0.6,8,2008-08-05,24.8,20080805,203
218,2008,0.0,0.0,9.7,72.8,0.0,34.0,6,20.0,0.7,8,2008-08-06,26.2,20080806,203
219,2008,0.0,0.0,11.4,68.0,0.0,33.4,7,20.9,0.9,8,2008-08-07,26.4,20080807,203
220,2008,0.0,0.0,11.2,67.4,0.0,35.0,8,21.2,0.8,8,2008-08-08,27.7,20080808,203
221,2008,2.5,0.0,8.2,74.9,0.0,33.0,9,21.5,1.2,8,2008-08-09,26.6,20080809,203
222,2008,0.0,0.0,11.4,67.4,0.0,34.0,10,22.8,1.4,8,2008-08-10,28.3,20080810,203
223,2008,0.0,0.0,5.1,73.8,0.0,32.8,11,21.5,1.0,8,2008-08-11,27.1,20080811,203
224,2008,14.5,0.0,0.0,87.3,0.0,26.4,12,23.1,1.0,8,2008-08-12,24.6,20080812,203
225,2008,1.0,0.0,0.8,81.6,0.0,30.6,13,23.1,0.9,8,2008-08-13,26.1,20080813,203
226,2008,0.5,0.0,5.2,73.8,0.0,32.5,14,23.9,1.2,8,2008-08-14,26.9,20080814,203
227,2008,11.5,0.0,0.4,85.1,0.0,29.9,15,21.4,0.9,8,2008-08-15,24.3,20080815,203
228,2008,25.0,0.0,0.5,86.5,0.0,22.9,16,17.9,1.6,8,2008-08-16,20.0,20080816,203
229,2008,0.3,0.0,1.5,76.1,0.0,27.4,17,18.6,1.3,8,2008-08-17,23.0,20080817,203
230,2008,39.0,0.0,0.2,86.4,0.0,26.2,18,19.8,2.0,8,2008-08-18,22.3,20080818,203
231,2008,0.0,0.0,7.4,70.0,0.0,27.8,19,21.1,2.8,8,2008-08-19,23.7,20080819,203
232,2008,0.1,0.0,4.1,77.3,0.0,26.4,20,18.1,1.2,8,2008-08-20,21.8,20080820,203
233,2008,0.0,0.0,11.5,65.3,0.0,27.9,21,15.1,1.9,8,2008-08-21,21.4,20080821,203
234,2008,74.0,0.0,0.0,88.4,0.0,19.2,22,15.7,2.0,8,2008-08-22,17.5,20080822,203
235,2008,7.5,0.0,0.1,84.8,0.0,25.0,23,18.2,0.9,8,2008-08-23,20.7,20080823,203
236,2008,0.0,0.0,11.3,74.1,0.0,28.9,24,15.8,0.8,8,2008-08-24,22.1,20080824,203
237,2008,0.0,0.0,9.0,72.1,0.0,29.6,25,18.7,1.0,8,2008-08-25,23.3,20080825,203
238,2008,0.0,0.0,10.1,66.5,0.0,28.4,26,17.9,1.4,8,2008-08-26,22.1,20080826,203
239,2008,0.0,0.0,8.5,70.0,0.0,28.7,27,14.2,0.9,8,2008-08-27,21.6,20080827,203
240,2008,0.0,0.0,11.7,70.6,0.0,29.9,28,16.2,0.9,8,2008-08-28,22.7,20080828,203
241,2008,0.0,0.0,6.7,75.5,0.0,30.7,29,17.7,0.7,8,2008-08-29,22.7,20080829,203
242,2008,0.0,0.0,10.3,70.9,0.0,29.9,30,18.7,1.1,8,2008-08-30,23.2,20080830,203
243,2008,0.0,0.0,10.3,68.3,0.0,29.2,31,16.1,1.3,8,2008-08-31,22.5,20080831,203
244,2008,37.5,0.0,0.0,86.9,0.0,21.3,1,18.2,1.7,9,2008-09-01,19.8,20080901,203
245,2008,12.0,0.0,1.3,80.0,0.0,26.3,2,17.5,1.7,9,2008-09-02,20.6,20080902,203
246,2008,0.0,0.0,5.3,80.9,0.0,28.6,3,15.9,0.7,9,2008-09-03,20.6,20080903,203
247,2008,0.0,0.0,2.7,79.1,0.0,26.9,4,16.6,0.6,9,2008-09-04,21.0,20080904,203
248,2008,0.0,0.0,0.2,81.4,0.0,25.2,5,18.1,0.6,9,2008-09-05,20.5,20080905,203
249,2008,0.4,0.0,6.9,75.3,0.0,28.9,6,17.2,0.7,9,2008-09-06,21.7,20080906,203
250,2008,0.0,0.0,7.8,77.3,0.0,30.2,7,15.6,0.6,9,2008-09-07,21.9,20080907,203
251,2008,0.0,0.0,5.8,76.0,0.0,30.6,8,17.7,0.7,9,2008-09-08,22.7,20080908,203
252,2008,0.0,0.0,9.4,73.4,0.0,29.0,9,16.6,0.7,9,2008-09-09,22.0,20080909,203
253,2008,0.0,0.0,7.9,73.3,0.0,29.4,10,16.1,0.9,9,2008-09-10,21.5,20080910,203
254,2008,0.0,0.0,3.5,78.0,0.0,27.1,11,16.4,0.7,9,2008-09-11,21.4,20080911,203
255,2008,0.0,0.0,3.6,78.6,0.0,28.7,12,16.8,0.7,9,2008-09-12,21.4,20080912,203
256,2008,0.0,0.0,6.3,74.8,0.0,29.9,13,14.2,0.6,9,2008-09-13,20.3,20080913,203
257,2008,0.0,0.0,8.7,74.4,0.0,30.2,14,14.2,0.6,9,2008-09-14,21.9,20080914,203
258,2008,0.0,0.0,6.6,75.8,0.0,30.4,15,18.5,0.8,9,2008-09-15,23.1,20080915,203
259,2008,0.0,0.0,5.6,76.6,0.0,30.7,16,17.9,0.6,9,2008-09-16,21.7,20080916,203
260,2008,0.0,0.0,9.9,70.6,0.0,31.1,17,13.5,0.5,9,2008-09-17,21.3,20080917,203
261,2008,0.0,0.0,10.5,69.0,0.0,31.6,18,15.1,0.6,9,2008-09-18,22.0,20080918,203
262,2008,0.0,0.0,6.3,71.4,0.0,30.9,19,14.4,0.5,9,2008-09-19,21.5,20080919,203
263,2008,44.0,0.0,0.7,84.9,0.0,24.7,20,17.2,0.7,9,2008-09-20,19.7,20080920,203
264,2008,0.1,0.0,8.8,75.3,0.0,28.7,21,16.7,0.9,9,2008-09-21,21.8,20080921,203
265,2008,3.9,0.0,0.2,81.3,0.0,24.3,22,16.7,0.7,9,2008-09-22,20.7,20080922,203
266,2008,3.5,0.0,0.0,83.9,0.0,25.3,23,19.0,0.5,9,2008-09-23,21.3,20080923,203
267,2008,0.0,0.0,0.0,78.5,0.0,24.1,24,18.3,1.6,9,2008-09-24,20.8,20080924,203
268,2008,5.0,0.0,0.0,81.9,0.0,19.7,25,12.7,1.2,9,2008-09-25,16.6,20080925,203
269,2008,0.0,0.0,10.0,45.1,0.0,19.4,26,10.1,2.1,9,2008-09-26,14.5,20080926,203
270,2008,0.0,0.0,7.7,60.4,0.0,20.0,27,6.1,0.9,9,2008-09-27,12.0,20080927,203
271,2008,0.0,0.0,2.4,69.8,0.0,20.0,28,8.6,0.7,9,2008-09-28,13.0,20080928,203
272,2008,0.0,0.0,8.7,67.3,0.0,24.0,29,9.9,0.7,9,2008-09-29,15.5,20080929,203
273,2008,0.0,0.0,2.5,76.8,0.0,22.7,30,8.7,0.5,9,2008-09-30,14.5,20080930,203
274,2008,0.0,0.0,6.5,74.5,0.0,26.3,1,10.0,0.9,10,2008-10-01,16.4,20081001,203
275,2008,0.0,0.0,9.9,71.3,0.0,26.0,2,10.4,0.9,10,2008-10-02,17.5,20081002,203
276,2008,0.0,0.0,7.3,76.1,0.0,25.5,3,11.7,0.9,10,2008-10-03,17.7,20081003,203
277,2008,0.0,0.0,3.6,75.4,0.0,23.8,4,12.6,0.8,10,2008-10-04,17.1,20081004,203
278,2008,0.0,0.0,2.8,69.4,0.0,23.8,5,12.6,0.8,10,2008-10-05,17.6,20081005,203
279,2008,0.0,0.0,6.4,74.6,0.0,23.6,6,11.1,1.1,10,2008-10-06,16.1,20081006,203
280,2008,0.0,0.0,7.5,72.0,0.0,22.3,7,10.2,0.8,10,2008-10-07,15.6,20081007,203
281,2008,0.0,0.0,4.5,71.8,0.0,23.0,8,9.3,0.9,10,2008-10-08,16.4,20081008,203
282,2008,0.0,0.0,6.4,71.3,0.0,24.9,9,11.1,0.6,10,2008-10-09,15.8,20081009,203
283,2008,0.0,0.0,1.1,73.1,0.0,21.0,10,11.5,1.2,10,2008-10-10,15.7,20081010,203
284,2008,0.0,0.0,9.8,56.1,0.0,20.2,11,5.1,1.3,10,2008-10-11,12.2,20081011,203
285,2008,0.0,0.0,8.6,69.1,0.0,20.7,12,3.5,0.7,10,2008-10-12,10.9,20081012,203
286,2008,0.0,0.0,5.2,76.6,0.0,20.4,13,3.3,0.6,10,2008-10-13,11.3,20081013,203
287,2008,0.0,0.0,5.2,78.0,0.0,22.2,14,7.5,0.8,10,2008-10-14,12.5,20081014,203
288,2008,0.0,0.0,5.6,81.6,0.0,21.7,15,6.7,0.6,10,2008-10-15,12.9,20081015,203
289,2008,0.0,0.0,3.7,86.1,0.0,21.6,16,10.0,0.6,10,2008-10-16,13.7,20081016,203
290,2008,0.0,0.0,6.7,78.1,0.0,24.6,17,10.1,0.4,10,2008-10-17,15.5,20081017,203
291,2008,0.0,0.0,6.4,75.6,0.0,27.1,18,8.9,0.5,10,2008-10-18,15.4,20081018,203
292,2008,0.0,0.0,2.7,77.9,0.0,22.5,19,7.7,0.5,10,2008-10-19,14.7,20081019,203
293,2008,0.0,0.0,6.6,74.4,0.0,26.5,20,9.5,0.4,10,2008-10-20,15.1,20081020,203
294,2008,0.0,0.0,5.1,69.3,0.0,25.2,21,8.2,0.5,10,2008-10-21,16.0,20081021,203
295,2008,20.5,0.0,0.0,88.8,0.0,17.1,22,13.5,1.2,10,2008-10-22,14.8,20081022,203
296,2008,4.5,0.0,0.0,84.8,0.0,19.6,23,13.8,1.1,10,2008-10-23,16.5,20081023,203
297,2008,0.0,0.0,5.2,62.6,0.0,15.7,24,5.7,1.7,10,2008-10-24,9.9,20081024,203
298,2008,2.0,0.0,4.0,76.8,0.0,16.2,25,3.0,1.2,10,2008-10-25,9.8,20081025,203
299,2008,0.0,0.0,7.6,55.3,0.0,17.0,26,7.0,1.8,10,2008-10-26,11.8,20081026,203
300,2008,0.0,0.0,4.7,58.5,0.0,16.2,27,3.0,1.5,10,2008-10-27,9.4,20081027,203
301,2008,0.0,4.3,8.5,66.1,0.0,17.4,28,0.5,1.2,10,2008-10-28,8.6,20081028,203
302,2008,0.0,6.4,6.5,62.0,0.0,18.7,29,4.8,1.2,10,2008-10-29,10.0,20081029,203
303,2008,0.0,3.0,7.6,66.4,0.0,16.6,30,2.1,1.0,10,2008-10-30,9.2,20081030,203
304,2008,10.0,8.8,0.1,89.3,0.0,12.3,31,4.5,0.8,10,2008-10-31,7.6,20081031,203
305,2008,0.0,5.6,4.3,77.0,0.0,15.8,1,6.7,0.9,11,2008-11-01,9.5,20081101,203
306,2008,0.0,6.0,2.3,72.5,0.0,16.9,2,6.0,1.3,11,2008-11-02,10.6,20081102,203
307,2008,0.0,2.0,6.2,56.9,0.0,18.8,3,3.0,1.3,11,2008-11-03,9.4,20081103,203
308,2008,0.0,0.1,9.5,51.8,0.0,15.2,4,-2.6,0.8,11,2008-11-04,5.6,20081104,203
309,2008,0.0,3.0,8.2,61.0,0.0,17.5,5,-1.6,0.5,11,2008-11-05,7.7,20081105,203
310,2008,0.0,8.8,2.4,69.5,0.0,19.8,6,6.2,0.6,11,2008-11-06,13.1,20081106,203
311,2008,0.0,9.8,0.0,71.1,0.0,16.2,7,7.1,0.9,11,2008-11-07,11.4,20081107,203
312,2008,0.0,6.3,4.7,60.3,0.0,18.3,8,4.4,1.3,11,2008-11-08,11.0,20081108,203
313,2008,0.2,7.1,0.6,72.6,0.0,13.2,9,6.3,1.6,11,2008-11-09,9.2,20081109,203
314,2008,0.0,1.5,9.0,63.9,0.0,15.5,10,2.7,1.2,11,2008-11-10,8.2,20081110,203
315,2008,0.0,0.1,9.1,63.3,0.0,15.4,11,0.7,0.7,11,2008-11-11,7.1,20081111,203
316,2008,0.0,0.1,8.5,68.5,0.0,15.7,12,-2.0,0.7,11,2008-11-12,6.0,20081112,203
317,2008,0.0,3.0,7.8,67.5,0.0,17.3,13,-1.9,0.9,11,2008-11-13,7.2,20081113,203
318,2008,0.0,6.5,4.3,73.5,0.0,16.2,14,0.5,0.6,11,2008-11-14,7.9,20081114,203
319,2008,0.5,9.5,0.1,79.9,0.0,13.7,15,4.2,0.3,11,2008-11-15,8.5,20081115,203
320,2008,0.0,3.8,6.9,60.5,0.0,14.4,16,2.2,1.1,11,2008-11-16,7.3,20081116,203
321,2008,0.0,3.3,2.6,51.3,0.0,10.0,17,-2.5,1.7,11,2008-11-17,2.8,20081117,203
322,2008,0.0,1.3,7.2,35.4,0.0,3.0,18,-6.3,2.1,11,2008-11-18,-2.5,20081118,203
323,2008,0.0,0.0,9.1,39.8,0.0,1.1,19,-9.4,1.8,11,2008-11-19,-4.4,20081119,203
324,2008,0.5,5.8,2.2,77.0,0.0,4.5,20,-9.9,1.0,11,2008-11-20,-2.8,20081120,203
325,2008,0.5,0.8,8.9,55.3,0.0,8.1,21,-4.6,2.0,11,2008-11-21,2.1,20081121,203
326,2008,0.0,4.8,1.9,66.6,0.0,8.5,22,-6.6,0.6,11,2008-11-22,0.4,20081122,203
327,2008,0.0,3.5,8.3,69.4,0.0,12.5,23,-3.2,0.6,11,2008-11-23,4.1,20081123,203
328,2008,0.0,6.5,1.6,70.4,0.0,10.5,24,0.9,0.9,11,2008-11-24,5.2,20081124,203
329,2008,0.0,5.9,2.8,75.0,0.0,9.8,25,-1.0,0.7,11,2008-11-25,3.7,20081125,203
330,2008,0.0,8.6,1.3,79.5,0.0,9.7,26,-0.4,0.6,11,2008-11-26,3.7,20081126,203
331,2008,11.5,9.5,0.0,87.4,0.0,4.4,27,0.8,0.9,11,2008-11-27,3.2,20081127,203
332,2008,1.5,7.4,1.5,76.3,0.0,8.9,28,1.6,1.1,11,2008-11-28,5.2,20081128,203
333,2008,3.5,4.6,4.4,55.5,0.0,6.4,29,-0.7,3.0,11,2008-11-29,3.1,20081129,203
334,2008,0.0,2.6,8.8,52.6,0.0,7.2,30,-5.0,1.0,11,2008-11-30,1.4,20081130,203
335,2008,0.0,4.9,3.6,62.5,0.0,11.1,1,-2.1,0.7,12,2008-12-01,4.8,20081201,203
336,2008,0.0,2.0,6.4,57.1,0.0,13.9,2,-0.5,1.2,12,2008-12-02,6.5,20081202,203
337,2008,0.0,2.6,8.3,61.1,0.0,12.4,3,-4.6,0.7,12,2008-12-03,3.4,20081203,203
338,2008,7.0,8.9,0.0,76.4,0.0,7.5,4,-0.1,1.3,12,2008-12-04,3.4,20081204,203
339,2008,0.0,1.5,6.9,37.0,0.0,0.0,5,-11.6,3.4,12,2008-12-05,-6.2,20081205,203
340,2008,0.0,0.0,8.8,44.8,0.0,-3.7,6,-13.6,1.6,12,2008-12-06,-9.1,20081206,203
341,2008,0.6,6.8,2.7,72.6,0.5,-0.4,7,-12.2,0.8,12,2008-12-07,-5.4,20081207,203
342,2008,2.2,5.1,3.1,86.3,0.4,9.4,8,-3.6,0.8,12,2008-12-08,1.4,20081208,203
343,2008,1.0,3.8,4.6,83.0,0.0,11.1,9,-1.6,0.6,12,2008-12-09,4.1,20081209,203
344,2008,0.0,5.3,4.8,82.1,0.0,13.3,10,0.0,0.5,12,2008-12-10,5.2,20081210,203
345,2008,3.0,4.4,4.8,65.1,0.0,7.6,11,-3.2,2.2,12,2008-12-11,3.4,20081211,203
346,2008,0.0,5.9,6.9,70.0,0.0,9.2,12,-4.4,0.8,12,2008-12-12,1.7,20081212,203
347,2008,0.0,4.8,3.3,65.6,0.0,7.0,13,-3.7,1.2,12,2008-12-13,0.3,20081213,203
348,2008,0.0,0.0,8.7,45.8,0.0,3.9,14,-8.1,1.5,12,2008-12-14,-1.8,20081214,203
349,2008,0.0,2.6,7.4,59.4,0.0,8.0,15,-5.7,0.8,12,2008-12-15,-0.6,20081215,203
350,2008,0.0,2.9,7.9,68.4,0.0,7.3,16,-7.5,0.6,12,2008-12-16,0.2,20081216,203
351,2008,3.5,7.8,0.0,78.5,0.0,7.9,17,-0.6,1.1,12,2008-12-17,3.4,20081217,203
352,2008,0.0,0.0,8.7,58.1,0.0,5.0,18,-4.5,1.5,12,2008-12-18,-0.2,20081218,203
353,2008,0.0,5.3,2.1,74.9,0.0,4.7,19,-8.1,0.7,12,2008-12-19,-2.3,20081219,203
354,2008,5.0,9.5,0.8,58.8,0.0,4.8,20,-1.2,1.2,12,2008-12-20,1.3,20081220,203
355,2008,0.0,8.3,2.4,67.4,0.0,2.9,21,-1.7,1.2,12,2008-12-21,-0.2,20081221,203
356,2008,0.2,2.8,8.5,49.5,0.8,-0.3,22,-6.6,2.5,12,2008-12-22,-3.9,20081222,203
357,2008,1.0,5.3,5.2,72.9,2.1,2.8,23,-7.8,0.7,12,2008-12-23,-3.2,20081223,203
358,2008,0.0,8.0,2.4,73.4,0.0,4.5,24,-5.8,0.8,12,2008-12-24,0.0,20081224,203
359,2008,0.0,2.1,8.3,36.8,0.0,3.6,25,-5.8,3.3,12,2008-12-25,-0.6,20081225,203
360,2008,0.0,0.0,8.7,37.3,0.0,-0.3,26,-9.8,1.8,12,2008-12-26,-5.7,20081226,203
361,2008,0.0,2.6,6.1,59.9,0.0,0.8,27,-12.8,0.7,12,2008-12-27,-5.8,20081227,203
362,2008,0.0,6.8,6.2,63.6,0.0,4.8,28,-8.0,0.7,12,2008-12-28,-1.4,20081228,203
363,2008,0.1,9.1,1.3,77.0,0.0,2.9,29,-4.2,1.3,12,2008-12-29,-0.5,20081229,203
364,2008,0.0,2.1,7.3,42.4,0.2,0.8,30,-7.4,2.5,12,2008-12-30,-3.3,20081230,203
365,2008,0.0,0.0,8.6,52.0,0.0,-0.3,31,-11.6,1.7,12,2008-12-31,-6.2,20081231,203
