,month,tavg,rainfall,year,date,tmin,cloud,tmax,day,snow,wind,station_id,Date,sunshine,humid
0,1,-5.7,0.0,2021,20210101,-12.7,2.3,0.2,1,0.0,0.9,203,2021-01-01,4.9,80.4
1,1,-4.2,0.0,2021,20210102,-8.0,0.0,0.1,2,0.0,1.3,203,2021-01-02,8.5,42.8
2,1,-5.5,0.0,2021,20210103,-11.8,2.9,0.2,3,0.0,1.0,203,2021-01-03,5.0,49.5
3,1,-4.9,0.0,2021,20210104,-13.2,3.5,0.5,4,0.0,0.6,203,2021-01-04,6.3,62.6
4,1,-4.1,0.1,2021,20210105,-9.1,2.0,-0.3,5,0.0,1.5,203,2021-01-05,7.8,47.3
5,1,-7.5,0.5,2021,20210106,-15.6,1.6,-2.0,6,0.0,1.4,203,2021-01-06,8.7,58.5
6,1,-14.3,0.5,2021,20210107,-19.0,2.6,-6.2,7,0.0,2.3,203,2021-01-07,8.9,49.0
7,1,-14.9,0.0,2021,20210108,-21.2,3.3,-9.8,8,0.0,1.2,203,2021-01-08,8.9,48.3
8,1,-13.0,0.0,2021,20210109,-21.4,3.4,-7.1,9,0.0,1.2,203,2021-01-09,8.9,51.4
9,1,-10.8,0.0,2021,20210110,-19.2,3.0,-4.2,10,0.0,0.6,203,2021-01-10,7.9,65.0
10,1,-10.4,0.0,2021,20210111,-15.5,8.8,-5.5,11,0.0,0.6,203,2021-01-11,0.1,78.3
11,1,-7.0,1.4,2021,20210112,-15.1,4.8,-1.4,12,0.0,0.5,203,2021-01-12,4.7,87.3
12,1,1.5,0.0,2021,20210113,-4.4,4.0,8.5,13,0.0,1.0,203,2021-01-13,5.8,87.1
13,1,0.3,0.0,2021,20210114,-5.4,0.3,7.1,14,0.0,0.7,203,2021-01-14,8.1,55.4
14,1,2.3,0.0,2021,20210115,-3.8,8.1,11.3,15,0.0,1.4,203,2021-01-15,0.0,77.0
15,1,-2.9,0.0,2021,20210116,-6.6,3.5,1.3,16,0.0,2.3,203,2021-01-16,5.9,62.6
16,1,-5.3,0.5,2021,20210117,-11.9,4.0,-0.3,17,0.0,1.3,203,2021-01-17,7.9,57.0
17,1,-3.6,1.3,2021,20210118,-7.5,5.6,1.5,18,0.0,1.8,203,2021-01-18,0.9,72.0
18,1,-7.5,0.0,2021,20210119,-14.1,1.8,-1.4,19,0.0,0.9,203,2021-01-19,8.9,54.6
19,1,-3.9,0.0,2021,20210120,-12.7,1.5,5.1,20,0.0,0.4,203,2021-01-20,8.7,60.8
20,1,1.8,5.8,2021,20210121,-3.7,9.1,6.1,21,0.0,0.4,203,2021-01-21,0.6,75.9
21,1,4.7,0.6,2021,20210122,2.1,8.3,7.6,22,0.0,0.3,203,2021-01-22,0.0,98.8
22,1,6.7,0.0,2021,20210123,3.0,7.0,12.8,23,0.0,1.4,203,2021-01-23,4.0,72.4
23,1,5.3,0.0,2021,20210124,0.3,3.6,12.8,24,0.0,0.8,203,2021-01-24,8.3,72.4
24,1,4.7,0.0,2021,20210125,-1.7,6.5,13.9,25,0.0,0.6,203,2021-01-25,7.1,74.0
25,1,3.6,3.3,2021,20210126,1.2,8.6,6.1,26,0.0,0.7,203,2021-01-26,0.0,91.1
26,1,2.3,0.0,2021,20210127,-1.8,7.4,7.9,27,0.0,1.3,203,2021-01-27,7.5,54.1
27,1,-2.9,1.3,2021,20210128,-8.3,6.8,2.3,28,0.0,2.6,203,2021-01-28,3.2,59.6
28,1,-7.5,0.0,2021,20210129,-11.0,0.0,-3.2,29,0.0,2.4,203,2021-01-29,9.0,37.0
29,1,-2.7,0.3,2021,20210130,-10.1,5.0,4.9,30,0.0,0.9,203,2021-01-30,3.8,60.9
30,1,0.6,0.0,2021,20210131,-7.8,3.3,10.1,31,0.0,0.6,203,2021-01-31,8.2,69.1
31,2,4.3,3.2,2021,20210201,1.0,5.6,11.4,1,0.0,1.3,203,2021-02-01,1.7,85.1
32,2,-4.0,0.3,2021,20210202,-6.5,2.5,1.2,2,0.0,2.7,203,2021-02-02,8.9,42.1
33,2,-3.5,2.2,2021,20210203,-11.2,4.0,2.2,3,0.0,1.4,203,2021-02-03,8.6,59.8
34,2,-3.1,1.5,2021,20210204,-8.2,0.9,0.8,4,0.0,1.5,203,2021-02-04,9.2,50.9
35,2,-0.9,0.0,2021,20210205,-7.3,5.8,6.0,5,0.0,0.7,203,2021-02-05,4.7,69.6
36,2,4.9,0.0,2021,20210206,-1.4,7.5,11.4,6,0.0,0.9,203,2021-02-06,2.0,77.0
37,2,4.9,0.0,2021,20210207,-1.3,0.8,10.8,7,0.0,1.8,203,2021-02-07,6.6,66.4
38,2,-2.0,0.0,2021,20210208,-5.0,0.0,1.9,8,0.0,2.0,203,2021-02-08,9.3,41.3
39,2,-1.1,0.0,2021,20210209,-8.0,0.0,5.6,9,0.0,1.3,203,2021-02-09,9.3,49.6
40,2,1.1,0.0,2021,20210210,-5.9,7.4,6.9,10,0.0,0.6,203,2021-02-10,0.9,73.3
41,2,3.4,0.0,2021,20210211,-2.7,5.5,10.7,11,0.0,0.6,203,2021-02-11,7.0,75.3
42,2,5.0,0.0,2021,20210212,-2.8,3.6,14.6,12,0.0,0.6,203,2021-02-12,8.6,64.4
43,2,5.0,0.0,2021,20210213,-3.6,0.9,15.7,13,0.0,0.5,203,2021-02-13,9.1,58.4
44,2,7.8,0.1,2021,20210214,1.4,8.9,13.7,14,0.0,0.6,203,2021-02-14,1.5,57.4
45,2,2.2,0.5,2021,20210215,-4.3,5.5,8.5,15,0.0,3.3,203,2021-02-15,4.3,61.1
46,2,-4.7,2.7,2021,20210216,-8.0,1.5,-1.6,16,0.0,2.0,203,2021-02-16,2.3,58.9
47,2,-7.7,0.0,2021,20210217,-10.3,1.5,-4.1,17,0.0,3.2,203,2021-02-17,9.5,42.9
48,2,-5.5,0.0,2021,20210218,-10.5,0.8,-0.2,18,0.0,1.7,203,2021-02-18,9.4,47.1
49,2,-0.1,0.0,2021,20210219,-10.5,1.6,10.0,19,0.0,1.3,203,2021-02-19,9.1,72.8
50,2,6.6,0.0,2021,20210220,-0.8,3.4,16.1,20,0.0,1.2,203,2021-02-20,7.8,63.5
51,2,9.6,0.0,2021,20210221,-1.4,0.0,20.8,21,0.0,1.5,203,2021-02-21,9.2,59.8
52,2,7.9,0.0,2021,20210222,1.4,0.9,16.4,22,0.0,1.8,203,2021-02-22,8.9,58.1
53,2,1.6,0.0,2021,20210223,-2.5,2.3,7.6,23,0.0,1.9,203,2021-02-23,9.8,33.4
54,2,2.2,0.0,2021,20210224,-4.2,6.0,10.3,24,0.0,0.7,203,2021-02-24,8.3,40.3
55,2,2.5,0.0,2021,20210225,-3.0,9.8,7.7,25,0.0,0.4,203,2021-02-25,0.0,54.1
56,2,6.4,0.0,2021,20210226,-2.9,4.9,16.2,26,0.0,0.9,203,2021-02-26,9.1,47.4
57,2,7.1,0.1,2021,20210227,-0.9,3.6,14.6,27,0.0,2.0,203,2021-02-27,9.5,55.4
58,2,6.1,0.0,2021,20210228,-3.3,5.3,12.1,28,0.0,0.6,203,2021-02-28,2.3,59.4
59,3,4.1,71.1,2021,20210301,0.1,10.0,8.1,1,0.0,1.7,203,2021-03-01,0.0,99.1
60,3,1.6,0.6,2021,20210302,-1.8,5.8,7.0,2,0.0,0.8,203,2021-03-02,3.2,81.4
61,3,2.4,0.0,2021,20210303,-3.9,4.9,9.4,3,0.0,0.8,203,2021-03-03,9.3,76.9
62,3,4.5,0.0,2021,20210304,-1.0,6.9,10.8,4,0.0,0.5,203,2021-03-04,0.4,78.5
63,3,7.7,0.0,2021,20210305,-1.4,1.1,17.9,5,0.0,1.1,203,2021-03-05,9.4,72.8
64,3,5.8,0.0,2021,20210306,2.6,8.5,11.9,6,0.0,1.5,203,2021-03-06,3.3,71.6
65,3,5.6,0.0,2021,20210307,-0.1,4.6,11.5,7,0.0,1.2,203,2021-03-07,6.4,69.0
66,3,6.0,0.0,2021,20210308,-1.6,1.0,14.5,8,0.0,0.8,203,2021-03-08,8.1,68.0
67,3,6.2,0.0,2021,20210309,-0.6,3.5,14.4,9,0.0,1.5,203,2021-03-09,8.4,62.3
68,3,7.5,0.0,2021,20210310,-2.3,0.0,16.8,10,0.0,0.9,203,2021-03-10,9.6,61.0
69,3,9.3,0.0,2021,20210311,-0.6,7.0,17.6,11,0.0,0.8,203,2021-03-11,8.3,55.6
70,3,8.8,1.9,2021,20210312,6.6,7.0,11.5,12,0.0,0.9,203,2021-03-12,0.0,70.5
71,3,9.3,0.0,2021,20210313,3.0,4.9,15.8,13,0.0,1.3,203,2021-03-13,8.3,65.5
72,3,9.0,0.0,2021,20210314,4.1,4.5,14.9,14,0.0,1.5,203,2021-03-14,4.6,69.9
73,3,10.0,0.3,2021,20210315,1.2,6.9,17.4,15,0.0,1.3,203,2021-03-15,5.3,70.0
74,3,9.7,1.0,2021,20210316,4.3,1.8,16.4,16,0.0,2.5,203,2021-03-16,10.0,53.6
75,3,7.9,0.0,2021,20210317,-1.2,1.5,17.3,17,0.0,1.0,203,2021-03-17,9.7,56.8
76,3,11.1,0.0,2021,20210318,0.8,5.1,19.0,18,0.0,0.9,203,2021-03-18,8.4,58.5
77,3,14.2,0.0,2021,20210319,10.1,5.0,19.5,19,0.0,1.7,203,2021-03-19,8.4,48.5
78,3,8.9,4.7,2021,20210320,7.0,0.0,12.0,20,0.0,1.1,203,2021-03-20,0.0,83.6
79,3,6.3,0.0,2021,20210321,3.8,5.9,11.0,21,0.0,2.9,203,2021-03-21,4.0,68.5
80,3,6.2,0.0,2021,20210322,0.6,1.5,12.4,22,0.0,0.0,203,2021-03-22,10.1,52.0
81,3,8.4,0.0,2021,20210323,-1.8,0.9,18.2,23,0.0,2.0,203,2021-03-23,9.3,61.0
82,3,9.3,0.0,2021,20210324,0.6,3.9,18.0,24,0.0,1.2,203,2021-03-24,7.0,60.3
83,3,12.1,0.0,2021,20210325,4.6,2.0,20.8,25,0.0,1.5,203,2021-03-25,10.2,63.8
84,3,12.3,0.0,2021,20210326,2.7,5.4,21.3,26,0.0,0.7,203,2021-03-26,8.0,53.4
85,3,11.0,19.5,2021,20210327,5.8,9.8,16.1,27,0.0,0.7,203,2021-03-27,0.1,78.1
86,3,10.0,2.9,2021,20210328,8.6,9.1,13.4,28,0.0,2.2,203,2021-03-28,0.0,96.6
87,3,11.1,0.3,2021,20210329,8.0,4.1,16.8,29,0.0,2.4,203,2021-03-29,7.7,57.4
88,3,10.9,0.0,2021,20210330,0.3,0.6,19.9,30,0.0,1.3,203,2021-03-30,10.6,46.4
89,3,12.8,0.0,2021,20210331,1.0,2.5,23.3,31,0.0,0.6,203,2021-03-31,10.6,46.4
90,4,15.0,0.0,2021,20210401,4.9,5.0,23.3,1,0.0,2.1,203,2021-04-01,8.5,40.9
91,4,16.5,0.0,2021,20210402,6.9,7.5,23.4,2,0.0,1.5,203,2021-04-02,3.3,45.5
92,4,13.9,46.6,2021,20210403,10.2,0.0,17.0,3,0.0,1.1,203,2021-04-03,0.0,88.4
93,4,10.7,1.4,2021,20210404,6.6,6.7,15.4,4,0.0,1.9,203,2021-04-04,1.9,73.1
94,4,10.7,0.0,2021,20210405,1.6,1.6,18.1,5,0.0,0.9,203,2021-04-05,11.2,52.3
95,4,13.1,0.0,2021,20210406,5.6,3.4,21.4,6,0.0,1.5,203,2021-04-06,9.6,53.5
96,4,13.3,0.0,2021,20210407,4.2,0.4,21.8,7,0.0,1.7,203,2021-04-07,10.2,49.8
97,4,12.4,0.0,2021,20210408,3.5,0.6,19.6,8,0.0,1.6,203,2021-04-08,11.1,44.6
98,4,11.7,0.0,2021,20210409,3.3,2.3,18.9,9,0.0,1.5,203,2021-04-09,10.5,49.5
99,4,11.5,0.0,2021,20210410,3.1,1.5,19.6,10,0.0,1.3,203,2021-04-10,10.4,53.5
100,4,13.9,0.0,2021,20210411,3.8,2.3,22.2,11,0.0,0.7,203,2021-04-11,10.4,50.8
101,4,12.6,19.9,2021,20210412,10.5,8.8,17.7,12,0.0,0.9,203,2021-04-12,0.0,80.6
102,4,11.0,3.7,2021,20210413,5.7,6.9,15.7,13,0.0,2.7,203,2021-04-13,8.1,78.3
103,4,8.7,0.0,2021,20210414,2.5,1.1,16.4,14,0.0,2.0,203,2021-04-14,11.5,54.9
104,4,10.5,0.0,2021,20210415,1.8,4.1,18.5,15,0.0,1.1,203,2021-04-15,11.0,59.6
105,4,10.3,0.0,2021,20210416,6.6,7.6,15.1,16,0.0,1.4,203,2021-04-16,1.2,72.6
106,4,8.7,0.0,2021,20210417,2.9,5.3,15.3,17,0.0,1.7,203,2021-04-17,5.8,63.8
107,4,10.3,0.0,2021,20210418,4.6,2.8,16.9,18,0.0,2.1,203,2021-04-18,9.3,60.3
108,4,12.4,0.0,2021,20210419,1.9,0.8,21.6,19,0.0,1.6,203,2021-04-19,11.5,60.5
109,4,14.5,0.0,2021,20210420,5.0,2.3,24.9,20,0.0,1.2,203,2021-04-20,10.6,56.3
110,4,18.5,0.0,2021,20210421,6.7,3.6,28.5,21,0.0,0.9,203,2021-04-21,10.9,45.1
111,4,20.6,0.0,2021,20210422,14.2,9.5,28.1,22,0.0,1.4,203,2021-04-22,2.0,41.8
112,4,18.6,0.0,2021,20210423,14.7,9.4,22.6,23,0.0,1.7,203,2021-04-23,0.0,39.5
113,4,17.3,0.0,2021,20210424,12.4,6.0,23.1,24,0.0,1.0,203,2021-04-24,3.3,43.8
114,4,16.4,0.0,2021,20210425,8.5,0.6,23.8,25,0.0,1.3,203,2021-04-25,11.4,57.3
115,4,16.1,0.0,2021,20210426,6.9,3.6,22.8,26,0.0,1.4,203,2021-04-26,10.7,43.5
116,4,15.6,0.0,2021,20210427,10.8,8.9,20.5,27,0.0,1.4,203,2021-04-27,1.0,64.4
117,4,15.8,0.6,2021,20210428,11.7,7.1,22.1,28,0.0,1.6,203,2021-04-28,5.9,61.0
118,4,13.6,4.3,2021,20210429,8.7,9.0,20.2,29,0.0,1.1,203,2021-04-29,2.9,64.9
119,4,11.1,17.8,2021,20210430,8.1,9.8,14.6,30,0.0,1.9,203,2021-04-30,0.3,86.1
120,5,10.9,0.9,2021,20210501,8.8,8.9,14.7,1,0.0,1.6,203,2021-05-01,1.5,79.5
121,5,12.6,2.6,2021,20210502,7.4,3.1,20.2,2,0.0,1.7,203,2021-05-02,9.2,66.8
122,5,13.8,0.0,2021,20210503,5.0,2.5,22.0,3,0.0,1.3,203,2021-05-03,10.9,61.8
123,5,13.9,13.6,2021,20210504,9.6,9.8,17.1,4,0.0,0.6,203,2021-05-04,0.1,89.1
124,5,14.6,1.0,2021,20210505,9.2,2.5,19.6,5,0.0,2.4,203,2021-05-05,11.3,59.8
125,5,13.9,0.0,2021,20210506,3.9,5.4,23.6,6,0.0,1.2,203,2021-05-06,9.7,61.1
126,5,12.9,7.5,2021,20210507,8.1,5.0,18.1,7,0.0,1.9,203,2021-05-07,6.1,70.1
127,5,14.3,0.0,2021,20210508,6.7,2.9,22.7,8,0.0,2.3,203,2021-05-08,9.3,67.0
128,5,15.7,0.0,2021,20210509,9.2,0.1,22.9,9,0.0,2.4,203,2021-05-09,11.4,49.5
129,5,10.6,7.1,2021,20210510,7.8,8.6,12.4,10,0.0,0.9,203,2021-05-10,0.0,93.8
130,5,16.8,0.0,2021,20210511,7.9,6.3,25.0,11,0.0,1.6,203,2021-05-11,10.1,58.0
131,5,18.9,0.0,2021,20210512,9.6,3.6,26.5,12,0.0,0.8,203,2021-05-12,10.6,53.3
132,5,21.4,0.0,2021,20210513,11.8,0.3,29.4,13,0.0,0.9,203,2021-05-13,11.1,62.0
133,5,22.7,0.0,2021,20210514,14.6,7.0,29.6,14,0.0,0.8,203,2021-05-14,9.1,68.8
134,5,20.6,14.4,2021,20210515,18.9,9.5,22.3,15,0.0,0.6,203,2021-05-15,0.0,93.5
135,5,18.3,33.2,2021,20210516,13.4,7.6,21.6,16,0.0,1.3,203,2021-05-16,0.0,100.0
136,5,14.9,10.6,2021,20210517,12.7,7.5,16.6,17,0.0,0.7,203,2021-05-17,0.0,100.0
137,5,17.4,0.0,2021,20210518,13.3,4.1,23.9,18,0.0,1.0,203,2021-05-18,6.3,81.9
138,5,19.3,0.0,2021,20210519,10.1,4.1,27.8,19,0.0,0.9,203,2021-05-19,10.3,64.0
139,5,17.3,6.3,2021,20210520,14.3,9.6,22.3,20,0.0,1.2,203,2021-05-20,0.0,77.6
140,5,15.3,10.6,2021,20210521,14.0,6.9,18.2,21,0.0,1.3,203,2021-05-21,0.0,94.8
141,5,18.8,0.0,2021,20210522,13.0,2.0,26.1,22,0.0,1.6,203,2021-05-22,10.6,72.4
142,5,19.3,0.0,2021,20210523,11.7,6.6,25.9,23,0.0,0.9,203,2021-05-23,5.9,70.3
143,5,19.2,0.0,2021,20210524,14.6,3.9,26.2,24,0.0,1.5,203,2021-05-24,7.7,56.8
144,5,14.8,3.9,2021,20210525,11.3,3.5,19.9,25,0.0,1.8,203,2021-05-25,6.0,75.3
145,5,15.8,4.4,2021,20210526,8.5,7.8,23.4,26,0.0,1.0,203,2021-05-26,5.4,75.5
146,5,15.1,4.7,2021,20210527,12.3,6.5,18.1,27,0.0,1.2,203,2021-05-27,0.8,89.5
147,5,14.2,20.7,2021,20210528,11.1,8.9,18.6,28,0.0,1.5,203,2021-05-28,1.8,91.3
148,5,16.0,0.0,2021,20210529,11.6,5.9,21.9,29,0.0,1.4,203,2021-05-29,4.9,77.5
149,5,17.5,9.0,2021,20210530,10.7,6.1,26.1,30,0.0,1.0,203,2021-05-30,8.6,81.5
150,5,19.5,14.3,2021,20210531,16.0,5.9,24.4,31,0.0,0.8,203,2021-05-31,1.9,84.1
151,6,21.1,0.4,2021,20210601,16.4,8.9,26.0,1,0.0,1.0,203,2021-06-01,4.0,78.8
152,6,23.0,0.0,2021,20210602,15.5,3.3,29.8,2,0.0,0.8,203,2021-06-02,11.2,68.9
153,6,18.7,12.5,2021,20210603,14.5,9.1,23.1,3,0.0,0.9,203,2021-06-03,1.0,91.3
154,6,18.2,0.2,2021,20210604,12.4,2.9,25.0,4,0.0,1.6,203,2021-06-04,8.9,71.8
155,6,19.3,0.0,2021,20210605,12.4,3.4,26.3,5,0.0,1.3,203,2021-06-05,6.3,76.9
156,6,21.7,0.0,2021,20210606,15.5,3.4,27.3,6,0.0,1.1,203,2021-06-06,6.9,78.5
157,6,20.0,0.0,2021,20210607,15.7,6.8,25.6,7,0.0,0.6,203,2021-06-07,1.2,80.8
158,6,23.0,0.0,2021,20210608,16.7,6.5,29.5,8,0.0,0.6,203,2021-06-08,9.2,70.4
159,6,24.8,0.0,2021,20210609,17.8,5.1,31.9,9,0.0,0.6,203,2021-06-09,11.0,68.0
160,6,24.0,2.2,2021,20210610,19.1,8.5,30.6,10,0.0,1.2,203,2021-06-10,4.2,74.4
161,6,22.0,15.7,2021,20210611,19.1,6.4,27.0,11,0.0,1.5,203,2021-06-11,4.0,87.1
162,6,23.3,0.0,2021,20210612,17.5,4.9,30.7,12,0.0,0.7,203,2021-06-12,8.2,79.3
163,6,24.9,0.0,2021,20210613,19.1,4.0,31.6,13,0.0,0.9,203,2021-06-13,9.9,75.6
164,6,24.7,0.0,2021,20210614,18.9,7.0,30.2,14,0.0,1.2,203,2021-06-14,8.8,75.6
165,6,22.3,1.2,2021,20210615,19.2,7.5,25.5,15,0.0,1.1,203,2021-06-15,1.6,81.6
166,6,23.2,0.0,2021,20210616,18.0,3.5,28.8,16,0.0,1.9,203,2021-06-16,9.7,66.6
167,6,20.8,0.1,2021,20210617,16.9,10.0,24.3,17,0.0,0.8,203,2021-06-17,0.0,78.9
168,6,20.7,1.4,2021,20210618,19.2,8.4,24.9,18,0.0,1.5,203,2021-06-18,0.6,91.0
169,6,22.4,0.0,2021,20210619,16.3,5.1,28.7,19,0.0,1.1,203,2021-06-19,9.4,74.8
170,6,23.1,0.0,2021,20210620,16.0,2.1,30.0,20,0.0,1.7,203,2021-06-20,11.2,74.1
171,6,23.5,0.0,2021,20210621,19.1,4.4,29.5,21,0.0,1.3,203,2021-06-21,9.2,69.1
172,6,22.0,0.0,2021,20210622,17.1,7.3,28.1,22,0.0,0.8,203,2021-06-22,4.6,72.1
173,6,20.7,0.0,2021,20210623,17.1,6.3,25.5,23,0.0,1.2,203,2021-06-23,2.9,82.0
174,6,22.6,0.0,2021,20210624,16.3,4.8,29.1,24,0.0,1.0,203,2021-06-24,8.3,75.6
175,6,23.8,0.0,2021,20210625,17.2,4.1,29.9,25,0.0,1.0,203,2021-06-25,7.5,72.0
176,6,21.2,5.3,2021,20210626,18.9,7.8,24.7,26,0.0,0.8,203,2021-06-26,0.8,89.9
177,6,23.8,0.0,2021,20210627,18.1,5.6,29.7,27,0.0,0.8,203,2021-06-27,6.7,76.5
178,6,23.8,0.1,2021,20210628,19.8,7.8,29.5,28,0.0,0.8,203,2021-06-28,3.4,79.0
179,6,23.7,10.5,2021,20210629,19.2,5.8,30.6,29,0.0,0.7,203,2021-06-29,4.7,83.4
180,6,23.5,2.1,2021,20210630,20.1,6.9,28.8,30,0.0,0.6,203,2021-06-30,1.2,86.6
181,7,25.1,0.0,2021,20210701,18.6,2.5,31.7,1,0.0,0.7,203,2021-07-01,10.9,76.8
182,7,24.8,0.0,2021,20210702,20.3,5.1,30.9,2,0.0,0.8,203,2021-07-02,5.9,76.3
183,7,21.7,58.9,2021,20210703,19.0,8.6,26.4,3,0.0,1.5,203,2021-07-03,0.5,87.0
184,7,21.8,20.4,2021,20210704,19.8,8.1,24.6,4,0.0,1.2,203,2021-07-04,0.0,96.5
185,7,22.9,0.1,2021,20210705,19.9,9.6,27.1,5,0.0,0.6,203,2021-07-05,0.6,86.6
186,7,24.5,1.7,2021,20210706,19.7,9.0,29.2,6,0.0,0.9,203,2021-07-06,3.6,86.8
187,7,25.1,24.5,2021,20210707,22.4,9.1,28.3,7,0.0,0.6,203,2021-07-07,1.3,90.5
188,7,26.5,5.6,2021,20210708,23.4,6.6,31.2,8,0.0,1.1,203,2021-07-08,5.9,82.6
189,7,24.9,8.0,2021,20210709,22.0,6.6,30.0,9,0.0,0.9,203,2021-07-09,4.3,86.0
190,7,25.3,2.9,2021,20210710,22.0,7.1,30.5,10,0.0,1.1,203,2021-07-10,5.6,84.8
191,7,23.8,5.8,2021,20210711,20.4,7.3,28.8,11,0.0,0.9,203,2021-07-11,0.7,95.3
192,7,25.4,0.0,2021,20210712,20.3,5.3,32.0,12,0.0,0.5,203,2021-07-12,4.8,88.0
193,7,27.9,0.0,2021,20210713,23.2,6.0,33.4,13,0.0,0.9,203,2021-07-13,6.6,82.6
194,7,28.3,0.0,2021,20210714,24.2,5.1,33.2,14,0.0,1.0,203,2021-07-14,7.5,80.6
195,7,26.9,0.0,2021,20210715,22.3,4.4,34.2,15,0.0,0.8,203,2021-07-15,6.4,85.3
196,7,25.9,0.8,2021,20210716,21.1,5.3,34.0,16,0.0,0.7,203,2021-07-16,8.6,83.6
197,7,26.9,1.3,2021,20210717,21.7,5.6,32.7,17,0.0,1.2,203,2021-07-17,6.8,79.0
198,7,27.4,0.0,2021,20210718,22.1,6.5,33.1,18,0.0,1.1,203,2021-07-18,7.9,76.8
199,7,25.9,1.5,2021,20210719,22.4,8.0,32.2,19,0.0,0.7,203,2021-07-19,2.3,85.9
200,7,26.6,0.0,2021,20210720,21.9,7.3,31.9,20,0.0,0.4,203,2021-07-20,3.0,83.9
201,7,28.2,0.0,2021,20210721,21.8,4.8,34.5,21,0.0,0.7,203,2021-07-21,11.3,76.0
202,7,28.7,0.0,2021,20210722,22.6,3.4,35.0,22,0.0,1.0,203,2021-07-22,10.9,71.8
203,7,28.5,0.0,2021,20210723,22.3,1.9,35.0,23,0.0,0.9,203,2021-07-23,11.0,72.1
204,7,29.0,0.0,2021,20210724,23.2,3.6,36.0,24,0.0,1.0,203,2021-07-24,10.8,70.3
205,7,29.2,0.0,2021,20210725,22.4,4.5,34.6,25,0.0,1.3,203,2021-07-25,10.6,69.9
206,7,29.0,0.0,2021,20210726,22.5,2.1,34.3,26,0.0,1.1,203,2021-07-26,10.8,70.4
207,7,29.2,1.6,2021,20210727,23.8,3.6,35.2,27,0.0,0.8,203,2021-07-27,10.1,73.9
208,7,28.8,0.0,2021,20210728,23.4,3.5,35.0,28,0.0,0.7,203,2021-07-28,10.8,75.4
209,7,28.4,0.0,2021,20210729,23.4,6.0,34.0,29,0.0,0.8,203,2021-07-29,5.8,76.9
210,7,29.1,0.0,2021,20210730,23.5,4.5,34.8,30,0.0,1.1,203,2021-07-30,9.4,69.8
211,7,29.3,1.6,2021,20210731,25.2,4.8,35.2,31,0.0,1.0,203,2021-07-31,6.7,74.6
212,8,27.2,2.2,2021,20210801,23.8,8.6,33.0,1,0.0,0.8,203,2021-08-01,0.6,83.3
213,8,25.6,6.1,2021,20210802,23.9,9.1,29.0,2,0.0,0.5,203,2021-08-02,1.4,93.4
214,8,27.1,0.0,2021,20210803,23.2,8.8,32.1,3,0.0,0.7,203,2021-08-03,2.6,86.6
215,8,28.4,0.0,2021,20210804,24.7,6.3,33.7,4,0.0,1.0,203,2021-08-04,7.6,75.3
216,8,28.9,0.0,2021,20210805,23.8,5.6,35.1,5,0.0,0.6,203,2021-08-05,6.3,74.0
217,8,27.4,0.5,2021,20210806,23.4,7.0,34.9,6,0.0,0.9,203,2021-08-06,7.7,79.6
218,8,27.3,0.0,2021,20210807,21.9,5.6,34.1,7,0.0,0.7,203,2021-08-07,7.6,76.1
219,8,25.1,21.1,2021,20210808,22.1,9.0,30.5,8,0.0,0.7,203,2021-08-08,1.5,89.1
220,8,26.8,0.0,2021,20210809,20.8,8.0,33.1,9,0.0,1.2,203,2021-08-09,8.9,71.0
221,8,23.7,10.9,2021,20210810,20.3,4.9,30.5,10,0.0,0.9,203,2021-08-10,6.1,86.0
222,8,26.2,0.0,2021,20210811,21.3,5.5,32.0,11,0.0,0.5,203,2021-08-11,7.0,80.0
223,8,25.8,0.0,2021,20210812,21.5,6.5,30.8,12,0.0,0.5,203,2021-08-12,4.5,84.1
224,8,25.3,0.0,2021,20210813,21.8,8.9,29.2,13,0.0,0.7,203,2021-08-13,1.0,83.9
225,8,24.8,0.0,2021,20210814,21.7,8.6,30.0,14,0.0,1.4,203,2021-08-14,3.3,72.6
226,8,25.3,0.0,2021,20210815,18.6,2.4,31.3,15,0.0,0.8,203,2021-08-15,10.7,70.9
227,8,25.1,0.0,2021,20210816,19.3,2.5,31.0,16,0.0,1.1,203,2021-08-16,8.1,71.1
228,8,24.3,0.0,2021,20210817,19.0,7.4,30.8,17,0.0,1.4,203,2021-08-17,6.4,69.9
229,8,22.8,8.2,2021,20210818,19.2,7.8,30.2,18,0.0,1.0,203,2021-08-18,4.0,82.0
230,8,23.9,0.1,2021,20210819,18.2,7.4,30.8,19,0.0,1.0,203,2021-08-19,6.9,72.1
231,8,25.4,0.0,2021,20210820,19.9,7.7,30.4,20,0.0,1.1,203,2021-08-20,4.7,73.6
232,8,23.8,29.3,2021,20210821,21.6,7.4,27.4,21,0.0,1.8,203,2021-08-21,0.7,88.3
233,8,24.0,0.1,2021,20210822,20.3,8.3,28.0,22,0.0,1.4,203,2021-08-22,0.4,81.0
234,8,21.0,19.9,2021,20210823,19.8,9.9,22.6,23,0.0,0.7,203,2021-08-23,0.0,98.9
235,8,23.6,14.1,2021,20210824,20.2,0.0,26.9,24,0.0,1.5,203,2021-08-24,0.1,93.8
236,8,23.1,3.7,2021,20210825,20.4,7.7,25.2,25,0.0,1.0,203,2021-08-25,0.0,95.4
237,8,24.3,0.0,2021,20210826,20.1,8.9,28.6,26,0.0,1.1,203,2021-08-26,0.9,88.5
238,8,21.9,2.2,2021,20210827,18.6,8.0,25.4,27,0.0,0.5,203,2021-08-27,0.0,96.6
239,8,22.5,0.0,2021,20210828,18.9,8.6,26.5,28,0.0,0.8,203,2021-08-28,1.8,87.3
240,8,22.0,6.7,2021,20210829,18.5,7.9,27.4,29,0.0,0.6,203,2021-08-29,4.9,87.4
241,8,22.5,0.0,2021,20210830,19.4,7.8,26.5,30,0.0,0.5,203,2021-08-30,0.0,90.0
242,8,19.8,43.4,2021,20210831,17.5,8.8,22.8,31,0.0,0.8,203,2021-08-31,0.0,98.4
243,9,20.0,83.9,2021,20210901,18.1,8.8,22.3,1,0.0,1.1,203,2021-09-01,0.0,97.0
244,9,22.3,0.0,2021,20210902,19.0,6.4,26.5,2,0.0,0.9,203,2021-09-02,1.2,80.5
245,9,23.0,0.0,2021,20210903,18.6,3.5,28.8,3,0.0,0.9,203,2021-09-03,9.1,73.5
246,9,21.1,0.0,2021,20210904,15.2,6.6,27.8,4,0.0,0.9,203,2021-09-04,8.0,71.1
247,9,20.7,0.0,2021,20210905,14.7,8.1,27.5,5,0.0,0.8,203,2021-09-05,3.0,75.5
248,9,20.7,14.2,2021,20210906,16.2,9.4,26.4,6,0.0,1.2,203,2021-09-06,1.6,80.0
249,9,19.6,21.3,2021,20210907,17.2,9.6,21.5,7,0.0,0.9,203,2021-09-07,0.0,99.6
250,9,22.2,1.8,2021,20210908,18.6,2.6,28.1,8,0.0,0.9,203,2021-09-08,5.4,84.1
251,9,20.4,0.0,2021,20210909,16.3,6.8,27.6,9,0.0,0.4,203,2021-09-09,4.3,88.8
252,9,22.2,0.0,2021,20210910,17.0,6.0,28.5,10,0.0,0.7,203,2021-09-10,5.4,84.4
253,9,22.9,0.0,2021,20210911,18.6,3.8,29.1,11,0.0,0.5,203,2021-09-11,6.2,83.5
254,9,22.4,0.0,2021,20210912,17.5,2.9,29.8,12,0.0,0.5,203,2021-09-12,7.5,81.4
255,9,22.6,0.0,2021,20210913,17.7,7.1,29.6,13,0.0,1.1,203,2021-09-13,6.1,80.1
256,9,21.2,0.0,2021,20210914,16.2,4.9,27.9,14,0.0,0.8,203,2021-09-14,5.9,79.5
257,9,21.1,0.0,2021,20210915,15.3,1.3,28.7,15,0.0,1.4,203,2021-09-15,9.1,70.3
258,9,20.9,0.0,2021,20210916,13.7,4.9,28.0,16,0.0,1.2,203,2021-09-16,7.1,72.9
259,9,20.4,1.1,2021,20210917,16.2,5.3,26.1,17,0.0,1.1,203,2021-09-17,4.3,81.4
260,9,21.5,0.0,2021,20210918,14.3,1.8,28.8,18,0.0,0.6,203,2021-09-18,8.3,77.9
261,9,21.3,0.0,2021,20210919,16.7,6.5,27.4,19,0.0,0.6,203,2021-09-19,5.6,79.5
262,9,21.8,0.0,2021,20210920,14.9,4.4,28.9,20,0.0,1.3,203,2021-09-20,8.3,73.6
263,9,21.5,59.1,2021,20210921,19.2,8.3,25.4,21,0.0,1.2,203,2021-09-21,1.9,89.9
264,9,20.2,20.5,2021,20210922,16.8,4.8,26.1,22,0.0,1.6,203,2021-09-22,5.3,82.0
265,9,19.9,0.0,2021,20210923,15.0,5.0,24.5,23,0.0,1.1,203,2021-09-23,3.7,73.9
266,9,19.7,0.0,2021,20210924,14.2,3.1,27.2,24,0.0,0.7,203,2021-09-24,7.2,81.5
267,9,19.4,0.0,2021,20210925,15.2,8.6,23.2,25,0.0,0.6,203,2021-09-25,0.0,88.0
268,9,20.7,0.0,2021,20210926,16.2,7.3,26.6,26,0.0,0.9,203,2021-09-26,6.9,76.3
269,9,19.4,0.1,2021,20210927,14.7,8.5,25.6,27,0.0,0.6,203,2021-09-27,2.4,83.6
270,9,20.6,2.8,2021,20210928,17.2,9.0,25.4,28,0.0,0.9,203,2021-09-28,0.8,84.9
271,9,20.1,17.3,2021,20210929,18.3,9.0,22.9,29,0.0,0.7,203,2021-09-29,0.0,98.9
272,9,20.1,0.0,2021,20210930,15.7,3.1,27.4,30,0.0,0.5,203,2021-09-30,7.6,85.9
273,10,19.2,2.7,2021,20211001,14.4,0.0,27.1,1,0.0,0.8,203,2021-10-01,5.5,83.9
274,10,19.6,3.3,2021,20211002,14.9,2.3,25.9,2,0.0,0.7,203,2021-10-02,7.8,85.6
275,10,20.0,0.0,2021,20211003,14.6,5.3,28.6,3,0.0,0.6,203,2021-10-03,5.8,85.3
276,10,21.4,0.0,2021,20211004,15.3,8.5,26.9,4,0.0,1.1,203,2021-10-04,0.4,85.6
277,10,23.8,0.0,2021,20211005,20.4,7.0,28.3,5,0.0,1.7,203,2021-10-05,5.0,76.8
278,10,18.8,7.2,2021,20211006,16.6,8.5,22.4,6,0.0,1.1,203,2021-10-06,0.2,95.3
279,10,19.1,4.4,2021,20211007,16.8,8.6,21.8,7,0.0,0.4,203,2021-10-07,0.0,97.1
280,10,19.1,1.9,2021,20211008,17.7,9.6,21.2,8,0.0,0.4,203,2021-10-08,0.0,98.8
281,10,20.9,0.2,2021,20211009,17.5,8.0,26.9,9,0.0,0.6,203,2021-10-09,2.5,90.6
282,10,20.7,14.3,2021,20211010,15.7,7.1,27.5,10,0.0,1.0,203,2021-10-10,1.2,91.4
283,10,16.2,0.7,2021,20211011,13.3,8.8,19.5,11,0.0,0.8,203,2021-10-11,2.1,79.0
284,10,16.5,0.0,2021,20211012,14.1,5.8,18.9,12,0.0,0.9,203,2021-10-12,0.0,82.4
285,10,18.0,0.0,2021,20211013,12.3,2.3,24.9,13,0.0,1.0,203,2021-10-13,7.1,79.8
286,10,18.5,0.0,2021,20211014,14.1,6.4,24.4,14,0.0,0.8,203,2021-10-14,5.1,81.0
287,10,17.6,0.9,2021,20211015,15.5,9.8,21.3,15,0.0,0.6,203,2021-10-15,0.2,90.0
288,10,11.5,1.3,2021,20211016,3.5,8.4,16.4,16,0.0,1.4,203,2021-10-16,0.5,57.3
289,10,5.6,0.0,2021,20211017,1.1,0.0,11.9,17,0.0,1.2,203,2021-10-17,9.4,47.3
290,10,7.8,0.0,2021,20211018,-0.9,4.3,16.6,18,0.0,0.7,203,2021-10-18,8.7,72.6
291,10,10.0,4.0,2021,20211019,5.3,5.1,16.7,19,0.0,0.8,203,2021-10-19,4.4,82.8
292,10,7.3,0.0,2021,20211020,1.0,3.0,15.1,20,0.0,0.6,203,2021-10-20,6.6,82.0
293,10,7.5,0.0,2021,20211021,0.7,4.3,15.8,21,0.0,0.5,203,2021-10-21,5.5,82.1
294,10,8.4,0.0,2021,20211022,1.9,3.9,17.3,22,0.0,0.6,203,2021-10-22,6.0,80.1
295,10,8.5,0.0,2021,20211023,1.3,2.5,18.4,23,0.0,0.7,203,2021-10-23,8.4,78.8
296,10,8.3,0.0,2021,20211024,1.3,1.9,17.4,24,0.0,0.5,203,2021-10-24,7.3,83.3
297,10,8.5,0.0,2021,20211025,1.9,2.9,17.9,25,0.0,0.5,203,2021-10-25,7.2,80.0
298,10,9.1,0.0,2021,20211026,2.5,5.6,17.8,26,0.0,0.5,203,2021-10-26,5.9,85.9
299,10,11.3,0.0,2021,20211027,5.5,2.3,19.7,27,0.0,0.9,203,2021-10-27,7.3,70.9
300,10,9.3,0.0,2021,20211028,2.2,0.4,18.8,28,0.0,0.6,203,2021-10-28,8.8,74.1
301,10,11.2,0.0,2021,20211029,4.7,2.9,19.7,29,0.0,0.6,203,2021-10-29,8.5,72.9
302,10,10.7,0.0,2021,20211030,6.2,6.6,17.0,30,0.0,0.4,203,2021-10-30,0.9,82.8
303,10,12.5,0.0,2021,20211031,6.5,4.6,19.7,31,0.0,0.7,203,2021-10-31,8.0,81.8
304,11,11.2,0.0,2021,20211101,7.3,5.1,19.1,1,0.0,0.8,203,2021-11-01,4.4,83.3
305,11,9.2,0.0,2021,20211102,3.9,6.1,17.0,2,0.0,0.7,203,2021-11-02,4.4,85.5
306,11,10.2,0.0,2021,20211103,3.6,3.9,18.1,3,0.0,0.7,203,2021-11-03,6.5,77.0
307,11,10.2,0.0,2021,20211104,4.6,3.4,17.6,4,0.0,0.5,203,2021-11-04,4.3,85.0
308,11,9.2,0.0,2021,20211105,4.8,4.1,18.9,5,0.0,0.4,203,2021-11-05,5.1,82.9
309,11,11.5,0.0,2021,20211106,3.9,2.8,21.1,6,0.0,0.4,203,2021-11-06,8.5,72.8
310,11,13.1,0.0,2021,20211107,4.7,5.8,21.3,7,0.0,1.2,203,2021-11-07,6.4,68.6
311,11,8.0,26.4,2021,20211108,4.1,6.9,12.8,8,0.0,1.5,203,2021-11-08,0.1,90.6
312,11,4.9,8.2,2021,20211109,3.2,9.4,6.9,9,0.0,1.0,203,2021-11-09,0.2,93.6
313,11,4.4,0.0,2021,20211110,0.1,5.1,8.4,10,0.0,1.4,203,2021-11-10,0.8,76.0
314,11,5.5,0.0,2021,20211111,1.3,2.9,11.0,11,0.0,1.6,203,2021-11-11,5.3,63.3
315,11,4.4,0.0,2021,20211112,-0.7,0.0,10.0,12,0.0,1.3,203,2021-11-12,7.7,60.3
316,11,4.8,0.0,2021,20211113,-2.8,2.0,13.1,13,0.0,0.5,203,2021-11-13,7.0,79.6
317,11,9.4,0.0,2021,20211114,3.8,5.1,17.1,14,0.0,0.8,203,2021-11-14,5.0,76.9
318,11,6.9,0.0,2021,20211115,0.1,4.5,14.8,15,0.0,0.5,203,2021-11-15,3.6,81.8
319,11,6.5,0.0,2021,20211116,0.3,1.6,15.1,16,0.0,0.8,203,2021-11-16,8.2,73.6
320,11,5.6,0.0,2021,20211117,-1.7,3.6,13.4,17,0.0,0.8,203,2021-11-17,7.7,68.8
321,11,10.0,0.0,2021,20211118,2.5,7.8,15.5,18,0.0,0.9,203,2021-11-18,2.1,74.6
322,11,12.1,0.0,2021,20211119,8.9,7.5,16.9,19,0.0,1.0,203,2021-11-19,1.0,86.8
323,11,9.3,0.0,2021,20211120,5.6,7.0,15.1,20,0.0,0.6,203,2021-11-20,2.4,91.1
324,11,8.4,0.5,2021,20211121,4.3,9.0,12.6,21,0.0,0.4,203,2021-11-21,0.0,89.3
325,11,3.8,1.4,2021,20211122,-0.2,4.3,10.1,22,0.0,2.5,203,2021-11-22,4.8,60.8
326,11,0.4,0.0,2021,20211123,-3.8,2.3,3.2,23,0.0,1.8,203,2021-11-23,2.6,61.6
327,11,2.3,0.2,2021,20211124,-2.9,3.0,7.7,24,0.0,1.1,203,2021-11-24,1.9,80.5
328,11,4.8,0.6,2021,20211125,-0.3,1.1,11.3,25,0.0,0.9,203,2021-11-25,7.1,69.9
329,11,3.4,0.0,2021,20211126,-1.8,1.1,9.6,26,0.0,1.3,203,2021-11-26,7.2,59.1
330,11,0.9,0.0,2021,20211127,-5.2,0.0,8.7,27,0.0,0.6,203,2021-11-27,8.7,68.5
331,11,2.3,0.0,2021,20211128,-5.6,3.8,11.1,28,0.0,0.5,203,2021-11-28,7.8,69.6
332,11,3.9,0.0,2021,20211129,-2.8,5.8,12.2,29,0.0,0.5,203,2021-11-29,6.8,76.8
333,11,4.1,27.6,2021,20211130,0.9,8.4,8.7,30,0.0,2.0,203,2021-11-30,0.0,85.8
334,12,-0.6,0.0,2021,20211201,-3.9,0.3,2.2,1,0.0,2.9,203,2021-12-01,8.5,49.6
335,12,0.4,0.0,2021,20211202,-8.0,4.4,6.4,2,0.0,1.4,203,2021-12-02,6.3,70.9
336,12,2.1,1.1,2021,20211203,-1.7,2.3,5.8,3,0.0,1.6,203,2021-12-03,8.5,56.3
337,12,1.4,0.0,2021,20211204,-4.9,1.3,8.1,4,0.0,1.1,203,2021-12-04,6.9,55.9
338,12,0.9,0.0,2021,20211205,-5.5,0.0,9.0,5,0.0,0.5,203,2021-12-05,8.6,69.9
339,12,2.7,0.0,2021,20211206,-4.4,3.1,11.3,6,0.0,0.4,203,2021-12-06,7.8,72.9
340,12,4.5,0.0,2021,20211207,-2.2,1.3,12.6,7,0.0,0.6,203,2021-12-07,7.9,78.9
341,12,3.9,0.0,2021,20211208,-2.0,2.5,11.9,8,0.0,0.6,203,2021-12-08,8.6,82.8
342,12,2.6,0.0,2021,20211209,-2.7,7.9,8.4,9,0.0,0.4,203,2021-12-09,1.8,85.8
343,12,0.0,0.3,2021,20211210,0.0,8.3,0.0,10,0.0,0.4,203,2021-12-10,0.0,92.8
344,12,4.7,0.0,2021,20211211,0.8,8.0,9.3,11,0.0,0.6,203,2021-12-11,0.5,91.5
345,12,1.5,0.0,2021,20211212,-4.0,2.6,7.6,12,0.0,1.7,203,2021-12-12,7.1,60.6
346,12,-2.4,0.0,2021,20211213,-7.2,1.0,2.9,13,0.0,1.2,203,2021-12-13,8.6,45.4
347,12,1.0,1.1,2021,20211214,-4.1,7.3,5.6,14,0.0,0.6,203,2021-12-14,1.9,70.9
348,12,4.4,2.2,2021,20211215,1.2,7.1,9.1,15,0.0,0.5,203,2021-12-15,0.0,96.4
349,12,3.4,0.0,2021,20211216,1.3,8.9,6.4,16,0.0,0.4,203,2021-12-16,0.0,100.0
350,12,-3.9,0.0,2021,20211217,-9.8,1.3,4.1,17,0.0,3.1,203,2021-12-17,8.4,45.9
351,12,-6.2,0.4,2021,20211218,-12.3,3.8,-0.9,18,0.0,1.0,203,2021-12-18,5.7,66.4
352,12,-1.0,0.7,2021,20211219,-5.7,0.8,4.2,19,0.0,1.2,203,2021-12-19,7.9,68.4
353,12,4.0,0.0,2021,20211220,-3.9,6.6,10.3,20,0.0,0.8,203,2021-12-20,2.7,77.8
354,12,4.9,0.0,2021,20211221,-0.1,5.1,12.2,21,0.0,1.1,203,2021-12-21,5.1,67.5
355,12,1.1,0.0,2021,20211222,-6.1,0.0,8.5,22,0.0,0.7,203,2021-12-22,8.3,56.4
356,12,0.1,0.0,2021,20211223,-6.0,1.8,7.8,23,0.0,0.4,203,2021-12-23,7.4,71.9
357,12,-0.6,0.0,2021,20211224,-5.3,7.3,3.9,24,0.0,1.0,203,2021-12-24,0.0,76.1
358,12,-9.4,0.0,2021,20211225,-13.5,0.0,-5.3,25,0.0,2.4,203,2021-12-25,8.5,39.9
359,12,-10.9,0.0,2021,20211226,-15.9,0.5,-5.2,26,0.0,1.5,203,2021-12-26,8.5,40.8
360,12,-8.2,0.4,2021,20211227,-13.6,2.9,-3.7,27,0.0,0.9,203,2021-12-27,3.9,68.6
361,12,-4.8,0.0,2021,20211228,-7.2,4.8,-2.4,28,0.0,0.6,203,2021-12-28,0.0,87.6
362,12,-1.1,0.0,2021,20211229,-7.3,6.1,5.4,29,0.0,1.2,203,2021-12-29,1.8,78.6
363,12,-3.0,0.0,2021,20211230,-6.9,1.0,1.2,30,0.0,1.8,203,2021-12-30,5.9,50.0
364,12,-5.7,0.0,2021,20211231,-8.4,0.0,-0.8,31,0.0,1.9,203,2021-12-31,8.5,32.0
