,tmin,cloud,sunshine,tavg,wind,day,rainfall,date,humid,tmax,year,snow,Date,station_id,month
0,-13.9,0.0,3.5,-6.5,0.7,1,3.4,20130101,80.8,-0.8,2013,0.0,2013-01-01,203,1
1,-13.9,0.0,8.8,-10.1,2.3,2,0.1,20130102,41.0,-1.8,2013,0.0,2013-01-02,203,1
2,-17.7,0.0,8.9,-13.1,1.6,3,0.0,20130103,47.9,-6.8,2013,0.0,2013-01-03,203,1
3,-22.5,0.0,8.6,-14.5,0.6,4,0.0,20130104,61.8,-6.0,2013,0.0,2013-01-04,203,1
4,-20.5,0.0,7.7,-11.6,0.5,5,0.0,20130105,66.4,-4.0,2013,0.0,2013-01-05,203,1
5,-15.5,0.0,7.5,-8.3,0.8,6,0.0,20130106,66.9,0.4,2013,0.0,2013-01-06,203,1
6,-14.9,0.0,5.8,-7.5,0.8,7,0.0,20130107,67.0,0.1,2013,0.0,2013-01-07,203,1
7,-12.7,0.0,6.8,-6.3,0.8,8,0.0,20130108,59.6,1.7,2013,0.0,2013-01-08,203,1
8,-12.2,0.0,8.9,-8.5,1.4,9,0.0,20130109,40.9,-3.5,2013,0.0,2013-01-09,203,1
9,-19.0,0.0,8.9,-10.6,1.1,10,0.0,20130110,53.4,-1.7,2013,0.0,2013-01-10,203,1
10,-13.4,0.0,7.8,-6.6,0.6,11,0.0,20130111,63.3,0.1,2013,0.0,2013-01-11,203,1
11,-8.4,0.0,0.1,-2.2,0.7,12,0.0,20130112,72.3,3.4,2013,0.0,2013-01-12,203,1
12,-8.4,0.0,0.0,-3.4,0.5,13,0.0,20130113,76.3,3.1,2013,0.0,2013-01-13,203,1
13,-13.7,0.0,4.8,-5.0,0.9,14,0.0,20130114,70.9,3.1,2013,0.0,2013-01-14,203,1
14,-11.2,0.0,4.9,-5.0,0.5,15,0.0,20130115,74.3,2.3,2013,0.0,2013-01-15,203,1
15,-8.8,0.0,0.7,-3.8,1.0,16,0.0,20130116,76.5,1.4,2013,0.0,2013-01-16,203,1
16,-8.3,0.0,4.5,-5.1,1.4,17,0.0,20130117,66.0,-1.1,2013,0.0,2013-01-17,203,1
17,-14.9,0.0,7.3,-6.5,1.0,18,0.0,20130118,65.6,0.8,2013,0.0,2013-01-18,203,1
18,-6.8,0.0,6.0,-2.5,0.6,19,0.0,20130119,70.0,4.7,2013,0.0,2013-01-19,203,1
19,-8.4,0.0,0.8,-1.2,0.7,20,0.0,20130120,67.5,5.0,2013,0.0,2013-01-20,203,1
20,0.3,0.0,0.0,1.4,1.2,21,20.5,20130121,86.9,1.9,2013,0.0,2013-01-21,203,1
21,1.3,0.0,0.0,2.5,0.5,22,1.0,20130122,85.6,4.8,2013,0.0,2013-01-22,203,1
22,0.0,0.0,0.0,1.0,0.9,23,0.8,20130123,86.4,2.2,2013,0.0,2013-01-23,203,1
23,-5.5,0.0,1.5,-0.7,2.5,24,0.4,20130124,62.5,2.9,2013,0.0,2013-01-24,203,1
24,-9.5,0.0,9.1,-8.0,2.9,25,0.0,20130125,37.5,-4.6,2013,0.0,2013-01-25,203,1
25,-12.7,0.0,9.2,-8.9,1.8,26,0.0,20130126,45.1,-3.2,2013,0.0,2013-01-26,203,1
26,-14.2,0.0,9.0,-7.9,1.4,27,0.0,20130127,55.0,-2.2,2013,0.0,2013-01-27,203,1
27,-13.4,0.0,5.5,-5.2,0.8,28,0.0,20130128,63.9,0.4,2013,0.0,2013-01-28,203,1
28,-3.1,0.0,0.0,0.4,0.4,29,0.0,20130129,66.5,3.5,2013,0.0,2013-01-29,203,1
29,0.1,0.0,2.3,3.1,0.6,30,0.0,20130130,74.5,9.5,2013,0.0,2013-01-30,203,1
30,-2.9,0.0,6.7,4.1,0.6,31,0.0,20130131,70.8,12.2,2013,0.0,2013-01-31,203,1
31,3.3,0.0,0.0,5.8,1.1,1,36.5,20130201,88.3,8.7,2013,0.0,2013-02-01,203,2
32,-3.8,0.0,8.6,-0.1,2.7,2,0.0,20130202,61.6,5.6,2013,0.0,2013-02-02,203,2
33,-7.2,0.0,0.0,-3.3,0.9,3,2.0,20130203,66.0,-0.8,2013,0.0,2013-02-03,203,2
34,-4.3,0.0,7.0,-0.4,1.4,4,4.1,20130204,75.3,3.7,2013,0.0,2013-02-04,203,2
35,-7.0,0.0,0.0,-2.3,0.4,5,3.9,20130205,82.0,1.8,2013,0.0,2013-02-05,203,2
36,-2.7,0.0,4.4,-0.8,1.7,6,3.3,20130206,76.5,0.9,2013,0.0,2013-02-06,203,2
37,-13.9,0.0,9.5,-9.5,3.1,7,0.0,20130207,43.5,-2.5,2013,0.0,2013-02-07,203,2
38,-16.8,0.0,9.4,-11.3,1.3,8,0.0,20130208,42.5,-6.6,2013,0.0,2013-02-08,203,2
39,-17.0,0.0,9.4,-9.3,0.9,9,0.0,20130209,63.8,-2.1,2013,0.0,2013-02-09,203,2
40,-9.4,0.0,5.9,-4.5,1.2,10,0.0,20130210,58.6,1.4,2013,0.0,2013-02-10,203,2
41,-12.9,0.0,9.7,-6.3,1.1,11,0.0,20130211,48.6,-0.3,2013,0.0,2013-02-11,203,2
42,-6.7,0.0,0.4,-3.9,1.2,12,0.0,20130212,61.3,1.0,2013,0.0,2013-02-12,203,2
43,-9.7,0.0,9.4,-3.0,1.0,13,0.0,20130213,65.8,2.9,2013,0.0,2013-02-13,203,2
44,-7.3,0.0,8.6,-0.8,0.8,14,0.0,20130214,63.1,5.9,2013,0.0,2013-02-14,203,2
45,-5.0,0.0,9.4,-0.3,2.0,15,0.0,20130215,46.4,3.8,2013,0.0,2013-02-15,203,2
46,-10.4,0.0,9.9,-3.3,1.0,16,0.0,20130216,44.5,2.1,2013,0.0,2013-02-16,203,2
47,-4.7,0.0,5.8,1.2,0.8,17,0.0,20130217,51.1,6.6,2013,0.0,2013-02-17,203,2
48,-1.2,0.0,3.9,2.2,1.9,18,0.0,20130218,47.1,5.6,2013,0.0,2013-02-18,203,2
49,-5.2,0.0,8.4,-1.8,2.4,19,0.0,20130219,30.5,2.5,2013,0.0,2013-02-19,203,2
50,-10.0,0.0,9.9,-4.1,1.9,20,0.0,20130220,36.6,2.2,2013,0.0,2013-02-20,203,2
51,-7.0,0.0,9.5,-2.1,1.5,21,0.0,20130221,48.6,3.5,2013,0.0,2013-02-21,203,2
52,-4.7,0.0,6.8,-0.1,1.7,22,2.2,20130222,53.6,6.2,2013,0.0,2013-02-22,203,2
53,-6.1,0.0,9.2,-1.2,2.1,23,0.0,20130223,45.9,3.7,2013,0.0,2013-02-23,203,2
54,-6.1,0.0,8.9,0.4,1.2,24,0.0,20130224,49.1,6.5,2013,0.0,2013-02-24,203,2
55,-5.3,0.0,6.5,0.8,0.8,25,0.0,20130225,52.4,8.0,2013,0.0,2013-02-25,203,2
56,-2.9,0.0,0.2,2.9,0.6,26,0.0,20130226,62.3,7.7,2013,0.0,2013-02-26,203,2
57,0.6,0.0,9.6,5.1,1.7,27,0.0,20130227,60.8,12.2,2013,0.0,2013-02-27,203,2
58,-5.8,0.0,5.7,4.4,0.7,28,0.0,20130228,59.0,13.2,2013,0.0,2013-02-28,203,2
59,-2.4,0.0,8.3,2.0,2.9,1,7.0,20130301,57.3,9.4,2013,0.0,2013-03-01,203,3
60,-4.4,0.0,10.0,-0.5,1.9,2,0.0,20130302,44.0,5.0,2013,0.0,2013-03-02,203,3
61,-4.4,0.0,10.0,0.1,1.8,3,0.0,20130303,55.9,6.3,2013,0.0,2013-03-03,203,3
62,-4.7,0.0,4.7,1.6,1.3,4,0.0,20130304,63.0,8.6,2013,0.0,2013-03-04,203,3
63,-3.7,0.0,7.4,2.7,1.6,5,0.0,20130305,60.6,10.7,2013,0.0,2013-03-05,203,3
64,-4.0,0.0,7.5,4.6,0.7,6,0.0,20130306,53.0,14.0,2013,0.0,2013-03-06,203,3
65,1.4,0.0,0.9,5.5,1.1,7,0.5,20130307,78.6,12.0,2013,0.0,2013-03-07,203,3
66,3.2,0.0,6.2,8.0,1.5,8,0.0,20130308,69.4,16.3,2013,0.0,2013-03-08,203,3
67,-2.2,0.0,8.0,11.1,1.8,9,0.0,20130309,59.3,24.7,2013,0.0,2013-03-09,203,3
68,-1.9,0.0,10.7,2.9,3.0,10,0.0,20130310,35.5,9.9,2013,0.0,2013-03-10,203,3
69,-6.1,0.0,10.8,3.2,1.1,11,0.0,20130311,42.6,13.0,2013,0.0,2013-03-11,203,3
70,-3.5,0.0,4.3,5.3,0.8,12,2.0,20130312,65.3,12.4,2013,0.0,2013-03-12,203,3
71,2.9,0.0,5.4,6.4,2.0,13,15.0,20130313,70.3,10.7,2013,0.0,2013-03-13,203,3
72,0.0,0.0,8.0,4.4,1.7,14,0.0,20130314,54.4,10.5,2013,0.0,2013-03-14,203,3
73,-4.2,0.0,10.5,4.1,1.4,15,0.0,20130315,49.3,12.4,2013,0.0,2013-03-15,203,3
74,-2.8,0.0,10.1,5.6,1.2,16,0.0,20130316,50.6,14.7,2013,0.0,2013-03-16,203,3
75,-2.1,0.0,6.5,6.7,1.5,17,8.0,20130317,66.1,18.1,2013,0.0,2013-03-17,203,3
76,4.4,0.0,6.9,8.1,1.9,18,5.5,20130318,77.8,14.6,2013,0.0,2013-03-18,203,3
77,4.3,0.0,3.4,9.4,1.1,19,0.0,20130319,60.0,13.0,2013,0.0,2013-03-19,203,3
78,-2.4,0.0,5.3,4.3,2.9,20,0.5,20130320,57.3,10.7,2013,0.0,2013-03-20,203,3
79,-5.7,0.0,10.8,1.2,1.5,21,0.0,20130321,40.1,8.5,2013,0.0,2013-03-21,203,3
80,-4.0,0.0,2.0,2.5,1.2,22,0.0,20130322,67.4,7.6,2013,0.0,2013-03-22,203,3
81,-2.7,0.0,9.9,5.4,1.3,23,0.0,20130323,55.8,14.5,2013,0.0,2013-03-23,203,3
82,0.3,0.0,10.6,5.1,2.4,24,0.0,20130324,54.3,12.2,2013,0.0,2013-03-24,203,3
83,-1.8,0.0,11.0,3.0,2.3,25,0.0,20130325,44.6,9.1,2013,0.0,2013-03-25,203,3
84,-4.9,0.0,11.1,3.6,1.3,26,0.0,20130326,48.6,12.0,2013,0.0,2013-03-26,203,3
85,-2.5,0.0,10.9,7.5,1.7,27,0.0,20130327,38.8,17.4,2013,0.0,2013-03-27,203,3
86,-0.8,0.0,2.9,6.8,1.4,28,0.0,20130328,44.3,13.6,2013,0.0,2013-03-28,203,3
87,-0.1,0.0,11.4,6.1,2.1,29,0.0,20130329,29.9,12.7,2013,0.0,2013-03-29,203,3
88,-0.6,0.0,3.5,4.0,1.2,30,1.0,20130330,52.9,11.0,2013,0.0,2013-03-30,203,3
89,-1.7,0.0,8.4,5.9,1.2,31,0.1,20130331,56.9,13.8,2013,0.0,2013-03-31,203,3
90,-1.8,0.0,4.8,8.1,0.8,1,0.0,20130401,46.3,16.7,2013,0.0,2013-04-01,203,4
91,4.5,0.0,0.0,6.2,1.6,2,3.0,20130402,86.4,10.1,2013,0.0,2013-04-02,203,4
92,3.7,0.0,7.7,8.2,2.1,3,0.0,20130403,58.0,15.8,2013,0.0,2013-04-03,203,4
93,1.5,0.0,10.6,11.4,1.0,4,0.0,20130404,46.5,22.3,2013,0.0,2013-04-04,203,4
94,4.1,0.0,8.1,14.4,1.1,5,0.0,20130405,44.8,23.4,2013,0.0,2013-04-05,203,4
95,2.9,0.0,0.0,8.3,1.7,6,17.0,20130406,79.8,14.2,2013,0.0,2013-04-06,203,4
96,1.6,0.0,7.9,4.6,2.9,7,0.0,20130407,63.1,9.1,2013,0.0,2013-04-07,203,4
97,-1.7,0.0,8.5,7.0,2.4,8,0.5,20130408,56.1,15.8,2013,0.0,2013-04-08,203,4
98,2.8,0.0,10.7,6.4,3.9,9,0.5,20130409,49.1,11.5,2013,0.0,2013-04-09,203,4
99,-0.4,0.0,10.1,4.9,2.6,10,0.0,20130410,48.5,10.1,2013,0.0,2013-04-10,203,4
100,2.2,0.0,10.6,5.7,3.5,11,0.0,20130411,49.9,10.8,2013,0.0,2013-04-11,203,4
101,-0.5,0.0,10.8,6.1,2.2,12,0.0,20130412,45.0,12.6,2013,0.0,2013-04-12,203,4
102,-2.8,0.0,11.0,10.6,1.9,13,0.0,20130413,41.9,20.7,2013,0.0,2013-04-13,203,4
103,2.8,0.0,9.0,9.4,3.2,14,1.0,20130414,46.5,14.5,2013,0.0,2013-04-14,203,4
104,-1.6,0.0,1.1,5.2,0.9,15,0.0,20130415,46.5,10.3,2013,0.0,2013-04-15,203,4
105,2.7,0.0,9.4,13.7,2.1,16,0.0,20130416,56.4,25.3,2013,0.0,2013-04-16,203,4
106,10.5,0.0,0.0,12.2,2.0,17,0.0,20130417,68.8,15.3,2013,0.0,2013-04-17,203,4
107,7.0,0.0,6.9,12.1,2.4,18,0.0,20130418,45.6,18.3,2013,0.0,2013-04-18,203,4
108,2.4,0.0,11.0,9.9,1.9,19,0.0,20130419,32.4,16.7,2013,0.0,2013-04-19,203,4
109,2.9,0.0,0.0,5.6,1.0,20,10.0,20130420,77.8,9.1,2013,0.0,2013-04-20,203,4
110,2.9,0.0,11.4,8.8,2.3,21,0.0,20130421,54.8,15.8,2013,0.0,2013-04-21,203,4
111,1.5,0.0,10.7,11.3,1.5,22,0.0,20130422,46.0,19.4,2013,0.0,2013-04-22,203,4
112,7.8,0.0,0.0,10.2,1.2,23,11.5,20130423,73.6,12.6,2013,0.0,2013-04-23,203,4
113,8.4,0.0,12.1,13.4,2.4,24,2.0,20130424,62.6,20.4,2013,0.0,2013-04-24,203,4
114,7.0,0.0,2.7,9.1,2.0,25,3.0,20130425,78.0,13.6,2013,0.0,2013-04-25,203,4
115,5.6,0.0,10.2,10.7,2.5,26,0.0,20130426,57.4,17.3,2013,0.0,2013-04-26,203,4
116,3.1,0.0,12.1,11.1,1.8,27,0.0,20130427,59.3,20.1,2013,0.0,2013-04-27,203,4
117,4.6,0.0,7.3,14.6,1.0,28,0.0,20130428,59.0,23.1,2013,0.0,2013-04-28,203,4
118,8.8,0.0,6.3,14.5,2.9,29,12.5,20130429,59.9,19.0,2013,0.0,2013-04-29,203,4
119,4.0,0.0,11.2,12.7,2.0,30,0.0,20130430,51.0,20.8,2013,0.0,2013-04-30,203,4
120,8.0,0.0,7.3,13.0,1.7,1,0.0,20130501,50.4,18.8,2013,0.0,2013-05-01,203,5
121,6.5,0.0,4.0,11.9,1.5,3,0.3,20130503,69.3,19.0,2013,0.0,2013-05-03,203,5
122,6.5,0.0,9.4,13.3,1.6,4,0.0,20130504,56.4,21.5,2013,0.0,2013-05-04,203,5
123,6.6,0.0,12.4,14.8,2.0,5,0.0,20130505,46.5,23.6,2013,0.0,2013-05-05,203,5
124,7.5,0.0,11.8,15.8,1.5,6,0.0,20130506,43.0,25.3,2013,0.0,2013-05-06,203,5
125,8.3,0.0,10.9,17.8,1.3,7,0.0,20130507,49.4,26.9,2013,0.0,2013-05-07,203,5
126,9.6,0.0,11.7,19.2,1.3,8,0.0,20130508,40.5,28.7,2013,0.0,2013-05-08,203,5
127,10.0,0.0,4.2,16.7,0.8,9,2.0,20130509,64.6,22.8,2013,0.0,2013-05-09,203,5
128,12.4,0.0,0.1,14.5,1.9,10,25.5,20130510,85.5,16.5,2013,0.0,2013-05-10,203,5
129,11.7,0.0,10.3,17.7,1.7,11,0.0,20130511,54.5,25.4,2013,0.0,2013-05-11,203,5
130,13.0,0.0,9.8,20.0,2.7,12,0.0,20130512,60.0,26.2,2013,0.0,2013-05-12,203,5
131,12.5,0.0,10.9,20.9,1.3,13,0.0,20130513,50.6,29.7,2013,0.0,2013-05-13,203,5
132,12.0,0.0,6.5,19.4,1.4,14,0.0,20130514,49.8,26.7,2013,0.0,2013-05-14,203,5
133,15.7,0.0,11.2,19.9,1.8,15,0.0,20130515,54.9,25.7,2013,0.0,2013-05-15,203,5
134,12.3,0.0,12.9,19.8,1.8,16,0.0,20130516,42.9,28.4,2013,0.0,2013-05-16,203,5
135,10.5,0.0,12.7,18.0,1.3,17,0.0,20130517,48.0,25.8,2013,0.0,2013-05-17,203,5
136,13.3,0.0,2.9,17.9,1.1,18,6.5,20130518,62.3,25.0,2013,0.0,2013-05-18,203,5
137,12.9,0.0,0.1,16.1,1.8,19,33.5,20130519,81.3,20.1,2013,0.0,2013-05-19,203,5
138,11.2,0.0,6.0,15.1,1.8,20,0.0,20130520,73.6,19.8,2013,0.0,2013-05-20,203,5
139,8.4,0.0,8.7,16.0,1.0,21,0.0,20130521,58.8,25.6,2013,0.0,2013-05-21,203,5
140,9.4,0.0,3.5,18.0,0.8,22,0.0,20130522,64.4,26.3,2013,0.0,2013-05-22,203,5
141,13.2,0.0,10.8,21.4,1.1,23,0.0,20130523,61.6,30.5,2013,0.0,2013-05-23,203,5
142,14.5,0.0,8.2,21.5,1.3,24,0.0,20130524,62.1,30.0,2013,0.0,2013-05-24,203,5
143,15.8,0.0,9.7,23.6,0.9,25,0.0,20130525,55.4,31.4,2013,0.0,2013-05-25,203,5
144,18.3,0.0,4.2,23.6,1.1,26,0.0,20130526,49.9,28.9,2013,0.0,2013-05-26,203,5
145,16.8,0.0,0.0,18.9,1.6,27,52.5,20130527,82.4,22.1,2013,0.0,2013-05-27,203,5
146,17.1,0.0,0.0,18.8,0.9,28,10.0,20130528,87.8,20.8,2013,0.0,2013-05-28,203,5
147,13.8,0.0,0.0,16.0,1.5,29,0.4,20130529,85.3,17.9,2013,0.0,2013-05-29,203,5
148,11.9,0.0,9.0,18.3,1.2,30,0.0,20130530,61.5,26.2,2013,0.0,2013-05-30,203,5
149,10.0,0.0,11.5,19.9,0.8,31,0.0,20130531,54.4,29.1,2013,0.0,2013-05-31,203,5
150,15.4,0.0,5.8,20.8,1.1,1,0.0,20130601,55.6,28.8,2013,0.0,2013-06-01,203,6
151,11.8,0.0,12.7,21.6,0.8,2,0.0,20130602,51.0,30.4,2013,0.0,2013-06-02,203,6
152,14.7,0.0,11.4,21.3,1.3,3,0.0,20130603,59.8,28.3,2013,0.0,2013-06-03,203,6
153,14.2,0.0,9.9,21.8,1.0,4,0.0,20130604,62.4,29.7,2013,0.0,2013-06-04,203,6
154,16.5,0.0,10.3,23.8,1.0,5,0.0,20130605,58.9,31.1,2013,0.0,2013-06-05,203,6
155,19.2,0.0,7.2,24.2,0.9,6,0.0,20130606,59.1,30.0,2013,0.0,2013-06-06,203,6
156,17.4,0.0,11.3,24.5,0.8,7,0.0,20130607,56.9,31.4,2013,0.0,2013-06-07,203,6
157,17.8,0.0,4.8,24.0,1.3,8,0.0,20130608,58.0,29.7,2013,0.0,2013-06-08,203,6
158,17.4,0.0,12.8,24.3,1.4,9,0.0,20130609,48.4,30.8,2013,0.0,2013-06-09,203,6
159,15.4,0.0,13.0,24.5,1.3,10,0.0,20130610,48.8,32.0,2013,0.0,2013-06-10,203,6
160,18.0,0.0,1.6,21.8,1.6,11,3.0,20130611,65.1,26.6,2013,0.0,2013-06-11,203,6
161,19.1,0.0,0.0,20.3,1.0,12,3.5,20130612,84.8,22.6,2013,0.0,2013-06-12,203,6
162,18.8,0.0,5.9,23.0,0.8,13,0.0,20130613,67.1,28.7,2013,0.0,2013-06-13,203,6
163,20.3,0.0,4.3,24.2,1.1,14,0.0,20130614,68.6,29.8,2013,0.0,2013-06-14,203,6
164,19.9,0.0,8.4,24.3,1.3,15,0.0,20130615,60.9,29.7,2013,0.0,2013-06-15,203,6
165,17.5,0.0,11.0,23.3,1.5,16,0.0,20130616,64.5,30.1,2013,0.0,2013-06-16,203,6
166,18.8,0.0,3.4,22.9,1.2,17,0.0,20130617,68.1,27.9,2013,0.0,2013-06-17,203,6
167,20.2,0.0,0.0,20.9,0.7,18,74.5,20130618,89.4,22.4,2013,0.0,2013-06-18,203,6
168,18.7,0.0,4.8,23.0,0.7,19,2.0,20130619,78.1,29.0,2013,0.0,2013-06-19,203,6
169,20.0,0.0,7.7,25.3,0.8,20,0.0,20130620,65.6,31.9,2013,0.0,2013-06-20,203,6
170,20.8,0.0,4.4,24.9,1.0,21,0.0,20130621,67.0,30.9,2013,0.0,2013-06-21,203,6
171,20.2,0.0,4.3,23.9,1.2,22,0.0,20130622,70.0,29.6,2013,0.0,2013-06-22,203,6
172,19.0,0.0,2.6,21.8,1.6,23,0.1,20130623,70.3,25.2,2013,0.0,2013-06-23,203,6
173,16.3,0.0,9.8,22.7,1.1,24,0.0,20130624,67.9,29.0,2013,0.0,2013-06-24,203,6
174,19.1,0.0,4.4,22.8,1.0,25,8.5,20130625,74.0,29.2,2013,0.0,2013-06-25,203,6
175,18.8,0.0,10.3,23.7,1.2,26,2.5,20130626,68.5,29.9,2013,0.0,2013-06-26,203,6
176,17.9,0.0,10.9,23.9,1.4,27,19.5,20130627,68.0,30.5,2013,0.0,2013-06-27,203,6
177,20.0,0.0,7.5,23.2,1.0,28,1.5,20130628,76.5,30.1,2013,0.0,2013-06-28,203,6
178,18.9,0.0,8.7,24.9,0.7,29,0.0,20130629,69.1,32.1,2013,0.0,2013-06-29,203,6
179,19.6,0.0,11.0,25.9,0.7,30,0.0,20130630,67.5,32.5,2013,0.0,2013-06-30,203,6
180,20.3,0.0,8.5,25.8,1.1,1,0.0,20130701,64.5,31.3,2013,0.0,2013-07-01,203,7
181,21.7,0.0,0.0,24.5,2.6,2,21.0,20130702,79.4,28.7,2013,0.0,2013-07-02,203,7
182,19.4,0.0,9.2,25.1,1.9,3,0.0,20130703,70.1,31.3,2013,0.0,2013-07-03,203,7
183,23.4,0.0,0.0,25.1,1.8,4,0.5,20130704,80.8,28.0,2013,0.0,2013-07-04,203,7
184,22.1,0.0,2.9,24.5,1.1,5,3.0,20130705,78.0,29.0,2013,0.0,2013-07-05,203,7
185,21.2,0.0,7.7,25.5,1.4,6,0.0,20130706,70.5,30.8,2013,0.0,2013-07-06,203,7
186,20.8,0.0,1.3,24.0,1.4,7,7.0,20130707,82.4,28.0,2013,0.0,2013-07-07,203,7
187,23.0,0.0,0.2,24.5,1.8,8,35.0,20130708,84.1,26.6,2013,0.0,2013-07-08,203,7
188,23.6,0.0,0.9,25.5,1.7,9,4.5,20130709,80.0,29.0,2013,0.0,2013-07-09,203,7
189,23.7,0.0,0.2,26.3,1.0,10,1.5,20130710,79.3,29.3,2013,0.0,2013-07-10,203,7
190,23.3,0.0,0.0,25.3,0.9,11,3.0,20130711,81.5,27.1,2013,0.0,2013-07-11,203,7
191,23.6,0.0,0.0,24.3,1.9,12,2.0,20130712,77.8,25.1,2013,0.0,2013-07-12,203,7
192,22.0,0.0,0.0,24.3,0.8,13,36.0,20130713,86.6,27.6,2013,0.0,2013-07-13,203,7
193,22.2,0.0,0.0,24.3,1.9,14,38.5,20130714,85.0,27.5,2013,0.0,2013-07-14,203,7
194,22.3,0.0,3.3,25.0,0.9,15,20.0,20130715,84.3,30.6,2013,0.0,2013-07-15,203,7
195,23.0,0.0,4.8,27.0,2.6,16,0.2,20130716,66.5,30.2,2013,0.0,2013-07-16,203,7
196,22.8,0.0,0.0,23.9,1.9,17,37.5,20130717,87.4,26.6,2013,0.0,2013-07-17,203,7
197,23.3,0.0,0.8,24.7,0.9,18,3.0,20130718,84.9,28.8,2013,0.0,2013-07-18,203,7
198,22.9,0.0,5.8,25.9,0.9,19,0.0,20130719,77.6,31.5,2013,0.0,2013-07-19,203,7
199,21.4,0.0,7.3,25.9,1.4,20,1.0,20130720,76.4,31.0,2013,0.0,2013-07-20,203,7
200,23.8,0.0,5.1,26.8,2.1,21,1.0,20130721,74.5,30.6,2013,0.0,2013-07-21,203,7
201,22.9,0.0,2.1,25.3,1.1,22,202.0,20130722,85.1,30.2,2013,0.0,2013-07-22,203,7
202,23.9,0.0,0.0,25.1,1.8,23,40.0,20130723,86.1,26.9,2013,0.0,2013-07-23,203,7
203,21.4,0.0,4.4,24.8,2.0,24,10.5,20130724,78.5,28.5,2013,0.0,2013-07-24,203,7
204,21.2,0.0,10.1,25.7,1.6,25,0.0,20130725,69.8,30.7,2013,0.0,2013-07-25,203,7
205,22.4,0.0,11.0,26.4,1.5,26,0.0,20130726,67.1,32.0,2013,0.0,2013-07-26,203,7
206,20.2,0.0,6.6,25.2,1.1,27,0.4,20130727,72.4,31.2,2013,0.0,2013-07-27,203,7
207,22.3,0.0,0.0,24.4,1.0,28,9.5,20130728,86.3,26.3,2013,0.0,2013-07-28,203,7
208,23.7,0.0,9.0,26.6,1.7,29,18.0,20130729,77.1,30.6,2013,0.0,2013-07-29,203,7
209,22.4,0.0,5.1,24.9,1.1,30,2.5,20130730,78.5,30.0,2013,0.0,2013-07-30,203,7
210,22.9,0.0,10.6,26.7,1.5,31,30.5,20130731,75.0,31.2,2013,0.0,2013-07-31,203,7
211,21.2,0.0,9.6,26.3,0.7,1,0.0,20130801,72.6,33.0,2013,0.0,2013-08-01,203,8
212,22.8,0.0,2.0,25.1,1.0,2,16.5,20130802,84.5,30.5,2013,0.0,2013-08-02,203,8
213,22.3,0.0,5.4,25.3,1.1,3,6.5,20130803,82.1,31.3,2013,0.0,2013-08-03,203,8
214,23.6,0.0,4.3,25.9,1.1,4,7.0,20130804,81.8,29.7,2013,0.0,2013-08-04,203,8
215,23.5,0.0,5.8,25.5,1.2,5,21.0,20130805,83.9,30.7,2013,0.0,2013-08-05,203,8
216,20.9,0.0,2.5,24.6,1.2,6,9.5,20130806,83.9,28.0,2013,0.0,2013-08-06,203,8
217,22.1,0.0,4.0,27.5,0.6,7,0.0,20130807,78.0,33.4,2013,0.0,2013-08-07,203,8
218,23.9,0.0,6.9,28.5,1.1,8,0.0,20130808,75.0,33.3,2013,0.0,2013-08-08,203,8
219,25.2,0.0,3.3,28.8,1.4,9,0.0,20130809,77.8,32.2,2013,0.0,2013-08-09,203,8
220,22.2,0.0,2.0,25.6,1.1,10,22.0,20130810,83.9,28.1,2013,0.0,2013-08-10,203,8
221,21.8,0.0,7.1,26.5,0.7,11,0.0,20130811,77.6,33.6,2013,0.0,2013-08-11,203,8
222,23.4,0.0,9.1,27.7,0.8,12,0.0,20130812,73.6,34.0,2013,0.0,2013-08-12,203,8
223,22.8,0.0,12.0,27.7,1.0,13,0.0,20130813,71.0,33.7,2013,0.0,2013-08-13,203,8
224,22.2,0.0,9.5,27.3,0.8,14,0.0,20130814,73.1,34.3,2013,0.0,2013-08-14,203,8
225,22.5,0.0,7.2,27.2,1.1,15,0.0,20130815,75.9,33.7,2013,0.0,2013-08-15,203,8
226,22.8,0.0,8.4,27.3,1.2,16,0.0,20130816,71.3,33.4,2013,0.0,2013-08-16,203,8
227,23.0,0.0,8.5,27.3,1.7,17,0.0,20130817,70.6,32.4,2013,0.0,2013-08-17,203,8
228,23.5,0.0,5.6,27.8,1.4,18,0.0,20130818,72.1,33.0,2013,0.0,2013-08-18,203,8
229,21.3,0.0,8.6,27.3,1.4,19,0.1,20130819,68.9,33.5,2013,0.0,2013-08-19,203,8
230,18.4,0.0,12.2,25.2,0.7,20,0.0,20130820,68.6,33.6,2013,0.0,2013-08-20,203,8
231,20.5,0.0,8.7,26.4,0.9,21,0.0,20130821,73.4,33.1,2013,0.0,2013-08-21,203,8
232,24.4,0.0,8.2,27.8,1.1,22,6.0,20130822,77.5,34.1,2013,0.0,2013-08-22,203,8
233,22.3,0.0,0.0,24.5,1.0,23,28.5,20130823,85.6,26.2,2013,0.0,2013-08-23,203,8
234,20.8,0.0,7.3,25.3,0.8,24,0.0,20130824,71.8,33.1,2013,0.0,2013-08-24,203,8
235,18.8,0.0,10.3,24.3,0.6,25,0.0,20130825,71.8,32.0,2013,0.0,2013-08-25,203,8
236,18.3,0.0,10.3,24.3,0.8,26,0.0,20130826,68.3,31.6,2013,0.0,2013-08-26,203,8
237,18.1,0.0,9.2,23.8,1.0,27,0.0,20130827,72.0,30.4,2013,0.0,2013-08-27,203,8
238,19.9,0.0,8.2,24.4,0.9,28,0.0,20130828,71.0,31.1,2013,0.0,2013-08-28,203,8
239,20.4,0.0,0.0,23.4,1.9,29,23.5,20130829,86.3,25.5,2013,0.0,2013-08-29,203,8
240,19.9,0.0,9.7,24.5,1.5,30,0.0,20130830,72.1,29.7,2013,0.0,2013-08-30,203,8
241,18.5,0.0,6.6,22.6,0.8,31,0.0,20130831,73.8,29.3,2013,0.0,2013-08-31,203,8
242,17.2,0.0,8.1,22.0,0.7,1,0.0,20130901,74.3,28.7,2013,0.0,2013-09-01,203,9
243,14.3,0.0,7.5,19.5,0.7,2,0.0,20130902,71.8,27.3,2013,0.0,2013-09-02,203,9
244,13.2,0.0,10.1,18.8,0.6,3,0.0,20130903,69.9,27.1,2013,0.0,2013-09-03,203,9
245,12.1,0.0,11.8,19.9,1.1,4,0.0,20130904,63.4,28.1,2013,0.0,2013-09-04,203,9
246,12.7,0.0,4.3,19.0,0.9,5,0.0,20130905,70.5,24.1,2013,0.0,2013-09-05,203,9
247,16.8,0.0,0.0,18.8,0.9,6,1.0,20130906,79.9,22.6,2013,0.0,2013-09-06,203,9
248,16.3,0.0,8.0,20.4,0.7,7,0.0,20130907,72.4,26.8,2013,0.0,2013-09-07,203,9
249,14.9,0.0,6.6,19.8,0.7,8,0.0,20130908,76.1,27.3,2013,0.0,2013-09-08,203,9
250,14.9,0.0,6.3,21.0,0.6,9,0.0,20130909,72.4,28.3,2013,0.0,2013-09-09,203,9
251,17.5,0.0,0.0,20.2,0.7,10,9.5,20130910,81.3,25.4,2013,0.0,2013-09-10,203,9
252,17.7,0.0,0.0,19.7,0.8,11,29.0,20130911,89.8,21.8,2013,0.0,2013-09-11,203,9
253,19.9,0.0,0.7,22.4,0.6,12,0.4,20130912,82.4,26.2,2013,0.0,2013-09-12,203,9
254,20.1,0.0,0.1,22.6,1.3,13,27.5,20130913,85.5,25.5,2013,0.0,2013-09-13,203,9
255,20.0,0.0,1.5,21.6,1.2,14,83.0,20130914,85.8,24.6,2013,0.0,2013-09-14,203,9
256,16.1,0.0,7.6,22.3,1.1,15,0.0,20130915,69.3,28.2,2013,0.0,2013-09-15,203,9
257,12.2,0.0,10.9,19.4,1.0,16,0.0,20130916,62.5,27.9,2013,0.0,2013-09-16,203,9
258,13.0,0.0,9.7,19.8,0.6,17,0.0,20130917,71.5,28.8,2013,0.0,2013-09-17,203,9
259,14.3,0.0,10.1,21.5,0.6,18,0.0,20130918,71.6,29.9,2013,0.0,2013-09-18,203,9
260,16.2,0.0,10.5,21.9,0.9,19,0.0,20130919,70.3,29.2,2013,0.0,2013-09-19,203,9
261,16.7,0.0,6.4,21.0,0.7,20,0.0,20130920,76.5,28.2,2013,0.0,2013-09-20,203,9
262,15.9,0.0,5.4,21.1,0.7,21,0.0,20130921,76.9,29.2,2013,0.0,2013-09-21,203,9
263,16.0,0.0,5.7,20.9,1.7,22,0.0,20130922,67.3,26.8,2013,0.0,2013-09-22,203,9
264,14.1,0.0,9.7,20.6,0.8,23,0.0,20130923,71.0,28.4,2013,0.0,2013-09-23,203,9
265,18.0,0.0,0.0,20.2,1.1,24,3.7,20130924,85.0,22.2,2013,0.0,2013-09-24,203,9
266,16.0,0.0,8.4,20.0,1.6,25,0.0,20130925,58.8,25.6,2013,0.0,2013-09-25,203,9
267,9.8,0.0,10.5,15.9,1.0,26,0.0,20130926,49.8,23.2,2013,0.0,2013-09-26,203,9
268,7.2,0.0,10.3,15.2,0.8,27,0.0,20130927,64.1,24.0,2013,0.0,2013-09-27,203,9
269,11.8,0.0,0.0,15.0,0.8,28,2.2,20130928,78.1,18.7,2013,0.0,2013-09-28,203,9
270,14.1,0.0,0.0,16.1,0.9,29,23.5,20130929,89.6,18.5,2013,0.0,2013-09-29,203,9
271,16.9,0.0,8.0,20.1,1.5,30,3.5,20130930,74.8,26.7,2013,0.0,2013-09-30,203,9
272,14.0,0.0,8.9,19.8,1.0,1,0.0,20131001,74.0,27.4,2013,0.0,2013-10-01,203,10
273,14.0,0.0,5.5,18.4,1.4,2,0.0,20131002,68.1,24.0,2013,0.0,2013-10-02,203,10
274,7.5,0.0,10.5,14.9,1.0,3,0.0,20131003,59.5,22.0,2013,0.0,2013-10-03,203,10
275,6.7,0.0,8.7,14.2,0.7,4,0.0,20131004,70.6,24.8,2013,0.0,2013-10-04,203,10
276,8.0,0.0,10.3,16.9,0.8,5,0.0,20131005,66.9,27.3,2013,0.0,2013-10-05,203,10
277,10.8,0.0,6.2,18.7,1.6,6,0.0,20131006,70.8,26.1,2013,0.0,2013-10-06,203,10
278,16.8,0.0,1.6,21.1,0.7,7,0.0,20131007,74.5,26.1,2013,0.0,2013-10-07,203,10
279,17.9,0.0,0.0,19.2,1.4,8,8.6,20131008,85.4,20.7,2013,0.0,2013-10-08,203,10
280,15.3,0.0,9.8,19.9,0.8,9,0.0,20131009,71.1,26.6,2013,0.0,2013-10-09,203,10
281,14.1,0.0,6.1,18.8,0.8,10,0.0,20131010,79.3,25.3,2013,0.0,2013-10-10,203,10
282,10.9,0.0,8.7,17.4,2.9,11,3.4,20131011,60.5,21.3,2013,0.0,2013-10-11,203,10
283,6.2,0.0,10.2,14.5,1.2,12,0.0,20131012,58.6,22.3,2013,0.0,2013-10-12,203,10
284,7.3,0.0,8.9,13.9,0.5,13,0.0,20131013,73.6,22.7,2013,0.0,2013-10-13,203,10
285,7.6,0.0,8.3,15.6,0.7,14,0.0,20131014,72.6,24.3,2013,0.0,2013-10-14,203,10
286,7.9,0.0,0.0,12.2,2.1,15,0.0,20131015,73.8,16.3,2013,0.0,2013-10-15,203,10
287,5.3,0.0,10.0,10.1,1.2,16,0.0,20131016,56.5,16.9,2013,0.0,2013-10-16,203,10
288,1.6,0.0,8.5,8.8,0.7,17,0.0,20131017,70.8,17.6,2013,0.0,2013-10-17,203,10
289,2.4,0.0,8.8,10.2,0.7,18,0.0,20131018,70.3,19.8,2013,0.0,2013-10-18,203,10
290,4.7,0.0,6.1,11.8,0.7,19,0.0,20131019,73.8,19.7,2013,0.0,2013-10-19,203,10
291,8.2,0.0,9.8,14.3,0.7,20,0.0,20131020,68.5,22.4,2013,0.0,2013-10-20,203,10
292,7.7,0.0,9.7,13.8,1.2,21,0.0,20131021,62.8,22.1,2013,0.0,2013-10-21,203,10
293,6.8,0.0,8.7,13.6,1.4,22,0.0,20131022,58.3,22.1,2013,0.0,2013-10-22,203,10
294,8.0,0.0,9.7,13.7,0.9,23,0.0,20131023,65.3,22.2,2013,0.0,2013-10-23,203,10
295,6.6,0.0,9.4,12.5,1.2,24,0.0,20131024,58.6,20.1,2013,0.0,2013-10-24,203,10
296,3.2,0.0,9.6,8.8,1.8,25,0.0,20131025,50.4,15.8,2013,0.0,2013-10-25,203,10
297,0.0,0.0,9.1,8.0,0.9,26,0.0,20131026,65.9,16.4,2013,0.0,2013-10-26,203,10
298,0.6,0.0,6.7,7.8,0.6,27,0.0,20131027,72.1,18.2,2013,0.0,2013-10-27,203,10
299,1.7,0.0,3.9,7.1,0.6,28,0.0,20131028,79.9,15.6,2013,0.0,2013-10-28,203,10
300,2.5,0.0,5.7,10.5,1.0,29,0.1,20131029,75.6,18.2,2013,0.0,2013-10-29,203,10
301,5.1,0.0,9.3,10.3,1.2,30,0.1,20131030,64.4,17.1,2013,0.0,2013-10-30,203,10
302,1.9,0.0,6.7,8.9,0.5,31,0.0,20131031,69.1,19.0,2013,0.0,2013-10-31,203,10
303,4.6,0.0,9.0,11.8,0.6,1,0.0,20131101,67.0,21.2,2013,0.0,2013-11-01,203,11
304,6.1,0.0,0.0,10.4,0.5,2,4.7,20131102,87.0,12.3,2013,0.0,2013-11-02,203,11
305,6.6,0.0,2.1,9.4,0.7,3,0.1,20131103,87.0,13.3,2013,0.0,2013-11-03,203,11
306,6.6,0.0,5.8,10.5,0.7,4,0.1,20131104,79.4,17.5,2013,0.0,2013-11-04,203,11
307,3.7,0.0,4.6,8.3,0.7,5,0.1,20131105,79.1,17.4,2013,0.0,2013-11-05,203,11
308,4.0,0.0,0.1,8.9,0.5,6,0.9,20131106,85.3,12.9,2013,0.0,2013-11-06,203,11
309,6.9,0.0,8.5,11.6,2.2,7,0.1,20131107,60.4,16.6,2013,0.0,2013-11-07,203,11
310,-1.2,0.0,5.7,5.7,0.7,8,0.1,20131108,65.8,12.2,2013,0.0,2013-11-08,203,11
311,4.3,0.0,2.5,9.7,0.7,9,3.8,20131109,75.4,15.8,2013,0.0,2013-11-09,203,11
312,1.2,0.0,8.8,6.5,2.4,10,0.2,20131110,45.5,10.7,2013,0.0,2013-11-10,203,11
313,-1.3,0.0,9.3,3.2,1.8,11,0.0,20131111,37.0,8.5,2013,0.0,2013-11-11,203,11
314,-3.3,0.0,9.3,2.9,1.5,12,0.0,20131112,44.6,9.7,2013,0.0,2013-11-12,203,11
315,-4.9,0.0,8.9,2.2,0.6,13,0.0,20131113,61.4,10.9,2013,0.0,2013-11-13,203,11
316,-1.4,0.0,0.8,3.4,0.5,14,0.0,20131114,70.5,8.7,2013,0.0,2013-11-14,203,11
317,1.4,0.0,2.9,5.6,0.6,15,1.4,20131115,82.9,11.7,2013,0.0,2013-11-15,203,11
318,1.7,0.0,1.7,3.7,0.7,16,0.7,20131116,87.6,8.2,2013,0.0,2013-11-16,203,11
319,2.0,0.0,7.1,5.2,2.8,17,3.4,20131117,55.8,8.7,2013,0.0,2013-11-17,203,11
320,-0.9,0.0,9.0,1.9,3.4,18,0.0,20131118,45.9,6.5,2013,0.0,2013-11-18,203,11
321,-1.8,0.0,6.7,1.5,2.9,19,0.0,20131119,50.6,5.6,2013,0.0,2013-11-19,203,11
322,-3.7,0.0,9.0,0.9,1.5,20,0.0,20131120,48.6,6.9,2013,0.0,2013-11-20,203,11
323,-6.1,0.0,6.1,0.4,1.3,21,0.0,20131121,65.3,7.6,2013,0.0,2013-11-21,203,11
324,-6.4,0.0,7.8,2.5,0.8,22,0.0,20131122,69.3,10.5,2013,0.0,2013-11-22,203,11
325,-2.9,0.0,6.0,3.0,0.5,23,0.0,20131123,76.8,11.7,2013,0.0,2013-11-23,203,11
326,-3.4,0.0,2.0,3.8,0.8,24,15.5,20131124,82.4,10.4,2013,0.0,2013-11-24,203,11
327,0.9,0.0,1.2,5.1,4.2,25,10.3,20131125,65.9,10.6,2013,0.0,2013-11-25,203,11
328,-3.7,0.0,6.9,0.9,1.7,26,1.1,20131126,67.1,5.1,2013,0.0,2013-11-26,203,11
329,-3.7,0.0,1.0,-0.5,2.0,27,8.5,20131127,74.4,2.3,2013,0.0,2013-11-27,203,11
330,-7.6,0.0,8.8,-4.1,1.4,28,0.0,20131128,61.0,0.3,2013,0.0,2013-11-28,203,11
331,-7.2,0.0,8.8,-1.4,1.1,29,0.0,20131129,64.5,5.7,2013,0.0,2013-11-29,203,11
332,-4.6,0.0,7.0,1.8,0.6,30,0.0,20131130,73.0,9.7,2013,0.0,2013-11-30,203,11
333,-2.3,0.0,6.1,2.2,1.2,1,0.0,20131201,69.8,8.9,2013,0.0,2013-12-01,203,12
334,-5.0,0.0,0.5,-0.2,0.6,2,0.0,20131202,80.1,3.0,2013,0.0,2013-12-02,203,12
335,-0.1,0.0,6.9,4.2,0.8,3,0.0,20131203,70.5,10.4,2013,0.0,2013-12-03,203,12
336,-3.6,0.0,2.0,0.6,0.4,4,0.0,20131204,86.9,7.0,2013,0.0,2013-12-04,203,12
337,-1.5,0.0,0.0,1.1,0.5,5,0.0,20131205,91.0,4.2,2013,0.0,2013-12-05,203,12
338,-3.1,0.0,8.9,2.5,1.5,6,0.0,20131206,50.5,7.5,2013,0.0,2013-12-06,203,12
339,-1.2,0.0,5.7,4.0,0.9,7,0.0,20131207,65.5,10.5,2013,0.0,2013-12-07,203,12
340,-3.0,0.0,2.4,1.4,0.5,8,0.0,20131208,82.3,7.9,2013,0.0,2013-12-08,203,12
341,0.6,0.0,0.0,2.7,1.1,9,14.6,20131209,85.8,4.4,2013,0.0,2013-12-09,203,12
342,-3.4,0.0,6.7,0.8,1.9,10,0.0,20131210,62.6,4.5,2013,0.0,2013-12-10,203,12
343,-4.5,0.0,7.4,-1.5,2.4,11,1.7,20131211,62.4,1.6,2013,0.0,2013-12-11,203,12
344,-8.0,0.0,4.2,-2.7,1.7,12,7.3,20131212,71.9,2.1,2013,0.0,2013-12-12,203,12
345,-11.3,0.0,8.2,-7.1,1.3,13,0.0,20131213,56.1,-2.5,2013,0.0,2013-12-13,203,12
346,-12.5,0.0,1.8,-7.9,0.6,14,1.2,20131214,82.1,-2.0,2013,0.0,2013-12-14,203,12
347,-16.6,0.0,8.2,-7.3,0.6,15,0.0,20131215,64.0,2.4,2013,0.0,2013-12-15,203,12
348,-13.0,0.0,2.0,-6.7,0.4,16,0.0,20131216,70.8,-1.1,2013,0.0,2013-12-16,203,12
349,-9.1,0.0,4.7,-2.9,0.4,17,0.0,20131217,71.0,3.3,2013,0.0,2013-12-17,203,12
350,-2.0,0.0,6.1,2.7,0.9,18,0.1,20131218,65.4,8.7,2013,0.0,2013-12-18,203,12
351,-5.9,0.0,4.8,-2.8,2.1,19,1.0,20131219,66.4,0.8,2013,0.0,2013-12-19,203,12
352,-8.0,0.0,7.5,-3.9,1.8,20,0.0,20131220,61.1,0.6,2013,0.0,2013-12-20,203,12
353,-8.8,0.0,7.9,-3.5,1.1,21,0.0,20131221,67.3,2.7,2013,0.0,2013-12-21,203,12
354,-10.9,0.0,7.7,-4.6,0.6,22,0.0,20131222,71.3,1.6,2013,0.0,2013-12-22,203,12
355,-5.1,0.0,6.3,-1.3,1.1,23,0.0,20131223,64.6,4.2,2013,0.0,2013-12-23,203,12
356,-9.1,0.0,8.4,-4.2,0.5,24,0.0,20131224,73.1,3.1,2013,0.0,2013-12-24,203,12
357,-10.6,0.0,7.8,-3.1,0.6,25,0.0,20131225,71.8,3.5,2013,0.0,2013-12-25,203,12
358,-3.9,0.0,0.9,-1.3,1.3,26,0.9,20131226,74.1,3.3,2013,0.0,2013-12-26,203,12
359,-8.4,0.0,8.4,-5.5,2.1,27,0.0,20131227,51.1,-2.0,2013,0.0,2013-12-27,203,12
360,-11.5,0.0,9.0,-6.5,1.5,28,0.0,20131228,51.6,-1.2,2013,0.0,2013-12-28,203,12
361,-12.3,0.0,6.6,-5.1,1.0,29,0.3,20131229,72.4,1.6,2013,0.0,2013-12-29,203,12
362,-7.5,0.0,6.7,-1.0,1.3,30,0.0,20131230,72.9,7.2,2013,0.0,2013-12-30,203,12
363,-4.6,0.0,7.7,2.9,2.0,31,0.0,20131231,62.5,7.9,2013,0.0,2013-12-31,203,12
