,Date,rainfall,tmin,station_id,humid,snow,sunshine,date,cloud,month,day,tavg,wind,tmax,year
0,2006-01-01,0.0,-2.2,203,88.8,0.0,0.0,20060101,0.0,1,1,0.5,0.7,3.0,2006
1,2006-01-02,0.0,-2.0,203,75.1,0.0,4.8,20060102,0.0,1,2,1.3,1.5,5.6,2006
2,2006-01-03,0.0,-5.6,203,46.6,0.0,7.9,20060103,0.0,1,3,-1.2,1.9,3.2,2006
3,2006-01-04,0.0,-7.8,203,47.5,0.0,0.0,20060104,0.0,1,4,-4.7,2.1,-2.0,2006
4,2006-01-05,0.0,-13.6,203,58.5,0.0,7.8,20060105,0.0,1,5,-6.7,1.1,-0.1,2006
5,2006-01-06,0.0,-13.3,203,62.5,0.0,6.1,20060106,0.0,1,6,-7.9,1.3,-1.7,2006
6,2006-01-07,0.0,-14.8,203,62.4,0.0,8.3,20060107,0.0,1,7,-7.6,1.2,-1.2,2006
7,2006-01-08,0.0,-14.6,203,71.1,0.0,7.0,20060108,0.0,1,8,-6.9,0.6,1.6,2006
8,2006-01-09,0.0,-13.0,203,70.6,0.0,7.1,20060109,0.0,1,9,-3.9,0.5,3.7,2006
9,2006-01-10,0.0,-4.6,203,76.9,0.0,3.8,20060110,0.0,1,10,-0.8,1.1,5.0,2006
10,2006-01-11,0.0,-9.8,203,78.0,0.0,5.5,20060111,0.0,1,11,-3.9,0.5,4.5,2006
11,2006-01-12,7.0,-10.5,203,74.8,0.0,3.2,20060112,0.0,1,12,-1.0,0.9,7.0,2006
12,2006-01-13,21.5,1.7,203,97.1,0.0,0.0,20060113,0.0,1,13,4.1,0.7,5.6,2006
13,2006-01-14,0.0,0.5,203,83.6,0.0,4.3,20060114,0.0,1,14,4.1,0.9,10.3,2006
14,2006-01-15,0.0,-1.1,203,83.8,0.0,4.4,20060115,0.0,1,15,2.8,0.8,9.6,2006
15,2006-01-16,0.0,-3.0,203,97.1,0.0,0.0,20060116,0.0,1,16,-1.1,0.7,1.2,2006
16,2006-01-17,0.0,-3.5,203,91.5,0.0,3.0,20060117,0.0,1,17,-0.7,0.5,4.5,2006
17,2006-01-18,0.0,-3.7,203,78.5,0.0,6.0,20060118,0.0,1,18,0.1,0.4,6.6,2006
18,2006-01-19,0.0,-5.0,203,75.9,0.0,6.4,20060119,0.0,1,19,1.0,1.1,7.5,2006
19,2006-01-20,0.0,-3.7,203,71.3,0.0,6.4,20060120,0.0,1,20,1.5,0.7,8.0,2006
20,2006-01-21,0.0,-5.5,203,69.5,0.0,6.2,20060121,0.0,1,21,0.1,0.8,6.0,2006
21,2006-01-22,0.0,-5.8,203,45.5,0.0,8.6,20060122,0.0,1,22,-2.0,2.2,1.6,2006
22,2006-01-23,0.0,-11.6,203,63.4,0.0,8.5,20060123,0.0,1,23,-4.7,1.3,2.7,2006
23,2006-01-24,0.0,-11.3,203,68.4,0.0,8.2,20060124,0.0,1,24,-3.9,0.9,3.5,2006
24,2006-01-25,0.0,-9.3,203,73.9,0.0,6.2,20060125,0.0,1,25,-2.6,0.7,4.5,2006
25,2006-01-26,0.0,-6.6,203,80.6,0.0,5.5,20060126,0.0,1,26,-1.3,0.9,5.9,2006
26,2006-01-27,0.0,-4.0,203,72.9,0.0,5.6,20060127,0.0,1,27,0.7,1.3,7.6,2006
27,2006-01-28,0.0,-7.4,203,76.3,0.0,5.5,20060128,0.0,1,28,-1.0,0.6,7.1,2006
28,2006-01-29,0.5,-6.3,203,74.5,0.0,5.1,20060129,0.0,1,29,2.5,0.4,10.3,2006
29,2006-01-30,0.0,1.5,203,81.8,0.0,2.2,20060130,0.0,1,30,5.0,0.7,9.0,2006
30,2006-01-31,5.0,0.8,203,91.5,0.0,0.0,20060131,0.0,1,31,3.1,0.9,5.6,2006
31,2006-02-01,2.0,-2.0,203,72.9,0.0,2.4,20060201,0.0,2,1,2.3,1.5,6.5,2006
32,2006-02-02,0.0,-4.8,203,54.9,0.0,8.1,20060202,0.0,2,2,-1.3,2.4,3.5,2006
33,2006-02-03,0.0,-12.6,203,52.6,0.0,8.7,20060203,0.0,2,3,-10.0,2.1,-4.5,2006
34,2006-02-04,0.0,-14.3,203,57.5,0.0,9.1,20060204,0.0,2,4,-8.7,1.7,-2.4,2006
35,2006-02-05,0.0,-12.6,203,57.5,0.0,6.2,20060205,0.0,2,5,-5.7,0.7,-1.0,2006
36,2006-02-06,0.0,-5.0,203,61.6,0.0,6.8,20060206,0.0,2,6,-0.7,0.7,5.5,2006
37,2006-02-07,7.6,-3.2,203,89.8,9.5,0.1,20060207,0.0,2,7,-0.4,1.5,2.0,2006
38,2006-02-08,0.2,-10.0,203,68.4,0.5,6.9,20060208,0.0,2,8,-6.7,2.3,-2.5,2006
39,2006-02-09,0.0,-15.5,203,77.8,0.0,7.8,20060209,0.0,2,9,-6.1,1.3,-0.3,2006
40,2006-02-10,0.0,-4.1,203,71.9,0.0,5.6,20060210,0.0,2,10,0.2,1.5,4.9,2006
41,2006-02-11,0.0,-4.2,203,63.9,0.0,7.2,20060211,0.0,2,11,0.7,1.4,6.3,2006
42,2006-02-12,0.0,-7.3,203,51.5,0.0,9.5,20060212,0.0,2,12,-1.5,1.6,4.7,2006
43,2006-02-13,0.0,-7.6,203,66.8,0.0,7.3,20060213,0.0,2,13,1.0,0.6,10.2,2006
44,2006-02-14,10.5,0.4,203,95.3,0.0,0.0,20060214,0.0,2,14,3.2,0.8,6.5,2006
45,2006-02-15,0.0,1.7,203,93.4,0.0,0.0,20060215,0.0,2,15,3.3,0.7,4.9,2006
46,2006-02-16,0.0,-3.6,203,67.3,0.0,4.0,20060216,0.0,2,16,1.1,1.8,8.6,2006
47,2006-02-17,0.0,-7.6,203,46.6,0.0,9.6,20060217,0.0,2,17,-4.1,2.4,0.5,2006
48,2006-02-18,0.0,-8.9,203,67.5,0.0,6.7,20060218,0.0,2,18,-2.0,1.0,5.8,2006
49,2006-02-19,0.0,-4.3,203,76.5,0.0,7.0,20060219,0.0,2,19,0.8,0.7,7.5,2006
50,2006-02-20,0.0,-4.4,203,71.6,0.0,7.9,20060220,0.0,2,20,2.5,0.8,11.4,2006
51,2006-02-21,0.0,-4.5,203,67.1,0.0,6.7,20060221,0.0,2,21,3.4,0.9,12.0,2006
52,2006-02-22,0.0,-1.2,203,69.4,0.0,4.0,20060222,0.0,2,22,3.5,1.9,10.3,2006
53,2006-02-23,0.0,-6.4,203,56.6,0.0,9.0,20060223,0.0,2,23,1.3,1.4,8.8,2006
54,2006-02-24,0.0,-4.8,203,52.1,0.0,9.6,20060224,0.0,2,24,3.2,0.7,11.9,2006
55,2006-02-25,0.0,-4.2,203,61.9,0.0,5.2,20060225,0.0,2,25,3.7,0.5,10.8,2006
56,2006-02-26,0.0,-2.7,203,53.3,0.0,7.7,20060226,0.0,2,26,2.5,2.3,5.8,2006
57,2006-02-27,0.0,-5.9,203,49.9,0.0,9.2,20060227,0.0,2,27,0.1,1.4,6.0,2006
58,2006-02-28,0.5,-0.9,203,78.9,0.0,0.2,20060228,0.0,2,28,1.9,0.5,4.3,2006
59,2006-03-01,1.2,-1.5,203,75.6,0.6,7.7,20060301,0.0,3,1,1.2,2.2,4.9,2006
60,2006-03-02,0.1,-3.8,203,61.5,0.2,4.7,20060302,0.0,3,2,-0.7,1.9,3.2,2006
61,2006-03-03,0.0,-6.6,203,56.8,0.0,9.9,20060303,0.0,3,3,0.2,1.8,7.0,2006
62,2006-03-04,0.0,-6.5,203,68.3,0.0,8.1,20060304,0.0,3,4,2.7,1.4,10.5,2006
63,2006-03-05,0.0,1.7,203,61.1,0.0,7.9,20060305,0.0,3,5,8.5,1.5,16.8,2006
64,2006-03-06,0.0,-1.9,203,59.4,0.0,7.8,20060306,0.0,3,6,5.8,1.0,15.1,2006
65,2006-03-07,0.0,-3.6,203,61.5,0.0,7.7,20060307,0.0,3,7,5.1,1.4,14.5,2006
66,2006-03-08,0.0,-2.2,203,64.0,0.0,6.0,20060308,0.0,3,8,5.9,0.9,13.3,2006
67,2006-03-09,0.0,2.7,203,58.0,0.0,5.3,20060309,0.0,3,9,9.2,1.0,16.1,2006
68,2006-03-10,0.0,2.2,203,68.9,0.0,7.6,20060310,0.0,3,10,9.9,1.6,18.5,2006
69,2006-03-11,0.0,3.3,203,63.5,0.0,1.4,20060311,0.0,3,11,8.1,2.1,11.9,2006
70,2006-03-12,0.0,-6.8,203,43.9,0.0,9.3,20060312,0.0,3,12,-2.7,3.6,3.3,2006
71,2006-03-13,1.3,-8.9,203,64.4,1.6,5.7,20060313,0.0,3,13,-2.7,2.0,4.0,2006
72,2006-03-14,0.0,-5.0,203,53.5,0.0,9.9,20060314,0.0,3,14,0.7,2.3,7.6,2006
73,2006-03-15,0.0,-5.1,203,62.8,0.0,8.2,20060315,0.0,3,15,4.9,1.2,13.9,2006
74,2006-03-16,3.5,2.2,203,84.4,0.0,0.0,20060316,0.0,3,16,4.4,1.4,6.8,2006
75,2006-03-17,0.0,2.7,203,77.6,0.0,5.2,20060317,0.0,3,17,7.0,0.8,13.4,2006
76,2006-03-18,0.0,3.7,203,69.1,0.0,4.0,20060318,0.0,3,18,7.9,1.7,15.8,2006
77,2006-03-19,0.0,1.2,203,37.5,0.0,10.5,20060319,0.0,3,19,4.8,2.7,10.9,2006
78,2006-03-20,0.0,-4.4,203,57.5,0.0,5.3,20060320,0.0,3,20,4.1,1.0,10.3,2006
79,2006-03-21,0.0,-0.1,203,44.5,0.0,9.6,20060321,0.0,3,21,8.7,0.9,17.2,2006
80,2006-03-22,0.0,2.1,203,53.8,0.0,6.3,20060322,0.0,3,22,9.7,1.5,18.9,2006
81,2006-03-23,0.0,1.0,203,48.3,0.0,10.0,20060323,0.0,3,23,7.4,2.9,13.8,2006
82,2006-03-24,0.0,-4.1,203,49.3,0.0,10.6,20060324,0.0,3,24,5.4,1.2,14.2,2006
83,2006-03-25,0.0,-1.4,203,52.8,0.0,8.7,20060325,0.0,3,25,9.0,2.8,17.9,2006
84,2006-03-26,0.0,1.5,203,31.1,0.0,9.5,20060326,0.0,3,26,8.3,1.9,14.7,2006
85,2006-03-27,0.0,-1.2,203,42.5,0.0,8.6,20060327,0.0,3,27,7.3,1.7,15.2,2006
86,2006-03-28,0.0,1.1,203,61.3,0.0,3.0,20060328,0.0,3,28,3.4,3.0,6.1,2006
87,2006-03-29,4.0,-2.1,203,53.9,0.0,9.8,20060329,0.0,3,29,4.2,2.5,9.9,2006
88,2006-03-30,0.0,0.4,203,53.8,0.0,10.9,20060330,0.0,3,30,4.9,2.5,11.3,2006
89,2006-03-31,0.0,-3.8,203,49.8,0.0,9.2,20060331,0.0,3,31,6.4,0.8,15.8,2006
90,2006-04-01,18.0,2.6,203,78.9,0.0,0.0,20060401,0.0,4,1,8.0,0.7,11.7,2006
91,2006-04-02,1.0,2.6,203,83.1,0.0,0.0,20060402,0.0,4,2,7.3,2.4,11.2,2006
92,2006-04-03,0.0,2.0,203,72.6,0.0,7.0,20060403,0.0,4,3,10.3,1.1,19.2,2006
93,2006-04-04,1.5,7.5,203,74.8,0.0,0.0,20060404,0.0,4,4,10.2,1.0,13.0,2006
94,2006-04-05,0.0,6.5,203,51.5,0.0,8.6,20060405,0.0,4,5,11.9,1.7,20.2,2006
95,2006-04-06,0.0,0.5,203,65.1,0.0,1.0,20060406,0.0,4,6,8.7,0.9,13.6,2006
96,2006-04-07,0.0,8.1,203,55.0,0.0,7.4,20060407,0.0,4,7,12.1,3.1,17.7,2006
97,2006-04-08,0.0,6.1,203,43.5,0.0,7.0,20060408,0.0,4,8,10.9,2.4,19.7,2006
98,2006-04-09,0.0,8.3,203,46.9,0.0,6.2,20060409,0.0,4,9,15.0,2.4,22.1,2006
99,2006-04-10,22.5,11.1,203,70.9,0.0,0.2,20060410,0.0,4,10,13.5,2.1,16.8,2006
100,2006-04-11,2.5,11.0,203,57.6,0.0,1.9,20060411,0.0,4,11,14.6,3.1,18.2,2006
101,2006-04-12,0.0,8.1,203,56.9,0.0,9.6,20060412,0.0,4,12,15.0,1.8,24.0,2006
102,2006-04-13,0.0,4.0,203,45.5,0.0,0.0,20060413,0.0,4,13,7.8,2.0,10.3,2006
103,2006-04-14,0.0,3.4,203,45.5,0.0,9.6,20060414,0.0,4,14,11.3,0.9,18.8,2006
104,2006-04-15,0.0,4.0,203,41.1,0.0,3.8,20060415,0.0,4,15,9.8,1.0,16.3,2006
105,2006-04-16,0.0,3.0,203,41.6,0.0,11.2,20060416,0.0,4,16,7.8,3.2,14.1,2006
106,2006-04-17,0.0,2.5,203,44.4,0.0,5.2,20060417,0.0,4,17,10.2,1.8,17.7,2006
107,2006-04-18,0.0,7.0,203,42.0,0.0,7.2,20060418,0.0,4,18,16.1,2.2,23.2,2006
108,2006-04-19,47.5,4.0,203,73.0,0.0,0.6,20060419,0.0,4,19,10.6,3.8,17.2,2006
109,2006-04-20,3.0,3.2,203,62.1,0.0,0.1,20060420,0.0,4,20,7.0,3.4,9.3,2006
110,2006-04-21,0.0,5.4,203,44.6,0.0,11.3,20060421,0.0,4,21,11.6,2.4,19.8,2006
111,2006-04-22,0.0,5.0,203,40.0,0.0,8.2,20060422,0.0,4,22,11.8,1.6,20.7,2006
112,2006-04-23,2.5,6.3,203,52.5,0.0,4.5,20060423,0.0,4,23,9.0,2.4,18.0,2006
113,2006-04-24,0.0,3.7,203,52.4,0.0,10.0,20060424,0.0,4,24,10.2,2.7,17.2,2006
114,2006-04-25,0.0,4.5,203,35.5,0.0,10.9,20060425,0.0,4,25,11.8,2.1,20.3,2006
115,2006-04-26,0.0,6.4,203,46.6,0.0,2.8,20060426,0.0,4,26,11.5,1.1,18.7,2006
116,2006-04-27,0.0,9.0,203,48.0,0.0,7.8,20060427,0.0,4,27,13.2,1.9,20.7,2006
117,2006-04-28,0.0,3.4,203,46.6,0.0,8.5,20060428,0.0,4,28,12.8,1.4,21.7,2006
118,2006-04-29,0.0,8.8,203,55.1,0.0,9.1,20060429,0.0,4,29,14.8,1.4,21.6,2006
119,2006-04-30,0.0,11.0,203,61.0,0.0,4.5,20060430,0.0,4,30,17.5,2.1,24.2,2006
120,2006-05-01,0.0,11.3,203,50.4,0.0,7.8,20060501,0.0,5,1,18.5,1.0,27.0,2006
121,2006-05-02,0.0,10.1,203,38.0,0.0,11.6,20060502,0.0,5,2,16.5,3.4,24.0,2006
122,2006-05-03,0.0,6.0,203,49.1,0.0,10.3,20060503,0.0,5,3,15.1,1.4,23.7,2006
123,2006-05-04,0.0,8.3,203,50.1,0.0,8.6,20060504,0.0,5,4,17.8,1.3,27.3,2006
124,2006-05-05,0.0,14.1,203,59.0,0.0,1.8,20060505,0.0,5,5,20.6,1.0,25.2,2006
125,2006-05-06,67.0,14.1,203,81.3,0.0,0.0,20060506,0.0,5,6,15.8,2.8,21.1,2006
126,2006-05-07,0.0,12.3,203,62.3,0.0,12.0,20060507,0.0,5,7,19.8,1.8,26.5,2006
127,2006-05-08,0.0,13.3,203,57.5,0.0,11.7,20060508,0.0,5,8,19.5,1.9,26.0,2006
128,2006-05-09,0.0,11.6,203,59.0,0.0,10.9,20060509,0.0,5,9,20.6,1.7,27.6,2006
129,2006-05-10,1.5,16.2,203,74.8,0.0,2.2,20060510,0.0,5,10,18.4,1.3,23.2,2006
130,2006-05-11,0.0,13.8,203,63.8,0.0,6.6,20060511,0.0,5,11,18.2,1.3,23.3,2006
131,2006-05-12,0.0,12.6,203,51.8,0.0,2.2,20060512,0.0,5,12,16.3,0.9,20.7,2006
132,2006-05-13,0.5,7.8,203,61.0,0.0,9.2,20060513,0.0,5,13,14.5,1.8,22.0,2006
133,2006-05-14,0.0,10.3,203,53.9,0.0,10.1,20060514,0.0,5,14,15.9,1.7,22.8,2006
134,2006-05-15,0.0,6.5,203,52.4,0.0,10.9,20060515,0.0,5,15,17.2,1.2,26.7,2006
135,2006-05-16,0.0,10.1,203,49.6,0.0,10.7,20060516,0.0,5,16,18.7,1.1,26.5,2006
136,2006-05-17,0.0,9.6,203,49.5,0.0,7.6,20060517,0.0,5,17,18.4,0.9,26.7,2006
137,2006-05-18,0.0,12.3,203,55.8,0.0,6.9,20060518,0.0,5,18,19.8,0.5,26.1,2006
138,2006-05-19,0.0,15.1,203,64.3,0.0,1.3,20060519,0.0,5,19,18.0,1.2,22.0,2006
139,2006-05-20,0.0,10.0,203,63.4,0.0,9.7,20060520,0.0,5,20,18.9,1.5,27.0,2006
140,2006-05-21,0.0,13.5,203,59.1,0.0,8.4,20060521,0.0,5,21,22.4,1.3,30.1,2006
141,2006-05-22,18.5,15.8,203,75.1,0.0,0.4,20060522,0.0,5,22,19.9,1.7,24.0,2006
142,2006-05-23,1.5,13.0,203,78.3,0.0,2.1,20060523,0.0,5,23,16.1,1.5,20.5,2006
143,2006-05-24,0.0,14.8,203,64.4,0.0,8.1,20060524,0.0,5,24,18.9,1.0,25.3,2006
144,2006-05-25,0.0,12.6,203,62.1,0.0,4.1,20060525,0.0,5,25,17.6,1.0,22.3,2006
145,2006-05-26,0.0,14.1,203,53.0,0.0,9.1,20060526,0.0,5,26,20.9,1.3,27.6,2006
146,2006-05-27,8.0,15.5,203,73.1,0.0,0.1,20060527,0.0,5,27,17.8,1.7,21.0,2006
147,2006-05-28,0.0,13.6,203,67.8,0.0,7.0,20060528,0.0,5,28,17.7,1.3,21.8,2006
148,2006-05-29,0.0,13.8,203,64.9,0.0,7.4,20060529,0.0,5,29,19.1,1.1,24.5,2006
149,2006-05-30,0.0,15.1,203,59.5,0.0,10.4,20060530,0.0,5,30,21.3,1.4,28.5,2006
150,2006-05-31,0.0,13.1,203,58.5,0.0,8.0,20060531,0.0,5,31,21.1,0.8,28.7,2006
151,2006-06-01,0.0,14.6,203,58.9,0.0,10.8,20060601,0.0,6,1,22.5,0.6,29.1,2006
152,2006-06-02,0.0,16.8,203,56.1,0.0,9.8,20060602,0.0,6,2,24.4,0.9,32.9,2006
153,2006-06-03,0.0,14.1,203,51.1,0.0,11.1,20060603,0.0,6,3,22.4,1.4,29.7,2006
154,2006-06-04,0.0,17.6,203,58.6,0.0,9.2,20060604,0.0,6,4,21.6,1.4,28.6,2006
155,2006-06-05,0.0,14.1,203,60.9,0.0,9.3,20060605,0.0,6,5,21.8,1.1,29.6,2006
156,2006-06-06,0.0,16.3,203,57.1,0.0,7.1,20060606,0.0,6,6,22.7,1.3,30.1,2006
157,2006-06-07,0.0,16.6,203,59.0,0.0,5.3,20060607,0.0,6,7,22.3,0.7,28.2,2006
158,2006-06-08,33.5,16.6,203,72.1,0.0,2.5,20060608,0.0,6,8,19.0,1.0,25.2,2006
159,2006-06-09,9.0,16.3,203,66.1,0.0,7.0,20060609,0.0,6,9,20.2,1.2,27.2,2006
160,2006-06-10,24.5,14.5,203,85.6,0.0,0.1,20060610,0.0,6,10,16.2,1.7,19.2,2006
161,2006-06-11,1.5,13.1,203,78.4,0.0,2.2,20060611,0.0,6,11,17.2,1.3,21.7,2006
162,2006-06-12,0.0,13.5,203,67.6,0.0,9.4,20060612,0.0,6,12,20.6,0.6,28.1,2006
163,2006-06-13,0.0,16.5,203,64.8,0.0,10.7,20060613,0.0,6,13,22.7,0.7,29.7,2006
164,2006-06-14,87.0,16.7,203,81.9,0.0,0.0,20060614,0.0,6,14,18.0,0.8,21.3,2006
165,2006-06-15,2.5,16.8,203,65.1,0.0,7.7,20060615,0.0,6,15,19.9,1.9,24.3,2006
166,2006-06-16,0.0,15.0,203,61.4,0.0,10.5,20060616,0.0,6,16,21.6,1.1,29.1,2006
167,2006-06-17,0.0,15.6,203,58.8,0.0,9.8,20060617,0.0,6,17,22.3,1.1,29.8,2006
168,2006-06-18,0.0,17.1,203,68.8,0.0,8.1,20060618,0.0,6,18,21.7,1.4,28.7,2006
169,2006-06-19,0.0,15.6,203,67.9,0.0,8.3,20060619,0.0,6,19,22.4,0.9,29.1,2006
170,2006-06-20,0.0,17.3,203,66.9,0.0,5.0,20060620,0.0,6,20,23.0,1.2,28.5,2006
171,2006-06-21,5.5,18.2,203,87.9,0.0,0.0,20060621,0.0,6,21,19.5,0.8,20.7,2006
172,2006-06-22,0.0,18.0,203,78.3,0.0,5.7,20060622,0.0,6,22,22.0,0.6,28.3,2006
173,2006-06-23,0.0,18.7,203,73.0,0.0,6.4,20060623,0.0,6,23,23.7,0.6,30.0,2006
174,2006-06-24,0.0,18.7,203,69.6,0.0,9.7,20060624,0.0,6,24,25.3,0.7,31.7,2006
175,2006-06-25,0.5,19.2,203,72.0,0.0,7.9,20060625,0.0,6,25,23.5,1.9,28.7,2006
176,2006-06-26,7.0,19.5,203,87.3,0.0,0.5,20060626,0.0,6,26,21.6,1.2,24.7,2006
177,2006-06-27,0.5,20.1,203,80.3,0.0,3.3,20060627,0.0,6,27,23.0,1.2,26.7,2006
178,2006-06-28,0.0,22.0,203,74.9,0.0,5.7,20060628,0.0,6,28,25.0,0.9,29.5,2006
179,2006-06-29,2.0,22.1,203,73.0,0.0,5.7,20060629,0.0,6,29,26.2,1.2,31.5,2006
180,2006-06-30,17.0,22.2,203,82.6,0.0,2.2,20060630,0.0,6,30,24.7,2.4,27.7,2006
181,2006-07-01,15.0,22.0,203,87.8,0.0,0.0,20060701,0.0,7,1,23.3,1.0,25.2,2006
182,2006-07-02,2.0,20.7,203,74.1,0.0,8.8,20060702,0.0,7,2,23.9,1.2,29.0,2006
183,2006-07-03,0.0,17.7,203,74.5,0.0,9.2,20060703,0.0,7,3,23.9,0.6,29.5,2006
184,2006-07-04,5.5,20.1,203,88.0,0.0,0.2,20060704,0.0,7,4,22.2,1.3,24.2,2006
185,2006-07-05,1.0,18.8,203,75.9,0.0,4.5,20060705,0.0,7,5,21.4,2.4,23.2,2006
186,2006-07-06,9.5,18.5,203,82.9,0.0,1.2,20060706,0.0,7,6,20.9,0.8,23.3,2006
187,2006-07-07,4.0,19.7,203,80.6,0.0,6.2,20060707,0.0,7,7,22.9,0.8,28.3,2006
188,2006-07-08,0.0,20.3,203,77.8,0.0,6.5,20060708,0.0,7,8,24.8,0.8,29.3,2006
189,2006-07-09,3.5,22.1,203,83.4,0.0,3.6,20060709,0.0,7,9,24.7,1.2,28.3,2006
190,2006-07-10,26.5,21.8,203,88.5,0.0,0.0,20060710,0.0,7,10,22.8,1.8,24.6,2006
191,2006-07-11,1.5,21.5,203,81.0,0.0,2.6,20060711,0.0,7,11,24.5,1.6,27.8,2006
192,2006-07-12,92.5,23.2,203,89.5,0.0,0.0,20060712,0.0,7,12,25.3,1.3,27.8,2006
193,2006-07-13,31.5,25.2,203,83.5,0.0,3.9,20060713,0.0,7,13,27.3,1.7,31.6,2006
194,2006-07-14,1.0,24.8,203,81.0,0.0,6.2,20060714,0.0,7,14,27.8,1.0,32.0,2006
195,2006-07-15,40.5,21.3,203,86.3,0.0,3.0,20060715,0.0,7,15,25.0,2.2,29.8,2006
196,2006-07-16,207.5,18.2,203,92.6,0.0,0.0,20060716,0.0,7,16,19.3,1.1,22.0,2006
197,2006-07-17,41.5,19.0,203,90.6,0.0,0.0,20060717,0.0,7,17,19.6,0.9,21.2,2006
198,2006-07-18,44.5,18.2,203,92.8,0.0,0.0,20060718,0.0,7,18,19.4,1.6,20.3,2006
199,2006-07-19,6.0,18.7,203,83.4,0.0,0.6,20060719,0.0,7,19,21.7,1.3,24.5,2006
200,2006-07-20,3.5,19.1,203,79.3,0.0,3.5,20060720,0.0,7,20,21.3,1.6,25.7,2006
201,2006-07-21,2.5,18.8,203,83.8,0.0,2.8,20060721,0.0,7,21,22.1,0.8,25.8,2006
202,2006-07-22,2.0,20.6,203,73.0,0.0,8.9,20060722,0.0,7,22,24.2,1.9,29.3,2006
203,2006-07-23,0.0,19.6,203,76.0,0.0,5.6,20060723,0.0,7,23,23.2,0.5,27.8,2006
204,2006-07-24,0.0,20.2,203,80.3,0.0,2.6,20060724,0.0,7,24,23.0,0.6,26.5,2006
205,2006-07-25,0.0,20.0,203,74.6,0.0,6.7,20060725,0.0,7,25,24.0,0.3,29.7,2006
206,2006-07-26,29.0,20.5,203,89.3,0.0,0.0,20060726,0.0,7,26,21.4,0.9,22.8,2006
207,2006-07-27,64.5,21.2,203,88.6,0.0,0.1,20060727,0.0,7,27,23.0,0.8,26.3,2006
208,2006-07-28,146.5,21.8,203,90.5,0.0,0.0,20060728,0.0,7,28,22.4,0.8,23.0,2006
209,2006-07-29,39.5,21.9,203,90.3,0.0,0.0,20060729,0.0,7,29,24.0,0.1,26.5,2006
210,2006-07-30,0.0,23.7,203,84.6,0.0,3.7,20060730,0.0,7,30,26.3,0.3,31.6,2006
211,2006-07-31,0.0,23.7,203,75.1,0.0,8.8,20060731,0.0,7,31,27.3,1.4,32.2,2006
212,2006-08-01,0.0,21.7,203,74.6,0.0,8.6,20060801,0.0,8,1,27.1,0.9,33.2,2006
213,2006-08-02,0.0,22.2,203,71.4,0.0,9.7,20060802,0.0,8,2,27.6,1.1,33.5,2006
214,2006-08-03,0.0,22.5,203,72.5,0.0,10.7,20060803,0.0,8,3,28.1,0.7,33.9,2006
215,2006-08-04,0.0,23.2,203,70.4,0.0,10.9,20060804,0.0,8,4,28.8,0.7,35.2,2006
216,2006-08-05,1.5,23.2,203,71.9,0.0,8.8,20060805,0.0,8,5,28.7,0.9,34.9,2006
217,2006-08-06,0.0,23.2,203,69.4,0.0,7.4,20060806,0.0,8,6,27.9,1.1,33.2,2006
218,2006-08-07,0.0,22.8,203,73.0,0.0,7.5,20060807,0.0,8,7,27.6,0.7,34.0,2006
219,2006-08-08,0.0,22.5,203,73.0,0.0,8.9,20060808,0.0,8,8,28.2,0.7,35.2,2006
220,2006-08-09,0.0,23.6,203,74.6,0.0,8.5,20060809,0.0,8,9,28.5,0.8,35.4,2006
221,2006-08-10,0.0,23.5,203,70.3,0.0,7.5,20060810,0.0,8,10,28.1,0.8,35.0,2006
222,2006-08-11,0.0,20.8,203,77.9,0.0,3.4,20060811,0.0,8,11,25.2,0.7,29.8,2006
223,2006-08-12,0.0,21.3,203,77.1,0.0,6.4,20060812,0.0,8,12,26.6,0.7,33.2,2006
224,2006-08-13,0.0,23.0,203,75.0,0.0,5.9,20060813,0.0,8,13,27.6,0.6,33.5,2006
225,2006-08-14,0.0,23.8,203,70.4,0.0,8.0,20060814,0.0,8,14,28.6,0.7,34.4,2006
226,2006-08-15,0.0,23.7,203,72.1,0.0,7.7,20060815,0.0,8,15,29.2,0.8,35.5,2006
227,2006-08-16,0.0,25.6,203,69.8,0.0,8.4,20060816,0.0,8,16,29.5,0.9,35.2,2006
228,2006-08-17,31.5,23.7,203,75.4,0.0,3.3,20060817,0.0,8,17,26.0,2.1,29.5,2006
229,2006-08-18,0.0,21.2,203,60.8,0.0,8.2,20060818,0.0,8,18,25.2,3.3,29.8,2006
230,2006-08-19,0.0,20.7,203,57.3,0.0,7.4,20060819,0.0,8,19,23.4,3.8,28.7,2006
231,2006-08-20,0.5,19.1,203,75.3,0.0,3.7,20060820,0.0,8,20,22.9,1.2,26.0,2006
232,2006-08-21,0.0,21.8,203,77.4,0.0,6.0,20060821,0.0,8,21,26.2,0.4,32.0,2006
233,2006-08-22,0.0,23.2,203,71.6,0.0,7.5,20060822,0.0,8,22,27.7,1.2,32.7,2006
234,2006-08-23,0.0,24.7,203,72.4,0.0,5.3,20060823,0.0,8,23,27.7,0.7,32.7,2006
235,2006-08-24,0.0,22.7,203,72.1,0.0,7.0,20060824,0.0,8,24,26.9,0.7,32.5,2006
236,2006-08-25,36.5,22.7,203,81.6,0.0,3.2,20060825,0.0,8,25,24.9,0.8,30.7,2006
237,2006-08-26,16.0,22.2,203,79.0,0.0,6.3,20060826,0.0,8,26,25.4,1.1,31.6,2006
238,2006-08-27,21.5,22.3,203,81.1,0.0,0.1,20060827,0.0,8,27,24.7,1.0,28.0,2006
239,2006-08-28,0.0,21.7,203,71.0,0.0,7.9,20060828,0.0,8,28,25.9,1.2,31.2,2006
240,2006-08-29,1.0,21.2,203,83.3,0.0,0.0,20060829,0.0,8,29,23.1,0.8,26.1,2006
241,2006-08-30,0.0,21.1,203,70.8,0.0,6.3,20060830,0.0,8,30,24.4,1.3,29.2,2006
242,2006-08-31,0.0,19.7,203,65.1,0.0,8.6,20060831,0.0,8,31,23.8,1.2,30.0,2006
243,2006-09-01,0.0,15.5,203,67.8,0.0,9.7,20060901,0.0,9,1,22.4,1.0,29.3,2006
244,2006-09-02,0.0,18.0,203,68.1,0.0,11.0,20060902,0.0,9,2,23.7,0.7,30.2,2006
245,2006-09-03,0.0,17.5,203,73.8,0.0,9.4,20060903,0.0,9,3,23.2,0.5,29.5,2006
246,2006-09-04,0.0,18.3,203,72.6,0.0,2.1,20060904,0.0,9,4,21.7,0.9,26.2,2006
247,2006-09-05,0.0,15.8,203,64.6,0.0,5.6,20060905,0.0,9,5,20.1,1.9,25.2,2006
248,2006-09-06,8.0,14.8,203,73.5,0.0,8.1,20060906,0.0,9,6,18.9,0.9,25.1,2006
249,2006-09-07,0.0,12.0,203,74.1,0.0,8.1,20060907,0.0,9,7,18.5,0.6,27.1,2006
250,2006-09-08,0.0,13.1,203,71.8,0.0,5.3,20060908,0.0,9,8,20.5,1.2,26.3,2006
251,2006-09-09,0.0,11.1,203,77.3,0.0,0.0,20060909,0.0,9,9,18.4,1.0,21.1,2006
252,2006-09-10,0.0,8.6,203,63.0,0.0,10.5,20060910,0.0,9,10,13.8,1.2,21.2,2006
253,2006-09-11,0.0,7.0,203,72.6,0.0,5.7,20060911,0.0,9,11,13.0,0.5,19.6,2006
254,2006-09-12,0.0,9.8,203,72.3,0.0,8.3,20060912,0.0,9,12,17.3,0.8,25.2,2006
255,2006-09-13,0.0,14.5,203,69.1,0.0,9.9,20060913,0.0,9,13,19.2,0.9,25.2,2006
256,2006-09-14,0.0,13.5,203,73.9,0.0,7.4,20060914,0.0,9,14,18.7,0.7,25.2,2006
257,2006-09-15,0.0,15.3,203,71.3,0.0,5.6,20060915,0.0,9,15,19.6,1.2,23.6,2006
258,2006-09-16,0.0,18.6,203,73.1,0.0,3.4,20060916,0.0,9,16,20.8,1.3,23.6,2006
259,2006-09-17,1.5,17.2,203,74.9,0.0,0.0,20060917,0.0,9,17,18.8,2.2,21.2,2006
260,2006-09-18,1.5,16.2,203,82.6,0.0,0.1,20060918,0.0,9,18,17.8,1.2,20.1,2006
261,2006-09-19,0.0,13.8,203,87.9,0.0,5.9,20060919,0.0,9,19,18.1,0.5,24.2,2006
262,2006-09-20,0.0,16.2,203,84.4,0.0,4.8,20060920,0.0,9,20,19.6,0.4,25.1,2006
263,2006-09-21,0.0,15.8,203,72.0,0.0,9.7,20060921,0.0,9,21,20.8,0.5,26.7,2006
264,2006-09-22,0.0,15.8,203,75.9,0.0,9.5,20060922,0.0,9,22,20.4,0.7,26.0,2006
265,2006-09-23,0.0,14.3,203,63.0,0.0,10.3,20060923,0.0,9,23,19.4,0.9,24.7,2006
266,2006-09-24,0.0,11.8,203,65.0,0.0,10.3,20060924,0.0,9,24,17.8,0.6,24.5,2006
267,2006-09-25,0.0,10.8,203,68.9,0.0,8.6,20060925,0.0,9,25,17.7,0.5,25.2,2006
268,2006-09-26,0.0,14.1,203,70.9,0.0,5.5,20060926,0.0,9,26,18.4,0.4,24.2,2006
269,2006-09-27,0.0,14.1,203,70.6,0.0,9.1,20060927,0.0,9,27,19.4,0.6,25.3,2006
270,2006-09-28,0.0,15.0,203,84.8,0.0,1.0,20060928,0.0,9,28,18.4,0.8,22.7,2006
271,2006-09-29,0.0,15.3,203,75.8,0.0,6.9,20060929,0.0,9,29,19.6,0.9,25.0,2006
272,2006-09-30,0.0,13.5,203,72.4,0.0,7.6,20060930,0.0,9,30,18.7,0.6,24.6,2006
273,2006-10-01,0.0,14.6,203,68.8,0.0,7.5,20061001,0.0,10,1,19.3,0.7,24.5,2006
274,2006-10-02,0.0,13.8,203,69.8,0.0,9.8,20061002,0.0,10,2,19.0,0.7,25.3,2006
275,2006-10-03,0.0,11.8,203,73.1,0.0,8.8,20061003,0.0,10,3,18.6,0.7,26.2,2006
276,2006-10-04,0.0,13.0,203,74.9,0.0,7.9,20061004,0.0,10,4,18.5,0.5,25.3,2006
277,2006-10-05,0.0,13.1,203,63.0,0.0,9.4,20061005,0.0,10,5,19.4,1.5,26.2,2006
278,2006-10-06,0.0,14.1,203,54.1,0.0,9.9,20061006,0.0,10,6,19.7,2.0,26.0,2006
279,2006-10-07,0.0,11.0,203,68.3,0.0,9.1,20061007,0.0,10,7,17.9,0.9,25.7,2006
280,2006-10-08,0.0,13.1,203,84.0,0.0,4.9,20061008,0.0,10,8,18.0,0.5,23.2,2006
281,2006-10-09,0.0,15.0,203,85.0,0.0,3.3,20061009,0.0,10,9,19.2,0.6,23.8,2006
282,2006-10-10,0.0,15.1,203,81.5,0.0,4.7,20061010,0.0,10,10,18.9,0.8,25.2,2006
283,2006-10-11,0.0,13.8,203,81.6,0.0,0.5,20061011,0.0,10,11,17.4,0.8,23.0,2006
284,2006-10-12,0.0,7.9,203,65.4,0.0,6.9,20061012,0.0,10,12,14.6,0.9,23.2,2006
285,2006-10-13,0.0,8.1,203,68.5,0.0,8.1,20061013,0.0,10,13,15.1,0.5,23.7,2006
286,2006-10-14,0.0,10.0,203,70.8,0.0,8.8,20061014,0.0,10,14,16.5,0.6,24.1,2006
287,2006-10-15,0.0,11.1,203,75.8,0.0,7.1,20061015,0.0,10,15,17.1,0.5,24.0,2006
288,2006-10-16,0.0,12.3,203,80.5,0.0,6.6,20061016,0.0,10,16,18.0,0.6,24.5,2006
289,2006-10-17,0.0,13.6,203,88.9,0.0,0.8,20061017,0.0,10,17,17.0,0.6,21.3,2006
290,2006-10-18,0.0,14.0,203,80.0,0.0,6.8,20061018,0.0,10,18,18.4,0.5,24.0,2006
291,2006-10-19,0.0,13.8,203,83.1,0.0,2.4,20061019,0.0,10,19,18.1,0.7,22.7,2006
292,2006-10-20,0.0,13.3,203,80.6,0.0,4.7,20061020,0.0,10,20,18.0,0.8,23.6,2006
293,2006-10-21,0.0,12.8,203,74.3,0.0,7.1,20061021,0.0,10,21,18.0,0.6,24.1,2006
294,2006-10-22,11.0,12.3,203,93.3,0.0,0.4,20061022,0.0,10,22,15.9,0.6,19.0,2006
295,2006-10-23,5.5,13.0,203,70.8,0.0,0.7,20061023,0.0,10,23,14.6,2.4,16.7,2006
296,2006-10-24,0.0,11.0,203,60.4,0.0,9.6,20061024,0.0,10,24,14.4,2.5,19.2,2006
297,2006-10-25,0.0,8.0,203,73.6,0.0,4.3,20061025,0.0,10,25,13.2,0.5,18.8,2006
298,2006-10-26,0.0,11.8,203,74.9,0.0,4.3,20061026,0.0,10,26,15.2,0.6,19.7,2006
299,2006-10-27,0.0,10.1,203,70.5,0.0,7.7,20061027,0.0,10,27,14.7,0.9,19.7,2006
300,2006-10-28,0.0,7.3,203,80.0,0.0,6.4,20061028,0.0,10,28,13.5,0.5,20.1,2006
301,2006-10-29,0.0,8.8,203,75.3,0.0,4.7,20061029,0.0,10,29,14.4,0.6,19.8,2006
302,2006-10-30,0.0,4.9,203,74.0,0.0,6.2,20061030,0.0,10,30,11.6,0.5,20.1,2006
303,2006-10-31,0.0,5.4,203,77.8,0.0,7.5,20061031,0.0,10,31,12.5,0.5,19.6,2006
304,2006-11-01,0.0,8.1,203,81.1,0.0,6.3,20061101,0.0,11,1,13.6,0.4,20.0,2006
305,2006-11-02,0.0,9.1,203,73.4,0.0,6.0,20061102,0.0,11,2,13.9,0.9,19.7,2006
306,2006-11-03,0.0,6.8,203,81.5,0.0,5.6,20061103,0.0,11,3,13.0,0.6,19.7,2006
307,2006-11-04,0.0,10.6,203,75.9,0.0,5.6,20061104,0.0,11,4,15.1,0.9,20.5,2006
308,2006-11-05,10.5,7.0,203,64.9,0.0,6.8,20061105,0.0,11,5,14.1,1.8,19.1,2006
309,2006-11-06,16.0,4.5,203,89.3,0.0,1.4,20061106,0.0,11,6,7.0,1.4,10.0,2006
310,2006-11-07,0.0,-1.0,203,62.9,0.0,9.0,20061107,0.0,11,7,4.3,1.7,8.6,2006
311,2006-11-08,0.0,1.6,203,71.3,0.0,5.7,20061108,0.0,11,8,10.4,2.1,15.1,2006
312,2006-11-09,0.5,6.8,203,50.1,0.0,5.0,20061109,0.0,11,9,13.6,2.3,20.3,2006
313,2006-11-10,0.0,0.4,203,54.1,0.0,4.1,20061110,0.0,11,10,6.5,0.7,13.5,2006
314,2006-11-11,0.0,0.6,203,48.0,0.0,8.9,20061111,0.0,11,11,6.2,1.6,12.5,2006
315,2006-11-12,0.0,-4.0,203,53.0,0.0,9.1,20061112,0.0,11,12,3.8,1.0,12.3,2006
316,2006-11-13,0.0,-1.7,203,74.5,0.0,2.6,20061113,0.0,11,13,7.6,1.0,14.1,2006
317,2006-11-14,0.0,1.7,203,47.0,0.0,8.6,20061114,0.0,11,14,5.8,2.0,10.5,2006
318,2006-11-15,5.0,-0.5,203,73.6,0.0,3.5,20061115,0.0,11,15,4.4,1.9,11.1,2006
319,2006-11-16,0.0,-4.4,203,57.3,0.0,6.3,20061116,0.0,11,16,1.5,1.0,8.1,2006
320,2006-11-17,0.0,-5.1,203,70.6,0.0,7.5,20061117,0.0,11,17,2.1,0.6,10.6,2006
321,2006-11-18,0.0,-3.2,203,70.0,0.0,6.6,20061118,0.0,11,18,3.3,0.4,12.1,2006
322,2006-11-19,0.0,-2.7,203,72.6,0.0,2.5,20061119,0.0,11,19,4.5,0.4,12.0,2006
323,2006-11-20,0.0,-0.3,203,73.4,0.0,6.4,20061120,0.0,11,20,5.9,0.7,14.1,2006
324,2006-11-21,0.0,-2.7,203,88.3,0.0,1.2,20061121,0.0,11,21,3.1,0.4,6.9,2006
325,2006-11-22,0.0,-2.2,203,81.8,0.0,2.4,20061122,0.0,11,22,3.4,0.5,10.8,2006
326,2006-11-23,0.0,1.8,203,63.0,0.0,3.4,20061123,0.0,11,23,6.0,2.7,11.1,2006
327,2006-11-24,0.0,1.3,203,61.0,0.0,5.7,20061124,0.0,11,24,5.0,1.5,10.5,2006
328,2006-11-25,0.0,-0.3,203,63.0,0.0,7.7,20061125,0.0,11,25,6.5,0.9,15.0,2006
329,2006-11-26,0.0,3.4,203,66.8,0.0,0.7,20061126,0.0,11,26,9.3,1.3,14.6,2006
330,2006-11-27,15.0,4.5,203,89.9,0.0,0.0,20061127,0.0,11,27,7.1,2.4,11.0,2006
331,2006-11-28,0.0,0.8,203,80.5,0.0,1.0,20061128,0.0,11,28,5.0,1.2,10.1,2006
332,2006-11-29,0.0,-2.2,203,59.5,0.0,5.9,20061129,0.0,11,29,1.0,1.0,6.3,2006
333,2006-11-30,0.0,-4.4,203,87.8,0.0,2.0,20061130,0.0,11,30,-0.6,0.7,3.0,2006
334,2006-12-01,1.6,-2.0,203,93.0,1.9,1.2,20061201,0.0,12,1,0.3,0.7,5.0,2006
335,2006-12-02,0.1,-7.4,203,61.5,0.3,6.6,20061202,0.0,12,2,-2.6,2.2,0.8,2006
336,2006-12-03,0.0,-9.8,203,53.4,0.0,8.5,20061203,0.0,12,3,-5.1,1.2,0.0,2006
337,2006-12-04,0.0,-10.1,203,62.6,0.0,8.3,20061204,0.0,12,4,-3.9,0.9,2.7,2006
338,2006-12-05,0.0,-6.4,203,80.8,0.0,4.1,20061205,0.0,12,5,-1.7,0.6,3.5,2006
339,2006-12-06,0.0,-6.4,203,90.8,0.0,1.9,20061206,0.0,12,6,-1.5,0.3,4.0,2006
340,2006-12-07,0.0,-0.8,203,89.9,0.0,0.0,20061207,0.0,12,7,2.2,0.3,6.0,2006
341,2006-12-08,2.0,2.9,203,72.1,0.0,0.0,20061208,0.0,12,8,5.3,1.4,7.4,2006
342,2006-12-09,3.5,-0.8,203,76.9,0.0,2.0,20061209,0.0,12,9,3.0,1.4,7.3,2006
343,2006-12-10,0.0,-4.8,203,58.6,0.0,7.5,20061210,0.0,12,10,-1.0,1.2,4.4,2006
344,2006-12-11,0.0,-7.4,203,72.9,0.0,7.1,20061211,0.0,12,11,-1.2,0.5,5.1,2006
345,2006-12-12,0.0,-3.4,203,78.5,0.0,2.8,20061212,0.0,12,12,1.4,0.5,7.8,2006
346,2006-12-13,0.0,-1.1,203,81.1,0.0,1.5,20061213,0.0,12,13,2.9,0.9,10.0,2006
347,2006-12-14,0.0,-3.7,203,80.6,0.0,1.1,20061214,0.0,12,14,-0.3,0.6,5.9,2006
348,2006-12-15,0.0,-5.4,203,89.6,0.0,1.5,20061215,0.0,12,15,-1.2,0.5,3.0,2006
349,2006-12-16,0.0,-2.9,203,78.6,0.0,3.4,20061216,0.0,12,16,0.4,1.1,6.5,2006
350,2006-12-17,2.7,-4.0,203,83.8,5.0,1.9,20061217,0.0,12,17,-1.1,1.4,3.0,2006
351,2006-12-18,0.0,-9.6,203,69.4,0.0,8.6,20061218,0.0,12,18,-4.0,0.9,1.7,2006
352,2006-12-19,0.0,-10.0,203,73.9,0.0,7.9,20061219,0.0,12,19,-3.0,0.5,3.4,2006
353,2006-12-20,0.0,-2.7,203,74.6,0.0,2.7,20061220,0.0,12,20,0.6,0.3,6.6,2006
354,2006-12-21,0.0,-4.5,203,80.5,0.0,7.3,20061221,0.0,12,21,0.3,0.5,7.5,2006
355,2006-12-22,0.0,-4.0,203,80.9,0.0,3.4,20061222,0.0,12,22,0.7,0.8,6.9,2006
356,2006-12-23,0.0,-7.4,203,81.1,0.0,5.0,20061223,0.0,12,23,-0.7,0.7,7.9,2006
357,2006-12-24,0.0,-5.8,203,77.4,0.0,4.8,20061224,0.0,12,24,-0.2,0.5,6.8,2006
358,2006-12-25,0.0,-4.4,203,81.3,0.0,7.4,20061225,0.0,12,25,2.3,0.3,11.6,2006
359,2006-12-26,0.0,-4.3,203,81.4,0.0,6.4,20061226,0.0,12,26,2.8,0.4,12.6,2006
360,2006-12-27,0.0,-3.9,203,73.0,0.0,1.8,20061227,0.0,12,27,0.5,2.1,5.5,2006
361,2006-12-28,0.0,-11.5,203,41.5,0.0,8.1,20061228,0.0,12,28,-7.6,3.2,-3.4,2006
362,2006-12-29,0.0,-15.1,203,44.8,0.0,8.8,20061229,0.0,12,29,-8.5,1.3,-2.0,2006
363,2006-12-30,0.0,-14.3,203,60.9,0.0,7.1,20061230,0.0,12,30,-6.4,0.5,-0.2,2006
364,2006-12-31,0.0,-8.1,203,52.0,0.0,7.8,20061231,0.0,12,31,-1.8,0.5,5.9,2006
