,Date,rainfall,tmin,station_id,humid,snow,sunshine,date,cloud,month,day,tavg,wind,tmax,year
0,2016-01-02,0.0,-1.5,203,76.1,0.0,3.5,20160102,0.0,1,2,2.9,0.5,10.2,2016
1,2016-01-03,0.0,-1.5,203,80.8,0.0,2.7,20160103,0.0,1,3,3.9,0.6,9.9,2016
2,2016-01-04,0.0,-0.3,203,44.0,0.0,8.1,20160104,0.0,1,4,3.7,2.1,7.2,2016
3,2016-01-05,0.0,-4.6,203,31.9,0.0,6.6,20160105,0.0,1,5,-1.5,1.7,2.5,2016
4,2016-01-06,0.0,-7.8,203,58.3,0.0,2.5,20160106,0.0,1,6,-2.2,1.0,3.3,2016
5,2016-01-07,0.0,-7.1,203,48.6,0.0,8.8,20160107,0.0,1,7,-2.5,1.5,3.2,2016
6,2016-01-08,0.0,-9.9,203,49.8,0.0,8.8,20160108,0.0,1,8,-3.8,1.3,2.1,2016
7,2016-01-09,0.0,-5.8,203,54.6,0.0,7.8,20160109,0.0,1,9,-1.2,1.4,3.6,2016
8,2016-01-10,0.0,-2.6,203,42.4,0.0,7.4,20160110,0.0,1,10,0.7,1.7,5.7,2016
9,2016-01-11,0.0,-6.6,203,31.4,0.0,8.8,20160111,0.0,1,11,-2.6,1.5,3.3,2016
10,2016-01-12,0.0,-12.2,203,52.3,0.0,8.6,20160112,0.0,1,12,-5.3,1.3,1.9,2016
11,2016-01-13,1.2,-9.7,203,60.8,0.0,6.4,20160113,0.0,1,13,-3.8,1.4,1.3,2016
12,2016-01-14,0.5,-11.7,203,55.1,0.0,7.2,20160114,0.0,1,14,-4.1,1.1,0.7,2016
13,2016-01-15,1.1,-6.1,203,76.9,0.0,4.4,20160115,0.0,1,15,-2.5,0.5,3.0,2016
14,2016-01-16,0.0,-7.7,203,73.5,0.0,2.5,20160116,0.0,1,16,-2.6,0.5,3.7,2016
15,2016-01-17,0.0,-4.5,203,71.8,0.0,0.0,20160117,0.0,1,17,-0.1,0.6,4.2,2016
16,2016-01-18,0.2,-11.2,203,53.0,0.0,5.2,20160118,0.0,1,18,-5.0,3.4,0.7,2016
17,2016-01-19,0.0,-13.9,203,37.9,0.0,8.9,20160119,0.0,1,19,-11.0,3.3,-6.5,2016
18,2016-01-20,0.0,-16.9,203,57.8,0.0,7.5,20160120,0.0,1,20,-11.4,0.5,-4.7,2016
19,2016-01-21,0.0,-12.9,203,55.9,0.0,5.5,20160121,0.0,1,21,-7.6,0.8,-1.2,2016
20,2016-01-22,0.0,-14.7,203,48.0,0.0,7.9,20160122,0.0,1,22,-7.5,1.0,-1.2,2016
21,2016-01-23,0.0,-14.2,203,31.4,0.0,8.2,20160123,0.0,1,23,-9.8,2.9,-5.8,2016
22,2016-01-24,0.0,-18.1,203,38.8,0.0,8.9,20160124,0.0,1,24,-13.5,1.8,-8.1,2016
23,2016-01-25,0.0,-18.5,203,50.8,0.0,9.0,20160125,0.0,1,25,-9.5,1.3,-1.7,2016
24,2016-01-26,0.6,-10.4,203,77.4,0.0,2.1,20160126,0.0,1,26,-6.4,0.6,-0.9,2016
25,2016-01-27,0.0,-9.9,203,65.3,0.0,8.0,20160127,0.0,1,27,-3.4,1.0,4.4,2016
26,2016-01-28,0.0,-10.3,203,59.4,0.0,1.2,20160128,0.0,1,28,-2.3,0.6,3.7,2016
27,2016-01-29,0.0,-1.9,203,47.8,0.0,0.2,20160129,0.0,1,29,2.0,1.5,6.0,2016
28,2016-01-30,0.0,-4.6,203,60.6,0.0,6.4,20160130,0.0,1,30,0.9,1.4,7.9,2016
29,2016-01-31,0.0,-5.2,203,43.8,0.0,8.5,20160131,0.0,1,31,-2.6,2.3,1.6,2016
30,2016-02-01,0.0,-10.7,203,37.0,0.0,8.4,20160201,0.0,2,1,-5.3,2.0,0.6,2016
31,2016-02-02,0.0,-14.2,203,46.6,0.0,9.3,20160202,0.0,2,2,-5.9,1.3,1.9,2016
32,2016-02-03,0.0,-14.0,203,56.6,0.0,9.0,20160203,0.0,2,3,-4.4,1.0,4.2,2016
33,2016-02-04,0.0,-6.9,203,53.9,0.0,8.7,20160204,0.0,2,4,-1.0,1.7,6.1,2016
34,2016-02-05,0.0,-10.2,203,40.9,0.0,8.0,20160205,0.0,2,5,-2.5,1.5,4.8,2016
35,2016-02-06,0.0,-7.6,203,45.5,0.0,9.4,20160206,0.0,2,6,-2.7,1.8,4.1,2016
36,2016-02-07,0.0,-12.8,203,50.1,0.0,9.5,20160207,0.0,2,7,-4.3,1.1,3.8,2016
37,2016-02-08,0.8,-7.3,203,65.4,0.0,4.7,20160208,0.0,2,8,-0.5,2.0,5.4,2016
38,2016-02-09,0.0,-3.9,203,46.3,0.0,9.0,20160209,0.0,2,9,0.6,2.7,7.0,2016
39,2016-02-10,0.0,-8.3,203,49.1,0.0,9.8,20160210,0.0,2,10,0.2,0.7,10.2,2016
40,2016-02-11,0.2,-6.1,203,44.3,0.0,5.5,20160211,0.0,2,11,4.1,0.6,13.9,2016
41,2016-02-12,15.0,3.8,203,90.0,0.0,0.0,20160212,0.0,2,12,6.5,0.6,8.4,2016
42,2016-02-13,16.2,6.2,203,90.4,0.0,0.4,20160213,0.0,2,13,9.7,0.9,14.2,2016
43,2016-02-14,0.3,-5.3,203,70.0,0.0,0.2,20160214,0.0,2,14,-1.6,3.8,8.8,2016
44,2016-02-15,0.0,-8.9,203,49.3,0.0,9.8,20160215,0.0,2,15,-5.1,2.5,-1.5,2016
45,2016-02-16,0.9,-11.1,203,67.3,0.0,3.6,20160216,0.0,2,16,-2.8,1.9,2.0,2016
46,2016-02-17,0.0,-7.5,203,53.1,0.0,9.8,20160217,0.0,2,17,-0.5,1.5,5.8,2016
47,2016-02-18,0.1,-5.0,203,63.8,0.0,5.7,20160218,0.0,2,18,2.5,1.9,8.2,2016
48,2016-02-19,0.0,-1.3,203,63.8,0.0,0.0,20160219,0.0,2,19,1.9,1.2,5.1,2016
49,2016-02-20,0.0,-3.7,203,46.9,0.0,8.6,20160220,0.0,2,20,1.6,2.0,8.2,2016
50,2016-02-21,0.0,-5.6,203,32.9,0.0,9.9,20160221,0.0,2,21,0.0,2.1,5.8,2016
51,2016-02-22,0.0,-3.7,203,39.8,0.0,0.0,20160222,0.0,2,22,0.8,0.7,4.7,2016
52,2016-02-23,0.3,-2.9,203,47.5,0.0,7.8,20160223,0.0,2,23,1.2,2.0,6.8,2016
53,2016-02-24,0.0,-7.3,203,43.4,0.0,10.0,20160224,0.0,2,24,-2.4,2.2,3.2,2016
54,2016-02-25,0.0,-8.7,203,51.3,0.0,8.5,20160225,0.0,2,25,-0.5,2.2,5.2,2016
55,2016-02-26,0.5,-2.8,203,46.8,0.0,9.6,20160226,0.0,2,26,2.7,2.1,7.9,2016
56,2016-02-27,8.9,-0.9,203,74.8,0.0,5.2,20160227,0.0,2,27,1.6,0.9,6.7,2016
57,2016-02-28,9.0,-3.7,203,83.9,0.0,0.0,20160228,0.0,2,28,-0.5,0.8,3.6,2016
58,2016-02-29,0.0,-6.1,203,51.6,0.0,8.9,20160229,0.0,2,29,-3.6,2.3,-0.3,2016
59,2016-03-01,0.0,-10.9,203,50.9,0.0,9.8,20160301,0.0,3,1,-2.8,1.7,2.7,2016
60,2016-03-02,0.0,-4.7,203,68.1,0.0,5.0,20160302,0.0,3,2,1.3,1.7,9.0,2016
61,2016-03-03,0.0,-1.4,203,69.4,0.0,4.7,20160303,0.0,3,3,4.8,0.9,12.3,2016
62,2016-03-04,1.9,0.4,203,66.9,0.0,6.2,20160304,0.0,3,4,9.7,1.2,17.8,2016
63,2016-03-05,56.3,7.7,203,84.9,0.0,0.0,20160305,0.0,3,5,11.6,1.3,16.0,2016
64,2016-03-06,0.0,3.2,203,56.0,0.0,8.1,20160306,0.0,3,6,8.8,1.9,14.0,2016
65,2016-03-07,0.0,0.8,203,55.0,0.0,0.7,20160307,0.0,3,7,6.6,0.9,11.5,2016
66,2016-03-08,0.0,0.9,203,34.6,0.0,0.3,20160308,0.0,3,8,4.0,2.1,6.8,2016
67,2016-03-09,0.0,-1.8,203,34.3,0.0,8.9,20160309,0.0,3,9,1.9,2.1,8.3,2016
68,2016-03-10,0.0,-2.8,203,31.3,0.0,9.8,20160310,0.0,3,10,0.2,2.5,4.8,2016
69,2016-03-11,0.0,-4.9,203,38.8,0.0,10.7,20160311,0.0,3,11,-0.1,1.8,6.1,2016
70,2016-03-12,0.0,-5.9,203,53.3,0.0,7.5,20160312,0.0,3,12,1.5,1.4,8.0,2016
71,2016-03-13,0.0,-1.0,203,64.6,0.0,0.6,20160313,0.0,3,13,2.3,0.8,6.6,2016
72,2016-03-14,0.0,-2.4,203,58.9,0.0,7.3,20160314,0.0,3,14,3.6,1.4,11.0,2016
73,2016-03-15,0.0,-4.1,203,47.3,0.0,9.1,20160315,0.0,3,15,5.0,1.7,13.4,2016
74,2016-03-16,0.0,0.6,203,40.1,0.0,9.4,20160316,0.0,3,16,7.6,1.6,15.6,2016
75,2016-03-17,0.0,-2.1,203,42.5,0.0,7.1,20160317,0.0,3,17,7.8,0.9,17.3,2016
76,2016-03-18,0.0,6.0,203,51.0,0.0,3.9,20160318,0.0,3,18,11.8,1.1,17.7,2016
77,2016-03-19,0.0,1.6,203,59.3,0.0,9.4,20160319,0.0,3,19,10.1,1.9,17.6,2016
78,2016-03-20,0.0,0.6,203,55.0,0.0,6.4,20160320,0.0,3,20,8.9,1.3,16.5,2016
79,2016-03-21,0.0,0.5,203,52.4,0.0,10.3,20160321,0.0,3,21,9.0,1.6,17.6,2016
80,2016-03-22,0.0,-0.6,203,43.8,0.0,10.4,20160322,0.0,3,22,8.5,2.2,16.1,2016
81,2016-03-23,0.0,2.9,203,53.4,0.0,8.1,20160323,0.0,3,23,7.6,1.8,14.0,2016
82,2016-03-24,0.0,-1.9,203,44.1,0.0,10.9,20160324,0.0,3,24,6.1,1.7,13.6,2016
83,2016-03-25,0.0,-1.0,203,46.9,0.0,8.3,20160325,0.0,3,25,5.7,1.5,12.4,2016
84,2016-03-26,0.0,-1.9,203,46.1,0.0,10.0,20160326,0.0,3,26,5.9,1.5,13.5,2016
85,2016-03-27,0.0,-2.2,203,44.4,0.0,10.5,20160327,0.0,3,27,6.4,2.1,14.8,2016
86,2016-03-28,0.0,-2.8,203,36.3,0.0,11.0,20160328,0.0,3,28,8.2,1.3,17.8,2016
87,2016-03-29,0.0,1.8,203,51.0,0.0,3.3,20160329,0.0,3,29,10.8,2.2,19.8,2016
88,2016-03-30,0.0,3.9,203,44.3,0.0,9.1,20160330,0.0,3,30,11.4,1.9,20.1,2016
89,2016-03-31,0.0,1.0,203,32.9,0.0,7.8,20160331,0.0,3,31,11.8,0.9,22.4,2016
90,2016-04-01,0.0,1.3,203,33.5,0.0,10.7,20160401,0.0,4,1,13.7,1.3,25.2,2016
91,2016-04-02,0.0,4.3,203,35.4,0.0,10.7,20160402,0.0,4,2,14.3,1.9,24.1,2016
92,2016-04-03,0.0,7.9,203,65.5,0.0,0.0,20160403,0.0,4,3,11.1,1.4,15.1,2016
93,2016-04-04,0.0,5.5,203,44.4,0.0,10.4,20160404,0.0,4,4,12.8,1.9,20.3,2016
94,2016-04-05,0.0,4.2,203,29.4,0.0,11.4,20160405,0.0,4,5,11.7,2.3,20.6,2016
95,2016-04-06,2.7,2.2,203,40.3,0.0,6.6,20160406,0.0,4,6,13.1,1.4,22.8,2016
96,2016-04-07,14.4,9.7,203,69.4,0.0,7.4,20160407,0.0,4,7,13.6,2.1,21.2,2016
97,2016-04-08,0.0,8.3,203,67.6,0.0,8.1,20160408,0.0,4,8,12.7,2.1,21.3,2016
98,2016-04-09,0.0,7.7,203,73.9,0.0,1.0,20160409,0.0,4,9,13.5,1.4,19.4,2016
99,2016-04-10,0.0,8.8,203,63.0,0.0,5.7,20160410,0.0,4,10,14.6,2.2,22.9,2016
100,2016-04-11,0.0,5.8,203,43.1,0.0,10.9,20160411,0.0,4,11,12.1,2.1,19.2,2016
101,2016-04-12,0.0,4.9,203,44.4,0.0,7.0,20160412,0.0,4,12,13.3,1.6,20.7,2016
102,2016-04-13,4.7,10.0,203,77.8,0.0,4.4,20160413,0.0,4,13,13.6,0.9,20.8,2016
103,2016-04-14,0.0,8.5,203,68.5,0.0,9.4,20160414,0.0,4,14,13.4,2.3,19.2,2016
104,2016-04-15,0.0,5.0,203,48.1,0.0,11.5,20160415,0.0,4,15,14.2,1.6,24.6,2016
105,2016-04-16,28.6,5.7,203,62.4,0.0,3.6,20160416,0.0,4,16,13.6,1.6,21.8,2016
106,2016-04-17,15.1,8.0,203,57.9,0.0,8.4,20160417,0.0,4,17,11.8,4.3,15.7,2016
107,2016-04-18,4.0,5.8,203,57.5,0.0,10.2,20160418,0.0,4,18,11.4,2.5,19.6,2016
108,2016-04-19,0.0,6.6,203,55.8,0.0,10.2,20160419,0.0,4,19,12.1,2.0,18.3,2016
109,2016-04-20,0.9,7.7,203,65.5,0.0,3.9,20160420,0.0,4,20,12.9,1.2,20.1,2016
110,2016-04-21,15.8,9.8,203,81.9,0.0,1.6,20160421,0.0,4,21,13.7,1.4,18.8,2016
111,2016-04-22,0.0,11.4,203,69.1,0.0,8.5,20160422,0.0,4,22,16.1,2.4,25.0,2016
112,2016-04-23,0.0,8.7,203,49.3,0.0,3.5,20160423,0.0,4,23,13.8,1.5,20.7,2016
113,2016-04-24,0.0,5.1,203,39.3,0.0,10.8,20160424,0.0,4,24,14.4,1.0,23.6,2016
114,2016-04-25,0.0,6.6,203,42.6,0.0,11.5,20160425,0.0,4,25,16.7,1.2,27.1,2016
115,2016-04-26,0.0,8.4,203,42.8,0.0,9.5,20160426,0.0,4,26,19.4,1.3,29.8,2016
116,2016-04-27,0.5,11.9,203,52.0,0.0,0.0,20160427,0.0,4,27,13.8,1.6,17.4,2016
117,2016-04-28,0.0,9.7,203,40.3,0.0,8.1,20160428,0.0,4,28,15.5,1.5,22.7,2016
118,2016-04-29,0.0,9.0,203,49.1,0.0,11.4,20160429,0.0,4,29,15.5,1.6,23.5,2016
119,2016-04-30,0.0,8.0,203,50.1,0.0,5.2,20160430,0.0,4,30,16.2,2.1,23.9,2016
120,2016-05-01,0.0,8.2,203,45.1,0.0,8.9,20160501,0.0,5,1,17.9,1.3,28.3,2016
121,2016-05-02,10.1,11.9,203,62.1,0.0,7.9,20160502,0.0,5,2,19.1,1.5,28.8,2016
122,2016-05-03,26.6,9.4,203,81.8,0.0,0.0,20160503,0.0,5,3,13.5,3.7,17.9,2016
123,2016-05-04,0.0,10.4,203,37.6,0.0,12.9,20160504,0.0,5,4,16.1,4.5,21.1,2016
124,2016-05-05,0.9,7.3,203,45.8,0.0,11.1,20160505,0.0,5,5,18.2,1.7,26.9,2016
125,2016-05-06,0.4,12.8,203,78.8,0.0,0.0,20160506,0.0,5,6,16.0,1.3,19.2,2016
126,2016-05-07,0.0,10.2,203,55.4,0.0,12.3,20160507,0.0,5,7,16.2,2.2,23.4,2016
127,2016-05-08,0.0,8.1,203,47.4,0.0,11.3,20160508,0.0,5,8,18.3,1.4,27.6,2016
128,2016-05-09,0.0,12.9,203,44.6,0.0,3.9,20160509,0.0,5,9,19.6,1.1,26.8,2016
129,2016-05-10,15.5,12.5,203,80.1,0.0,0.0,20160510,0.0,5,10,13.8,1.5,18.7,2016
130,2016-05-11,0.0,9.5,203,59.4,0.0,12.7,20160511,0.0,5,11,16.6,1.5,24.4,2016
131,2016-05-12,0.0,9.2,203,58.8,0.0,12.5,20160512,0.0,5,12,17.7,1.9,25.5,2016
132,2016-05-13,0.0,13.0,203,61.5,0.0,9.2,20160513,0.0,5,13,17.6,1.7,24.8,2016
133,2016-05-14,0.0,11.4,203,47.9,0.0,11.9,20160514,0.0,5,14,19.3,1.8,27.2,2016
134,2016-05-15,17.5,12.8,203,67.9,0.0,7.0,20160515,0.0,5,15,17.7,2.5,26.6,2016
135,2016-05-16,3.5,9.5,203,51.4,0.0,11.0,20160516,0.0,5,16,15.5,2.3,22.7,2016
136,2016-05-17,0.0,7.1,203,53.1,0.0,12.8,20160517,0.0,5,17,17.6,1.2,28.0,2016
137,2016-05-18,0.0,10.1,203,49.0,0.0,12.7,20160518,0.0,5,18,20.6,0.9,30.7,2016
138,2016-05-19,0.0,12.3,203,45.3,0.0,12.9,20160519,0.0,5,19,22.6,0.8,32.4,2016
139,2016-05-20,0.0,12.9,203,46.4,0.0,12.7,20160520,0.0,5,20,21.8,0.8,31.2,2016
140,2016-05-21,0.0,11.0,203,42.6,0.0,12.1,20160521,0.0,5,21,21.1,1.0,30.3,2016
141,2016-05-22,0.0,12.4,203,45.6,0.0,12.5,20160522,0.0,5,22,21.6,1.2,30.7,2016
142,2016-05-23,0.0,12.8,203,45.9,0.0,9.4,20160523,0.0,5,23,21.9,1.1,29.3,2016
143,2016-05-24,23.4,13.1,203,82.8,0.0,4.3,20160524,0.0,5,24,16.5,1.6,22.0,2016
144,2016-05-25,0.0,12.3,203,69.1,0.0,6.9,20160525,0.0,5,25,18.8,1.4,24.7,2016
145,2016-05-26,0.0,15.7,203,67.3,0.0,2.5,20160526,0.0,5,26,19.7,1.1,24.5,2016
146,2016-05-27,0.0,13.2,203,61.6,0.0,5.8,20160527,0.0,5,27,20.3,1.0,28.0,2016
147,2016-05-28,0.0,14.3,203,55.3,0.0,11.8,20160528,0.0,5,28,21.1,1.5,28.5,2016
148,2016-05-29,0.0,15.5,203,55.1,0.0,6.6,20160529,0.0,5,29,20.4,1.5,27.6,2016
149,2016-05-30,0.0,13.0,203,56.9,0.0,12.0,20160530,0.0,5,30,21.1,1.6,29.2,2016
150,2016-05-31,0.0,14.6,203,62.3,0.0,10.8,20160531,0.0,5,31,21.2,1.8,28.0,2016
151,2016-06-01,0.0,15.3,203,51.1,0.0,10.3,20160601,0.0,6,1,21.9,1.3,29.1,2016
152,2016-06-02,0.0,13.0,203,46.8,0.0,11.9,20160602,0.0,6,2,21.7,1.3,29.4,2016
153,2016-06-03,0.0,15.2,203,48.3,0.0,11.9,20160603,0.0,6,3,21.8,1.5,28.7,2016
154,2016-06-04,0.0,16.2,203,60.8,0.0,0.0,20160604,0.0,6,4,19.9,1.1,24.3,2016
155,2016-06-05,0.0,14.5,203,50.8,0.0,10.9,20160605,0.0,6,5,23.2,1.2,31.1,2016
156,2016-06-06,0.0,16.5,203,55.8,0.0,5.0,20160606,0.0,6,6,21.0,2.1,26.1,2016
157,2016-06-07,0.0,18.2,203,62.5,0.0,5.6,20160607,0.0,6,7,21.9,1.3,26.9,2016
158,2016-06-08,0.0,16.7,203,65.0,0.0,8.8,20160608,0.0,6,8,21.5,1.7,27.1,2016
159,2016-06-09,0.0,15.3,203,60.8,0.0,10.9,20160609,0.0,6,9,23.2,1.1,32.0,2016
160,2016-06-10,0.0,17.5,203,60.3,0.0,11.3,20160610,0.0,6,10,24.5,1.4,32.0,2016
161,2016-06-11,0.0,20.5,203,65.1,0.0,3.9,20160611,0.0,6,11,24.6,1.3,29.8,2016
162,2016-06-12,0.1,21.4,203,72.4,0.0,4.3,20160612,0.0,6,12,24.4,1.6,29.2,2016
163,2016-06-13,0.0,19.5,203,65.1,0.0,8.0,20160613,0.0,6,13,23.7,1.7,30.6,2016
164,2016-06-14,0.0,17.8,203,62.8,0.0,7.2,20160614,0.0,6,14,24.0,1.5,30.0,2016
165,2016-06-15,2.1,17.2,203,71.5,0.0,3.2,20160615,0.0,6,15,21.7,1.8,26.7,2016
166,2016-06-16,0.0,18.2,203,68.3,0.0,5.6,20160616,0.0,6,16,21.2,1.9,26.7,2016
167,2016-06-17,0.0,16.7,203,58.6,0.0,10.9,20160617,0.0,6,17,23.4,1.7,29.8,2016
168,2016-06-18,0.0,16.7,203,59.5,0.0,11.7,20160618,0.0,6,18,24.1,1.1,32.2,2016
169,2016-06-19,0.0,18.6,203,62.3,0.0,10.1,20160619,0.0,6,19,23.9,1.4,30.4,2016
170,2016-06-20,0.0,17.3,203,64.0,0.0,7.7,20160620,0.0,6,20,24.0,1.1,31.4,2016
171,2016-06-21,0.0,18.1,203,61.4,0.0,8.4,20160621,0.0,6,21,25.2,0.9,32.3,2016
172,2016-06-22,0.7,20.9,203,68.1,0.0,5.3,20160622,0.0,6,22,24.5,1.7,32.0,2016
173,2016-06-23,0.5,20.0,203,66.4,0.0,6.8,20160623,0.0,6,23,25.2,1.2,32.3,2016
174,2016-06-24,15.5,19.8,203,80.9,0.0,2.3,20160624,0.0,6,24,22.0,1.7,27.5,2016
175,2016-06-25,0.0,18.1,203,60.8,0.0,9.4,20160625,0.0,6,25,22.2,2.9,27.8,2016
176,2016-06-26,0.0,16.5,203,57.8,0.0,12.1,20160626,0.0,6,26,23.6,1.8,31.4,2016
177,2016-06-27,0.0,16.2,203,62.6,0.0,4.7,20160627,0.0,6,27,22.9,0.9,29.6,2016
178,2016-06-28,0.0,16.4,203,58.0,0.0,9.6,20160628,0.0,6,28,24.3,1.6,31.7,2016
179,2016-06-29,0.0,19.2,203,60.8,0.0,8.2,20160629,0.0,6,29,24.4,1.6,28.9,2016
180,2016-06-30,0.0,21.9,203,70.9,0.0,4.9,20160630,0.0,6,30,25.3,1.8,29.2,2016
181,2016-07-01,40.8,22.7,203,84.0,0.0,0.0,20160701,0.0,7,1,24.2,1.8,28.2,2016
182,2016-07-02,0.7,21.7,203,78.3,0.0,0.9,20160702,0.0,7,2,23.6,1.7,27.5,2016
183,2016-07-03,0.0,19.7,203,76.5,0.0,0.8,20160703,0.0,7,3,22.7,0.9,25.2,2016
184,2016-07-04,83.2,19.5,203,91.6,0.0,0.0,20160704,0.0,7,4,20.5,1.2,21.1,2016
185,2016-07-05,31.8,20.1,203,87.6,0.0,0.2,20160705,0.0,7,5,24.1,1.9,28.2,2016
186,2016-07-06,1.5,20.8,203,77.9,0.0,3.8,20160706,0.0,7,6,23.4,1.1,28.3,2016
187,2016-07-07,0.0,20.1,203,75.6,0.0,0.8,20160707,0.0,7,7,23.9,0.8,28.4,2016
188,2016-07-08,0.0,19.6,203,69.0,0.0,11.0,20160708,0.0,7,8,26.4,0.7,34.1,2016
189,2016-07-09,0.0,20.1,203,65.3,0.0,12.1,20160709,0.0,7,9,26.8,1.2,33.6,2016
190,2016-07-10,0.0,20.5,203,66.3,0.0,8.1,20160710,0.0,7,10,26.5,1.0,33.4,2016
191,2016-07-11,0.1,21.8,203,64.1,0.0,5.7,20160711,0.0,7,11,27.5,1.1,34.5,2016
192,2016-07-12,12.6,22.0,203,78.0,0.0,2.7,20160712,0.0,7,12,25.2,1.1,29.9,2016
193,2016-07-13,0.0,21.0,203,69.4,0.0,4.5,20160713,0.0,7,13,25.5,1.2,30.7,2016
194,2016-07-14,0.0,22.4,203,67.3,0.0,6.7,20160714,0.0,7,14,26.2,1.5,30.6,2016
195,2016-07-15,1.1,19.5,203,67.5,0.0,4.6,20160715,0.0,7,15,24.7,1.1,29.1,2016
196,2016-07-16,74.9,19.2,203,92.1,0.0,0.0,20160716,0.0,7,16,20.3,1.8,22.2,2016
197,2016-07-17,2.1,20.5,203,84.4,0.0,0.8,20160717,0.0,7,17,21.8,1.8,24.5,2016
198,2016-07-18,0.0,19.5,203,75.1,0.0,4.8,20160718,0.0,7,18,23.5,0.8,28.5,2016
199,2016-07-19,0.0,19.0,203,74.5,0.0,7.8,20160719,0.0,7,19,24.9,0.7,32.5,2016
200,2016-07-20,0.0,21.4,203,68.3,0.0,8.8,20160720,0.0,7,20,26.6,1.4,32.0,2016
201,2016-07-21,0.0,21.3,203,69.1,0.0,5.4,20160721,0.0,7,21,25.8,1.0,31.3,2016
202,2016-07-22,0.0,22.4,203,64.3,0.0,11.0,20160722,0.0,7,22,27.6,1.3,33.5,2016
203,2016-07-23,0.0,23.9,203,68.1,0.0,5.1,20160723,0.0,7,23,28.2,1.1,32.3,2016
204,2016-07-24,0.3,25.7,203,75.0,0.0,2.2,20160724,0.0,7,24,28.3,0.8,31.9,2016
205,2016-07-25,0.0,25.8,203,75.3,0.0,3.0,20160725,0.0,7,25,28.3,1.0,32.3,2016
206,2016-07-26,0.0,23.2,203,71.3,0.0,6.9,20160726,0.0,7,26,27.6,1.3,32.7,2016
207,2016-07-27,0.0,23.1,203,76.1,0.0,3.7,20160727,0.0,7,27,27.1,1.4,30.3,2016
208,2016-07-28,0.0,24.7,203,68.5,0.0,10.3,20160728,0.0,7,28,28.0,1.9,32.2,2016
209,2016-07-29,17.0,23.0,203,86.1,0.0,0.6,20160729,0.0,7,29,24.8,0.4,27.7,2016
210,2016-07-30,16.2,24.2,203,78.5,0.0,6.2,20160730,0.0,7,30,27.8,0.9,32.4,2016
211,2016-07-31,1.7,23.8,203,77.8,0.0,8.7,20160731,0.0,7,31,27.2,0.9,33.2,2016
212,2016-08-01,0.0,23.2,203,78.9,0.0,3.3,20160801,0.0,8,1,26.3,0.8,31.3,2016
213,2016-08-02,0.0,22.9,203,75.4,0.0,1.7,20160802,0.0,8,2,26.6,0.7,30.1,2016
214,2016-08-03,0.0,22.6,203,69.4,0.0,12.0,20160803,0.0,8,3,27.9,0.9,34.4,2016
215,2016-08-04,0.0,23.3,203,69.1,0.0,11.7,20160804,0.0,8,4,28.7,0.7,34.7,2016
216,2016-08-05,0.0,23.7,203,69.1,0.0,12.6,20160805,0.0,8,5,29.1,0.7,35.6,2016
217,2016-08-06,0.0,23.5,203,68.6,0.0,10.4,20160806,0.0,8,6,29.2,0.8,36.3,2016
218,2016-08-07,0.0,24.8,203,61.4,0.0,10.9,20160807,0.0,8,7,29.6,1.2,35.3,2016
219,2016-08-08,0.0,22.5,203,66.3,0.0,10.1,20160808,0.0,8,8,28.9,0.9,35.7,2016
220,2016-08-09,0.0,24.0,203,67.5,0.0,8.8,20160809,0.0,8,9,28.7,1.1,34.5,2016
221,2016-08-10,0.0,24.0,203,64.6,0.0,9.4,20160810,0.0,8,10,28.9,1.1,34.3,2016
222,2016-08-11,0.0,22.7,203,61.5,0.0,11.9,20160811,0.0,8,11,29.5,1.0,36.0,2016
223,2016-08-12,0.0,23.4,203,67.8,0.0,11.5,20160812,0.0,8,12,29.2,1.3,35.7,2016
224,2016-08-13,0.0,24.5,203,67.3,0.0,8.2,20160813,0.0,8,13,29.2,1.4,34.9,2016
225,2016-08-14,2.9,24.9,203,76.4,0.0,3.3,20160814,0.0,8,14,28.1,1.0,33.5,2016
226,2016-08-15,0.0,25.3,203,66.5,0.0,5.4,20160815,0.0,8,15,28.8,1.1,33.5,2016
227,2016-08-16,0.0,23.9,203,62.9,0.0,10.4,20160816,0.0,8,16,29.0,1.0,34.8,2016
228,2016-08-17,0.0,22.8,203,67.4,0.0,10.6,20160817,0.0,8,17,28.0,0.8,34.4,2016
229,2016-08-18,0.0,23.5,203,67.8,0.0,5.6,20160818,0.0,8,18,28.6,0.8,35.9,2016
230,2016-08-19,0.0,24.0,203,69.3,0.0,3.1,20160819,0.0,8,19,28.7,0.9,34.3,2016
231,2016-08-20,0.0,24.1,203,61.8,0.0,8.0,20160820,0.0,8,20,29.3,0.9,35.7,2016
232,2016-08-21,0.0,24.5,203,61.9,0.0,7.1,20160821,0.0,8,21,29.1,0.8,35.1,2016
233,2016-08-22,0.0,23.4,203,63.1,0.0,8.6,20160822,0.0,8,22,28.8,0.9,34.0,2016
234,2016-08-23,0.0,22.7,203,63.3,0.0,6.8,20160823,0.0,8,23,28.2,1.2,34.1,2016
235,2016-08-24,0.0,24.1,203,58.8,0.0,8.3,20160824,0.0,8,24,28.3,1.1,33.8,2016
236,2016-08-25,0.2,21.7,203,65.1,0.0,7.8,20160825,0.0,8,25,27.2,1.2,34.2,2016
237,2016-08-26,26.0,15.4,203,77.3,0.0,4.0,20160826,0.0,8,26,20.0,1.9,24.3,2016
238,2016-08-27,0.0,12.1,203,57.0,0.0,10.7,20160827,0.0,8,27,21.2,1.4,29.1,2016
239,2016-08-28,11.4,16.4,203,72.1,0.0,0.5,20160828,0.0,8,28,19.2,1.5,23.8,2016
240,2016-08-29,0.0,16.1,203,68.1,0.0,3.4,20160829,0.0,8,29,19.8,1.4,25.2,2016
241,2016-08-30,0.0,14.3,203,69.0,0.0,5.5,20160830,0.0,8,30,19.5,1.5,24.7,2016
242,2016-08-31,19.4,16.1,203,78.8,0.0,0.0,20160831,0.0,8,31,18.4,3.0,21.1,2016
243,2016-09-01,0.1,15.8,203,70.8,0.0,9.2,20160901,0.0,9,1,22.8,1.9,29.9,2016
244,2016-09-02,3.5,19.4,203,78.5,0.0,4.9,20160902,0.0,9,2,21.9,1.8,26.7,2016
245,2016-09-03,0.7,19.3,203,77.6,0.0,5.8,20160903,0.0,9,3,23.3,1.0,29.8,2016
246,2016-09-04,0.0,20.0,203,75.0,0.0,3.3,20160904,0.0,9,4,24.8,0.8,29.3,2016
247,2016-09-05,0.0,22.3,203,71.1,0.0,7.6,20160905,0.0,9,5,26.0,1.0,31.8,2016
248,2016-09-06,0.0,19.0,203,74.4,0.0,3.2,20160906,0.0,9,6,23.2,1.0,28.6,2016
249,2016-09-07,0.0,18.5,203,73.9,0.0,3.4,20160907,0.0,9,7,23.3,1.0,29.4,2016
250,2016-09-08,1.6,19.7,203,73.8,0.0,4.7,20160908,0.0,9,8,22.9,1.1,28.0,2016
251,2016-09-09,0.0,18.3,203,72.6,0.0,6.4,20160909,0.0,9,9,23.1,0.9,29.5,2016
252,2016-09-10,0.0,17.7,203,73.8,0.0,4.8,20160910,0.0,9,10,22.8,0.8,29.2,2016
253,2016-09-11,0.0,18.1,203,68.3,0.0,6.7,20160911,0.0,9,11,23.0,0.9,29.1,2016
254,2016-09-12,0.0,19.7,203,71.8,0.0,6.3,20160912,0.0,9,12,23.5,0.8,29.7,2016
255,2016-09-13,0.0,18.0,203,68.4,0.0,10.5,20160913,0.0,9,13,23.2,0.8,30.5,2016
256,2016-09-14,0.0,19.0,203,71.0,0.0,4.7,20160914,0.0,9,14,23.4,0.9,29.2,2016
257,2016-09-15,0.0,16.1,203,73.9,0.0,5.2,20160915,0.0,9,15,21.8,0.5,29.6,2016
258,2016-09-16,0.0,16.9,203,72.0,0.0,3.6,20160916,0.0,9,16,23.0,0.8,28.7,2016
259,2016-09-17,34.6,18.1,203,86.3,0.0,0.6,20160917,0.0,9,17,19.8,1.3,22.4,2016
260,2016-09-18,0.0,17.3,203,63.9,0.0,4.3,20160918,0.0,9,18,21.6,1.7,28.3,2016
261,2016-09-19,0.0,14.4,203,64.0,0.0,6.5,20160919,0.0,9,19,19.4,1.7,27.2,2016
262,2016-09-20,0.0,12.9,203,51.8,0.0,10.6,20160920,0.0,9,20,18.6,1.8,26.4,2016
263,2016-09-21,0.0,9.5,203,66.9,0.0,7.5,20160921,0.0,9,21,16.7,0.8,24.8,2016
264,2016-09-22,0.0,13.5,203,63.0,0.0,8.9,20160922,0.0,9,22,19.1,0.7,27.1,2016
265,2016-09-23,0.0,12.4,203,67.9,0.0,9.8,20160923,0.0,9,23,18.9,0.6,28.0,2016
266,2016-09-24,0.0,12.7,203,70.1,0.0,9.5,20160924,0.0,9,24,19.8,0.6,28.5,2016
267,2016-09-25,0.0,14.7,203,74.8,0.0,2.8,20160925,0.0,9,25,19.8,0.6,27.4,2016
268,2016-09-26,0.0,15.8,203,79.0,0.0,1.6,20160926,0.0,9,26,20.5,0.6,25.8,2016
269,2016-09-27,0.6,18.5,203,87.6,0.0,0.0,20160927,0.0,9,27,20.0,0.5,22.4,2016
270,2016-09-28,0.0,17.9,203,79.8,0.0,0.3,20160928,0.0,9,28,20.4,0.8,24.3,2016
271,2016-09-29,0.0,16.4,203,68.8,0.0,0.0,20160929,0.0,9,29,18.7,1.8,21.8,2016
272,2016-09-30,0.0,15.7,203,76.1,0.0,0.1,20160930,0.0,9,30,18.7,0.8,22.5,2016
273,2016-10-01,0.0,15.7,203,81.8,0.0,0.2,20161001,0.0,10,1,18.7,0.6,23.3,2016
274,2016-10-02,6.7,16.2,203,88.1,0.0,0.0,20161002,0.0,10,2,17.6,0.9,20.0,2016
275,2016-10-03,11.0,16.4,203,78.0,0.0,5.8,20161003,0.0,10,3,22.4,1.4,28.9,2016
276,2016-10-04,0.0,13.4,203,72.4,0.0,6.7,20161004,0.0,10,4,20.2,1.4,29.1,2016
277,2016-10-05,9.5,15.5,203,77.8,0.0,4.5,20161005,0.0,10,5,19.2,1.5,26.7,2016
278,2016-10-06,0.0,13.0,203,71.8,0.0,9.4,20161006,0.0,10,6,17.4,0.9,24.7,2016
279,2016-10-07,5.8,12.8,203,76.1,0.0,5.9,20161007,0.0,10,7,17.8,1.5,25.2,2016
280,2016-10-08,6.6,12.5,203,67.9,0.0,5.5,20161008,0.0,10,8,16.7,1.6,23.0,2016
281,2016-10-09,0.0,5.9,203,50.5,0.0,10.1,20161009,0.0,10,9,11.2,1.4,17.8,2016
282,2016-10-10,0.0,5.2,203,66.5,0.0,9.7,20161010,0.0,10,10,11.6,0.8,20.0,2016
283,2016-10-11,0.0,7.6,203,71.3,0.0,5.6,20161011,0.0,10,11,13.2,0.7,21.2,2016
284,2016-10-12,0.0,6.9,203,66.6,0.0,7.6,20161012,0.0,10,12,13.4,0.8,22.2,2016
285,2016-10-13,0.0,7.2,203,65.3,0.0,9.1,20161013,0.0,10,13,13.0,0.8,20.8,2016
286,2016-10-14,0.0,6.1,203,72.3,0.0,8.9,20161014,0.0,10,14,13.5,0.5,23.0,2016
287,2016-10-15,0.0,8.0,203,72.9,0.0,6.3,20161015,0.0,10,15,15.6,0.5,25.9,2016
288,2016-10-16,2.2,12.4,203,85.3,0.0,0.1,20161016,0.0,10,16,15.2,0.6,19.7,2016
289,2016-10-17,0.3,12.9,203,79.3,0.0,6.3,20161017,0.0,10,17,16.8,0.7,22.8,2016
290,2016-10-18,0.0,10.9,203,86.9,0.0,4.1,20161018,0.0,10,18,14.4,0.6,22.2,2016
291,2016-10-19,0.0,10.6,203,77.1,0.0,6.5,20161019,0.0,10,19,15.6,0.8,23.9,2016
292,2016-10-20,0.0,8.7,203,79.4,0.0,4.5,20161020,0.0,10,20,15.1,0.8,24.4,2016
293,2016-10-21,0.0,12.3,203,69.6,0.0,0.7,20161021,0.0,10,21,15.7,1.4,19.7,2016
294,2016-10-22,0.0,11.1,203,72.0,0.0,2.4,20161022,0.0,10,22,15.9,0.7,22.0,2016
295,2016-10-23,3.6,9.4,203,76.4,0.0,0.0,20161023,0.0,10,23,12.3,1.9,15.8,2016
296,2016-10-24,0.0,6.4,203,68.6,0.0,9.6,20161024,0.0,10,24,13.1,1.1,20.0,2016
297,2016-10-25,43.1,9.8,203,91.1,0.0,1.0,20161025,0.0,10,25,12.2,1.0,16.6,2016
298,2016-10-26,0.0,7.4,203,89.6,0.0,0.0,20161026,0.0,10,26,11.6,0.6,14.7,2016
299,2016-10-27,0.0,7.9,203,81.3,0.0,5.0,20161027,0.0,10,27,13.4,0.9,19.7,2016
300,2016-10-28,2.0,11.5,203,73.3,0.0,0.2,20161028,0.0,10,28,13.6,0.9,16.8,2016
301,2016-10-29,0.0,4.1,203,55.0,0.0,0.0,20161029,0.0,10,29,8.7,1.2,12.3,2016
302,2016-10-30,0.0,-2.6,203,52.9,0.0,9.4,20161030,0.0,10,30,5.5,0.9,14.9,2016
303,2016-10-31,0.0,1.5,203,65.4,0.0,0.0,20161031,0.0,10,31,5.1,1.1,9.6,2016
304,2016-11-01,0.0,-3.0,203,43.1,0.0,9.5,20161101,0.0,11,1,2.2,1.5,9.2,2016
305,2016-11-02,0.0,-6.2,203,60.5,0.0,8.7,20161102,0.0,11,2,3.0,1.0,11.4,2016
306,2016-11-03,0.1,2.3,203,67.9,0.0,5.6,20161103,0.0,11,3,7.2,1.0,14.3,2016
307,2016-11-04,0.0,1.9,203,67.3,0.0,3.6,20161104,0.0,11,4,10.2,1.2,16.3,2016
308,2016-11-05,0.0,7.5,203,76.9,0.0,1.2,20161105,0.0,11,5,13.2,1.2,18.6,2016
309,2016-11-06,0.0,9.7,203,62.9,0.0,5.3,20161106,0.0,11,6,13.4,2.0,18.4,2016
310,2016-11-07,3.0,9.7,203,65.6,0.0,2.9,20161107,0.0,11,7,13.4,1.6,18.7,2016
311,2016-11-08,0.3,0.6,203,57.9,0.0,6.7,20161108,0.0,11,8,6.0,2.0,10.3,2016
312,2016-11-09,0.0,-4.0,203,51.5,0.0,9.1,20161109,0.0,11,9,2.2,0.9,10.0,2016
313,2016-11-10,3.9,-1.0,203,76.5,0.0,0.4,20161110,0.0,11,10,4.7,0.7,10.4,2016
314,2016-11-11,3.2,2.6,203,66.5,0.0,7.4,20161111,0.0,11,11,8.1,1.5,15.1,2016
315,2016-11-12,0.0,0.1,203,66.4,0.0,8.2,20161112,0.0,11,12,8.8,1.0,17.8,2016
316,2016-11-13,1.8,6.8,203,84.5,0.0,2.1,20161113,0.0,11,13,11.2,0.5,17.7,2016
317,2016-11-14,0.2,6.7,203,84.5,0.0,1.3,20161114,0.0,11,14,12.4,0.9,19.0,2016
318,2016-11-15,0.0,0.5,203,44.6,0.0,9.0,20161115,0.0,11,15,7.0,1.8,13.0,2016
319,2016-11-16,0.0,-3.5,203,58.6,0.0,8.7,20161116,0.0,11,16,3.8,0.7,11.9,2016
320,2016-11-17,0.0,-0.7,203,65.5,0.0,8.1,20161117,0.0,11,17,6.0,0.6,15.5,2016
321,2016-11-18,2.7,-0.3,203,78.3,0.0,4.4,20161118,0.0,11,18,7.1,0.6,14.1,2016
322,2016-11-19,0.0,8.0,203,83.9,0.0,1.3,20161119,0.0,11,19,12.0,1.1,15.3,2016
323,2016-11-20,0.0,3.8,203,54.6,0.0,8.5,20161120,0.0,11,20,11.3,1.5,17.9,2016
324,2016-11-21,0.0,1.4,203,67.1,0.0,0.1,20161121,0.0,11,21,6.7,0.6,11.2,2016
325,2016-11-22,0.2,0.0,203,46.3,0.0,4.6,20161122,0.0,11,22,4.5,2.3,9.2,2016
326,2016-11-23,0.0,-4.7,203,37.9,0.0,7.5,20161123,0.0,11,23,0.1,1.4,6.0,2016
327,2016-11-24,0.0,-7.2,203,41.4,0.0,8.9,20161124,0.0,11,24,-1.9,1.5,4.2,2016
328,2016-11-25,0.0,-7.7,203,60.5,0.0,6.3,20161125,0.0,11,25,-1.5,0.9,7.1,2016
329,2016-11-26,2.0,-6.2,203,83.8,0.0,0.0,20161126,0.0,11,26,-2.1,0.6,0.0,2016
330,2016-11-27,0.0,-0.6,203,88.6,0.0,0.4,20161127,0.0,11,27,1.6,0.6,6.2,2016
331,2016-11-28,0.0,-2.1,203,60.9,0.0,8.3,20161128,0.0,11,28,2.0,1.4,7.7,2016
332,2016-11-29,0.0,-6.6,203,54.3,0.0,8.9,20161129,0.0,11,29,0.0,0.8,8.1,2016
333,2016-11-30,0.4,-3.8,203,66.4,0.0,1.0,20161130,0.0,11,30,4.4,0.9,10.5,2016
334,2016-12-01,0.0,-1.4,203,48.6,0.0,8.0,20161201,0.0,12,1,4.8,2.4,9.2,2016
335,2016-12-02,0.0,-7.3,203,47.9,0.0,8.9,20161202,0.0,12,2,0.3,1.1,8.6,2016
336,2016-12-03,0.0,-6.8,203,63.4,0.0,8.7,20161203,0.0,12,3,1.3,0.7,10.2,2016
337,2016-12-04,0.0,-2.8,203,74.1,0.0,1.3,20161204,0.0,12,4,1.6,0.5,7.9,2016
338,2016-12-05,0.1,1.7,203,65.9,0.0,1.4,20161205,0.0,12,5,5.5,1.7,12.9,2016
339,2016-12-06,0.0,-6.3,203,38.5,0.0,8.8,20161206,0.0,12,6,-0.5,1.8,5.8,2016
340,2016-12-07,0.1,-7.5,203,71.0,0.0,3.8,20161207,0.0,12,7,-1.9,0.7,4.5,2016
341,2016-12-08,1.8,-7.0,203,85.6,0.0,0.1,20161208,0.0,12,8,-1.5,0.5,2.6,2016
342,2016-12-09,1.4,-1.8,203,64.5,0.0,6.0,20161209,0.0,12,9,2.1,1.7,7.2,2016
343,2016-12-10,0.0,-8.2,203,52.8,0.0,8.8,20161210,0.0,12,10,-1.4,1.1,6.2,2016
344,2016-12-11,0.0,-9.1,203,57.8,0.0,8.8,20161211,0.0,12,11,-2.9,0.8,6.0,2016
345,2016-12-12,0.0,-7.4,203,58.6,0.0,3.7,20161212,0.0,12,12,-0.3,0.6,5.8,2016
346,2016-12-13,0.0,-3.6,203,64.1,0.0,4.5,20161213,0.0,12,13,2.2,1.0,8.9,2016
347,2016-12-14,0.7,-1.1,203,75.8,0.0,0.0,20161214,0.0,12,14,-0.5,1.5,0.6,2016
348,2016-12-15,0.0,-6.6,203,42.4,0.0,8.7,20161215,0.0,12,15,-2.8,2.0,1.2,2016
349,2016-12-16,0.0,-11.4,203,44.9,0.0,8.7,20161216,0.0,12,16,-4.6,1.4,1.9,2016
350,2016-12-17,0.0,-4.1,203,57.6,0.0,5.5,20161217,0.0,12,17,0.5,0.7,7.6,2016
351,2016-12-18,0.0,-2.1,203,76.3,0.0,0.0,20161218,0.0,12,18,1.9,0.7,7.1,2016
352,2016-12-19,0.5,0.2,203,78.0,0.0,1.3,20161219,0.0,12,19,4.6,0.6,11.2,2016
353,2016-12-20,0.0,0.4,203,76.0,0.0,7.8,20161220,0.0,12,20,5.5,0.6,14.3,2016
354,2016-12-21,34.1,-2.9,203,82.8,0.0,3.5,20161221,0.0,12,21,5.6,0.9,12.9,2016
355,2016-12-22,18.2,3.0,203,83.8,0.0,0.0,20161222,0.0,12,22,6.7,2.8,13.1,2016
356,2016-12-23,0.5,-2.4,203,66.1,0.0,1.2,20161223,0.0,12,23,-0.5,2.6,3.0,2016
357,2016-12-24,0.0,-4.3,203,64.5,0.0,1.6,20161224,0.0,12,24,-2.1,0.9,1.0,2016
358,2016-12-25,0.0,-6.7,203,78.0,0.0,5.7,20161225,0.0,12,25,-0.6,0.6,6.2,2016
359,2016-12-26,1.1,-0.5,203,84.9,0.0,0.0,20161226,0.0,12,26,1.7,0.6,3.1,2016
360,2016-12-27,0.5,-6.2,203,56.5,0.0,6.7,20161227,0.0,12,27,-0.8,2.3,3.1,2016
361,2016-12-28,0.0,-9.4,203,54.5,0.0,8.7,20161228,0.0,12,28,-3.5,1.2,3.0,2016
362,2016-12-29,0.2,-6.1,203,51.3,0.0,8.1,20161229,0.0,12,29,-3.2,1.8,0.5,2016
363,2016-12-30,0.0,-11.3,203,56.5,0.0,7.3,20161230,0.0,12,30,-4.4,0.8,2.2,2016
364,2016-12-31,0.0,-7.1,203,75.5,0.0,1.7,20161231,0.0,12,31,-2.5,0.6,3.5,2016
