,month,tavg,rainfall,year,date,tmin,cloud,tmax,day,snow,wind,station_id,Date,sunshine,humid
0,1,-8.8,0.0,2011,20110101,-16.3,3.5,-1.4,1,0.0,0.7,203,2011-01-01,7.0,72.4
1,1,-7.9,0.0,2011,20110102,-15.0,0.0,1.5,2,0.0,0.7,203,2011-01-02,7.3,71.5
2,1,-6.4,0.0,2011,20110103,-15.5,5.1,0.3,3,0.0,0.9,203,2011-01-03,4.3,73.1
3,1,-5.3,0.0,2011,20110104,-13.7,5.6,-1.1,4,0.0,0.8,203,2011-01-04,0.2,77.4
4,1,-3.7,0.0,2011,20110105,-7.8,5.3,0.1,5,0.0,2.1,203,2011-01-05,3.7,69.6
5,1,-7.9,0.0,2011,20110106,-13.7,0.0,-2.5,6,0.0,1.4,203,2011-01-06,8.7,59.8
6,1,-9.4,0.0,2011,20110107,-16.8,0.1,-1.4,7,0.0,1.0,203,2011-01-07,8.5,63.6
7,1,-8.9,0.1,2011,20110108,-15.4,6.3,-3.9,8,0.1,0.6,203,2011-01-08,0.7,85.3
8,1,-6.1,0.1,2011,20110109,-11.3,2.3,-2.9,9,0.1,2.2,203,2011-01-09,8.5,55.0
9,1,-10.1,0.0,2011,20110110,-17.6,2.3,-3.5,10,0.0,1.1,203,2011-01-10,8.1,56.9
10,1,-7.7,2.7,2011,20110111,-13.3,0.0,-2.2,11,0.0,0.8,203,2011-01-11,2.0,72.4
11,1,-8.4,0.0,2011,20110112,-11.2,0.0,-3.6,12,0.0,2.0,203,2011-01-12,8.8,51.0
12,1,-10.3,0.0,2011,20110113,-18.6,0.0,-2.2,13,0.0,0.6,203,2011-01-13,8.8,63.4
13,1,-7.1,1.6,2011,20110114,-14.4,0.0,-1.3,14,0.0,0.7,203,2011-01-14,3.0,69.9
14,1,-11.1,0.0,2011,20110115,-16.2,0.0,-5.4,15,0.0,3.3,203,2011-01-15,8.1,40.0
15,1,-14.2,0.0,2011,20110116,-18.7,0.0,-8.7,16,0.0,1.8,203,2011-01-16,8.9,47.8
16,1,-11.8,0.0,2011,20110117,-20.6,0.0,-3.2,17,0.0,1.1,203,2011-01-17,8.9,62.8
17,1,-8.9,0.0,2011,20110118,-17.9,0.0,-0.9,18,0.0,1.1,203,2011-01-18,7.8,60.0
18,1,-7.8,0.0,2011,20110119,-14.5,0.0,-1.5,19,0.0,1.3,203,2011-01-19,8.8,56.5
19,1,-8.3,0.0,2011,20110120,-13.7,0.0,-3.2,20,0.0,1.5,203,2011-01-20,8.8,52.9
20,1,-8.5,0.0,2011,20110121,-15.0,0.0,-1.0,21,0.0,1.3,203,2011-01-21,7.1,60.0
21,1,-6.0,0.0,2011,20110122,-12.2,0.0,1.3,22,0.0,1.0,203,2011-01-22,4.7,68.5
22,1,-6.4,3.3,2011,20110123,-12.2,0.0,-1.4,23,0.0,0.8,203,2011-01-23,1.1,82.5
23,1,-8.3,0.0,2011,20110124,-13.1,0.0,-3.7,24,0.0,1.7,203,2011-01-24,4.2,67.8
24,1,-11.0,0.0,2011,20110125,-20.0,0.0,-3.2,25,0.0,0.9,203,2011-01-25,5.4,73.9
25,1,-10.1,0.0,2011,20110126,-18.8,0.0,-1.9,26,0.0,1.4,203,2011-01-26,7.9,64.6
26,1,-9.2,0.0,2011,20110127,-16.8,0.0,-2.8,27,0.0,1.7,203,2011-01-27,8.6,52.3
27,1,-7.5,0.0,2011,20110128,-12.9,0.0,-1.3,28,0.0,1.4,203,2011-01-28,8.3,49.6
28,1,-9.3,0.0,2011,20110129,-14.6,0.0,-4.6,29,0.0,2.1,203,2011-01-29,8.5,47.6
29,1,-9.7,0.0,2011,20110130,-14.9,0.0,-4.2,30,0.0,1.9,203,2011-01-30,9.2,46.4
30,1,-8.4,0.0,2011,20110131,-17.8,0.0,-0.4,31,0.0,1.2,203,2011-01-31,6.6,67.4
31,2,-3.2,0.0,2011,20110201,-9.2,0.0,4.9,1,0.0,0.5,203,2011-02-01,8.6,75.6
32,2,-1.3,0.0,2011,20110202,-8.0,0.0,7.3,2,0.0,0.6,203,2011-02-02,8.3,69.4
33,2,-1.8,0.0,2011,20110203,-6.7,0.0,5.6,3,0.0,0.5,203,2011-02-03,3.3,80.8
34,2,-1.1,0.0,2011,20110204,-4.9,0.0,4.6,4,0.0,0.5,203,2011-02-04,0.0,83.8
35,2,-0.9,0.0,2011,20110205,-6.2,0.0,5.9,5,0.0,0.5,203,2011-02-05,4.6,77.6
36,2,-2.1,0.0,2011,20110206,-5.8,0.0,1.1,6,0.0,0.5,203,2011-02-06,0.0,84.9
37,2,-3.7,0.0,2011,20110207,-8.6,0.0,-0.3,7,0.0,0.6,203,2011-02-07,0.0,91.4
38,2,1.0,0.0,2011,20110208,-5.7,0.0,8.4,8,0.0,0.7,203,2011-02-08,5.9,64.5
39,2,-0.4,0.0,2011,20110209,-4.2,0.0,4.1,9,0.0,2.4,203,2011-02-09,8.3,54.6
40,2,-2.8,0.0,2011,20110210,-8.2,0.0,2.6,10,0.0,1.1,203,2011-02-10,2.0,60.1
41,2,-2.4,0.0,2011,20110211,-8.7,0.0,4.0,11,0.0,1.8,203,2011-02-11,7.5,53.8
42,2,-5.0,0.0,2011,20110212,-8.1,0.0,0.0,12,0.0,2.2,203,2011-02-12,8.4,49.3
43,2,-5.6,0.0,2011,20110213,-12.8,0.0,0.9,13,0.0,0.9,203,2011-02-13,7.2,58.1
44,2,-3.8,0.0,2011,20110214,-8.8,0.0,0.0,14,0.0,0.9,203,2011-02-14,0.1,63.4
45,2,-2.3,0.0,2011,20110215,-9.6,0.0,4.7,15,0.0,1.3,203,2011-02-15,8.8,60.6
46,2,-2.0,0.0,2011,20110216,-10.2,0.0,4.7,16,0.0,0.7,203,2011-02-16,4.7,55.6
47,2,0.3,1.3,2011,20110217,-2.1,0.0,5.0,17,0.0,1.4,203,2011-02-17,0.0,77.5
48,2,0.0,0.0,2011,20110218,-6.9,0.0,8.1,18,0.0,1.0,203,2011-02-18,6.6,67.4
49,2,0.5,0.0,2011,20110219,-7.1,0.0,9.3,19,0.0,1.1,203,2011-02-19,8.8,57.3
50,2,2.7,0.0,2011,20110220,-6.4,0.0,13.6,20,0.0,1.1,203,2011-02-20,9.4,54.5
51,2,3.2,0.0,2011,20110221,-3.5,0.0,12.6,21,0.0,0.9,203,2011-02-21,9.8,56.3
52,2,3.7,0.0,2011,20110222,-5.7,0.0,14.2,22,0.0,0.7,203,2011-02-22,9.7,56.6
53,2,4.4,0.0,2011,20110223,-4.7,0.0,14.2,23,0.0,1.1,203,2011-02-23,9.3,60.5
54,2,5.3,0.0,2011,20110224,-3.1,0.0,13.5,24,0.0,1.2,203,2011-02-24,7.0,65.9
55,2,3.6,0.0,2011,20110225,-2.3,0.0,9.4,25,0.0,2.4,203,2011-02-25,7.7,46.1
56,2,3.6,0.0,2011,20110226,-6.8,0.0,13.4,26,0.0,0.9,203,2011-02-26,9.4,53.0
57,2,3.0,57.0,2011,20110227,1.1,0.0,5.1,27,0.0,2.1,203,2011-02-27,0.0,89.9
58,2,3.0,0.5,2011,20110228,0.6,0.0,6.4,28,0.0,2.6,203,2011-02-28,0.0,80.6
59,3,1.4,3.5,2011,20110301,-1.8,0.0,4.1,1,0.0,1.9,203,2011-03-01,0.3,80.6
60,3,-1.5,0.0,2011,20110302,-4.8,0.0,2.7,2,0.0,2.5,203,2011-03-02,8.1,44.3
61,3,-1.7,0.0,2011,20110303,-7.9,0.0,3.3,3,0.0,2.1,203,2011-03-03,10.3,45.6
62,3,0.0,0.0,2011,20110304,-5.8,0.0,6.2,4,0.0,2.2,203,2011-03-04,10.3,51.6
63,3,0.9,0.0,2011,20110305,-6.3,0.0,7.8,5,0.0,1.2,203,2011-03-05,5.6,63.4
64,3,2.9,0.0,2011,20110306,-2.4,0.0,9.3,6,0.0,1.4,203,2011-03-06,4.1,69.3
65,3,2.4,0.0,2011,20110307,-0.9,0.0,7.5,7,0.0,3.1,203,2011-03-07,10.1,52.4
66,3,1.7,0.0,2011,20110308,-3.6,0.0,8.7,8,0.0,2.9,203,2011-03-08,7.9,46.9
67,3,0.7,0.0,2011,20110309,-3.0,0.0,5.9,9,0.0,3.0,203,2011-03-09,7.4,43.3
68,3,1.1,0.0,2011,20110310,-6.0,0.0,7.6,10,0.0,2.3,203,2011-03-10,7.4,58.0
69,3,4.1,0.0,2011,20110311,-4.2,0.0,11.2,11,0.0,2.2,203,2011-03-11,9.5,46.9
70,3,5.6,0.0,2011,20110312,-3.9,0.0,15.5,12,0.0,1.4,203,2011-03-12,9.3,47.4
71,3,8.8,0.0,2011,20110313,1.0,0.0,17.5,13,0.0,1.0,203,2011-03-13,5.6,59.6
72,3,7.9,0.0,2011,20110314,3.9,0.0,11.5,14,0.0,1.9,203,2011-03-14,0.0,79.0
73,3,2.3,0.0,2011,20110315,-2.5,0.0,8.3,15,0.0,3.4,203,2011-03-15,8.6,48.0
74,3,0.2,0.0,2011,20110316,-3.5,0.0,5.8,16,0.0,3.0,203,2011-03-16,10.0,32.5
75,3,1.2,0.0,2011,20110317,-5.7,0.0,8.3,17,0.0,2.1,203,2011-03-17,10.8,39.6
76,3,4.0,0.0,2011,20110318,-6.3,0.0,14.0,18,0.0,1.5,203,2011-03-18,9.4,41.1
77,3,9.9,0.0,2011,20110319,0.7,0.0,16.6,19,0.0,2.1,203,2011-03-19,7.5,40.3
78,3,5.0,15.0,2011,20110320,2.7,0.0,8.2,20,0.0,1.2,203,2011-03-20,0.1,80.0
79,3,7.4,0.0,2011,20110321,1.9,0.0,15.0,21,0.0,1.8,203,2011-03-21,5.6,59.0
80,3,2.7,0.0,2011,20110322,-0.8,0.0,8.3,22,0.0,3.0,203,2011-03-22,10.2,32.0
81,3,1.6,0.0,2011,20110323,-5.2,0.0,8.8,23,0.0,1.8,203,2011-03-23,11.1,39.3
82,3,2.6,15.7,2011,20110324,-2.2,0.0,10.4,24,0.0,1.8,203,2011-03-24,6.3,67.8
83,3,1.8,0.1,2011,20110325,-3.2,0.0,6.6,25,0.0,2.7,203,2011-03-25,9.4,56.1
84,3,3.1,0.0,2011,20110326,-4.0,0.0,9.7,26,0.0,2.2,203,2011-03-26,10.7,50.9
85,3,4.6,0.0,2011,20110327,-4.0,0.0,11.3,27,0.0,2.0,203,2011-03-27,8.9,54.4
86,3,5.4,0.0,2011,20110328,0.7,0.0,11.2,28,0.0,1.9,203,2011-03-28,6.8,59.5
87,3,3.7,0.0,2011,20110329,-2.3,0.0,10.4,29,0.0,1.8,203,2011-03-29,3.1,68.1
88,3,6.9,0.0,2011,20110330,-2.2,0.0,15.7,30,0.0,2.2,203,2011-03-30,10.4,58.6
89,3,8.4,0.0,2011,20110331,-1.3,0.0,19.2,31,0.0,1.5,203,2011-03-31,7.1,57.9
90,4,8.7,0.0,2011,20110401,-1.2,0.0,19.1,1,0.0,1.9,203,2011-04-01,10.6,47.1
91,4,7.6,0.0,2011,20110402,0.1,0.0,14.1,2,0.0,1.1,203,2011-04-02,0.0,53.6
92,4,8.4,0.0,2011,20110403,-0.2,0.0,16.6,3,0.0,1.3,203,2011-04-03,8.4,55.8
93,4,9.1,0.0,2011,20110404,0.6,0.0,18.0,4,0.0,1.4,203,2011-04-04,9.2,49.8
94,4,9.5,0.0,2011,20110405,-0.2,0.0,19.9,5,0.0,1.5,203,2011-04-05,11.6,35.6
95,4,9.7,0.0,2011,20110406,-1.4,0.0,19.3,6,0.0,1.5,203,2011-04-06,6.6,41.8
96,4,8.9,18.5,2011,20110407,6.8,0.0,10.5,7,0.0,0.7,203,2011-04-07,0.0,93.3
97,4,11.8,0.0,2011,20110408,6.5,0.0,17.9,8,0.0,1.9,203,2011-04-08,7.6,56.5
98,4,10.3,0.0,2011,20110409,1.3,0.0,18.2,9,0.0,1.7,203,2011-04-09,10.1,47.3
99,4,9.9,0.5,2011,20110410,2.5,0.0,18.6,10,0.0,1.8,203,2011-04-10,1.3,63.9
100,4,10.4,0.0,2011,20110411,6.3,0.0,16.2,11,0.0,3.1,203,2011-04-11,11.7,38.6
101,4,9.5,0.0,2011,20110412,-0.8,0.0,18.4,12,0.0,2.2,203,2011-04-12,12.0,38.1
102,4,10.4,0.0,2011,20110413,-1.3,0.0,20.2,13,0.0,1.7,203,2011-04-13,11.2,45.6
103,4,11.6,0.0,2011,20110414,1.3,0.0,21.4,14,0.0,1.4,203,2011-04-14,10.8,44.8
104,4,13.7,0.0,2011,20110415,9.0,0.0,23.7,15,0.0,2.2,203,2011-04-15,4.8,65.1
105,4,12.1,0.0,2011,20110416,4.1,0.0,20.7,16,0.0,2.0,203,2011-04-16,11.7,40.6
106,4,11.6,0.0,2011,20110417,2.5,0.0,21.4,17,0.0,1.9,203,2011-04-17,11.1,52.1
107,4,7.1,1.0,2011,20110418,4.4,0.0,10.6,18,0.0,2.1,203,2011-04-18,0.1,70.0
108,4,10.1,0.0,2011,20110419,4.4,0.0,16.8,19,0.0,2.3,203,2011-04-19,10.9,44.4
109,4,11.0,0.0,2011,20110420,2.7,0.0,19.1,20,0.0,2.2,203,2011-04-20,10.2,51.9
110,4,12.0,0.0,2011,20110421,3.5,0.0,20.1,21,0.0,1.1,203,2011-04-21,3.7,45.9
111,4,8.6,37.0,2011,20110422,7.3,0.0,11.6,22,0.0,1.5,203,2011-04-22,0.0,89.8
112,4,9.5,0.0,2011,20110423,5.5,0.0,15.3,23,0.0,3.3,203,2011-04-23,10.2,60.4
113,4,9.3,0.0,2011,20110424,4.6,0.0,15.8,24,0.0,3.5,203,2011-04-24,9.7,60.1
114,4,11.9,0.0,2011,20110425,6.3,0.0,18.9,25,0.0,3.2,203,2011-04-25,6.4,56.1
115,4,9.1,7.0,2011,20110426,8.0,0.0,10.2,26,0.0,1.2,203,2011-04-26,0.0,92.8
116,4,10.8,2.0,2011,20110427,7.4,0.0,15.2,27,0.0,1.8,203,2011-04-27,1.0,79.6
117,4,9.5,0.3,2011,20110428,6.3,0.0,15.9,28,0.0,2.1,203,2011-04-28,4.7,64.0
118,4,11.4,0.5,2011,20110429,2.1,0.0,19.1,29,0.0,1.1,203,2011-04-29,1.7,61.8
119,4,13.2,92.0,2011,20110430,10.2,0.0,16.9,30,0.0,1.6,203,2011-04-30,0.0,93.3
120,5,13.6,0.0,2011,20110501,10.0,0.0,17.3,1,0.0,3.3,203,2011-05-01,8.9,69.6
121,5,14.6,0.0,2011,20110502,7.1,0.0,22.7,2,0.0,1.4,203,2011-05-02,9.7,58.5
122,5,14.9,0.0,2011,20110503,8.7,0.0,21.9,3,0.0,2.2,203,2011-05-03,9.5,54.6
123,5,14.1,0.0,2011,20110504,6.3,0.0,22.3,4,0.0,0.9,203,2011-05-04,5.6,51.9
124,5,16.7,0.0,2011,20110505,7.6,0.0,23.8,5,0.0,1.6,203,2011-05-05,11.8,47.4
125,5,15.3,0.0,2011,20110506,9.7,0.0,19.8,6,0.0,1.1,203,2011-05-06,0.4,62.9
126,5,17.0,2.0,2011,20110507,12.4,0.0,23.8,7,0.0,2.4,203,2011-05-07,7.8,72.4
127,5,17.1,0.0,2011,20110508,9.3,0.0,25.5,8,0.0,1.1,203,2011-05-08,8.2,59.0
128,5,19.0,5.0,2011,20110509,13.6,0.0,26.1,9,0.0,2.1,203,2011-05-09,0.0,76.3
129,5,17.3,17.5,2011,20110510,14.5,0.0,19.6,10,0.0,1.3,203,2011-05-10,0.0,90.8
130,5,16.2,52.5,2011,20110511,13.9,0.0,19.5,11,0.0,1.8,203,2011-05-11,0.0,84.0
131,5,14.8,1.0,2011,20110512,10.6,0.0,20.9,12,0.0,1.6,203,2011-05-12,0.7,73.6
132,5,15.0,0.0,2011,20110513,8.4,0.0,21.3,13,0.0,3.2,203,2011-05-13,12.3,53.0
133,5,16.7,0.0,2011,20110514,9.3,0.0,23.9,14,0.0,2.5,203,2011-05-14,12.2,40.4
134,5,17.8,0.0,2011,20110515,8.8,0.0,26.2,15,0.0,2.5,203,2011-05-15,10.5,51.1
135,5,16.8,0.0,2011,20110516,10.7,0.0,23.8,16,0.0,1.9,203,2011-05-16,11.8,48.3
136,5,16.1,0.0,2011,20110517,6.0,0.0,24.2,17,0.0,1.4,203,2011-05-17,11.7,46.5
137,5,19.1,0.0,2011,20110518,8.4,0.0,27.0,18,0.0,1.5,203,2011-05-18,9.6,53.6
138,5,20.9,0.0,2011,20110519,15.4,0.0,26.6,19,0.0,2.1,203,2011-05-19,5.5,56.9
139,5,18.4,3.5,2011,20110520,16.8,0.0,22.4,20,0.0,1.4,203,2011-05-20,0.0,84.1
140,5,14.9,10.0,2011,20110521,12.4,0.0,17.3,21,0.0,0.8,203,2011-05-21,0.0,88.6
141,5,17.3,0.0,2011,20110522,11.0,0.0,24.2,22,0.0,0.7,203,2011-05-22,9.2,63.3
142,5,17.7,0.0,2011,20110523,12.5,0.0,25.0,23,0.0,0.7,203,2011-05-23,7.5,62.3
143,5,19.4,0.0,2011,20110524,9.7,0.0,28.3,24,0.0,0.9,203,2011-05-24,10.5,56.1
144,5,20.4,0.0,2011,20110525,13.9,0.0,27.9,25,0.0,0.6,203,2011-05-25,2.1,63.1
145,5,17.1,0.2,2011,20110526,13.0,0.0,20.5,26,0.0,1.7,203,2011-05-26,6.4,70.1
146,5,17.9,0.0,2011,20110527,13.3,0.0,23.3,27,0.0,1.0,203,2011-05-27,1.9,69.0
147,5,20.6,0.0,2011,20110528,12.4,0.0,29.0,28,0.0,0.7,203,2011-05-28,9.7,63.8
148,5,21.9,0.0,2011,20110529,13.9,0.0,29.9,29,0.0,1.4,203,2011-05-29,11.1,49.9
149,5,21.1,0.0,2011,20110530,13.9,0.0,28.0,30,0.0,1.2,203,2011-05-30,6.8,52.4
150,5,18.4,3.0,2011,20110531,15.8,0.0,22.7,31,0.0,1.5,203,2011-05-31,0.1,72.3
151,6,16.4,32.0,2011,20110601,14.5,0.0,21.3,1,0.0,1.2,203,2011-06-01,2.5,85.9
152,6,19.7,0.0,2011,20110602,14.6,0.0,26.3,2,0.0,0.8,203,2011-06-02,7.5,70.5
153,6,19.9,0.0,2011,20110603,14.4,0.0,26.0,3,0.0,1.6,203,2011-06-03,9.3,62.1
154,6,20.0,0.0,2011,20110604,17.3,0.0,25.2,4,0.0,2.0,203,2011-06-04,5.8,70.0
155,6,21.2,0.0,2011,20110605,16.5,0.0,28.9,5,0.0,1.6,203,2011-06-05,9.2,59.4
156,6,20.6,0.0,2011,20110606,12.7,0.0,27.7,6,0.0,1.1,203,2011-06-06,7.8,56.5
157,6,20.4,0.1,2011,20110607,12.0,0.0,28.0,7,0.0,1.1,203,2011-06-07,8.4,57.5
158,6,22.0,0.0,2011,20110608,16.1,0.0,28.5,8,0.0,1.6,203,2011-06-08,7.8,56.6
159,6,19.3,0.0,2011,20110609,17.2,0.0,23.5,9,0.0,1.3,203,2011-06-09,1.5,77.8
160,6,20.4,0.0,2011,20110610,16.5,0.0,24.9,10,0.0,0.7,203,2011-06-10,0.4,78.6
161,6,23.7,0.0,2011,20110611,17.3,0.0,32.0,11,0.0,1.1,203,2011-06-11,11.8,56.3
162,6,22.9,0.0,2011,20110612,15.2,0.0,30.5,12,0.0,1.3,203,2011-06-12,9.8,53.6
163,6,21.2,0.0,2011,20110613,18.1,0.0,27.3,13,0.0,1.8,203,2011-06-13,6.6,65.8
164,6,22.8,0.0,2011,20110614,15.8,0.0,30.3,14,0.0,1.1,203,2011-06-14,11.8,62.1
165,6,24.0,0.0,2011,20110615,16.8,0.0,31.3,15,0.0,1.1,203,2011-06-15,8.7,57.1
166,6,24.7,0.0,2011,20110616,16.3,0.0,32.2,16,0.0,1.4,203,2011-06-16,12.5,49.5
167,6,23.1,0.0,2011,20110617,15.7,0.0,30.1,17,0.0,1.2,203,2011-06-17,7.6,54.8
168,6,23.5,0.0,2011,20110618,17.3,0.0,29.5,18,0.0,1.1,203,2011-06-18,7.7,59.0
169,6,25.4,0.0,2011,20110619,17.2,0.0,32.9,19,0.0,0.9,203,2011-06-19,11.8,56.9
170,6,25.2,0.0,2011,20110620,18.3,0.0,32.8,20,0.0,1.6,203,2011-06-20,11.9,56.3
171,6,24.3,0.0,2011,20110621,17.7,0.0,31.5,21,0.0,1.7,203,2011-06-21,12.5,58.0
172,6,22.9,7.0,2011,20110622,18.6,0.0,27.0,22,0.0,1.5,203,2011-06-22,0.3,82.4
173,6,23.4,35.5,2011,20110623,21.9,0.0,25.6,23,0.0,2.6,203,2011-06-23,0.0,87.9
174,6,19.5,70.5,2011,20110624,16.7,0.0,22.4,24,0.0,1.8,203,2011-06-24,0.0,91.0
175,6,17.6,36.0,2011,20110625,16.5,0.0,19.1,25,0.0,1.9,203,2011-06-25,0.0,90.9
176,6,19.0,27.5,2011,20110626,16.9,0.0,21.6,26,0.0,2.8,203,2011-06-26,0.0,85.8
177,6,20.4,2.0,2011,20110627,19.6,0.0,21.9,27,0.0,2.7,203,2011-06-27,0.0,82.1
178,6,24.4,0.1,2011,20110628,17.8,0.0,30.6,28,0.0,1.0,203,2011-06-28,9.7,67.8
179,6,21.9,66.5,2011,20110629,20.1,0.0,27.1,29,0.0,1.6,203,2011-06-29,0.0,89.0
180,6,24.7,63.5,2011,20110630,21.2,0.0,29.6,30,0.0,1.3,203,2011-06-30,1.9,81.9
181,7,25.7,0.1,2011,20110701,22.9,0.0,29.7,1,0.0,0.8,203,2011-07-01,1.4,78.0
182,7,25.6,0.0,2011,20110702,23.1,0.0,28.9,2,0.0,0.4,203,2011-07-02,0.0,80.9
183,7,22.8,158.5,2011,20110703,20.7,0.0,25.2,3,0.0,1.3,203,2011-07-03,0.0,91.6
184,7,23.4,0.0,2011,20110704,20.3,0.0,28.2,4,0.0,1.8,203,2011-07-04,7.5,74.8
185,7,23.3,0.0,2011,20110705,17.5,0.0,30.4,5,0.0,1.1,203,2011-07-05,7.3,72.1
186,7,23.3,0.0,2011,20110706,17.7,0.0,30.5,6,0.0,0.5,203,2011-07-06,4.6,73.5
187,7,22.6,44.0,2011,20110707,21.0,0.0,24.4,7,0.0,1.1,203,2011-07-07,0.0,88.1
188,7,22.5,45.0,2011,20110708,21.6,0.0,24.1,8,0.0,0.9,203,2011-07-08,0.0,89.1
189,7,22.7,62.5,2011,20110709,19.9,0.0,26.4,9,0.0,0.8,203,2011-07-09,0.2,88.9
190,7,22.2,14.5,2011,20110710,20.5,0.0,23.9,10,0.0,1.0,203,2011-07-10,0.0,89.3
191,7,20.7,45.5,2011,20110711,19.5,9.6,23.0,11,0.0,0.8,203,2011-07-11,0.0,91.8
192,7,22.4,57.0,2011,20110712,20.1,0.0,24.8,12,0.0,0.6,203,2011-07-12,0.0,91.8
193,7,24.0,7.5,2011,20110713,22.0,0.0,26.4,13,0.0,0.8,203,2011-07-13,0.0,88.4
194,7,24.3,38.0,2011,20110714,22.8,0.0,27.3,14,0.0,1.1,203,2011-07-14,0.1,89.8
195,7,24.6,26.5,2011,20110715,23.1,0.0,29.3,15,0.0,1.6,203,2011-07-15,0.2,85.8
196,7,24.3,38.0,2011,20110716,22.9,0.0,30.4,16,0.0,0.8,203,2011-07-16,1.5,87.9
197,7,26.7,0.2,2011,20110717,22.8,0.0,32.2,17,0.0,0.5,203,2011-07-17,2.6,80.6
198,7,27.8,0.0,2011,20110718,23.1,0.0,34.7,18,0.0,1.2,203,2011-07-18,9.5,72.0
199,7,27.5,0.0,2011,20110719,23.8,0.0,32.0,19,0.0,3.6,203,2011-07-19,11.8,62.5
200,7,26.5,0.0,2011,20110720,21.9,0.0,32.0,20,0.0,2.7,203,2011-07-20,13.0,58.1
201,7,25.6,0.0,2011,20110721,18.4,0.0,32.3,21,0.0,1.1,203,2011-07-21,13.0,59.0
202,7,23.4,0.2,2011,20110722,19.4,0.0,27.4,22,0.0,0.8,203,2011-07-22,0.0,76.3
203,7,25.9,0.0,2011,20110723,22.4,0.0,30.5,23,0.0,0.9,203,2011-07-23,2.9,74.3
204,7,25.0,0.5,2011,20110724,23.1,0.0,28.6,24,0.0,1.4,203,2011-07-24,2.0,79.4
205,7,24.9,5.5,2011,20110725,22.4,0.0,28.7,25,0.0,1.1,203,2011-07-25,0.9,82.9
206,7,25.8,50.5,2011,20110726,22.3,0.0,30.3,26,0.0,1.5,203,2011-07-26,2.3,80.3
207,7,23.5,206.0,2011,20110727,22.2,0.0,25.5,27,0.0,1.4,203,2011-07-27,0.0,91.1
208,7,26.2,5.0,2011,20110728,23.3,0.0,29.1,28,0.0,2.4,203,2011-07-28,0.9,80.3
209,7,26.6,3.0,2011,20110729,24.2,0.0,31.0,29,0.0,1.5,203,2011-07-29,2.0,79.5
210,7,26.4,10.5,2011,20110730,24.1,0.0,31.3,30,0.0,0.7,203,2011-07-30,2.2,82.5
211,7,24.4,42.5,2011,20110731,22.8,0.0,26.4,31,0.0,0.9,203,2011-07-31,0.1,89.1
212,8,25.2,13.5,2011,20110801,22.9,0.0,29.0,1,0.0,1.0,203,2011-08-01,0.2,86.4
213,8,25.1,0.5,2011,20110802,23.3,0.0,28.5,2,0.0,1.5,203,2011-08-02,2.5,85.6
214,8,25.3,11.5,2011,20110803,21.9,0.0,31.1,3,0.0,1.1,203,2011-08-03,1.5,82.8
215,8,25.6,0.5,2011,20110804,23.1,0.0,29.8,4,0.0,0.6,203,2011-08-04,0.1,85.5
216,8,28.1,0.0,2011,20110805,22.8,0.0,34.5,5,0.0,0.6,203,2011-08-05,11.6,72.1
217,8,27.1,0.0,2011,20110806,23.3,0.0,32.1,6,0.0,1.1,203,2011-08-06,2.2,75.8
218,8,27.2,4.5,2011,20110807,23.4,0.0,32.0,7,0.0,2.6,203,2011-08-07,4.0,71.5
219,8,26.0,34.0,2011,20110808,23.3,0.0,28.0,8,0.0,4.1,203,2011-08-08,0.1,74.9
220,8,24.3,5.0,2011,20110809,22.9,0.0,26.4,9,0.0,2.0,203,2011-08-09,0.5,81.8
221,8,26.2,1.5,2011,20110810,23.4,0.0,30.8,10,0.0,1.4,203,2011-08-10,5.5,79.3
222,8,27.2,0.0,2011,20110811,23.8,0.0,32.0,11,0.0,1.2,203,2011-08-11,4.9,76.0
223,8,25.2,42.5,2011,20110812,23.4,0.0,28.4,12,0.0,0.8,203,2011-08-12,0.0,87.3
224,8,24.9,17.5,2011,20110813,22.9,0.0,29.5,13,0.0,1.0,203,2011-08-13,1.2,87.1
225,8,24.9,25.0,2011,20110814,23.5,0.0,30.1,14,0.0,0.8,203,2011-08-14,0.4,86.8
226,8,25.2,1.5,2011,20110815,23.0,0.0,29.0,15,0.0,0.8,203,2011-08-15,0.1,83.8
227,8,25.5,40.5,2011,20110816,23.4,0.0,29.6,16,0.0,1.2,203,2011-08-16,0.0,85.6
228,8,24.2,90.5,2011,20110817,21.7,0.0,25.9,17,0.0,1.0,203,2011-08-17,0.0,91.8
229,8,25.2,0.0,2011,20110818,20.9,0.0,30.6,18,0.0,0.7,203,2011-08-18,5.6,76.0
230,8,23.7,0.0,2011,20110819,21.4,0.0,27.8,19,0.0,0.9,203,2011-08-19,0.2,81.3
231,8,22.0,0.0,2011,20110820,18.6,0.0,25.6,20,0.0,1.1,203,2011-08-20,1.8,80.3
232,8,23.6,0.0,2011,20110821,17.7,0.0,30.2,21,0.0,0.8,203,2011-08-21,10.0,72.4
233,8,22.7,0.0,2011,20110822,18.4,0.0,29.1,22,0.0,0.9,203,2011-08-22,4.9,73.9
234,8,21.8,0.0,2011,20110823,16.1,0.0,29.2,23,0.0,0.6,203,2011-08-23,6.2,74.8
235,8,22.0,0.0,2011,20110824,16.9,0.0,27.2,24,0.0,0.7,203,2011-08-24,2.3,74.1
236,8,23.5,0.4,2011,20110825,19.1,0.0,28.5,25,0.0,0.9,203,2011-08-25,1.8,73.3
237,8,24.0,0.0,2011,20110826,19.7,0.0,28.6,26,0.0,1.5,203,2011-08-26,6.4,70.8
238,8,25.4,0.0,2011,20110827,20.7,0.0,30.8,27,0.0,1.3,203,2011-08-27,9.0,71.3
239,8,25.9,0.0,2011,20110828,20.3,0.0,32.6,28,0.0,0.6,203,2011-08-28,9.6,71.0
240,8,26.4,0.0,2011,20110829,21.6,0.0,32.3,29,0.0,0.6,203,2011-08-29,5.7,73.9
241,8,25.9,0.0,2011,20110830,22.8,0.0,31.0,30,0.0,0.5,203,2011-08-30,0.6,78.6
242,8,26.3,0.0,2011,20110831,20.6,0.0,33.5,31,0.0,0.8,203,2011-08-31,10.3,67.4
243,9,25.0,0.0,2011,20110901,19.4,0.0,32.3,1,0.0,0.8,203,2011-09-01,8.3,71.1
244,9,25.0,0.0,2011,20110902,19.7,0.0,32.1,2,0.0,1.7,203,2011-09-02,10.7,66.6
245,9,23.2,0.0,2011,20110903,17.7,0.0,29.5,3,0.0,2.1,203,2011-09-03,8.9,59.8
246,9,22.2,0.0,2011,20110904,17.4,0.0,29.2,4,0.0,1.6,203,2011-09-04,5.3,57.3
247,9,22.3,0.0,2011,20110905,16.1,0.0,29.4,5,0.0,0.9,203,2011-09-05,9.1,62.9
248,9,21.3,0.0,2011,20110906,14.6,0.0,29.0,6,0.0,1.4,203,2011-09-06,8.7,62.5
249,9,20.4,0.0,2011,20110907,12.6,0.0,27.8,7,0.0,0.9,203,2011-09-07,5.9,66.4
250,9,20.3,0.4,2011,20110908,17.8,0.0,24.9,8,0.0,0.7,203,2011-09-08,1.6,72.8
251,9,17.8,2.0,2011,20110909,16.6,0.0,19.9,9,0.0,0.5,203,2011-09-09,0.0,86.1
252,9,18.6,1.0,2011,20110910,16.5,0.0,21.1,10,0.0,0.8,203,2011-09-10,0.0,86.1
253,9,18.9,51.5,2011,20110911,17.2,0.0,20.7,11,0.0,0.8,203,2011-09-11,0.0,91.5
254,9,22.7,1.0,2011,20110912,19.8,0.0,27.5,12,0.0,0.4,203,2011-09-12,1.9,78.5
255,9,23.9,0.0,2011,20110913,20.3,0.0,29.0,13,0.0,0.6,203,2011-09-13,3.7,76.1
256,9,24.1,0.0,2011,20110914,20.7,0.0,30.3,14,0.0,0.7,203,2011-09-14,3.6,76.8
257,9,24.0,0.0,2011,20110915,19.7,0.0,30.6,15,0.0,0.8,203,2011-09-15,5.8,76.5
258,9,23.6,0.0,2011,20110916,19.6,0.0,30.3,16,0.0,0.5,203,2011-09-16,6.0,77.8
259,9,23.4,16.0,2011,20110917,19.5,0.0,30.4,17,0.0,1.0,203,2011-09-17,4.5,79.1
260,9,19.4,1.0,2011,20110918,16.0,0.0,23.9,18,0.0,2.4,203,2011-09-18,0.0,71.6
261,9,15.4,0.5,2011,20110919,13.7,0.0,17.2,19,0.0,1.6,203,2011-09-19,0.0,70.5
262,9,16.0,0.0,2011,20110920,10.9,0.0,22.7,20,0.0,2.0,203,2011-09-20,6.6,58.8
263,9,16.2,0.0,2011,20110921,9.7,0.0,23.9,21,0.0,1.3,203,2011-09-21,8.6,56.9
264,9,15.7,0.0,2011,20110922,7.7,0.0,24.4,22,0.0,0.9,203,2011-09-22,10.7,64.5
265,9,16.4,0.0,2011,20110923,8.7,0.0,25.1,23,0.0,0.7,203,2011-09-23,9.5,65.9
266,9,17.0,0.0,2011,20110924,10.0,0.0,25.7,24,0.0,0.9,203,2011-09-24,9.8,66.8
267,9,16.4,0.0,2011,20110925,9.6,0.0,25.6,25,0.0,0.5,203,2011-09-25,9.4,68.6
268,9,16.9,0.0,2011,20110926,9.2,0.0,27.5,26,0.0,0.5,203,2011-09-26,10.2,67.1
269,9,16.7,0.0,2011,20110927,8.6,0.0,26.7,27,0.0,0.8,203,2011-09-27,9.5,66.0
270,9,15.5,0.0,2011,20110928,9.7,0.0,21.5,28,0.0,0.5,203,2011-09-28,0.5,76.4
271,9,15.0,19.5,2011,20110929,14.5,0.0,15.8,29,0.0,1.0,203,2011-09-29,0.0,91.0
272,9,14.9,0.0,2011,20110930,10.0,0.0,19.8,30,0.0,1.8,203,2011-09-30,9.7,55.1
273,10,10.4,0.0,2011,20111001,3.7,0.0,17.7,1,0.0,1.4,203,2011-10-01,9.3,66.3
274,10,9.9,0.0,2011,20111002,2.4,0.0,18.4,2,0.0,1.1,203,2011-10-02,8.5,62.5
275,10,9.9,0.0,2011,20111003,1.7,0.0,19.3,3,0.0,0.8,203,2011-10-03,10.2,64.5
276,10,11.2,0.0,2011,20111004,2.3,0.0,20.7,4,0.0,0.7,203,2011-10-04,9.4,67.9
277,10,14.1,0.0,2011,20111005,8.8,0.0,21.2,5,0.0,1.0,203,2011-10-05,2.3,64.9
278,10,14.3,0.0,2011,20111006,8.6,0.0,22.2,6,0.0,1.7,203,2011-10-06,5.5,62.4
279,10,12.9,0.0,2011,20111007,4.2,0.0,22.0,7,0.0,1.1,203,2011-10-07,9.7,67.4
280,10,12.3,0.0,2011,20111008,6.2,0.0,22.3,8,0.0,0.7,203,2011-10-08,7.0,75.9
281,10,12.4,0.0,2011,20111009,6.2,0.0,21.0,9,0.0,0.5,203,2011-10-09,4.1,81.3
282,10,13.8,0.0,2011,20111010,9.1,0.0,23.2,10,0.0,0.7,203,2011-10-10,5.0,82.1
283,10,13.4,0.0,2011,20111011,7.4,0.0,22.6,11,0.0,0.9,203,2011-10-11,6.9,72.3
284,10,11.3,0.0,2011,20111012,5.0,0.0,18.5,12,0.0,0.6,203,2011-10-12,0.6,79.1
285,10,12.8,0.0,2011,20111013,7.1,0.0,22.6,13,0.0,0.6,203,2011-10-13,6.5,78.9
286,10,12.7,7.0,2011,20111014,9.8,0.0,15.1,14,0.0,0.6,203,2011-10-14,0.0,89.9
287,10,13.2,18.0,2011,20111015,9.3,0.0,19.3,15,0.0,1.8,203,2011-10-15,2.7,83.6
288,10,13.7,0.5,2011,20111016,8.8,0.0,19.5,16,0.0,2.2,203,2011-10-16,6.6,68.1
289,10,10.2,0.0,2011,20111017,4.7,0.0,18.1,17,0.0,1.6,203,2011-10-17,9.9,50.3
290,10,6.6,0.0,2011,20111018,-1.3,0.0,17.1,18,0.0,0.8,203,2011-10-18,10.0,58.3
291,10,9.6,0.0,2011,20111019,-0.7,0.0,21.5,19,0.0,0.5,203,2011-10-19,9.9,67.9
292,10,12.2,0.0,2011,20111020,4.8,0.0,20.8,20,0.0,0.8,203,2011-10-20,7.0,72.4
293,10,14.5,1.0,2011,20111021,6.8,0.0,20.6,21,0.0,0.6,203,2011-10-21,4.4,73.9
294,10,14.2,3.5,2011,20111022,9.9,0.0,20.8,22,0.0,0.7,203,2011-10-22,2.7,81.1
295,10,12.6,0.1,2011,20111023,6.8,0.0,20.1,23,0.0,0.7,203,2011-10-23,2.8,84.9
296,10,12.9,0.3,2011,20111024,8.0,0.0,16.8,24,0.0,1.6,203,2011-10-24,0.0,72.4
297,10,6.5,0.0,2011,20111025,1.5,0.0,12.9,25,0.0,1.7,203,2011-10-25,9.7,46.4
298,10,5.7,0.0,2011,20111026,-2.6,0.0,15.7,26,0.0,0.7,203,2011-10-26,9.5,64.0
299,10,9.1,0.0,2011,20111027,0.5,0.0,19.0,27,0.0,0.6,203,2011-10-27,9.0,62.0
300,10,10.5,0.0,2011,20111028,5.6,0.0,18.9,28,0.0,0.6,203,2011-10-28,5.8,69.3
301,10,10.8,7.0,2011,20111029,7.8,0.0,13.6,29,0.0,0.4,203,2011-10-29,0.0,87.3
302,10,13.5,0.0,2011,20111030,7.8,0.0,21.2,30,0.0,0.7,203,2011-10-30,8.0,69.0
303,10,10.8,0.0,2011,20111031,3.4,0.0,21.9,31,0.0,0.5,203,2011-10-31,7.1,69.3
304,11,13.3,0.0,2011,20111101,4.1,0.0,22.7,1,0.0,0.5,203,2011-11-01,9.4,67.9
305,11,15.0,0.0,2011,20111102,9.1,0.0,23.0,2,0.0,0.8,203,2011-11-02,5.8,64.9
306,11,14.9,0.0,2011,20111103,7.2,0.0,24.4,3,0.0,0.4,203,2011-11-03,9.2,71.4
307,11,17.6,0.1,2011,20111104,10.2,0.0,25.4,4,0.0,0.5,203,2011-11-04,5.2,73.0
308,11,19.5,0.3,2011,20111105,14.2,0.0,25.3,5,0.0,0.9,203,2011-11-05,4.9,71.3
309,11,13.7,15.0,2011,20111106,12.6,0.0,18.0,6,0.0,1.6,203,2011-11-06,0.0,87.9
310,11,13.9,0.0,2011,20111107,11.2,0.0,17.6,7,0.0,0.4,203,2011-11-07,0.1,80.8
311,11,13.7,0.2,2011,20111108,10.2,0.0,19.0,8,0.0,0.8,203,2011-11-08,4.0,78.0
312,11,12.6,0.5,2011,20111109,8.3,0.0,17.6,9,0.0,1.6,203,2011-11-09,5.2,73.8
313,11,11.7,0.0,2011,20111110,5.8,0.0,17.0,10,0.0,1.1,203,2011-11-10,3.7,70.4
314,11,11.6,3.0,2011,20111111,9.3,0.0,16.0,11,0.0,0.7,203,2011-11-11,0.7,78.0
315,11,10.6,0.0,2011,20111112,6.3,0.0,16.8,12,0.0,1.1,203,2011-11-12,5.2,71.6
316,11,10.8,0.0,2011,20111113,6.8,0.0,16.6,13,0.0,1.4,203,2011-11-13,4.5,55.9
317,11,6.5,0.0,2011,20111114,0.8,0.0,12.7,14,0.0,1.5,203,2011-11-14,9.1,41.9
318,11,4.7,0.0,2011,20111115,-1.9,0.0,13.0,15,0.0,1.0,203,2011-11-15,8.6,56.3
319,11,6.7,0.0,2011,20111116,-1.6,0.0,14.9,16,0.0,0.6,203,2011-11-16,6.1,63.8
320,11,10.2,0.0,2011,20111117,4.6,0.0,16.2,17,0.0,0.7,203,2011-11-17,0.6,66.9
321,11,12.9,4.0,2011,20111118,9.6,0.0,18.4,18,0.0,0.5,203,2011-11-18,2.5,87.4
322,11,11.5,0.1,2011,20111119,4.5,0.0,15.3,19,0.0,1.9,203,2011-11-19,1.6,73.9
323,11,1.2,0.0,2011,20111120,-1.8,0.0,4.9,20,0.0,2.6,203,2011-11-20,9.2,40.0
324,11,0.3,0.0,2011,20111121,-6.2,0.0,6.9,21,0.0,1.1,203,2011-11-21,9.1,46.1
325,11,3.2,0.0,2011,20111122,-1.9,0.0,7.1,22,0.0,1.0,203,2011-11-22,0.7,58.8
326,11,3.0,2.0,2011,20111123,-1.6,0.0,9.0,23,0.0,2.5,203,2011-11-23,3.7,69.8
327,11,-1.0,0.0,2011,20111124,-4.9,0.0,4.2,24,0.0,1.6,203,2011-11-24,9.1,45.9
328,11,1.0,0.0,2011,20111125,-3.8,0.0,8.2,25,0.0,0.9,203,2011-11-25,8.8,61.1
329,11,2.5,0.0,2011,20111126,-4.2,0.0,5.9,26,0.0,0.6,203,2011-11-26,0.9,71.8
330,11,9.6,0.0,2011,20111127,5.4,0.0,13.8,27,0.0,0.5,203,2011-11-27,0.5,72.4
331,11,12.8,0.0,2011,20111128,7.0,0.0,20.7,28,0.0,0.7,203,2011-11-28,6.1,78.1
332,11,10.1,0.3,2011,20111129,8.0,0.0,13.5,29,0.0,1.1,203,2011-11-29,0.0,87.0
333,11,3.8,33.0,2011,20111130,1.9,0.0,8.2,30,0.0,3.0,203,2011-11-30,0.0,86.6
334,12,5.2,0.0,2011,20111201,3.1,0.0,8.9,1,0.0,2.0,203,2011-12-01,2.8,63.1
335,12,4.8,0.1,2011,20111202,-0.3,0.0,9.2,2,0.0,1.2,203,2011-12-02,0.6,66.9
336,12,4.7,9.0,2011,20111203,1.7,0.0,9.0,3,0.0,1.1,203,2011-12-03,1.5,81.8
337,12,1.8,0.0,2011,20111204,-2.9,0.0,7.6,4,0.0,1.6,203,2011-12-04,8.1,63.1
338,12,0.1,0.0,2011,20111205,-5.7,0.0,4.6,5,0.0,1.0,203,2011-12-05,7.8,53.1
339,12,3.1,0.0,2011,20111206,-2.3,0.0,9.9,6,0.0,1.0,203,2011-12-06,4.7,51.6
340,12,3.6,0.0,2011,20111207,-0.9,0.0,7.2,7,0.0,1.0,203,2011-12-07,0.0,60.0
341,12,1.4,0.0,2011,20111208,-2.6,0.0,5.0,8,0.0,2.1,203,2011-12-08,7.5,58.0
342,12,-2.2,0.0,2011,20111209,-4.4,0.0,0.5,9,0.0,1.3,203,2011-12-09,2.6,59.6
343,12,-3.0,0.0,2011,20111210,-8.6,0.0,1.5,10,0.0,1.1,203,2011-12-10,5.2,64.6
344,12,1.6,0.2,2011,20111211,-3.2,0.0,7.2,11,0.0,0.9,203,2011-12-11,3.8,74.3
345,12,2.9,0.0,2011,20111212,-2.8,0.0,9.6,12,0.0,1.2,203,2011-12-12,6.7,61.9
346,12,-0.8,0.0,2011,20111213,-7.2,0.0,7.2,13,0.0,0.7,203,2011-12-13,8.3,65.4
347,12,-1.0,0.0,2011,20111214,-6.5,0.0,3.9,14,0.0,0.8,203,2011-12-14,3.2,73.5
348,12,-3.2,0.0,2011,20111215,-6.5,0.0,0.9,15,0.0,2.1,203,2011-12-15,8.4,41.0
349,12,-6.0,0.0,2011,20111216,-9.2,0.0,-1.5,16,0.0,2.2,203,2011-12-16,8.9,37.0
350,12,-6.4,0.0,2011,20111217,-13.3,0.0,-0.5,17,0.0,1.1,203,2011-12-17,8.9,55.5
351,12,-2.6,0.0,2011,20111218,-8.1,0.0,2.7,18,0.0,1.3,203,2011-12-18,8.5,50.5
352,12,-3.8,0.0,2011,20111219,-11.4,0.0,3.4,19,0.0,1.0,203,2011-12-19,8.4,52.6
353,12,-3.7,0.0,2011,20111220,-11.3,0.0,3.7,20,0.0,0.7,203,2011-12-20,8.0,66.9
354,12,0.1,0.3,2011,20111221,-3.0,0.0,4.0,21,0.0,1.1,203,2011-12-21,2.3,76.8
355,12,-4.4,0.0,2011,20111222,-8.7,0.0,1.2,22,0.0,2.9,203,2011-12-22,8.9,34.0
356,12,-6.1,0.5,2011,20111223,-12.2,0.5,0.2,23,0.0,1.2,203,2011-12-23,8.6,43.5
357,12,-5.4,0.8,2011,20111224,-8.8,0.0,-1.1,24,0.0,1.9,203,2011-12-24,8.7,57.5
358,12,-6.8,0.0,2011,20111225,-12.1,0.0,-2.3,25,0.0,1.8,203,2011-12-25,9.0,39.6
359,12,-6.8,0.0,2011,20111226,-11.3,0.0,-1.4,26,0.0,1.7,203,2011-12-26,9.0,35.8
360,12,-7.3,0.0,2011,20111227,-13.6,0.0,0.4,27,0.0,0.8,203,2011-12-27,7.5,54.3
361,12,-3.7,0.3,2011,20111228,-10.7,0.0,2.0,28,0.0,0.5,203,2011-12-28,3.3,66.1
362,12,-1.4,0.0,2011,20111229,-5.9,0.0,3.7,29,0.0,1.1,203,2011-12-29,7.9,64.4
363,12,-4.9,0.0,2011,20111230,-11.4,0.0,2.7,30,0.0,0.8,203,2011-12-30,7.4,71.4
364,12,-5.2,0.0,2011,20111231,-10.8,0.0,0.8,31,0.0,0.5,203,2011-12-31,3.9,75.1
