,sunshine,station_id,day,humid,tmin,date,wind,snow,Date,tavg,cloud,year,tmax,month,rainfall
0,1.6,203,1,52.6,-5.1,20070101,0.4,0.0,2007-01-01,0.7,0.0,2007,5.5,1,0.0
1,1.0,203,2,74.4,-3.0,20070102,0.5,0.0,2007-01-02,2.0,0.0,2007,7.3,1,0.0
2,0.6,203,3,73.5,-3.0,20070103,0.9,0.0,2007-01-03,3.1,0.0,2007,9.0,1,0.0
3,8.3,203,4,64.9,-2.7,20070104,0.5,0.0,2007-01-04,3.2,0.0,2007,10.5,1,0.0
4,3.3,203,5,75.4,-5.0,20070105,0.6,0.0,2007-01-05,1.2,0.0,2007,8.3,1,0.0
5,0.8,203,6,76.8,-3.7,20070106,3.2,6.3,2007-01-06,-1.0,0.0,2007,3.0,1,7.5
6,6.6,203,7,64.8,-8.3,20070107,1.9,0.0,2007-01-07,-3.7,0.0,2007,1.0,1,0.0
7,8.8,203,8,62.6,-8.5,20070108,1.4,0.0,2007-01-08,-3.8,0.0,2007,1.5,1,0.0
8,7.8,203,9,71.6,-10.8,20070109,0.7,0.0,2007-01-09,-4.2,0.0,2007,1.6,1,0.0
9,5.2,203,10,77.4,-9.3,20070110,0.7,0.0,2007-01-10,-3.1,0.0,2007,3.7,1,0.0
10,4.8,203,11,71.4,-9.6,20070111,0.6,0.0,2007-01-11,-4.4,0.0,2007,2.2,1,0.0
11,8.6,203,12,53.9,-9.1,20070112,1.4,0.0,2007-01-12,-3.5,0.0,2007,1.3,1,0.0
12,8.8,203,13,49.8,-12.1,20070113,1.3,0.0,2007-01-13,-5.7,0.0,2007,0.5,1,0.0
13,8.5,203,14,61.1,-14.1,20070114,0.7,0.0,2007-01-14,-5.7,0.0,2007,2.2,1,0.0
14,6.8,203,15,67.1,-10.5,20070115,0.4,0.0,2007-01-15,-3.8,0.0,2007,3.5,1,0.0
15,2.3,203,16,69.6,-5.5,20070116,0.7,0.0,2007-01-16,-0.3,0.0,2007,6.4,1,0.0
16,6.2,203,17,71.3,-6.4,20070117,0.8,0.0,2007-01-17,-0.5,0.0,2007,6.0,1,0.0
17,8.5,203,18,60.1,-4.9,20070118,1.3,0.0,2007-01-18,0.1,0.0,2007,5.5,1,0.0
18,8.1,203,19,67.6,-9.8,20070119,0.6,0.0,2007-01-19,-3.4,0.0,2007,4.8,1,0.0
19,7.5,203,20,61.6,-8.5,20070120,0.5,0.0,2007-01-20,-2.1,0.0,2007,6.8,1,0.0
20,7.7,203,21,63.8,-9.5,20070121,0.4,0.0,2007-01-21,-1.7,0.0,2007,7.0,1,0.0
21,7.2,203,22,69.5,-4.5,20070122,0.9,0.0,2007-01-22,0.8,0.0,2007,6.5,1,0.0
22,3.9,203,23,79.8,-7.4,20070123,0.5,0.0,2007-01-23,-1.6,0.0,2007,5.4,1,0.0
23,7.7,203,24,68.5,-6.6,20070124,1.2,0.0,2007-01-24,-0.5,0.0,2007,7.5,1,0.0
24,5.8,203,25,74.4,-8.8,20070125,0.6,0.0,2007-01-25,-2.6,0.0,2007,5.6,1,0.0
25,0.5,203,26,82.1,-5.3,20070126,0.7,1.3,2007-01-26,-1.0,0.0,2007,3.2,1,0.6
26,1.7,203,27,84.8,-4.0,20070127,0.9,0.0,2007-01-27,-0.4,0.0,2007,2.2,1,0.0
27,3.4,203,28,76.6,-6.0,20070128,0.8,0.0,2007-01-28,-1.7,0.0,2007,4.3,1,0.0
28,8.7,203,29,68.3,-6.8,20070129,1.0,0.0,2007-01-29,-0.6,0.0,2007,6.0,1,0.0
29,6.0,203,30,64.3,-4.5,20070130,2.4,0.3,2007-01-30,-1.2,0.0,2007,4.6,1,0.1
30,6.4,203,31,55.8,-7.6,20070131,1.8,0.0,2007-01-31,-3.7,0.0,2007,1.7,1,0.0
31,8.7,203,1,53.8,-9.6,20070201,1.8,0.0,2007-02-01,-5.2,0.0,2007,-0.3,2,0.0
32,9.3,203,2,58.4,-12.8,20070202,1.3,0.0,2007-02-02,-5.7,0.0,2007,1.1,2,0.0
33,2.5,203,3,68.6,-10.0,20070203,1.5,0.0,2007-02-03,-1.1,0.0,2007,6.3,2,0.0
34,9.1,203,4,53.4,-8.0,20070204,0.8,0.0,2007-02-04,0.6,0.0,2007,9.5,2,0.0
35,5.2,203,5,68.6,-7.9,20070205,0.5,0.0,2007-02-05,0.9,0.0,2007,8.8,2,0.0
36,4.9,203,6,75.5,-0.8,20070206,0.4,0.0,2007-02-06,4.2,0.0,2007,12.3,2,0.0
37,4.3,203,7,80.8,-3.2,20070207,0.4,0.0,2007-02-07,1.8,0.0,2007,12.0,2,0.0
38,0.0,203,8,92.8,-1.3,20070208,0.5,0.0,2007-02-08,2.9,0.0,2007,5.8,2,3.0
39,2.0,203,9,79.6,3.4,20070209,1.9,0.0,2007-02-09,4.4,0.0,2007,8.0,2,0.0
40,3.5,203,10,62.6,-1.5,20070210,2.4,0.0,2007-02-10,3.3,0.0,2007,8.5,2,0.0
41,9.3,203,11,57.1,-3.9,20070211,1.7,0.0,2007-02-11,0.6,0.0,2007,7.4,2,0.0
42,7.7,203,12,69.0,-6.4,20070212,0.6,0.0,2007-02-12,0.5,0.0,2007,8.8,2,0.0
43,0.0,203,13,82.9,-4.0,20070213,0.8,0.0,2007-02-13,0.8,0.0,2007,4.0,2,14.5
44,6.5,203,14,62.1,-3.5,20070214,3.3,0.0,2007-02-14,0.8,0.0,2007,4.5,2,0.0
45,9.7,203,15,34.1,-4.5,20070215,2.5,0.0,2007-02-15,-0.1,0.0,2007,6.0,2,0.0
46,9.7,203,16,54.1,-7.5,20070216,0.6,0.0,2007-02-16,0.5,0.0,2007,9.3,2,0.0
47,0.6,203,17,66.8,-2.7,20070217,0.6,0.0,2007-02-17,2.5,0.0,2007,9.8,2,0.0
48,9.2,203,18,61.8,-4.3,20070218,1.1,0.0,2007-02-18,3.6,0.0,2007,13.1,2,0.0
49,5.8,203,19,70.8,-3.0,20070219,0.9,0.0,2007-02-19,2.6,0.0,2007,10.6,2,0.0
50,9.4,203,20,57.4,-4.6,20070220,0.8,0.0,2007-02-20,3.5,0.0,2007,13.3,2,0.0
51,7.3,203,21,67.0,-4.1,20070221,0.8,0.0,2007-02-21,3.2,0.0,2007,12.1,2,0.0
52,1.9,203,22,72.6,-3.4,20070222,1.0,0.0,2007-02-22,4.7,0.0,2007,13.3,2,0.0
53,10.0,203,23,41.1,0.0,20070223,2.4,0.0,2007-02-23,4.5,0.0,2007,9.6,2,0.0
54,5.3,203,24,50.0,-6.6,20070224,0.9,0.0,2007-02-24,1.6,0.0,2007,9.3,2,0.0
55,2.3,203,25,62.0,1.0,20070225,0.9,0.0,2007-02-25,5.0,0.0,2007,10.8,2,0.0
56,10.1,203,26,59.8,-3.0,20070226,0.8,0.0,2007-02-26,5.5,0.0,2007,14.3,2,0.0
57,6.6,203,27,66.9,-3.4,20070227,1.2,0.0,2007-02-27,5.3,0.0,2007,14.3,2,0.0
58,10.1,203,28,50.3,-1.5,20070228,1.3,0.0,2007-02-28,5.6,0.0,2007,14.1,2,0.0
59,4.5,203,1,50.1,-3.7,20070301,0.6,0.0,2007-03-01,6.3,0.0,2007,15.8,3,0.0
60,0.0,203,2,90.4,4.0,20070302,0.6,0.0,2007-03-02,6.4,0.0,2007,7.8,3,20.5
61,0.0,203,3,91.4,6.5,20070303,0.4,0.0,2007-03-03,9.5,0.0,2007,14.1,3,0.5
62,0.6,203,4,82.9,7.0,20070304,2.6,0.0,2007-03-04,11.2,0.0,2007,14.8,3,24.0
63,0.0,203,5,75.3,-5.4,20070305,4.7,0.0,2007-03-05,-1.6,0.0,2007,7.1,3,2.5
64,9.7,203,6,45.3,-7.6,20070306,2.9,0.0,2007-03-06,-4.1,0.0,2007,0.6,3,0.0
65,7.3,203,7,64.0,-9.1,20070307,1.9,1.5,2007-03-07,-2.9,0.0,2007,2.7,3,0.6
66,6.2,203,8,70.3,-7.3,20070308,1.7,0.0,2007-03-08,-0.4,0.0,2007,4.4,3,0.0
67,8.1,203,9,63.1,-3.2,20070309,1.1,0.0,2007-03-09,3.3,0.0,2007,11.1,3,0.0
68,2.2,203,10,62.0,-3.5,20070310,2.4,0.0,2007-03-10,1.3,0.0,2007,9.8,3,1.0
69,7.6,203,11,40.4,-5.9,20070311,2.8,0.0,2007-03-11,0.2,0.0,2007,5.5,3,0.0
70,10.3,203,12,41.8,-3.5,20070312,2.1,0.0,2007-03-12,3.3,0.0,2007,10.3,3,0.0
71,8.8,203,13,55.9,-4.5,20070313,1.4,0.0,2007-03-13,3.4,0.0,2007,11.6,3,0.0
72,6.9,203,14,59.3,-3.2,20070314,1.0,0.0,2007-03-14,5.3,0.0,2007,12.6,3,0.0
73,8.2,203,15,50.9,0.8,20070315,1.1,0.0,2007-03-15,7.5,0.0,2007,15.0,3,0.0
74,5.6,203,16,50.5,2.2,20070316,1.7,0.0,2007-03-16,7.5,0.0,2007,13.1,3,0.0
75,3.1,203,17,63.8,3.0,20070317,2.1,0.0,2007-03-17,5.9,0.0,2007,11.3,3,0.0
76,8.9,203,18,56.0,-2.9,20070318,1.4,0.0,2007-03-18,4.9,0.0,2007,12.8,3,0.0
77,8.0,203,19,55.1,-3.7,20070319,1.5,0.0,2007-03-19,4.4,0.0,2007,12.8,3,0.0
78,4.0,203,20,59.1,-2.2,20070320,1.7,0.0,2007-03-20,4.2,0.0,2007,11.1,3,0.0
79,0.0,203,21,78.3,0.8,20070321,0.9,0.0,2007-03-21,4.9,0.0,2007,7.8,3,0.0
80,2.5,203,22,73.1,1.7,20070322,1.3,0.0,2007-03-22,7.6,0.0,2007,15.1,3,0.0
81,6.4,203,23,63.3,3.0,20070323,1.0,0.0,2007-03-23,10.2,0.0,2007,18.0,3,0.5
82,0.0,203,24,92.4,7.4,20070324,1.2,0.0,2007-03-24,8.8,0.0,2007,11.8,3,16.0
83,8.1,203,25,66.3,5.0,20070325,2.4,0.0,2007-03-25,8.6,0.0,2007,15.3,3,0.0
84,4.6,203,26,75.5,-1.7,20070326,1.4,0.0,2007-03-26,6.8,0.0,2007,13.6,3,0.0
85,2.9,203,27,76.5,4.0,20070327,1.6,0.0,2007-03-27,9.1,0.0,2007,16.5,3,0.0
86,0.0,203,28,85.3,-0.6,20070328,1.5,0.0,2007-03-28,5.9,0.0,2007,11.8,3,24.0
87,0.8,203,29,83.8,-0.8,20070329,1.8,0.0,2007-03-29,5.4,0.0,2007,11.3,3,10.5
88,9.7,203,30,68.8,1.3,20070330,1.0,0.0,2007-03-30,9.5,0.0,2007,16.6,3,0.0
89,0.0,203,31,86.9,5.9,20070331,1.9,0.0,2007-03-31,8.5,0.0,2007,11.6,3,30.5
90,0.9,203,1,67.5,5.0,20070401,1.5,0.0,2007-04-01,8.4,0.0,2007,14.3,4,0.0
91,8.8,203,2,49.6,1.2,20070402,2.2,0.0,2007-04-02,6.0,0.0,2007,11.1,4,0.0
92,9.9,203,3,46.1,-0.5,20070403,2.8,0.0,2007-04-03,5.5,0.0,2007,10.3,4,0.0
93,11.5,203,4,47.4,2.0,20070404,2.3,0.0,2007-04-04,6.6,0.0,2007,12.8,4,0.0
94,9.4,203,5,50.5,-2.2,20070405,1.2,0.0,2007-04-05,7.1,0.0,2007,15.3,4,0.0
95,8.5,203,6,49.3,3.4,20070406,1.5,0.0,2007-04-06,9.6,0.0,2007,17.7,4,0.0
96,4.2,203,7,62.1,1.5,20070407,1.5,0.0,2007-04-07,8.3,0.0,2007,15.6,4,0.0
97,6.0,203,8,65.4,3.5,20070408,1.6,0.0,2007-04-08,9.3,0.0,2007,15.1,4,0.5
98,10.4,203,9,52.9,-0.4,20070409,1.8,0.0,2007-04-09,9.3,0.0,2007,18.0,4,0.0
99,3.0,203,10,58.4,1.5,20070410,1.3,0.0,2007-04-10,9.1,0.0,2007,18.2,4,0.0
100,8.6,203,11,60.6,4.6,20070411,1.5,0.0,2007-04-11,11.4,0.0,2007,20.0,4,1.0
101,0.9,203,12,69.4,7.4,20070412,1.1,0.0,2007-04-12,11.5,0.0,2007,17.5,4,3.5
102,0.0,203,13,84.6,5.8,20070413,2.6,0.0,2007-04-13,9.0,0.0,2007,12.6,4,4.0
103,8.9,203,14,62.6,0.8,20070414,1.7,0.0,2007-04-14,9.8,0.0,2007,18.2,4,0.0
104,7.2,203,15,50.5,7.5,20070415,1.5,0.0,2007-04-15,12.0,0.0,2007,18.3,4,0.0
105,2.1,203,16,78.4,5.8,20070416,1.6,0.0,2007-04-16,8.3,0.0,2007,12.5,4,2.5
106,3.7,203,17,63.8,3.7,20070417,1.5,0.0,2007-04-17,9.1,0.0,2007,15.3,4,0.0
107,7.5,203,18,51.8,2.7,20070418,1.2,0.0,2007-04-18,10.5,0.0,2007,16.7,4,0.0
108,8.8,203,19,41.5,2.7,20070419,1.8,0.0,2007-04-19,11.4,0.0,2007,19.6,4,0.0
109,1.4,203,20,72.0,4.4,20070420,1.7,0.0,2007-04-20,12.1,0.0,2007,18.7,4,5.5
110,6.6,203,21,72.5,12.1,20070421,1.7,0.0,2007-04-21,17.8,0.0,2007,25.0,4,0.0
111,0.0,203,22,57.3,9.8,20070422,2.1,0.0,2007-04-22,14.2,0.0,2007,18.3,4,0.0
112,10.3,203,23,39.3,4.9,20070423,1.1,0.0,2007-04-23,13.5,0.0,2007,21.0,4,0.0
113,1.4,203,24,50.3,6.9,20070424,1.5,0.0,2007-04-24,11.7,0.0,2007,17.2,4,0.0
114,10.3,203,25,59.8,7.8,20070425,2.6,0.0,2007-04-25,13.4,0.0,2007,20.2,4,0.0
115,10.2,203,26,51.6,6.0,20070426,1.7,0.0,2007-04-26,14.5,0.0,2007,23.0,4,0.0
116,10.0,203,27,43.6,6.5,20070427,1.9,0.0,2007-04-27,14.1,0.0,2007,23.2,4,0.0
117,11.6,203,28,44.4,4.4,20070428,2.2,0.0,2007-04-28,13.8,0.0,2007,23.6,4,0.0
118,11.7,203,29,38.4,4.5,20070429,1.6,0.0,2007-04-29,15.0,0.0,2007,24.0,4,0.0
119,0.2,203,30,58.8,5.5,20070430,0.8,0.0,2007-04-30,12.0,0.0,2007,17.6,4,1.0
120,0.0,203,1,89.9,10.1,20070501,1.2,0.0,2007-05-01,12.3,0.0,2007,14.5,5,13.5
121,8.4,203,2,62.1,10.1,20070502,1.9,0.0,2007-05-02,15.2,0.0,2007,23.2,5,0.0
122,1.8,203,3,75.5,10.8,20070503,1.5,0.0,2007-05-03,15.1,0.0,2007,21.7,5,0.0
123,6.5,203,4,69.0,13.3,20070504,2.0,0.0,2007-05-04,17.4,0.0,2007,24.6,5,0.0
124,7.8,203,5,67.9,10.3,20070505,0.7,0.0,2007-05-05,18.5,0.0,2007,26.8,5,1.0
125,1.3,203,6,63.3,14.0,20070506,1.5,0.0,2007-05-06,18.3,0.0,2007,24.6,5,0.0
126,11.8,203,7,51.9,10.1,20070507,1.7,0.0,2007-05-07,19.1,0.0,2007,27.3,5,0.0
127,7.8,203,8,52.1,12.3,20070508,1.6,0.0,2007-05-08,19.6,0.0,2007,27.2,5,0.0
128,3.2,203,9,68.5,9.8,20070509,1.9,0.0,2007-05-09,15.1,0.0,2007,23.0,5,15.5
129,10.5,203,10,65.3,7.0,20070510,1.5,0.0,2007-05-10,14.6,0.0,2007,22.0,5,0.0
130,7.5,203,11,55.1,8.5,20070511,0.8,0.0,2007-05-11,17.4,0.0,2007,25.5,5,0.0
131,0.0,203,12,81.5,10.6,20070512,1.9,0.0,2007-05-12,13.6,0.0,2007,17.7,5,14.0
132,11.9,203,13,54.4,7.8,20070513,2.1,0.0,2007-05-13,16.2,0.0,2007,23.7,5,0.0
133,6.8,203,14,60.4,11.5,20070514,2.8,0.0,2007-05-14,17.4,0.0,2007,24.0,5,1.0
134,8.5,203,15,63.3,10.8,20070515,0.8,0.0,2007-05-15,17.8,0.0,2007,24.6,5,0.0
135,0.1,203,16,82.9,12.3,20070516,1.3,0.0,2007-05-16,15.4,0.0,2007,21.2,5,38.5
136,8.5,203,17,61.5,12.8,20070517,2.5,0.0,2007-05-17,18.1,0.0,2007,25.0,5,2.0
137,0.3,203,18,79.6,12.8,20070518,1.6,0.0,2007-05-18,14.6,0.0,2007,17.6,5,3.0
138,2.0,203,19,75.0,11.3,20070519,0.8,0.0,2007-05-19,14.8,0.0,2007,20.7,5,0.0
139,11.4,203,20,66.8,9.0,20070520,1.1,0.0,2007-05-20,16.5,0.0,2007,24.3,5,0.0
140,6.8,203,21,59.0,10.6,20070521,1.1,0.0,2007-05-21,16.5,0.0,2007,24.6,5,0.0
141,11.8,203,22,58.6,7.3,20070522,0.9,0.0,2007-05-22,17.9,0.0,2007,26.1,5,0.0
142,2.9,203,23,59.1,12.3,20070523,0.7,0.0,2007-05-23,19.1,0.0,2007,25.1,5,0.0
143,0.9,203,24,79.5,14.8,20070524,1.2,0.0,2007-05-24,19.1,0.0,2007,26.1,5,46.5
144,10.4,203,25,65.6,17.1,20070525,1.9,0.0,2007-05-25,20.4,0.0,2007,25.2,5,0.5
145,11.4,203,26,51.4,14.0,20070526,2.0,0.0,2007-05-26,20.1,0.0,2007,26.7,5,0.0
146,11.1,203,27,57.8,12.1,20070527,1.3,0.0,2007-05-27,20.7,0.0,2007,29.6,5,0.0
147,11.2,203,28,60.8,13.5,20070528,1.8,0.0,2007-05-28,20.0,0.0,2007,26.0,5,0.0
148,1.5,203,29,76.8,15.3,20070529,1.3,0.0,2007-05-29,18.3,0.0,2007,23.0,5,0.0
149,6.7,203,30,67.8,14.1,20070530,1.5,0.0,2007-05-30,19.0,0.0,2007,24.7,5,0.0
150,8.6,203,31,63.1,14.1,20070531,1.1,0.0,2007-05-31,19.9,0.0,2007,27.0,5,0.0
151,0.8,203,1,69.6,14.8,20070601,0.7,0.0,2007-06-01,19.3,0.0,2007,23.6,6,0.0
152,10.0,203,2,60.1,16.7,20070602,1.1,0.0,2007-06-02,22.0,0.0,2007,27.7,6,0.0
153,10.6,203,3,59.9,15.3,20070603,0.9,0.0,2007-06-03,22.4,0.0,2007,28.6,6,0.0
154,6.2,203,4,66.4,16.5,20070604,1.1,0.0,2007-06-04,21.9,0.0,2007,27.5,6,0.0
155,0.3,203,5,72.8,17.7,20070605,1.7,0.0,2007-06-05,20.4,0.0,2007,23.2,6,0.0
156,4.3,203,6,75.1,16.7,20070606,1.5,0.0,2007-06-06,20.1,0.0,2007,24.8,6,0.0
157,0.9,203,7,77.5,15.3,20070607,1.0,0.0,2007-06-07,19.5,0.0,2007,23.8,6,0.0
158,3.4,203,8,71.1,15.3,20070608,1.7,0.0,2007-06-08,19.6,0.0,2007,25.7,6,0.0
159,10.3,203,9,62.1,11.8,20070609,1.6,0.0,2007-06-09,18.5,0.0,2007,25.2,6,0.0
160,12.5,203,10,58.5,12.5,20070610,1.1,0.0,2007-06-10,21.3,0.0,2007,29.6,6,0.0
161,10.8,203,11,58.1,15.3,20070611,1.2,0.0,2007-06-11,22.6,0.0,2007,30.5,6,0.0
162,10.9,203,12,56.4,15.3,20070612,1.2,0.0,2007-06-12,22.7,0.0,2007,29.7,6,0.0
163,5.6,203,13,62.6,15.3,20070613,1.0,0.0,2007-06-13,22.3,0.0,2007,28.8,6,0.0
164,3.2,203,14,63.9,18.1,20070614,1.9,0.0,2007-06-14,21.3,0.0,2007,26.2,6,2.0
165,5.8,203,15,44.8,14.6,20070615,1.8,0.0,2007-06-15,20.4,0.0,2007,27.2,6,0.0
166,12.6,203,16,37.6,11.8,20070616,1.6,0.0,2007-06-16,22.1,0.0,2007,31.3,6,0.0
167,8.9,203,17,45.8,11.1,20070617,1.4,0.0,2007-06-17,21.3,0.0,2007,29.7,6,0.0
168,13.0,203,18,50.3,14.8,20070618,0.8,0.0,2007-06-18,23.8,0.0,2007,32.5,6,0.0
169,12.1,203,19,52.8,15.3,20070619,0.9,0.0,2007-06-19,24.3,0.0,2007,32.4,6,0.0
170,5.4,203,20,63.5,18.3,20070620,1.2,0.0,2007-06-20,24.3,0.0,2007,30.7,6,0.0
171,0.0,203,21,87.9,18.7,20070621,1.0,0.0,2007-06-21,20.6,0.0,2007,23.6,6,25.0
172,9.5,203,22,72.1,18.6,20070622,0.9,0.0,2007-06-22,24.0,0.0,2007,30.5,6,2.0
173,3.8,203,23,72.5,18.1,20070623,1.1,0.0,2007-06-23,23.1,0.0,2007,28.8,6,1.0
174,0.4,203,24,87.5,16.2,20070624,1.0,0.0,2007-06-24,19.5,0.0,2007,22.7,6,14.5
175,0.5,203,25,81.4,18.7,20070625,1.0,0.0,2007-06-25,21.5,0.0,2007,24.7,6,0.5
176,8.9,203,26,69.6,20.2,20070626,1.0,0.0,2007-06-26,24.8,0.0,2007,31.2,6,0.0
177,5.0,203,27,71.6,18.6,20070627,0.8,0.0,2007-06-27,24.9,0.0,2007,30.5,6,0.0
178,0.0,203,28,90.1,22.0,20070628,0.8,0.0,2007-06-28,24.0,0.0,2007,27.1,6,17.0
179,0.5,203,29,82.9,20.2,20070629,1.6,0.0,2007-06-29,22.2,0.0,2007,25.3,6,2.0
180,3.5,203,30,74.6,18.7,20070630,1.0,0.0,2007-06-30,23.7,0.0,2007,28.7,6,0.0
181,0.0,203,1,89.6,18.8,20070701,1.5,0.0,2007-07-01,20.0,0.0,2007,22.3,7,40.5
182,0.0,203,2,90.8,18.6,20070702,1.2,0.0,2007-07-02,20.2,0.0,2007,21.7,7,20.5
183,0.0,203,3,80.1,20.6,20070703,0.3,0.0,2007-07-03,23.9,0.0,2007,27.7,7,0.0
184,2.9,203,4,86.6,19.6,20070704,0.9,0.0,2007-07-04,21.6,0.0,2007,25.6,7,27.0
185,4.5,203,5,79.5,19.7,20070705,1.3,0.0,2007-07-05,22.8,0.0,2007,28.1,7,0.0
186,7.1,203,6,72.9,19.3,20070706,0.6,0.0,2007-07-06,24.6,0.0,2007,31.2,7,0.0
187,6.5,203,7,70.4,20.2,20070707,0.9,0.0,2007-07-07,25.4,0.0,2007,31.2,7,0.0
188,5.7,203,8,70.6,21.3,20070708,1.0,0.0,2007-07-08,25.7,0.0,2007,32.0,7,0.0
189,6.9,203,9,70.5,19.7,20070709,2.1,0.0,2007-07-09,23.6,0.0,2007,28.2,7,2.0
190,0.1,203,10,79.5,18.1,20070710,2.0,0.0,2007-07-10,20.6,0.0,2007,24.5,7,14.0
191,0.2,203,11,87.0,17.5,20070711,1.4,0.0,2007-07-11,19.2,0.0,2007,22.2,7,7.0
192,8.9,203,12,71.9,18.8,20070712,0.8,0.0,2007-07-12,23.9,0.0,2007,30.0,7,0.5
193,5.4,203,13,71.5,19.2,20070713,1.8,0.0,2007-07-13,23.7,0.0,2007,28.6,7,0.0
194,3.7,203,14,62.4,19.5,20070714,3.1,0.0,2007-07-14,22.3,0.0,2007,26.6,7,0.0
195,7.3,203,15,63.5,17.3,20070715,1.2,0.0,2007-07-15,23.4,0.0,2007,28.6,7,0.0
196,0.0,203,16,86.5,18.1,20070716,2.1,0.0,2007-07-16,20.3,0.0,2007,23.7,7,30.5
197,1.0,203,17,83.8,18.8,20070717,1.1,0.0,2007-07-17,21.6,0.0,2007,26.1,7,14.5
198,6.3,203,18,76.6,17.8,20070718,0.9,0.0,2007-07-18,24.0,0.0,2007,30.6,7,0.0
199,0.0,203,19,91.4,22.5,20070719,1.2,0.0,2007-07-19,23.3,0.0,2007,24.5,7,54.5
200,2.5,203,20,78.8,23.1,20070720,0.9,0.0,2007-07-20,25.2,0.0,2007,29.6,7,0.5
201,0.0,203,21,80.5,20.5,20070721,0.5,0.0,2007-07-21,22.5,0.0,2007,25.8,7,0.0
202,3.6,203,22,72.6,20.2,20070722,0.8,0.0,2007-07-22,24.1,0.0,2007,29.6,7,0.0
203,2.2,203,23,68.1,19.6,20070723,0.9,0.0,2007-07-23,24.2,0.0,2007,29.6,7,0.0
204,0.0,203,24,88.3,20.6,20070724,0.6,0.0,2007-07-24,22.7,0.0,2007,25.7,7,40.0
205,0.0,203,25,87.3,21.7,20070725,0.8,0.0,2007-07-25,23.5,0.0,2007,25.7,7,0.5
206,6.8,203,26,76.9,21.2,20070726,0.7,0.0,2007-07-26,26.0,0.0,2007,32.0,7,0.0
207,2.4,203,27,77.4,23.6,20070727,1.1,0.0,2007-07-27,26.7,0.0,2007,31.6,7,0.0
208,0.0,203,28,81.0,23.8,20070728,1.3,0.0,2007-07-28,25.9,0.0,2007,28.7,7,0.0
209,1.4,203,29,84.4,20.7,20070729,1.1,0.0,2007-07-29,23.8,0.0,2007,26.3,7,22.0
210,8.2,203,30,74.6,20.1,20070730,0.6,0.0,2007-07-30,24.9,0.0,2007,31.5,7,0.0
211,4.7,203,31,75.4,20.5,20070731,0.8,0.0,2007-07-31,25.2,0.0,2007,30.8,7,0.0
212,1.8,203,1,79.8,22.1,20070801,1.6,0.0,2007-08-01,26.1,0.0,2007,30.2,8,0.0
213,2.5,203,2,76.5,25.2,20070802,1.3,0.0,2007-08-02,27.9,0.0,2007,32.5,8,0.0
214,6.2,203,3,78.5,23.6,20070803,0.8,0.0,2007-08-03,26.1,0.0,2007,33.0,8,10.0
215,0.0,203,4,90.6,22.3,20070804,0.8,0.0,2007-08-04,23.5,0.0,2007,25.3,8,87.5
216,0.3,203,5,85.9,22.5,20070805,1.1,0.0,2007-08-05,23.9,0.0,2007,27.2,8,12.0
217,0.1,203,6,86.9,21.2,20070806,0.7,0.0,2007-08-06,23.3,0.0,2007,26.0,8,4.0
218,0.0,203,7,91.0,20.7,20070807,0.5,0.0,2007-08-07,22.5,0.0,2007,24.6,8,25.5
219,0.0,203,8,89.8,21.1,20070808,1.5,0.0,2007-08-08,23.2,0.0,2007,25.7,8,56.0
220,0.6,203,9,86.6,22.1,20070809,1.7,0.0,2007-08-09,24.8,0.0,2007,29.2,8,19.0
221,5.0,203,10,84.8,21.7,20070810,1.3,0.0,2007-08-10,25.1,0.0,2007,31.7,8,47.0
222,8.0,203,11,75.4,22.2,20070811,1.2,0.0,2007-08-11,26.8,0.0,2007,32.2,8,0.0
223,0.2,203,12,82.4,22.7,20070812,1.9,0.0,2007-08-12,24.9,0.0,2007,27.1,8,3.5
224,2.7,203,13,79.6,23.8,20070813,1.5,0.0,2007-08-13,26.5,0.0,2007,31.5,8,4.5
225,1.2,203,14,85.4,23.7,20070814,2.0,0.0,2007-08-14,25.8,0.0,2007,30.6,8,8.0
226,2.3,203,15,79.4,23.1,20070815,0.9,0.0,2007-08-15,26.7,0.0,2007,31.0,8,0.5
227,4.3,203,16,77.8,24.2,20070816,0.7,0.0,2007-08-16,27.5,0.0,2007,32.9,8,1.5
228,6.8,203,17,77.1,22.6,20070817,0.6,0.0,2007-08-17,26.7,0.0,2007,34.2,8,0.0
229,4.3,203,18,75.8,22.5,20070818,0.7,0.0,2007-08-18,26.8,0.0,2007,32.2,8,0.0
230,6.8,203,19,73.9,22.5,20070819,0.8,0.0,2007-08-19,26.6,0.0,2007,32.9,8,0.0
231,8.0,203,20,72.8,21.0,20070820,1.0,0.0,2007-08-20,26.6,0.0,2007,32.2,8,0.0
232,3.8,203,21,75.4,24.7,20070821,1.6,0.0,2007-08-21,27.5,0.0,2007,32.0,8,0.0
233,4.9,203,22,80.4,20.7,20070822,1.3,0.0,2007-08-22,25.3,0.0,2007,30.7,8,19.0
234,8.3,203,23,75.4,18.3,20070823,0.6,0.0,2007-08-23,23.9,0.0,2007,32.5,8,0.0
235,7.4,203,24,74.4,18.5,20070824,0.5,0.0,2007-08-24,25.5,0.0,2007,33.0,8,0.0
236,10.0,203,25,72.4,21.8,20070825,0.8,0.0,2007-08-25,27.4,0.0,2007,33.9,8,0.0
237,1.1,203,26,81.6,22.0,20070826,0.7,0.0,2007-08-26,25.5,0.0,2007,30.7,8,0.0
238,4.1,203,27,83.3,23.6,20070827,1.4,0.0,2007-08-27,26.0,0.0,2007,30.6,8,26.5
239,5.3,203,28,76.5,23.0,20070828,0.9,0.0,2007-08-28,25.8,0.0,2007,31.1,8,0.0
240,0.0,203,29,90.3,18.7,20070829,1.4,0.0,2007-08-29,20.3,0.0,2007,23.6,8,36.5
241,0.0,203,30,84.5,17.3,20070830,1.0,0.0,2007-08-30,19.1,0.0,2007,22.2,8,2.5
242,1.8,203,31,82.4,15.8,20070831,0.3,0.0,2007-08-31,20.9,0.0,2007,26.0,8,0.0
243,0.0,203,1,91.4,17.0,20070901,1.1,0.0,2007-09-01,18.8,0.0,2007,20.5,9,18.0
244,0.0,203,2,88.3,17.2,20070902,1.6,0.0,2007-09-02,18.8,0.0,2007,21.5,9,19.0
245,0.5,203,3,88.9,17.3,20070903,1.0,0.0,2007-09-03,19.4,0.0,2007,23.1,9,15.5
246,0.2,203,4,86.6,18.3,20070904,0.3,0.0,2007-09-04,20.8,0.0,2007,23.8,9,5.0
247,0.0,203,5,89.3,17.0,20070905,1.4,0.0,2007-09-05,18.3,0.0,2007,21.2,9,18.0
248,0.0,203,6,90.5,15.3,20070906,1.7,0.0,2007-09-06,16.6,0.0,2007,17.5,9,37.5
249,5.5,203,7,79.5,15.3,20070907,0.7,0.0,2007-09-07,20.4,0.0,2007,27.1,9,0.0
250,7.2,203,8,70.8,16.7,20070908,1.4,0.0,2007-09-08,20.9,0.0,2007,26.0,9,0.0
251,7.8,203,9,74.1,13.6,20070909,0.8,0.0,2007-09-09,20.1,0.0,2007,28.2,9,0.0
252,6.1,203,10,75.4,15.6,20070910,0.9,0.0,2007-09-10,21.6,0.0,2007,29.3,9,0.0
253,1.0,203,11,82.8,16.7,20070911,0.3,0.0,2007-09-11,21.3,0.0,2007,27.6,9,0.0
254,4.9,203,12,82.6,17.0,20070912,0.2,0.0,2007-09-12,21.4,0.0,2007,28.5,9,0.0
255,0.8,203,13,84.8,17.7,20070913,0.3,0.0,2007-09-13,21.6,0.0,2007,27.6,9,0.0
256,0.3,203,14,86.5,17.5,20070914,1.3,0.0,2007-09-14,19.7,0.0,2007,24.5,9,85.0
257,0.0,203,15,90.8,17.3,20070915,0.4,0.0,2007-09-15,19.7,0.0,2007,23.0,9,31.0
258,0.1,203,16,89.5,18.0,20070916,1.6,0.0,2007-09-16,19.0,0.0,2007,20.8,9,10.5
259,6.3,203,17,75.5,17.5,20070917,1.6,0.0,2007-09-17,21.4,0.0,2007,27.2,9,6.5
260,0.2,203,18,87.8,17.2,20070918,1.3,0.0,2007-09-18,19.3,0.0,2007,22.3,9,38.0
261,3.3,203,19,84.1,18.7,20070919,1.1,0.0,2007-09-19,23.7,0.0,2007,29.8,9,19.0
262,6.7,203,20,71.0,21.0,20070920,1.8,0.0,2007-09-20,26.5,0.0,2007,31.5,9,3.0
263,1.7,203,21,79.3,19.3,20070921,1.5,0.0,2007-09-21,22.7,0.0,2007,27.0,9,0.5
264,0.0,203,22,89.6,15.6,20070922,1.6,0.0,2007-09-22,17.7,0.0,2007,19.8,9,8.0
265,2.1,203,23,78.4,15.6,20070923,1.1,0.0,2007-09-23,19.5,0.0,2007,24.1,9,0.5
266,6.8,203,24,77.9,17.0,20070924,0.5,0.0,2007-09-24,20.7,0.0,2007,26.8,9,0.5
267,3.8,203,25,84.8,17.5,20070925,0.2,0.0,2007-09-25,19.9,0.0,2007,26.2,9,0.0
268,3.8,203,26,79.6,14.6,20070926,0.5,0.0,2007-09-26,20.4,0.0,2007,27.0,9,0.0
269,0.2,203,27,82.4,18.7,20070927,1.7,0.0,2007-09-27,21.4,0.0,2007,25.6,9,5.5
270,0.1,203,28,78.6,12.5,20070928,0.8,0.0,2007-09-28,16.9,0.0,2007,20.0,9,6.0
271,0.5,203,29,82.9,11.3,20070929,0.5,0.0,2007-09-29,16.7,0.0,2007,21.2,9,0.5
272,0.0,203,30,91.3,15.5,20070930,0.4,0.0,2007-09-30,16.4,0.0,2007,17.8,9,3.5
273,0.1,203,1,86.6,15.1,20071001,0.2,0.0,2007-10-01,17.3,0.0,2007,21.2,10,0.0
274,2.3,203,2,79.6,15.3,20071002,0.3,0.0,2007-10-02,18.5,0.0,2007,24.3,10,0.0
275,0.0,203,3,86.3,16.6,20071003,0.2,0.0,2007-10-03,17.8,0.0,2007,19.6,10,0.5
276,2.8,203,4,85.4,15.3,20071004,0.4,0.0,2007-10-04,18.6,0.0,2007,23.7,10,3.5
277,10.0,203,5,73.0,12.3,20071005,0.8,0.0,2007-10-05,18.1,0.0,2007,25.5,10,0.0
278,6.7,203,6,72.4,14.6,20071006,1.1,0.0,2007-10-06,18.5,0.0,2007,25.5,10,0.0
279,7.6,203,7,74.6,12.3,20071007,0.9,0.0,2007-10-07,19.0,0.0,2007,26.2,10,0.5
280,5.3,203,8,64.6,10.0,20071008,1.3,0.0,2007-10-08,14.8,0.0,2007,20.5,10,0.0
281,8.9,203,9,72.3,5.4,20071009,0.7,0.0,2007-10-09,12.7,0.0,2007,22.5,10,0.0
282,3.3,203,10,77.9,8.3,20071010,0.5,0.0,2007-10-10,15.1,0.0,2007,23.2,10,0.0
283,3.7,203,11,62.9,12.8,20071011,1.1,0.0,2007-10-11,16.1,0.0,2007,22.3,10,0.0
284,4.4,203,12,62.6,10.6,20071012,0.8,0.0,2007-10-12,15.6,0.0,2007,23.8,10,0.0
285,4.4,203,13,70.5,8.6,20071013,0.5,0.0,2007-10-13,13.3,0.0,2007,20.0,10,0.0
286,7.6,203,14,69.8,8.5,20071014,0.6,0.0,2007-10-14,13.7,0.0,2007,22.7,10,0.0
287,8.2,203,15,70.3,5.9,20071015,0.6,0.0,2007-10-15,13.4,0.0,2007,21.1,10,0.0
288,6.8,203,16,73.0,8.6,20071016,0.5,0.0,2007-10-16,12.9,0.0,2007,20.6,10,0.0
289,7.6,203,17,71.4,5.9,20071017,0.9,0.0,2007-10-17,11.9,0.0,2007,20.0,10,0.0
290,9.4,203,18,72.0,4.6,20071018,0.4,0.0,2007-10-18,12.0,0.0,2007,20.8,10,0.0
291,3.8,203,19,71.9,3.7,20071019,1.2,0.0,2007-10-19,9.2,0.0,2007,15.6,10,2.5
292,9.7,203,20,49.4,2.2,20071020,2.1,0.0,2007-10-20,6.0,0.0,2007,11.5,10,0.0
293,8.8,203,21,73.6,-1.5,20071021,0.7,0.0,2007-10-21,7.7,0.0,2007,17.1,10,0.0
294,7.4,203,22,77.8,5.4,20071022,0.6,0.0,2007-10-22,12.0,0.0,2007,20.5,10,0.0
295,7.5,203,23,78.8,7.5,20071023,0.4,0.0,2007-10-23,12.9,0.0,2007,21.2,10,0.0
296,6.3,203,24,78.6,5.8,20071024,0.3,0.0,2007-10-24,12.4,0.0,2007,22.0,10,0.0
297,0.8,203,25,87.1,6.6,20071025,0.2,0.0,2007-10-25,11.7,0.0,2007,17.7,10,6.0
298,8.9,203,26,71.5,10.8,20071026,1.2,0.0,2007-10-26,15.0,0.0,2007,21.6,10,1.5
299,9.5,203,27,66.1,6.6,20071027,0.6,0.0,2007-10-27,12.6,0.0,2007,21.2,10,0.0
300,2.2,203,28,79.5,5.0,20071028,1.4,0.0,2007-10-28,11.8,0.0,2007,17.7,10,0.5
301,5.4,203,29,63.9,6.6,20071029,1.6,0.0,2007-10-29,10.0,0.0,2007,15.3,10,0.0
302,7.2,203,30,68.5,3.2,20071030,0.7,0.0,2007-10-30,8.8,0.0,2007,16.3,10,0.0
303,4.0,203,31,73.3,2.7,20071031,0.6,0.0,2007-10-31,8.8,0.0,2007,16.0,10,0.0
304,7.4,203,1,44.1,6.1,20071101,1.8,0.0,2007-11-01,9.0,0.0,2007,13.1,11,0.0
305,6.3,203,2,61.4,2.9,20071102,1.0,0.0,2007-11-02,7.4,0.0,2007,14.5,11,0.0
306,8.5,203,3,59.1,1.6,20071103,0.7,0.0,2007-11-03,8.5,0.0,2007,17.6,11,0.0
307,9.5,203,4,61.5,-1.5,20071104,0.6,0.0,2007-11-04,6.9,0.0,2007,16.7,11,0.0
308,0.4,203,5,73.9,0.6,20071105,0.3,0.0,2007-11-05,5.8,0.0,2007,13.0,11,0.0
309,6.5,203,6,69.4,-1.2,20071106,0.3,0.0,2007-11-06,6.7,0.0,2007,17.8,11,0.0
310,9.0,203,7,65.9,0.0,20071107,0.3,0.0,2007-11-07,8.1,0.0,2007,19.3,11,0.0
311,8.2,203,8,70.6,0.0,20071108,0.3,0.0,2007-11-08,8.4,0.0,2007,18.8,11,0.0
312,7.8,203,9,73.1,1.2,20071109,0.9,0.0,2007-11-09,9.4,0.0,2007,19.2,11,0.0
313,1.6,203,10,65.6,4.8,20071110,1.4,0.0,2007-11-10,8.8,0.0,2007,12.8,11,0.0
314,0.4,203,11,70.6,1.7,20071111,0.8,0.0,2007-11-11,6.0,0.0,2007,10.3,11,0.0
315,5.9,203,12,73.6,-2.0,20071112,0.6,0.0,2007-11-12,4.8,0.0,2007,14.3,11,0.0
316,1.6,203,13,82.5,-2.5,20071113,0.4,0.0,2007-11-13,3.6,0.0,2007,10.3,11,0.0
317,2.6,203,14,81.9,0.4,20071114,0.4,0.0,2007-11-14,6.5,0.0,2007,13.8,11,0.0
318,5.7,203,15,68.5,3.4,20071115,1.1,0.0,2007-11-15,7.8,0.0,2007,15.1,11,0.0
319,9.0,203,16,62.9,-2.0,20071116,1.1,0.0,2007-11-16,3.9,0.0,2007,11.1,11,0.0
320,1.2,203,17,73.6,-4.3,20071117,1.2,0.0,2007-11-17,2.5,0.0,2007,9.1,11,0.0
321,8.8,203,18,29.4,-5.6,20071118,2.5,0.0,2007-11-18,-1.0,0.0,2007,4.0,11,0.0
322,7.5,203,19,56.9,-9.6,20071119,0.9,3.8,2007-11-19,-2.2,0.0,2007,3.5,11,5.2
323,9.0,203,20,52.9,-5.5,20071120,1.8,0.0,2007-11-20,0.0,0.0,2007,4.3,11,0.0
324,6.5,203,21,67.4,-5.4,20071121,1.1,5.3,2007-11-21,0.5,0.0,2007,7.5,11,5.1
325,7.9,203,22,64.3,-7.9,20071122,0.5,0.0,2007-11-22,0.2,0.0,2007,6.6,11,0.0
326,0.5,203,23,87.5,0.9,20071123,0.8,0.0,2007-11-23,3.9,0.0,2007,7.0,11,36.5
327,6.9,203,24,76.4,0.6,20071124,0.8,0.0,2007-11-24,6.3,0.0,2007,11.8,11,0.0
328,1.6,203,25,94.3,-1.6,20071125,0.4,0.0,2007-11-25,0.3,0.0,2007,4.8,11,0.0
329,0.0,203,26,95.0,-1.6,20071126,0.4,0.0,2007-11-26,1.1,0.0,2007,3.7,11,0.0
330,8.8,203,27,59.3,-4.0,20071127,1.0,0.0,2007-11-27,0.5,0.0,2007,8.0,11,0.0
331,8.9,203,28,70.5,-6.4,20071128,0.3,0.0,2007-11-28,1.4,0.0,2007,10.8,11,0.0
332,8.3,203,29,55.5,1.2,20071129,1.3,0.0,2007-11-29,7.1,0.0,2007,15.0,11,0.0
333,8.9,203,30,51.0,-2.4,20071130,1.4,0.0,2007-11-30,1.8,0.0,2007,8.6,11,0.0
334,4.7,203,1,69.5,-5.9,20071201,0.6,0.0,2007-12-01,2.1,0.0,2007,8.0,12,0.0
335,0.0,203,2,76.0,-0.3,20071202,1.1,0.0,2007-12-02,3.3,0.0,2007,7.3,12,0.0
336,5.7,203,3,56.9,-5.1,20071203,1.8,0.0,2007-12-03,0.6,0.0,2007,7.0,12,0.0
337,8.8,203,4,47.4,-6.0,20071204,1.6,0.0,2007-12-04,-2.7,0.0,2007,2.0,12,0.0
338,8.9,203,5,51.8,-8.6,20071205,1.1,0.0,2007-12-05,-2.8,0.0,2007,4.3,12,0.0
339,0.0,203,6,74.6,-7.6,20071206,0.5,1.9,2007-12-06,-2.5,0.0,2007,0.8,12,1.3
340,4.8,203,7,80.4,-2.0,20071207,0.8,4.4,2007-12-07,1.3,0.0,2007,7.0,12,4.3
341,4.9,203,8,76.8,-5.4,20071208,0.8,0.0,2007-12-08,-2.2,0.0,2007,4.6,12,0.0
342,7.6,203,9,78.4,-7.9,20071209,0.5,0.0,2007-12-09,-2.3,0.0,2007,5.1,12,0.0
343,0.0,203,10,81.4,-5.6,20071210,0.7,0.0,2007-12-10,-0.9,0.0,2007,2.5,12,0.0
344,0.0,203,11,90.6,1.1,20071211,0.3,0.0,2007-12-11,2.7,0.0,2007,5.8,12,1.0
345,1.0,203,12,90.5,1.0,20071212,0.5,0.0,2007-12-12,2.2,0.0,2007,4.6,12,0.0
346,6.2,203,13,62.4,-2.4,20071213,1.6,0.0,2007-12-13,1.3,0.0,2007,6.5,12,0.0
347,8.8,203,14,60.9,-6.6,20071214,1.0,0.5,2007-12-14,-0.7,0.0,2007,5.3,12,0.2
348,4.1,203,15,70.0,-2.0,20071215,1.4,3.6,2007-12-15,0.7,0.0,2007,5.5,12,2.0
349,7.2,203,16,73.6,-7.5,20071216,0.7,0.0,2007-12-16,-2.2,0.0,2007,4.5,12,0.0
350,0.0,203,17,89.4,-3.5,20071217,0.5,0.0,2007-12-17,-1.5,0.0,2007,1.2,12,0.3
351,2.3,203,18,88.3,-5.6,20071218,0.6,0.0,2007-12-18,-2.8,0.0,2007,1.7,12,0.0
352,3.4,203,19,87.3,-4.9,20071219,0.4,0.0,2007-12-19,-2.5,0.0,2007,2.7,12,0.0
353,0.0,203,20,84.4,-4.8,20071220,0.4,0.2,2007-12-20,-0.8,0.0,2007,3.5,12,0.1
354,0.8,203,21,91.1,-4.8,20071221,0.3,0.0,2007-12-21,-2.0,0.0,2007,3.4,12,0.0
355,5.1,203,22,76.8,-5.1,20071222,0.3,0.0,2007-12-22,0.5,0.0,2007,8.8,12,0.0
356,0.8,203,23,80.1,-5.0,20071223,0.8,0.0,2007-12-23,-0.2,0.0,2007,5.5,12,0.0
357,7.4,203,24,77.1,-5.5,20071224,0.6,0.0,2007-12-24,-0.1,0.0,2007,7.1,12,0.0
358,3.4,203,25,76.8,-4.4,20071225,0.3,0.0,2007-12-25,1.6,0.0,2007,9.6,12,0.0
359,8.6,203,26,76.3,-2.9,20071226,0.4,0.0,2007-12-26,3.7,0.0,2007,14.1,12,0.0
360,0.0,203,27,87.8,-2.7,20071227,0.4,0.0,2007-12-27,1.5,0.0,2007,6.1,12,0.5
361,0.0,203,28,88.5,0.5,20071228,0.8,0.0,2007-12-28,3.3,0.0,2007,7.5,12,0.5
362,3.6,203,29,63.5,-3.0,20071229,2.3,0.0,2007-12-29,-0.2,0.0,2007,2.5,12,0.5
363,7.1,203,30,50.1,-8.3,20071230,2.7,0.0,2007-12-30,-6.1,0.0,2007,-3.0,12,0.0
364,5.8,203,31,50.6,-8.0,20071231,2.6,0.0,2007-12-31,-5.4,0.0,2007,-1.2,12,0.0
