,cloud,station_id,month,humid,date,snow,Date,wind,rainfall,tmin,sunshine,year,tmax,tavg,day
0,0.0,203,1,70.6,20040101,0.0,2004-01-01,1.5,0.0,1.2,1.5,2004,7.5,3.4,1
1,0.0,203,1,69.3,20040102,0.0,2004-01-02,1.5,2.5,-0.1,6.1,2004,6.6,2.0,2
2,0.0,203,1,65.0,20040103,0.0,2004-01-03,1.0,0.0,-5.3,7.2,2004,8.3,1.0,3
3,0.0,203,1,70.0,20040104,0.0,2004-01-04,0.4,0.0,-7.5,7.7,2004,6.8,-1.3,4
4,0.0,203,1,70.9,20040105,0.0,2004-01-05,0.2,0.0,-8.5,6.9,2004,5.9,-2.2,5
5,0.0,203,1,73.9,20040106,0.0,2004-01-06,0.4,0.0,-5.0,4.9,2004,6.5,0.2,6
6,0.0,203,1,68.4,20040107,0.0,2004-01-07,1.6,0.0,-4.9,4.8,2004,6.8,0.5,7
7,0.0,203,1,65.9,20040108,0.0,2004-01-08,0.5,0.0,-9.3,7.4,2004,4.5,-2.6,8
8,0.0,203,1,74.6,20040109,0.0,2004-01-09,0.8,0.0,-7.5,6.5,2004,6.4,-1.3,9
9,0.0,203,1,55.4,20040110,0.0,2004-01-10,1.6,0.0,-5.1,7.3,2004,4.5,-0.6,10
10,0.0,203,1,64.1,20040111,0.0,2004-01-11,0.6,0.0,-9.0,6.3,2004,5.6,-2.2,11
11,0.0,203,1,85.5,20040112,7.9,2004-01-12,1.8,4.1,-7.0,0.9,2004,2.0,-2.3,12
12,0.0,203,1,70.3,20040113,0.6,2004-01-13,2.4,0.3,-10.3,5.4,2004,-3.0,-6.2,13
13,0.0,203,1,77.3,20040114,0.0,2004-01-14,0.4,0.0,-16.7,7.3,2004,-2.0,-9.0,14
14,0.0,203,1,80.1,20040115,0.0,2004-01-15,0.3,0.0,-11.1,3.3,2004,4.3,-2.8,15
15,0.0,203,1,80.1,20040116,0.0,2004-01-16,0.3,0.0,-11.1,3.3,2004,4.3,-2.8,16
16,0.0,203,1,94.1,20040117,2.2,2004-01-17,0.7,4.5,-0.8,0.0,2004,1.5,0.2,17
17,0.0,203,1,93.6,20040118,1.0,2004-01-18,1.1,1.5,-1.7,0.1,2004,1.8,-0.6,18
18,0.0,203,1,66.6,20040119,0.0,2004-01-19,1.9,0.0,-3.7,7.2,2004,2.5,-1.3,19
19,0.0,203,1,55.5,20040120,0.3,2004-01-20,1.7,0.1,-8.1,8.3,2004,0.6,-3.7,20
20,0.0,203,1,57.1,20040121,0.0,2004-01-21,3.3,0.0,-16.7,8.5,2004,-7.8,-13.3,21
21,0.0,203,1,51.6,20040122,0.0,2004-01-22,2.2,0.0,-16.3,8.2,2004,-7.5,-12.7,22
22,0.0,203,1,61.8,20040123,0.0,2004-01-23,0.8,0.0,-18.0,7.9,2004,-2.9,-10.7,23
23,0.0,203,1,64.9,20040124,0.0,2004-01-24,1.1,0.0,-16.7,8.3,2004,-1.6,-8.9,24
24,0.0,203,1,72.3,20040125,0.0,2004-01-25,1.2,0.0,-15.1,8.1,2004,-1.5,-8.2,25
25,0.0,203,1,72.3,20040126,0.0,2004-01-26,0.6,0.0,-15.8,6.7,2004,-0.5,-7.6,26
26,0.0,203,1,73.4,20040127,0.0,2004-01-27,1.3,0.0,-14.5,7.5,2004,1.2,-6.2,27
27,0.0,203,1,80.5,20040128,0.0,2004-01-28,0.7,0.0,-10.1,5.2,2004,4.0,-3.3,28
28,0.0,203,1,77.9,20040129,0.0,2004-01-29,0.4,0.0,-6.6,2.9,2004,5.9,-0.5,29
29,0.0,203,1,73.5,20040130,0.0,2004-01-30,0.9,0.0,-7.5,6.3,2004,7.4,-1.0,30
30,0.0,203,1,73.3,20040131,0.0,2004-01-31,0.2,0.0,-8.5,6.9,2004,7.6,-1.2,31
31,0.0,203,2,67.6,20040201,0.0,2004-02-01,0.6,0.0,-6.5,6.4,2004,9.8,0.9,1
32,0.0,203,2,52.8,20040202,0.0,2004-02-02,2.8,0.0,-5.5,7.4,2004,3.5,-0.9,2
33,0.0,203,2,55.4,20040203,0.0,2004-02-03,2.0,0.0,-10.1,7.4,2004,1.0,-4.3,3
34,0.0,203,2,62.8,20040204,0.7,2004-02-04,1.9,0.4,-9.1,7.3,2004,3.5,-2.1,4
35,0.0,203,2,49.0,20040205,0.0,2004-02-05,3.1,0.0,-8.1,6.7,2004,-0.2,-4.3,5
36,0.0,203,2,72.6,20040206,0.7,2004-02-06,1.4,0.4,-13.0,5.2,2004,0.8,-5.2,6
37,0.0,203,2,62.9,20040207,0.0,2004-02-07,2.6,0.0,-7.3,8.2,2004,0.8,-3.6,7
38,0.0,203,2,66.9,20040208,0.0,2004-02-08,2.0,0.0,-9.3,7.8,2004,7.6,-1.6,8
39,0.0,203,2,55.6,20040209,0.0,2004-02-09,1.2,0.0,-10.3,9.1,2004,4.4,-3.0,9
40,0.0,203,2,63.6,20040210,0.0,2004-02-10,0.6,0.0,-12.0,8.2,2004,5.9,-2.6,10
41,0.0,203,2,74.8,20040211,0.0,2004-02-11,1.3,0.0,-4.5,3.2,2004,7.8,0.2,11
42,0.0,203,2,69.4,20040212,0.0,2004-02-12,1.2,0.0,-6.8,6.2,2004,7.9,-0.5,12
43,0.0,203,2,60.8,20040213,0.0,2004-02-13,0.9,0.0,-6.6,5.2,2004,7.8,1.0,13
44,0.0,203,2,57.9,20040214,0.0,2004-02-14,4.0,3.0,0.2,6.0,2004,6.0,3.5,14
45,0.0,203,2,63.1,20040215,0.0,2004-02-15,2.0,0.0,-3.7,8.7,2004,10.0,2.2,15
46,0.0,203,2,66.9,20040216,0.0,2004-02-16,1.2,0.0,-5.5,8.1,2004,11.6,3.2,16
47,0.0,203,2,54.1,20040217,0.0,2004-02-17,2.3,0.0,0.1,7.8,2004,9.8,4.7,17
48,0.0,203,2,55.1,20040218,0.0,2004-02-18,0.9,0.0,-5.9,8.4,2004,13.3,2.8,18
49,0.0,203,2,51.0,20040219,0.0,2004-02-19,0.5,0.0,-5.5,8.7,2004,16.7,4.5,19
50,0.0,203,2,49.6,20040220,0.0,2004-02-20,0.5,0.0,-3.7,8.5,2004,19.5,7.7,20
51,0.0,203,2,81.5,20040221,0.0,2004-02-21,0.3,24.0,4.5,0.0,2004,12.3,8.1,21
52,0.0,203,2,86.6,20040222,0.0,2004-02-22,3.1,9.0,1.3,0.0,2004,14.1,4.9,22
53,0.0,203,2,58.0,20040223,0.0,2004-02-23,2.4,0.0,-2.0,9.4,2004,8.0,1.9,23
54,0.0,203,2,74.9,20040224,0.0,2004-02-24,1.6,0.0,-4.5,4.7,2004,8.6,2.6,24
55,0.0,203,2,61.6,20040225,0.0,2004-02-25,3.0,0.0,1.8,3.7,2004,13.0,6.4,25
56,0.0,203,2,49.8,20040226,0.0,2004-02-26,2.8,0.0,-2.2,8.8,2004,6.1,1.4,26
57,0.0,203,2,57.6,20040227,0.7,2004-02-27,1.5,0.3,-4.3,9.3,2004,7.5,0.9,27
58,0.0,203,2,73.6,20040228,0.0,2004-02-28,0.5,2.0,-5.4,1.6,2004,10.6,2.3,28
59,0.0,203,2,48.6,20040229,0.0,2004-02-29,2.5,0.0,1.7,7.6,2004,9.6,4.8,29
60,0.0,203,3,38.5,20040301,0.0,2004-03-01,1.9,0.0,-2.2,9.3,2004,9.5,3.0,1
61,0.0,203,3,33.0,20040302,0.0,2004-03-02,2.5,0.0,-4.5,10.2,2004,3.5,-1.1,2
62,0.0,203,3,40.8,20040303,0.0,2004-03-03,1.3,0.0,-5.6,4.6,2004,2.7,-1.9,3
63,0.0,203,3,63.9,20040304,12.4,2004-03-04,1.7,10.2,-7.5,7.4,2004,4.6,-1.1,4
64,0.0,203,3,92.9,20040305,0.0,2004-03-05,1.4,3.6,-3.4,0.0,2004,1.2,-1.2,5
65,0.0,203,3,62.9,20040306,0.0,2004-03-06,2.4,0.0,-6.9,8.5,2004,0.8,-3.7,6
66,0.0,203,3,62.5,20040307,0.0,2004-03-07,2.0,0.0,-12.1,10.0,2004,3.2,-2.9,7
67,0.0,203,3,78.9,20040308,0.0,2004-03-08,1.1,0.0,-7.9,6.4,2004,5.9,0.4,8
68,0.0,203,3,76.8,20040309,0.0,2004-03-09,0.9,0.0,-3.5,7.0,2004,11.6,3.8,9
69,0.0,203,3,75.4,20040310,0.0,2004-03-10,2.2,0.0,-0.6,2.0,2004,17.0,8.5,10
70,0.0,203,3,33.1,20040311,0.0,2004-03-11,2.1,0.0,2.2,5.9,2004,11.1,5.7,11
71,0.0,203,3,43.9,20040312,0.0,2004-03-12,1.4,0.0,-1.2,8.9,2004,14.0,5.8,12
72,0.0,203,3,57.1,20040313,0.0,2004-03-13,1.1,0.0,-1.6,6.8,2004,14.5,6.4,13
73,0.0,203,3,77.5,20040314,0.0,2004-03-14,1.5,0.0,2.7,4.0,2004,11.8,6.0,14
74,0.0,203,3,72.4,20040315,0.0,2004-03-15,0.6,0.0,-1.7,5.5,2004,15.6,5.8,15
75,0.0,203,3,50.3,20040316,0.0,2004-03-16,1.2,0.0,1.3,7.3,2004,22.5,12.2,16
76,0.0,203,3,61.6,20040317,0.0,2004-03-17,2.7,5.5,-0.6,1.2,2004,17.2,7.2,17
77,0.0,203,3,42.3,20040318,0.0,2004-03-18,1.8,0.0,-2.7,10.7,2004,9.5,2.4,18
78,0.0,203,3,51.0,20040319,0.0,2004-03-19,1.1,0.0,-5.4,9.7,2004,10.8,3.3,19
79,0.0,203,3,50.8,20040320,0.0,2004-03-20,1.4,0.0,-2.0,9.3,2004,14.5,6.0,20
80,0.0,203,3,43.0,20040321,0.0,2004-03-21,0.8,0.0,-0.2,7.2,2004,16.2,8.7,21
81,0.0,203,3,50.9,20040322,0.0,2004-03-22,1.6,0.0,6.1,7.1,2004,17.2,10.3,22
82,0.0,203,3,44.6,20040323,0.0,2004-03-23,1.5,0.0,-1.8,9.2,2004,17.5,8.1,23
83,0.0,203,3,53.5,20040324,0.0,2004-03-24,2.0,0.0,4.5,7.3,2004,15.5,8.3,24
84,0.0,203,3,57.3,20040325,0.0,2004-03-25,1.3,0.0,1.0,7.3,2004,15.3,7.1,25
85,0.0,203,3,48.9,20040326,0.0,2004-03-26,1.2,0.0,-1.3,10.0,2004,18.0,8.7,26
86,0.0,203,3,45.0,20040327,0.0,2004-03-27,1.4,0.0,-1.1,10.3,2004,18.7,9.1,27
87,0.0,203,3,41.0,20040328,0.0,2004-03-28,1.4,0.0,-2.2,10.3,2004,21.0,10.2,28
88,0.0,203,3,56.4,20040329,0.0,2004-03-29,1.4,0.5,6.8,3.9,2004,19.3,13.1,29
89,0.0,203,3,51.3,20040330,0.0,2004-03-30,3.2,0.0,3.2,7.8,2004,16.8,10.4,30
90,0.0,203,3,39.8,20040331,0.0,2004-03-31,2.3,0.0,1.2,10.3,2004,15.1,7.7,31
91,0.0,203,4,58.0,20040401,0.0,2004-04-01,1.3,8.0,-1.3,5.8,2004,17.3,8.0,1
92,0.0,203,4,71.9,20040402,0.0,2004-04-02,3.6,1.0,4.0,5.9,2004,9.6,6.0,2
93,0.0,203,4,66.4,20040403,0.0,2004-04-03,1.6,0.0,1.0,4.9,2004,11.8,5.7,3
94,0.0,203,4,57.6,20040404,0.0,2004-04-04,1.6,0.0,-1.7,8.9,2004,14.1,6.2,4
95,0.0,203,4,44.4,20040405,0.0,2004-04-05,1.7,0.0,-1.2,11.1,2004,17.2,8.4,5
96,0.0,203,4,67.5,20040406,0.0,2004-04-06,0.6,0.5,1.0,0.1,2004,11.1,6.0,6
97,0.0,203,4,52.3,20040407,0.0,2004-04-07,1.8,0.0,5.3,8.9,2004,16.2,9.7,7
98,0.0,203,4,44.4,20040408,0.0,2004-04-08,1.7,0.0,-0.8,11.2,2004,18.2,8.7,8
99,0.0,203,4,53.5,20040409,0.0,2004-04-09,1.7,0.0,0.0,9.6,2004,22.3,11.5,9
100,0.0,203,4,48.4,20040410,0.0,2004-04-10,1.0,0.0,3.5,9.5,2004,24.1,14.4,10
101,0.0,203,4,44.8,20040411,0.0,2004-04-11,1.7,0.0,8.8,10.1,2004,24.6,16.2,11
102,0.0,203,4,62.5,20040412,0.0,2004-04-12,1.0,0.0,6.0,7.7,2004,24.3,15.6,12
103,0.0,203,4,52.5,20040413,0.0,2004-04-13,1.5,0.0,7.4,9.2,2004,24.2,16.0,13
104,0.0,203,4,47.6,20040414,0.0,2004-04-14,1.5,0.0,6.8,10.5,2004,25.1,15.7,14
105,0.0,203,4,47.0,20040415,0.0,2004-04-15,1.5,0.0,3.5,9.4,2004,24.0,13.6,15
106,0.0,203,4,54.9,20040416,0.0,2004-04-16,2.0,0.0,3.7,9.5,2004,24.1,14.8,16
107,0.0,203,4,47.6,20040417,0.0,2004-04-17,1.6,0.0,6.5,10.4,2004,26.2,16.8,17
108,0.0,203,4,53.3,20040418,0.0,2004-04-18,1.2,6.0,5.4,7.4,2004,27.2,17.4,18
109,0.0,203,4,86.5,20040419,0.0,2004-04-19,1.4,7.0,12.3,0.0,2004,17.8,14.9,19
110,0.0,203,4,57.6,20040420,0.0,2004-04-20,2.0,0.0,11.8,8.8,2004,24.0,16.1,20
111,0.0,203,4,64.9,20040421,0.0,2004-04-21,1.2,0.0,6.5,7.6,2004,28.2,17.1,21
112,0.0,203,4,78.9,20040422,0.0,2004-04-22,1.4,0.0,10.8,1.2,2004,20.7,15.0,22
113,0.0,203,4,36.9,20040423,0.0,2004-04-23,2.5,0.0,7.5,11.0,2004,18.7,12.4,23
114,0.0,203,4,42.6,20040424,0.0,2004-04-24,2.1,0.0,2.9,10.5,2004,18.7,10.9,24
115,0.0,203,4,39.4,20040425,0.0,2004-04-25,1.8,0.0,1.8,10.7,2004,20.7,11.8,25
116,0.0,203,4,75.4,20040426,0.0,2004-04-26,2.2,38.0,6.5,0.0,2004,13.3,8.3,26
117,0.0,203,4,79.8,20040427,0.0,2004-04-27,3.5,9.0,3.4,0.8,2004,10.6,7.2,27
118,0.0,203,4,64.6,20040428,0.0,2004-04-28,1.2,0.0,0.1,8.8,2004,19.8,9.6,28
119,0.0,203,4,54.1,20040429,0.0,2004-04-29,1.4,0.0,3.4,11.2,2004,23.6,13.7,29
120,0.0,203,4,68.5,20040430,0.0,2004-04-30,0.9,0.0,9.8,4.4,2004,21.7,15.3,30
121,0.0,203,5,52.1,20040501,0.0,2004-05-01,2.6,0.0,11.8,9.9,2004,25.6,18.2,1
122,0.0,203,5,61.4,20040502,0.0,2004-05-02,1.7,0.0,13.0,3.9,2004,22.0,17.4,2
123,0.0,203,5,91.4,20040503,0.0,2004-05-03,1.3,14.0,11.3,0.0,2004,18.1,15.3,3
124,0.0,203,5,57.1,20040504,0.0,2004-05-04,2.3,0.5,7.8,10.4,2004,22.0,14.1,4
125,0.0,203,5,60.8,20040505,0.0,2004-05-05,2.2,0.0,5.4,10.6,2004,23.7,14.1,5
126,0.0,203,5,54.0,20040506,0.0,2004-05-06,1.7,0.0,8.3,9.9,2004,23.8,15.9,6
127,0.0,203,5,57.5,20040507,0.0,2004-05-07,0.8,0.0,5.0,9.9,2004,24.2,15.3,7
128,0.0,203,5,67.1,20040508,0.0,2004-05-08,0.6,0.0,8.5,0.4,2004,20.2,15.5,8
129,0.0,203,5,92.9,20040509,0.0,2004-05-09,1.9,32.5,12.6,0.0,2004,16.0,14.5,9
130,0.0,203,5,90.4,20040510,0.0,2004-05-10,1.3,4.0,14.1,0.1,2004,16.7,15.0,10
131,0.0,203,5,76.5,20040511,0.0,2004-05-11,1.0,0.0,11.1,7.3,2004,23.5,16.8,11
132,0.0,203,5,92.5,20040512,0.0,2004-05-12,0.6,18.5,13.6,0.0,2004,17.5,15.6,12
133,0.0,203,5,79.9,20040513,0.0,2004-05-13,1.8,1.0,12.8,3.5,2004,19.5,16.1,13
134,0.0,203,5,72.4,20040514,0.0,2004-05-14,0.8,0.0,8.8,8.1,2004,25.5,17.0,14
135,0.0,203,5,82.5,20040515,0.0,2004-05-15,1.0,0.0,12.6,0.3,2004,18.0,15.5,15
136,0.0,203,5,73.8,20040516,0.0,2004-05-16,1.3,0.0,10.6,7.7,2004,22.1,15.9,16
137,0.0,203,5,71.0,20040517,0.0,2004-05-17,2.1,0.0,11.5,6.5,2004,19.8,15.4,17
138,0.0,203,5,70.4,20040518,0.0,2004-05-18,1.5,4.0,11.6,7.0,2004,25.3,17.2,18
139,0.0,203,5,56.3,20040519,0.0,2004-05-19,2.4,0.0,13.1,10.2,2004,27.3,20.0,19
140,0.0,203,5,65.0,20040520,0.0,2004-05-20,2.2,0.5,15.1,8.3,2004,26.5,19.8,20
141,0.0,203,5,61.5,20040521,0.0,2004-05-21,2.3,2.0,13.1,10.1,2004,22.7,17.6,21
142,0.0,203,5,53.6,20040522,0.0,2004-05-22,1.7,0.0,8.3,12.5,2004,24.7,17.2,22
143,0.0,203,5,60.5,20040523,0.0,2004-05-23,1.8,0.0,11.3,11.6,2004,23.1,17.2,23
144,0.0,203,5,57.0,20040524,0.0,2004-05-24,1.5,0.0,9.8,11.9,2004,26.2,18.2,24
145,0.0,203,5,54.1,20040525,0.0,2004-05-25,1.1,0.0,9.5,10.6,2004,27.3,18.9,25
146,0.0,203,5,66.3,20040526,0.0,2004-05-26,0.9,0.0,12.0,2.5,2004,22.5,17.4,26
147,0.0,203,5,71.8,20040527,0.0,2004-05-27,0.7,1.5,15.0,5.3,2004,26.6,20.2,27
148,0.0,203,5,89.0,20040528,0.0,2004-05-28,1.3,27.5,18.1,0.0,2004,22.2,19.7,28
149,0.0,203,5,74.5,20040529,0.0,2004-05-29,1.0,0.0,17.2,7.4,2004,26.6,21.2,29
150,0.0,203,5,74.4,20040530,0.0,2004-05-30,1.1,0.0,16.7,4.8,2004,28.7,21.5,30
151,0.0,203,5,46.5,20040531,0.0,2004-05-31,1.9,0.0,16.0,12.0,2004,26.5,20.7,31
152,0.0,203,6,54.1,20040601,0.0,2004-06-01,1.1,0.0,9.1,12.0,2004,28.2,19.7,1
153,0.0,203,6,52.9,20040602,0.0,2004-06-02,1.1,0.0,12.3,11.7,2004,31.2,22.3,2
154,0.0,203,6,56.8,20040603,0.0,2004-06-03,0.7,0.0,15.1,11.1,2004,33.7,25.0,3
155,0.0,203,6,63.0,20040604,0.0,2004-06-04,0.7,0.0,17.0,8.8,2004,33.5,24.5,4
156,0.0,203,6,53.9,20040605,0.0,2004-06-05,1.3,0.0,16.8,6.2,2004,32.0,23.9,5
157,0.0,203,6,56.1,20040606,0.0,2004-06-06,1.0,0.0,18.6,3.2,2004,27.0,22.0,6
158,0.0,203,6,73.6,20040607,0.0,2004-06-07,0.8,0.5,16.2,0.3,2004,23.3,19.3,7
159,0.0,203,6,75.8,20040608,0.0,2004-06-08,0.9,0.0,15.0,5.9,2004,24.0,18.8,8
160,0.0,203,6,63.5,20040609,0.0,2004-06-09,1.4,0.0,14.6,10.9,2004,27.3,20.9,9
161,0.0,203,6,68.3,20040610,0.0,2004-06-10,0.8,0.0,14.8,9.2,2004,30.3,22.7,10
162,0.0,203,6,63.1,20040611,0.0,2004-06-11,1.1,0.0,17.6,9.6,2004,31.8,24.4,11
163,0.0,203,6,51.5,20040612,0.0,2004-06-12,2.2,0.0,16.3,9.9,2004,29.7,22.9,12
164,0.0,203,6,55.4,20040613,0.0,2004-06-13,1.4,0.0,11.8,12.6,2004,29.6,21.2,13
165,0.0,203,6,51.5,20040614,0.0,2004-06-14,1.1,0.0,13.1,11.2,2004,30.5,21.9,14
166,0.0,203,6,53.8,20040615,0.0,2004-06-15,0.7,0.0,14.0,10.3,2004,31.1,22.9,15
167,0.0,203,6,52.5,20040616,0.0,2004-06-16,1.3,0.0,16.2,9.4,2004,31.7,24.7,16
168,0.0,203,6,83.9,20040617,0.0,2004-06-17,1.4,23.0,16.8,0.0,2004,24.6,18.4,17
169,0.0,203,6,85.3,20040618,0.0,2004-06-18,0.7,0.0,16.5,3.2,2004,25.5,20.5,18
170,0.0,203,6,92.0,20040619,0.0,2004-06-19,1.5,101.5,19.5,0.0,2004,21.7,20.3,19
171,0.0,203,6,91.3,20040620,0.0,2004-06-20,1.1,14.5,19.3,0.3,2004,23.7,21.4,20
172,0.0,203,6,82.8,20040621,0.0,2004-06-21,1.4,0.0,19.3,3.7,2004,25.7,21.7,21
173,0.0,203,6,81.6,20040622,0.0,2004-06-22,1.6,0.0,18.7,3.5,2004,25.5,21.6,22
174,0.0,203,6,80.6,20040623,0.0,2004-06-23,1.3,0.0,18.7,4.3,2004,27.8,23.2,23
175,0.0,203,6,75.1,20040624,0.0,2004-06-24,1.1,0.0,20.0,6.5,2004,29.2,24.4,24
176,0.0,203,6,69.5,20040625,0.0,2004-06-25,1.4,0.0,18.5,7.5,2004,29.1,24.0,25
177,0.0,203,6,70.8,20040626,0.0,2004-06-26,0.8,0.5,21.1,8.3,2004,28.7,24.7,26
178,0.0,203,6,72.8,20040627,0.0,2004-06-27,1.2,0.0,20.3,8.0,2004,29.5,24.2,27
179,0.0,203,6,78.5,20040628,0.0,2004-06-28,0.9,0.0,19.1,4.1,2004,26.8,22.4,28
180,0.0,203,6,77.8,20040629,0.0,2004-06-29,1.0,0.0,19.7,1.4,2004,25.3,22.2,29
181,0.0,203,6,74.4,20040630,0.0,2004-06-30,0.7,0.0,20.2,7.3,2004,29.3,24.3,30
182,0.0,203,7,83.5,20040701,0.0,2004-07-01,1.2,3.5,18.6,4.6,2004,26.1,22.1,1
183,0.0,203,7,93.9,20040702,0.0,2004-07-02,0.9,6.5,21.1,0.0,2004,23.2,22.3,2
184,0.0,203,7,92.0,20040703,0.0,2004-07-03,0.5,7.0,20.3,0.1,2004,26.3,23.5,3
185,0.0,203,7,89.9,20040704,0.0,2004-07-04,2.9,18.0,19.7,0.0,2004,23.6,21.2,4
186,0.0,203,7,83.5,20040705,0.0,2004-07-05,2.2,2.5,19.2,2.0,2004,27.1,22.2,5
187,0.0,203,7,84.3,20040706,0.0,2004-07-06,1.1,0.0,20.8,2.6,2004,27.3,24.3,6
188,0.0,203,7,94.5,20040707,0.0,2004-07-07,0.8,39.0,19.3,0.0,2004,23.2,21.3,7
189,0.0,203,7,88.3,20040708,0.0,2004-07-08,0.9,0.0,20.2,0.3,2004,24.5,21.8,8
190,0.0,203,7,78.4,20040709,0.0,2004-07-09,0.7,0.0,20.0,7.4,2004,28.6,23.0,9
191,0.0,203,7,84.6,20040710,0.0,2004-07-10,0.4,0.0,19.0,4.4,2004,28.5,22.5,10
192,0.0,203,7,88.3,20040711,0.0,2004-07-11,0.6,9.0,18.7,2.3,2004,26.7,21.9,11
193,0.0,203,7,87.3,20040712,0.0,2004-07-12,2.3,44.5,20.3,1.3,2004,27.2,23.7,12
194,0.0,203,7,91.4,20040713,0.0,2004-07-13,0.9,11.5,19.5,0.0,2004,23.7,21.4,13
195,0.0,203,7,85.8,20040714,0.0,2004-07-14,0.9,2.0,20.7,0.9,2004,26.6,23.6,14
196,0.0,203,7,92.3,20040715,0.0,2004-07-15,1.2,58.5,22.0,0.0,2004,23.2,22.5,15
197,0.0,203,7,91.0,20040716,0.0,2004-07-16,1.7,85.0,21.5,0.0,2004,25.1,23.4,16
198,0.0,203,7,86.5,20040717,0.0,2004-07-17,2.1,0.0,21.3,1.0,2004,26.2,23.7,17
199,0.0,203,7,81.6,20040718,0.0,2004-07-18,1.2,0.0,21.7,2.9,2004,30.1,26.0,18
200,0.0,203,7,77.1,20040719,0.0,2004-07-19,2.0,0.0,24.7,3.0,2004,29.1,26.7,19
201,0.0,203,7,86.3,20040720,0.0,2004-07-20,0.9,0.0,23.3,0.9,2004,29.3,25.8,20
202,0.0,203,7,81.3,20040721,0.0,2004-07-21,1.0,0.0,24.0,5.8,2004,31.2,27.2,21
203,0.0,203,7,75.9,20040722,0.0,2004-07-22,1.2,0.0,23.1,9.4,2004,33.4,27.7,22
204,0.0,203,7,74.9,20040723,0.0,2004-07-23,0.9,0.0,22.0,9.7,2004,33.9,27.7,23
205,0.0,203,7,73.8,20040724,0.0,2004-07-24,0.7,0.0,20.5,7.4,2004,32.0,26.5,24
206,0.0,203,7,83.4,20040725,0.0,2004-07-25,1.0,12.0,20.8,2.1,2004,26.7,23.8,25
207,0.0,203,7,80.6,20040726,0.0,2004-07-26,0.7,0.0,22.0,3.9,2004,30.0,25.6,26
208,0.0,203,7,79.0,20040727,0.0,2004-07-27,0.8,0.0,22.7,5.1,2004,31.2,26.4,27
209,0.0,203,7,73.9,20040728,0.0,2004-07-28,0.7,0.0,22.6,8.2,2004,33.2,27.6,28
210,0.0,203,7,75.9,20040729,0.0,2004-07-29,0.5,0.0,21.6,8.6,2004,34.2,27.4,29
211,0.0,203,7,71.6,20040730,0.0,2004-07-30,0.8,0.0,22.7,9.3,2004,34.5,28.1,30
212,0.0,203,7,70.3,20040731,0.0,2004-07-31,0.8,0.0,22.5,11.1,2004,35.9,28.2,31
213,0.0,203,8,64.6,20040801,0.0,2004-08-01,3.0,0.0,23.5,11.5,2004,33.0,27.6,1
214,0.0,203,8,67.5,20040802,0.0,2004-08-02,0.8,0.0,21.1,8.8,2004,32.9,27.4,2
215,0.0,203,8,72.3,20040803,0.0,2004-08-03,0.9,0.0,23.6,6.9,2004,32.7,27.9,3
216,0.0,203,8,76.5,20040804,0.0,2004-08-04,0.8,1.5,22.6,7.2,2004,33.2,26.8,4
217,0.0,203,8,81.8,20040805,0.0,2004-08-05,0.7,27.0,22.6,5.6,2004,32.9,26.1,5
218,0.0,203,8,78.0,20040806,0.0,2004-08-06,0.7,0.0,22.7,6.8,2004,33.2,27.3,6
219,0.0,203,8,76.9,20040807,0.0,2004-08-07,0.9,0.0,22.8,8.7,2004,32.9,27.6,7
220,0.0,203,8,78.9,20040808,0.0,2004-08-08,0.7,0.5,22.2,5.4,2004,32.0,27.0,8
221,0.0,203,8,78.0,20040809,0.0,2004-08-09,0.8,0.0,23.1,6.5,2004,32.7,26.9,9
222,0.0,203,8,75.4,20040810,0.0,2004-08-10,0.6,0.0,23.3,9.2,2004,34.9,28.2,10
223,0.0,203,8,68.5,20040811,0.0,2004-08-11,0.7,0.0,21.5,10.5,2004,34.0,27.6,11
224,0.0,203,8,67.3,20040812,0.0,2004-08-12,0.8,0.0,21.6,9.7,2004,34.5,27.9,12
225,0.0,203,8,70.0,20040813,0.0,2004-08-13,1.1,0.0,21.0,10.5,2004,34.0,27.5,13
226,0.0,203,8,88.0,20040814,0.0,2004-08-14,0.6,17.5,22.5,2.0,2004,27.0,24.3,14
227,0.0,203,8,75.6,20040815,0.0,2004-08-15,0.7,0.0,21.2,7.5,2004,30.5,25.5,15
228,0.0,203,8,80.1,20040816,0.0,2004-08-16,1.4,35.5,21.1,5.5,2004,30.7,24.4,16
229,0.0,203,8,91.5,20040817,0.0,2004-08-17,0.8,87.0,20.8,1.6,2004,27.2,23.4,17
230,0.0,203,8,92.5,20040818,0.0,2004-08-18,1.0,37.5,21.6,0.0,2004,24.6,23.1,18
231,0.0,203,8,82.4,20040819,0.0,2004-08-19,2.5,26.5,19.2,3.7,2004,25.7,21.3,19
232,0.0,203,8,76.8,20040820,0.0,2004-08-20,1.6,0.0,18.6,5.7,2004,25.7,21.3,20
233,0.0,203,8,83.3,20040821,0.0,2004-08-21,0.6,0.0,18.5,1.4,2004,25.3,21.7,21
234,0.0,203,8,82.6,20040822,0.0,2004-08-22,0.9,0.0,19.5,0.1,2004,24.0,21.3,22
235,0.0,203,8,78.1,20040823,0.0,2004-08-23,1.4,0.5,18.1,3.4,2004,23.8,20.8,23
236,0.0,203,8,73.1,20040824,0.0,2004-08-24,0.5,0.0,18.2,10.8,2004,28.6,22.8,24
237,0.0,203,8,84.5,20040825,0.0,2004-08-25,0.5,0.0,17.5,3.6,2004,27.1,22.3,25
238,0.0,203,8,88.1,20040826,0.0,2004-08-26,0.7,10.0,19.8,1.2,2004,25.2,21.6,26
239,0.0,203,8,77.6,20040827,0.0,2004-08-27,1.1,0.0,18.5,6.4,2004,28.8,22.7,27
240,0.0,203,8,71.9,20040828,0.0,2004-08-28,1.5,0.0,18.0,4.9,2004,28.0,22.3,28
241,0.0,203,8,72.1,20040829,0.0,2004-08-29,0.9,0.0,18.2,9.6,2004,31.1,24.5,29
242,0.0,203,8,75.1,20040830,0.0,2004-08-30,1.8,0.0,21.1,5.6,2004,29.2,24.5,30
243,0.0,203,8,69.9,20040831,0.0,2004-08-31,1.6,0.0,17.1,9.7,2004,29.1,23.6,31
244,0.0,203,9,63.8,20040901,0.0,2004-09-01,1.4,0.0,18.2,8.2,2004,29.7,23.3,1
245,0.0,203,9,61.5,20040902,0.0,2004-09-02,0.7,0.0,14.1,9.1,2004,29.7,21.5,2
246,0.0,203,9,71.5,20040903,0.0,2004-09-03,0.3,0.0,14.1,6.1,2004,26.7,20.9,3
247,0.0,203,9,74.1,20040904,0.0,2004-09-04,0.3,0.0,17.2,6.6,2004,28.7,21.5,4
248,0.0,203,9,71.8,20040905,0.0,2004-09-05,0.4,1.0,15.8,8.3,2004,30.2,22.8,5
249,0.0,203,9,76.8,20040906,0.0,2004-09-06,1.1,18.5,17.7,7.6,2004,28.1,22.1,6
250,0.0,203,9,82.1,20040907,0.0,2004-09-07,2.5,7.5,18.5,0.0,2004,22.2,19.7,7
251,0.0,203,9,73.0,20040908,0.0,2004-09-08,0.7,5.5,17.2,8.6,2004,27.1,21.2,8
252,0.0,203,9,77.4,20040909,0.0,2004-09-09,0.5,0.0,15.5,5.9,2004,27.1,19.6,9
253,0.0,203,9,73.5,20040910,0.0,2004-09-10,1.1,0.0,13.6,5.6,2004,26.2,19.3,10
254,0.0,203,9,86.4,20040911,0.0,2004-09-11,2.3,30.5,15.3,0.0,2004,18.2,16.5,11
255,0.0,203,9,83.8,20040912,0.0,2004-09-12,1.4,40.0,15.8,0.9,2004,24.7,21.1,12
256,0.0,203,9,82.4,20040913,0.0,2004-09-13,0.6,6.5,16.1,2.9,2004,24.2,20.8,13
257,0.0,203,9,74.9,20040914,0.0,2004-09-14,1.3,0.0,16.1,6.0,2004,27.3,21.9,14
258,0.0,203,9,69.0,20040915,0.0,2004-09-15,1.6,0.0,19.3,6.1,2004,29.0,23.9,15
259,0.0,203,9,80.8,20040916,0.0,2004-09-16,0.5,24.5,19.5,6.4,2004,28.7,22.3,16
260,0.0,203,9,85.4,20040917,0.0,2004-09-17,0.3,10.5,18.3,4.6,2004,29.1,22.2,17
261,0.0,203,9,86.5,20040918,0.0,2004-09-18,1.1,9.0,18.1,0.7,2004,24.2,21.6,18
262,0.0,203,9,73.1,20040919,0.0,2004-09-19,0.4,0.0,12.6,9.1,2004,25.7,18.6,19
263,0.0,203,9,89.3,20040920,0.0,2004-09-20,0.4,18.0,13.8,0.0,2004,17.2,15.3,20
264,0.0,203,9,88.0,20040921,0.0,2004-09-21,0.4,9.0,11.3,3.7,2004,19.8,14.7,21
265,0.0,203,9,79.6,20040922,0.0,2004-09-22,0.2,0.0,11.1,6.8,2004,23.7,15.9,22
266,0.0,203,9,79.8,20040923,0.0,2004-09-23,0.2,0.0,12.1,6.9,2004,24.0,17.3,23
267,0.0,203,9,75.8,20040924,0.0,2004-09-24,0.2,0.0,12.1,9.3,2004,26.8,18.4,24
268,0.0,203,9,75.3,20040925,0.0,2004-09-25,0.4,0.0,10.8,8.5,2004,25.6,18.2,25
269,0.0,203,9,77.3,20040926,0.0,2004-09-26,0.5,0.0,14.6,1.5,2004,21.8,17.9,26
270,0.0,203,9,77.1,20040927,0.0,2004-09-27,0.1,0.0,13.5,8.2,2004,26.5,19.0,27
271,0.0,203,9,81.6,20040928,0.0,2004-09-28,0.2,0.0,13.5,3.4,2004,23.5,17.9,28
272,0.0,203,9,68.5,20040929,0.0,2004-09-29,1.6,0.0,14.5,9.6,2004,26.7,19.6,29
273,0.0,203,9,73.9,20040930,0.0,2004-09-30,0.2,0.0,11.1,8.1,2004,27.1,18.7,30
274,0.0,203,10,75.5,20041001,0.0,2004-10-01,1.2,2.0,10.6,0.3,2004,22.2,16.0,1
275,0.0,203,10,58.6,20041002,0.0,2004-10-02,0.9,0.0,5.3,10.2,2004,18.0,10.9,2
276,0.0,203,10,73.9,20041003,0.0,2004-10-03,0.3,0.0,1.7,8.4,2004,19.2,9.5,3
277,0.0,203,10,72.3,20041004,0.0,2004-10-04,0.4,0.0,4.6,7.4,2004,20.8,11.6,4
278,0.0,203,10,70.3,20041005,0.0,2004-10-05,0.3,0.0,4.4,9.5,2004,22.8,13.1,5
279,0.0,203,10,72.3,20041006,0.0,2004-10-06,0.2,0.0,5.9,8.7,2004,23.8,14.6,6
280,0.0,203,10,80.6,20041007,0.0,2004-10-07,0.1,0.0,9.3,5.0,2004,22.2,15.2,7
281,0.0,203,10,76.9,20041008,0.0,2004-10-08,0.2,0.0,11.6,6.4,2004,24.7,16.6,8
282,0.0,203,10,61.1,20041009,0.0,2004-10-09,1.9,0.0,13.3,9.0,2004,24.2,17.6,9
283,0.0,203,10,67.1,20041010,0.0,2004-10-10,0.9,0.0,10.0,8.9,2004,25.0,16.8,10
284,0.0,203,10,72.5,20041011,0.0,2004-10-11,0.4,0.0,8.5,7.2,2004,23.3,15.2,11
285,0.0,203,10,57.1,20041012,0.0,2004-10-12,1.4,0.0,6.0,8.4,2004,19.6,13.9,12
286,0.0,203,10,58.3,20041013,0.0,2004-10-13,1.0,0.0,1.7,10.1,2004,18.8,10.3,13
287,0.0,203,10,56.6,20041014,0.0,2004-10-14,1.2,0.0,3.5,9.9,2004,15.6,9.1,14
288,0.0,203,10,73.9,20041015,0.0,2004-10-15,0.4,0.0,1.0,9.1,2004,20.2,10.3,15
289,0.0,203,10,74.0,20041016,0.0,2004-10-16,1.6,0.0,6.1,6.2,2004,21.7,12.0,16
290,0.0,203,10,64.6,20041017,0.0,2004-10-17,0.7,0.0,6.8,8.0,2004,20.3,13.1,17
291,0.0,203,10,74.8,20041018,0.0,2004-10-18,0.3,0.0,8.8,5.0,2004,21.2,13.8,18
292,0.0,203,10,78.6,20041019,0.0,2004-10-19,0.3,0.0,6.6,6.7,2004,22.8,13.4,19
293,0.0,203,10,68.8,20041020,0.0,2004-10-20,2.3,0.0,7.8,6.4,2004,22.4,14.1,20
294,0.0,203,10,64.5,20041021,0.0,2004-10-21,1.3,0.0,5.1,8.3,2004,23.1,14.3,21
295,0.0,203,10,50.0,20041022,0.0,2004-10-22,1.6,0.0,5.5,9.5,2004,18.3,12.0,22
296,0.0,203,10,62.8,20041023,0.0,2004-10-23,0.4,0.0,1.5,7.6,2004,18.2,9.0,23
297,0.0,203,10,62.8,20041024,0.0,2004-10-24,0.5,0.0,3.7,7.5,2004,21.1,12.1,24
298,0.0,203,10,60.6,20041025,0.0,2004-10-25,0.3,0.0,9.5,7.0,2004,21.0,14.4,25
299,0.0,203,10,50.8,20041026,0.0,2004-10-26,1.3,0.0,5.1,8.5,2004,18.6,11.7,26
300,0.0,203,10,61.6,20041027,0.0,2004-10-27,0.4,0.0,-0.2,8.7,2004,18.0,8.5,27
301,0.0,203,10,68.4,20041028,0.0,2004-10-28,0.5,0.0,1.5,8.3,2004,19.1,9.3,28
302,0.0,203,10,67.5,20041029,0.0,2004-10-29,0.3,0.0,3.7,7.0,2004,20.6,12.1,29
303,0.0,203,10,62.0,20041030,0.0,2004-10-30,0.2,0.0,7.4,8.1,2004,23.1,13.5,30
304,0.0,203,10,61.8,20041031,0.0,2004-10-31,0.2,0.0,4.0,8.6,2004,23.7,12.5,31
305,0.0,203,11,71.4,20041101,0.0,2004-11-01,0.5,8.0,4.8,5.8,2004,21.2,12.9,1
306,0.0,203,11,79.5,20041102,0.0,2004-11-02,1.2,2.0,9.0,0.8,2004,13.6,11.0,2
307,0.0,203,11,72.0,20041103,0.0,2004-11-03,1.0,1.5,7.1,6.1,2004,15.6,10.9,3
308,0.0,203,11,75.5,20041104,0.0,2004-11-04,0.4,0.0,5.6,6.2,2004,17.5,10.8,4
309,0.0,203,11,84.3,20041105,0.0,2004-11-05,0.2,6.5,3.5,1.9,2004,14.8,9.0,5
310,0.0,203,11,58.4,20041106,0.0,2004-11-06,1.1,0.0,1.5,9.4,2004,15.1,8.4,6
311,0.0,203,11,70.9,20041107,0.0,2004-11-07,0.1,0.0,-1.7,8.3,2004,17.7,7.4,7
312,0.0,203,11,75.4,20041108,0.0,2004-11-08,0.1,0.0,2.2,7.0,2004,19.7,10.2,8
313,0.0,203,11,73.4,20041109,0.0,2004-11-09,0.1,0.0,4.5,5.8,2004,21.7,12.0,9
314,0.0,203,11,83.5,20041110,0.0,2004-11-10,0.2,10.0,8.6,0.0,2004,17.2,13.0,10
315,0.0,203,11,83.8,20041111,0.0,2004-11-11,1.2,2.0,11.1,0.0,2004,15.8,13.9,11
316,0.0,203,11,56.1,20041112,0.0,2004-11-12,1.8,0.0,-1.1,8.2,2004,11.1,5.7,12
317,0.0,203,11,73.4,20041113,0.0,2004-11-13,0.0,0.0,-3.5,0.4,2004,7.0,1.8,13
318,0.0,203,11,71.5,20041114,0.0,2004-11-14,0.3,0.0,-0.5,6.9,2004,13.8,5.8,14
319,0.0,203,11,51.1,20041115,0.0,2004-11-15,1.7,0.5,-1.7,8.6,2004,8.1,4.6,15
320,0.0,203,11,64.0,20041116,0.0,2004-11-16,0.5,0.0,-3.5,7.9,2004,13.6,5.5,16
321,0.0,203,11,72.8,20041117,0.0,2004-11-17,0.2,0.0,-0.8,6.7,2004,15.8,6.9,17
322,0.0,203,11,77.1,20041118,0.0,2004-11-18,0.1,0.0,3.2,3.7,2004,14.5,7.4,18
323,0.0,203,11,85.4,20041119,0.0,2004-11-19,0.1,0.0,0.6,2.8,2004,13.8,5.5,19
324,0.0,203,11,77.8,20041120,0.0,2004-11-20,0.7,0.0,0.3,2.4,2004,12.1,5.1,20
325,0.0,203,11,68.9,20041121,0.0,2004-11-21,0.7,0.0,-1.7,7.8,2004,12.8,4.8,21
326,0.0,203,11,76.1,20041122,0.0,2004-11-22,0.1,0.0,-3.2,6.6,2004,13.1,3.6,22
327,0.0,203,11,79.9,20041123,0.0,2004-11-23,0.1,0.0,-3.0,5.8,2004,13.3,4.0,23
328,0.0,203,11,77.9,20041124,0.0,2004-11-24,0.1,0.0,-0.6,3.7,2004,14.5,6.0,24
329,0.0,203,11,77.1,20041125,0.0,2004-11-25,0.0,0.0,-0.2,4.5,2004,14.8,6.8,25
330,0.0,203,11,77.4,20041126,0.0,2004-11-26,2.5,13.0,1.5,1.1,2004,8.8,5.1,26
331,0.0,203,11,71.6,20041127,0.0,2004-11-27,0.8,0.0,0.6,1.0,2004,10.0,5.6,27
332,0.0,203,11,71.6,20041128,0.0,2004-11-28,0.3,0.0,0.8,3.1,2004,12.6,6.5,28
333,0.0,203,11,77.9,20041129,0.0,2004-11-29,0.3,0.0,-2.7,3.8,2004,9.8,1.7,29
334,0.0,203,11,77.5,20041130,0.0,2004-11-30,0.2,0.0,-3.5,4.0,2004,9.1,2.1,30
335,0.0,203,12,84.9,20041201,0.0,2004-12-01,0.0,0.0,-3.9,2.6,2004,8.3,1.3,1
336,0.0,203,12,73.6,20041202,0.0,2004-12-02,0.2,0.0,-2.5,7.5,2004,14.6,4.9,2
337,0.0,203,12,75.8,20041203,0.0,2004-12-03,0.2,0.0,-1.7,7.3,2004,15.6,6.5,3
338,0.0,203,12,85.5,20041204,0.0,2004-12-04,0.3,18.5,6.0,0.0,2004,10.0,8.0,4
339,0.0,203,12,63.4,20041205,0.0,2004-12-05,2.5,0.0,-1.0,5.4,2004,9.1,2.8,5
340,0.0,203,12,73.8,20041206,0.0,2004-12-06,0.9,3.0,-5.5,5.9,2004,7.0,2.2,6
341,0.0,203,12,58.0,20041207,0.0,2004-12-07,1.4,0.0,-1.8,7.5,2004,9.1,3.8,7
342,0.0,203,12,72.5,20041208,0.0,2004-12-08,0.1,0.0,-3.4,5.0,2004,9.1,3.0,8
343,0.0,203,12,72.6,20041209,0.0,2004-12-09,0.4,0.0,-0.4,6.9,2004,13.1,5.4,9
344,0.0,203,12,55.0,20041210,0.0,2004-12-10,1.3,0.0,0.6,6.3,2004,12.8,5.9,10
345,0.0,203,12,58.3,20041211,0.0,2004-12-11,0.3,0.0,-5.4,6.8,2004,8.6,1.6,11
346,0.0,203,12,65.8,20041212,0.0,2004-12-12,0.6,0.0,-0.6,4.5,2004,12.3,4.3,12
347,0.0,203,12,71.1,20041213,0.0,2004-12-13,0.6,0.0,-4.9,7.4,2004,8.0,1.0,13
348,0.0,203,12,69.4,20041214,0.0,2004-12-14,0.2,0.0,-5.8,6.2,2004,8.1,0.5,14
349,0.0,203,12,69.1,20041215,0.0,2004-12-15,0.2,0.0,-1.1,1.6,2004,9.3,4.3,15
350,0.0,203,12,64.6,20041216,0.0,2004-12-16,1.3,0.0,-1.5,7.7,2004,11.0,5.2,16
351,0.0,203,12,74.4,20041217,0.0,2004-12-17,0.3,0.0,-3.7,5.9,2004,9.1,1.9,17
352,0.0,203,12,70.4,20041218,0.0,2004-12-18,0.6,0.0,-1.7,3.6,2004,10.0,3.4,18
353,0.0,203,12,70.9,20041219,0.0,2004-12-19,0.6,0.0,-4.3,5.0,2004,10.8,3.9,19
354,0.0,203,12,49.8,20041220,0.0,2004-12-20,2.0,0.0,-5.4,8.2,2004,7.6,-1.3,20
355,0.0,203,12,69.8,20041221,0.0,2004-12-21,0.1,0.0,-9.0,7.0,2004,2.5,-4.1,21
356,0.0,203,12,61.3,20041222,0.0,2004-12-22,0.1,0.0,-7.0,5.0,2004,2.5,-3.3,22
357,0.0,203,12,66.0,20041223,0.0,2004-12-23,0.0,0.0,-10.8,7.4,2004,1.6,-4.6,23
358,0.0,203,12,73.1,20041224,0.0,2004-12-24,0.1,0.0,-8.6,3.4,2004,4.0,-2.0,24
359,0.0,203,12,62.0,20041225,0.0,2004-12-25,0.5,0.0,-4.5,7.1,2004,3.7,-0.4,25
360,0.0,203,12,56.4,20041226,0.0,2004-12-26,0.4,0.0,-7.5,7.9,2004,3.2,-2.8,26
361,0.0,203,12,57.9,20041227,0.0,2004-12-27,0.1,0.0,-11.1,7.8,2004,3.0,-4.2,27
362,0.0,203,12,53.5,20041228,0.0,2004-12-28,0.3,0.0,-11.5,4.7,2004,-0.6,-5.5,28
363,0.0,203,12,54.5,20041229,0.0,2004-12-29,1.2,0.0,-10.8,7.9,2004,0.5,-5.6,29
364,0.0,203,12,69.1,20041230,0.0,2004-12-30,0.5,0.0,-13.3,6.3,2004,0.1,-6.0,30
365,0.0,203,12,57.0,20041231,0.0,2004-12-31,1.2,0.0,-9.8,6.8,2004,0.3,-4.7,31
