,snow,month,sunshine,date,station_id,year,cloud,wind,tmax,rainfall,day,tavg,humid,Date,tmin
0,0.0,1,0.0,20200101,203,2020,7.4,0.5,-2.0,0.0,1,-4.2,76.8,2020-01-01,-7.9
1,0.0,1,0.0,20200102,203,2020,0.0,0.5,2.4,0.0,2,0.0,83.6,2020-01-02,-2.5
2,0.0,1,8.1,20200103,203,2020,2.0,1.0,5.9,0.0,3,0.1,70.0,2020-01-03,-5.0
3,0.0,1,6.5,20200104,203,2020,1.9,0.9,7.7,0.0,4,-0.5,70.3,2020-01-04,-6.9
4,0.0,1,6.8,20200105,203,2020,4.8,0.5,5.4,0.0,5,-1.2,73.8,2020-01-05,-7.9
5,0.0,1,0.0,20200106,203,2020,9.9,0.7,3.4,4.4,6,0.9,88.4,2020-01-06,-3.0
6,0.0,1,0.0,20200107,203,2020,9.8,0.8,7.4,64.0,7,5.6,100.0,2020-01-07,2.9
7,0.0,1,0.0,20200108,203,2020,8.6,2.8,11.0,1.4,8,3.6,90.8,2020-01-08,0.6
8,0.0,1,5.6,20200109,203,2020,1.3,1.5,4.1,0.0,9,0.3,69.1,2020-01-09,-2.9
9,0.0,1,5.2,20200110,203,2020,5.4,0.6,4.3,0.0,10,-1.0,82.3,2020-01-10,-5.1
10,0.0,1,4.9,20200111,203,2020,3.6,0.8,5.0,0.0,11,-0.8,81.8,2020-01-11,-5.9
11,0.0,1,7.9,20200112,203,2020,2.4,1.5,3.7,0.0,12,-0.3,71.5,2020-01-12,-3.5
12,0.0,1,7.3,20200113,203,2020,1.1,1.4,2.7,0.0,13,-1.8,62.5,2020-01-13,-5.0
13,0.0,1,8.3,20200114,203,2020,1.3,0.7,3.2,0.0,14,-2.6,65.0,2020-01-14,-7.8
14,0.0,1,8.8,20200115,203,2020,0.5,0.8,3.2,0.0,15,-2.9,65.3,2020-01-15,-8.6
15,0.0,1,7.0,20200116,203,2020,6.4,0.8,4.1,0.0,16,-3.1,67.5,2020-01-16,-7.9
16,0.0,1,7.1,20200117,203,2020,4.9,0.7,5.3,0.0,17,-1.9,69.3,2020-01-17,-7.5
17,0.0,1,8.5,20200118,203,2020,1.4,0.9,7.1,0.0,18,-0.6,65.0,2020-01-18,-6.6
18,0.0,1,1.7,20200119,203,2020,5.1,1.0,4.8,0.5,19,0.3,79.4,2020-01-19,-4.0
19,0.0,1,6.7,20200120,203,2020,2.9,2.0,7.0,0.0,20,1.5,58.6,2020-01-20,-2.1
20,0.0,1,9.0,20200121,203,2020,2.6,0.8,4.2,0.0,21,-1.8,54.0,2020-01-21,-6.9
21,0.0,1,0.0,20200122,203,2020,9.4,0.5,3.9,0.0,22,0.1,72.0,2020-01-22,-3.0
22,0.0,1,8.3,20200123,203,2020,5.0,0.8,12.1,0.0,23,3.9,65.0,2020-01-23,-3.1
23,0.0,1,8.4,20200124,203,2020,4.1,0.6,10.1,0.0,24,2.3,73.1,2020-01-24,-4.2
24,0.0,1,2.4,20200125,203,2020,7.9,0.3,8.9,0.0,25,2.5,83.1,2020-01-25,-2.2
25,0.0,1,6.7,20200126,203,2020,7.0,1.0,12.0,0.0,26,4.2,73.4,2020-01-26,-3.3
26,0.0,1,0.0,20200127,203,2020,9.9,2.1,8.0,2.1,27,5.4,68.1,2020-01-27,3.4
27,0.0,1,0.1,20200128,203,2020,7.6,1.6,11.0,0.2,28,6.8,64.6,2020-01-28,2.9
28,0.0,1,6.5,20200129,203,2020,4.8,0.9,11.0,0.0,29,5.1,64.1,2020-01-29,-0.9
29,0.0,1,5.3,20200130,203,2020,6.5,0.9,10.2,0.0,30,5.1,61.3,2020-01-30,0.5
30,0.0,1,1.0,20200131,203,2020,4.9,1.2,8.2,0.0,31,3.3,74.8,2020-01-31,0.3
31,0.0,2,1.3,20200201,203,2020,5.0,1.0,7.1,0.0,1,1.4,83.4,2020-02-01,-4.2
32,0.0,2,2.1,20200202,203,2020,4.4,0.9,6.5,0.0,2,1.1,73.3,2020-02-02,-3.1
33,0.0,2,8.6,20200203,203,2020,1.6,1.9,5.1,0.0,3,0.3,56.5,2020-02-03,-3.7
34,0.0,2,8.4,20200204,203,2020,2.5,1.5,5.9,1.7,4,-1.2,70.8,2020-02-04,-8.7
35,0.0,2,9.4,20200205,203,2020,0.1,1.8,-2.0,0.0,5,-6.5,42.9,2020-02-05,-9.5
36,0.0,2,9.2,20200206,203,2020,0.0,0.9,0.2,0.0,6,-6.4,55.0,2020-02-06,-13.1
37,0.0,2,5.8,20200207,203,2020,5.4,1.0,3.3,0.0,7,-2.1,61.8,2020-02-07,-9.1
38,0.0,2,8.7,20200208,203,2020,1.1,1.7,5.2,0.0,8,0.7,53.9,2020-02-08,-2.1
39,0.0,2,9.2,20200209,203,2020,0.8,1.3,5.6,0.0,9,-1.0,63.8,2020-02-09,-8.3
40,0.0,2,8.8,20200210,203,2020,0.1,1.0,10.7,0.0,10,3.2,58.8,2020-02-10,-3.3
41,0.0,2,9.0,20200211,203,2020,3.0,0.6,13.9,0.0,11,4.4,56.8,2020-02-11,-4.9
42,0.0,2,0.0,20200212,203,2020,8.8,0.3,6.9,14.5,12,5.4,90.5,2020-02-12,3.6
43,0.0,2,4.8,20200213,203,2020,6.3,1.6,11.0,0.0,13,6.7,93.6,2020-02-13,0.9
44,0.0,2,2.7,20200214,203,2020,6.4,0.5,9.5,0.0,14,4.0,96.6,2020-02-14,0.7
45,0.0,2,2.8,20200215,203,2020,8.0,0.7,15.4,0.8,15,7.7,80.1,2020-02-15,-1.2
46,0.0,2,0.6,20200216,203,2020,9.1,2.8,7.6,7.1,16,0.0,87.6,2020-02-16,-3.9
47,0.0,2,5.1,20200217,203,2020,8.5,2.4,-1.4,0.8,17,-4.4,68.0,2020-02-17,-6.6
48,0.0,2,9.6,20200218,203,2020,0.0,1.3,3.0,0.0,18,-3.2,58.5,2020-02-18,-9.4
49,0.0,2,8.3,20200219,203,2020,3.8,0.6,7.1,0.0,19,-0.1,70.1,2020-02-19,-6.9
50,0.0,2,9.1,20200220,203,2020,1.5,0.6,11.6,0.0,20,3.8,73.4,2020-02-20,-2.9
51,0.0,2,1.3,20200221,203,2020,8.1,0.7,11.5,2.6,21,4.9,81.6,2020-02-21,-1.6
52,0.0,2,6.5,20200222,203,2020,4.5,3.4,9.8,4.0,22,5.0,66.3,2020-02-22,0.9
53,0.0,2,10.1,20200223,203,2020,0.1,1.5,9.0,0.0,23,2.5,55.3,2020-02-23,-2.6
54,0.0,2,8.2,20200224,203,2020,4.6,0.6,13.1,0.0,24,5.3,63.5,2020-02-24,-3.1
55,0.0,2,0.0,20200225,203,2020,8.1,1.7,7.0,24.0,25,5.6,90.9,2020-02-25,4.2
56,0.0,2,3.4,20200226,203,2020,3.6,1.0,11.4,0.0,26,6.5,72.3,2020-02-26,1.8
57,0.0,2,7.6,20200227,203,2020,3.1,0.9,11.2,0.0,27,5.7,61.5,2020-02-27,1.7
58,0.0,2,0.0,20200228,203,2020,8.9,0.5,4.8,4.0,28,3.0,95.8,2020-02-28,0.0
59,0.0,2,4.7,20200229,203,2020,2.9,0.7,12.2,0.0,29,6.7,85.4,2020-02-29,3.2
60,0.0,3,0.9,20200301,203,2020,8.3,1.2,12.1,0.0,1,5.2,88.6,2020-03-01,-0.4
61,0.0,3,9.1,20200302,203,2020,2.4,1.8,9.4,0.0,2,4.5,57.6,2020-03-02,1.2
62,0.0,3,4.6,20200303,203,2020,7.8,1.3,12.7,0.0,3,4.6,74.0,2020-03-03,-2.4
63,0.0,3,7.3,20200304,203,2020,6.5,3.0,7.5,0.0,4,3.3,60.9,2020-03-04,0.1
64,0.0,3,9.9,20200305,203,2020,0.4,1.8,8.6,0.0,5,1.8,55.4,2020-03-05,-3.0
65,0.0,3,9.9,20200306,203,2020,3.3,0.7,10.8,0.0,6,2.6,61.9,2020-03-06,-5.7
66,0.0,3,0.0,20200307,203,2020,6.8,0.8,11.9,0.0,7,5.2,66.1,2020-03-07,-2.1
67,0.0,3,9.8,20200308,203,2020,0.0,0.7,17.3,0.0,8,7.5,62.6,2020-03-08,-2.0
68,0.0,3,5.2,20200309,203,2020,6.5,0.7,17.1,0.0,9,9.5,58.4,2020-03-09,-0.4
69,0.0,3,0.0,20200310,203,2020,7.4,1.7,10.5,8.7,10,7.6,81.5,2020-03-10,3.9
70,0.0,3,10.2,20200311,203,2020,0.0,2.1,9.7,0.0,11,4.0,50.4,2020-03-11,0.1
71,0.0,3,10.0,20200312,203,2020,2.0,1.3,15.0,0.0,12,5.7,56.6,2020-03-12,-3.4
72,0.0,3,7.1,20200313,203,2020,5.6,1.8,12.5,0.0,13,6.5,48.1,2020-03-13,1.0
73,0.0,3,10.0,20200314,203,2020,1.9,2.3,11.1,0.0,14,4.3,51.1,2020-03-14,-2.7
74,0.0,3,6.0,20200315,203,2020,4.9,2.7,11.2,0.0,15,4.9,56.5,2020-03-15,1.0
75,0.0,3,10.2,20200316,203,2020,0.8,1.7,10.9,0.0,16,3.9,53.3,2020-03-16,-2.7
76,0.0,3,1.9,20200317,203,2020,5.1,1.2,10.5,0.0,17,4.9,73.8,2020-03-17,0.1
77,0.0,3,7.8,20200318,203,2020,1.1,1.0,18.1,0.0,18,7.6,60.5,2020-03-18,-3.2
78,0.0,3,4.5,20200319,203,2020,3.3,3.8,12.9,0.2,19,7.3,58.4,2020-03-19,1.5
79,0.0,3,10.3,20200320,203,2020,0.9,2.2,16.5,0.0,20,8.3,49.3,2020-03-20,1.3
80,0.0,3,5.1,20200321,203,2020,5.8,1.3,21.7,0.0,21,11.7,60.3,2020-03-21,0.3
81,0.0,3,10.7,20200322,203,2020,0.9,2.0,19.4,0.0,22,12.5,46.9,2020-03-22,7.2
82,0.0,3,10.3,20200323,203,2020,0.0,1.8,18.7,0.0,23,10.9,44.3,2020-03-23,1.8
83,0.0,3,10.5,20200324,203,2020,0.0,1.3,18.8,0.0,24,10.4,51.0,2020-03-24,1.0
84,0.0,3,9.4,20200325,203,2020,2.6,0.9,21.0,0.0,25,11.8,48.0,2020-03-25,1.7
85,0.0,3,3.6,20200326,203,2020,0.0,0.9,21.7,3.4,26,13.7,67.5,2020-03-26,4.9
86,0.0,3,4.0,20200327,203,2020,6.8,1.9,16.4,8.1,27,12.2,77.3,2020-03-27,6.8
87,0.0,3,7.6,20200328,203,2020,6.4,1.6,13.5,0.0,28,8.1,29.1,2020-03-28,4.0
88,0.0,3,10.6,20200329,203,2020,2.5,1.2,16.4,0.0,29,7.7,50.8,2020-03-29,-2.0
89,0.0,3,10.8,20200330,203,2020,1.6,1.2,18.3,0.0,30,10.3,45.0,2020-03-30,2.1
90,0.0,3,8.7,20200331,203,2020,5.5,1.2,20.4,0.0,31,11.3,43.6,2020-03-31,0.6
91,0.0,4,7.0,20200401,203,2020,5.6,2.1,20.4,0.0,1,11.8,45.9,2020-04-01,4.9
92,0.0,4,10.4,20200402,203,2020,0.3,1.6,18.0,0.0,2,9.1,53.1,2020-04-02,0.3
93,0.0,4,10.9,20200403,203,2020,0.1,1.9,18.6,0.0,3,9.5,54.6,2020-04-03,0.0
94,0.0,4,8.4,20200404,203,2020,2.0,1.8,16.5,0.0,4,9.1,39.8,2020-04-04,2.3
95,0.0,4,11.2,20200405,203,2020,0.0,1.9,15.1,0.0,5,7.7,33.8,2020-04-05,-1.0
96,0.0,4,10.9,20200406,203,2020,2.8,1.6,18.2,0.0,6,8.6,50.5,2020-04-06,-1.4
97,0.0,4,9.5,20200407,203,2020,2.3,2.0,19.3,0.0,7,10.8,56.3,2020-04-07,2.9
98,0.0,4,11.0,20200408,203,2020,0.0,2.4,15.6,0.0,8,9.7,38.6,2020-04-08,3.7
99,0.0,4,11.0,20200409,203,2020,1.9,1.7,16.6,0.0,9,8.9,53.5,2020-04-09,0.4
100,0.0,4,6.3,20200410,203,2020,6.5,1.2,17.4,0.0,10,10.0,57.3,2020-04-10,2.3
101,0.0,4,6.2,20200411,203,2020,4.5,1.7,16.6,0.0,11,9.5,62.8,2020-04-11,3.9
102,0.0,4,7.0,20200412,203,2020,4.4,2.1,16.3,0.0,12,8.5,65.0,2020-04-12,0.9
103,0.0,4,9.8,20200413,203,2020,3.6,2.0,19.5,0.0,13,11.2,41.4,2020-04-13,3.0
104,0.0,4,11.5,20200414,203,2020,0.8,1.6,21.7,0.0,14,12.3,44.1,2020-04-14,2.0
105,0.0,4,10.8,20200415,203,2020,5.8,1.2,22.4,0.0,15,12.8,42.3,2020-04-15,2.7
106,0.0,4,10.6,20200416,203,2020,2.4,1.3,23.9,0.0,16,15.3,44.4,2020-04-16,5.1
107,0.0,4,0.5,20200417,203,2020,7.0,1.0,15.1,9.6,17,11.4,86.0,2020-04-17,8.2
108,0.0,4,10.9,20200418,203,2020,3.8,1.3,20.1,2.5,18,14.1,69.5,2020-04-18,8.4
109,0.0,4,0.1,20200419,203,2020,9.3,1.1,15.5,13.5,19,11.2,85.0,2020-04-19,8.6
110,0.0,4,0.6,20200420,203,2020,6.5,1.9,14.1,0.5,20,10.0,83.8,2020-04-20,7.0
111,0.0,4,9.7,20200421,203,2020,4.5,3.4,12.0,0.0,21,7.5,55.8,2020-04-21,3.7
112,0.0,4,7.4,20200422,203,2020,5.5,3.1,10.6,0.0,22,6.7,46.8,2020-04-22,3.4
113,0.0,4,11.2,20200423,203,2020,2.8,2.6,14.8,0.0,23,8.1,48.1,2020-04-23,1.9
114,0.0,4,11.8,20200424,203,2020,0.8,2.7,16.8,0.0,24,10.0,53.9,2020-04-24,2.1
115,0.0,4,9.7,20200425,203,2020,2.4,2.4,20.9,0.0,25,12.2,61.6,2020-04-25,2.7
116,0.0,4,11.4,20200426,203,2020,3.5,2.0,19.8,0.0,26,12.9,47.1,2020-04-26,6.5
117,0.0,4,7.6,20200427,203,2020,5.3,1.9,17.4,2.2,27,11.2,60.0,2020-04-27,4.8
118,0.0,4,11.9,20200428,203,2020,0.0,1.8,21.9,0.0,28,13.4,53.9,2020-04-28,2.9
119,0.0,4,11.7,20200429,203,2020,0.0,1.3,23.4,0.0,29,14.6,55.9,2020-04-29,6.7
120,0.0,4,11.0,20200430,203,2020,1.5,1.6,25.5,0.0,30,16.5,63.0,2020-04-30,4.9
121,0.0,5,7.1,20200501,203,2020,4.0,1.4,29.2,0.0,1,20.9,75.0,2020-05-01,14.8
122,0.0,5,0.9,20200502,203,2020,9.0,0.8,25.7,0.0,2,20.8,81.1,2020-05-02,17.1
123,0.0,5,2.0,20200503,203,2020,7.0,1.0,25.0,0.0,3,19.8,80.6,2020-05-03,15.4
124,0.0,5,9.2,20200504,203,2020,6.4,1.8,28.2,0.0,4,20.7,67.3,2020-05-04,14.8
125,0.0,5,1.5,20200505,203,2020,7.0,0.9,21.4,3.1,5,15.0,84.5,2020-05-05,10.9
126,0.0,5,8.4,20200506,203,2020,3.1,0.8,26.6,0.0,6,17.8,68.4,2020-05-06,10.2
127,0.0,5,8.8,20200507,203,2020,5.5,1.5,26.3,0.0,7,19.3,38.5,2020-05-07,9.3
128,0.0,5,7.8,20200508,203,2020,7.9,1.1,25.5,1.4,8,18.7,39.5,2020-05-08,12.7
129,0.0,5,0.0,20200509,203,2020,9.3,1.3,17.2,29.6,9,14.4,100.0,2020-05-09,12.2
130,0.0,5,0.1,20200510,203,2020,6.1,1.3,17.6,1.1,10,14.6,94.3,2020-05-10,11.9
131,0.0,5,7.2,20200511,203,2020,6.1,2.0,23.6,0.1,11,17.7,62.5,2020-05-11,13.4
132,0.0,5,6.6,20200512,203,2020,4.0,2.1,20.5,0.6,12,14.9,74.0,2020-05-12,9.4
133,0.0,5,11.5,20200513,203,2020,0.6,2.0,23.4,0.0,13,16.1,52.4,2020-05-13,8.9
134,0.0,5,7.8,20200514,203,2020,8.1,0.7,27.3,0.0,14,18.0,52.5,2020-05-14,9.1
135,0.0,5,0.0,20200515,203,2020,8.9,1.1,18.7,16.6,15,15.1,93.3,2020-05-15,13.7
136,0.0,5,0.7,20200516,203,2020,6.8,0.9,22.2,0.5,16,17.3,93.6,2020-05-16,14.5
137,0.0,5,7.2,20200517,203,2020,3.9,0.8,25.9,0.0,17,20.6,81.0,2020-05-17,16.2
138,0.0,5,5.9,20200518,203,2020,7.9,1.8,26.7,44.7,18,19.5,84.8,2020-05-18,13.6
139,0.0,5,2.1,20200519,203,2020,7.3,1.3,17.4,8.0,19,12.4,85.5,2020-05-19,7.9
140,0.0,5,7.9,20200520,203,2020,4.5,1.0,18.6,0.0,20,12.9,75.8,2020-05-20,7.1
141,0.0,5,8.7,20200521,203,2020,5.1,0.7,22.1,0.0,21,16.0,69.1,2020-05-21,7.6
142,0.0,5,2.1,20200522,203,2020,8.3,0.9,23.1,0.0,22,18.0,79.0,2020-05-22,12.7
143,0.0,5,6.1,20200523,203,2020,6.8,1.1,25.9,0.0,23,20.3,72.0,2020-05-23,15.8
144,0.0,5,5.9,20200524,203,2020,6.8,2.0,22.0,9.6,24,18.4,83.5,2020-05-24,14.5
145,0.0,5,0.3,20200525,203,2020,8.3,1.1,20.3,0.0,25,16.1,89.1,2020-05-25,13.2
146,0.0,5,4.7,20200526,203,2020,7.1,1.2,24.4,0.0,26,17.0,80.0,2020-05-26,12.8
147,0.0,5,11.6,20200527,203,2020,2.1,1.5,25.6,0.0,27,18.3,65.5,2020-05-27,12.3
148,0.0,5,6.5,20200528,203,2020,4.3,1.0,24.3,0.0,28,18.3,69.4,2020-05-28,12.3
149,0.0,5,11.3,20200529,203,2020,1.8,0.9,27.8,0.0,29,20.3,68.4,2020-05-29,12.0
150,0.0,5,11.7,20200530,203,2020,1.4,0.9,29.4,0.0,30,22.1,62.6,2020-05-30,13.8
151,0.0,5,7.5,20200531,203,2020,6.9,1.4,28.1,0.0,31,21.0,66.6,2020-05-31,14.2
152,0.0,6,11.3,20200601,203,2020,5.0,2.2,26.2,0.6,1,20.1,62.6,2020-06-01,15.9
153,0.0,6,1.1,20200602,203,2020,8.6,1.3,23.8,0.1,2,18.0,71.9,2020-06-02,11.7
154,0.0,6,7.4,20200603,203,2020,5.3,1.2,27.5,0.3,3,22.0,78.5,2020-06-03,17.5
155,0.0,6,9.5,20200604,203,2020,5.1,1.8,29.7,0.0,4,23.8,78.0,2020-06-04,18.9
156,0.0,6,8.4,20200605,203,2020,4.8,1.1,28.7,0.0,5,23.7,72.4,2020-06-05,18.8
157,0.0,6,10.6,20200606,203,2020,3.6,1.2,30.8,0.0,6,24.4,66.4,2020-06-06,16.9
158,0.0,6,6.5,20200607,203,2020,3.9,1.3,28.7,0.0,7,23.5,69.6,2020-06-07,19.7
159,0.0,6,11.0,20200608,203,2020,1.5,1.2,32.0,0.0,8,25.0,69.0,2020-06-08,18.6
160,0.0,6,11.8,20200609,203,2020,3.3,1.0,34.0,0.0,9,26.3,61.3,2020-06-09,17.8
161,0.0,6,8.1,20200610,203,2020,8.0,1.0,32.9,8.8,10,25.5,68.6,2020-06-10,18.8
162,0.0,6,9.6,20200611,203,2020,4.9,1.2,32.4,0.9,11,26.4,72.6,2020-06-11,21.5
163,0.0,6,0.1,20200612,203,2020,9.4,0.6,27.5,0.1,12,23.7,87.4,2020-06-12,19.9
164,0.0,6,10.0,20200613,203,2020,6.8,1.2,32.2,7.9,13,25.8,77.0,2020-06-13,21.2
165,0.0,6,6.4,20200614,203,2020,4.3,1.7,28.7,2.3,14,23.9,79.6,2020-06-14,19.2
166,0.0,6,9.4,20200615,203,2020,5.5,1.4,28.4,0.0,15,22.2,67.1,2020-06-15,16.7
167,0.0,6,6.8,20200616,203,2020,6.1,1.0,29.4,0.0,16,23.5,68.5,2020-06-16,18.3
168,0.0,6,4.1,20200617,203,2020,7.0,1.1,28.8,0.0,17,23.4,72.1,2020-06-17,17.7
169,0.0,6,0.2,20200618,203,2020,9.4,0.8,25.2,0.0,18,21.9,78.3,2020-06-18,18.7
170,0.0,6,7.5,20200619,203,2020,6.5,1.0,29.8,0.0,19,24.3,67.5,2020-06-19,19.4
171,0.0,6,10.6,20200620,203,2020,1.0,1.2,30.7,0.0,20,24.3,72.8,2020-06-20,17.9
172,0.0,6,12.0,20200621,203,2020,1.4,1.0,32.7,0.0,21,25.8,65.4,2020-06-21,18.5
173,0.0,6,11.9,20200622,203,2020,1.4,1.0,34.7,0.0,22,27.1,62.3,2020-06-22,19.1
174,0.0,6,5.0,20200623,203,2020,7.8,1.0,31.7,0.0,23,26.2,65.4,2020-06-23,20.7
175,0.0,6,0.0,20200624,203,2020,9.8,1.0,24.8,16.0,24,21.4,91.6,2020-06-24,19.7
176,0.0,6,0.0,20200625,203,2020,9.3,1.0,24.0,5.9,25,21.5,95.5,2020-06-25,19.7
177,0.0,6,4.1,20200626,203,2020,7.5,1.6,26.5,1.4,26,21.8,86.8,2020-06-26,19.1
178,0.0,6,5.0,20200627,203,2020,6.9,0.9,28.5,0.0,27,23.5,78.4,2020-06-27,19.1
179,0.0,6,9.5,20200628,203,2020,2.0,1.3,30.6,0.0,28,24.6,74.5,2020-06-28,19.4
180,0.0,6,1.4,20200629,203,2020,7.8,1.4,27.0,21.6,29,22.3,86.5,2020-06-29,17.9
181,0.0,6,0.0,20200630,203,2020,0.0,2.0,23.1,32.2,30,20.3,88.0,2020-06-30,17.4
182,0.0,7,1.0,20200701,203,2020,8.0,0.8,23.0,1.8,1,19.8,91.5,2020-07-01,17.0
183,0.0,7,9.1,20200702,203,2020,6.1,0.9,29.4,0.0,2,23.3,78.1,2020-07-02,17.1
184,0.0,7,6.5,20200703,203,2020,8.5,1.5,28.2,0.5,3,22.8,75.8,2020-07-03,18.9
185,0.0,7,9.2,20200704,203,2020,7.6,1.0,28.4,0.7,4,22.3,76.8,2020-07-04,17.4
186,0.0,7,4.9,20200705,203,2020,6.1,0.9,28.0,0.0,5,23.2,77.9,2020-07-05,17.2
187,0.0,7,6.0,20200706,203,2020,7.1,0.9,30.5,0.0,6,24.7,76.8,2020-07-06,19.0
188,0.0,7,3.4,20200707,203,2020,5.9,1.3,27.8,0.0,7,24.1,80.1,2020-07-07,21.2
189,0.0,7,7.4,20200708,203,2020,4.1,1.3,30.7,0.0,8,24.5,79.1,2020-07-08,19.4
190,0.0,7,8.4,20200709,203,2020,4.1,1.0,32.3,0.0,9,25.9,72.6,2020-07-09,19.7
191,0.0,7,3.1,20200710,203,2020,8.6,1.1,28.8,0.3,10,24.0,82.5,2020-07-10,20.9
192,0.0,7,5.1,20200711,203,2020,0.0,1.3,30.5,0.0,11,24.6,73.6,2020-07-11,20.6
193,0.0,7,0.0,20200712,203,2020,0.0,1.1,25.7,5.1,12,21.7,83.3,2020-07-12,19.7
194,0.0,7,0.0,20200713,203,2020,5.3,1.5,19.8,61.0,13,18.2,100.0,2020-07-13,17.3
195,0.0,7,0.1,20200714,203,2020,0.0,1.5,23.2,18.4,14,20.0,86.0,2020-07-14,16.6
196,0.0,7,5.4,20200715,203,2020,4.6,0.6,26.6,0.3,15,21.2,83.3,2020-07-15,17.7
197,0.0,7,9.4,20200716,203,2020,3.0,0.9,29.9,0.0,16,23.3,78.6,2020-07-16,16.9
198,0.0,7,9.8,20200717,203,2020,3.1,0.9,31.2,3.9,17,24.4,86.1,2020-07-17,19.1
199,0.0,7,7.3,20200718,203,2020,4.6,1.2,29.7,0.0,18,24.8,76.9,2020-07-18,20.7
200,0.0,7,0.3,20200719,203,2020,8.5,1.1,27.7,8.8,19,23.3,91.9,2020-07-19,19.6
201,0.0,7,0.0,20200720,203,2020,9.0,1.9,26.5,2.1,20,24.1,92.5,2020-07-20,22.2
202,0.0,7,6.0,20200721,203,2020,6.0,0.6,30.1,0.0,21,25.0,80.9,2020-07-21,21.5
203,0.0,7,0.0,20200722,203,2020,10.0,0.7,25.1,76.1,22,22.6,98.8,2020-07-22,21.5
204,0.0,7,0.0,20200723,203,2020,10.0,1.5,22.4,86.3,23,20.7,99.9,2020-07-23,18.3
205,0.0,7,0.0,20200724,203,2020,0.0,1.7,26.1,5.4,24,21.4,89.3,2020-07-24,18.2
206,0.0,7,2.0,20200725,203,2020,8.8,1.2,28.3,0.1,25,23.6,82.1,2020-07-25,20.3
207,0.0,7,4.4,20200726,203,2020,8.4,1.0,29.2,0.0,26,24.3,82.8,2020-07-26,20.8
208,0.0,7,0.0,20200727,203,2020,10.0,0.7,26.7,0.2,27,24.3,92.9,2020-07-27,22.0
209,0.0,7,0.0,20200728,203,2020,9.6,0.6,26.3,3.3,28,23.6,96.1,2020-07-28,21.7
210,0.0,7,0.0,20200729,203,2020,9.8,1.1,26.2,76.4,29,23.9,98.1,2020-07-29,22.1
211,0.0,7,2.1,20200730,203,2020,8.3,1.0,29.3,63.3,30,24.8,93.4,2020-07-30,22.4
212,0.0,7,1.5,20200731,203,2020,7.1,0.8,29.3,0.0,31,25.4,91.5,2020-07-31,21.5
213,0.0,8,0.4,20200801,203,2020,9.3,1.3,30.0,28.3,1,25.4,95.3,2020-08-01,23.2
214,0.0,8,0.0,20200802,203,2020,9.5,0.9,27.6,143.2,2,23.5,99.8,2020-08-02,22.6
215,0.0,8,0.0,20200803,203,2020,9.1,1.5,26.2,67.2,3,23.9,98.9,2020-08-03,22.8
216,0.0,8,1.0,20200804,203,2020,9.5,1.3,30.7,4.0,4,26.5,93.4,2020-08-04,22.8
217,0.0,8,0.5,20200805,203,2020,9.7,1.3,28.1,8.9,5,25.6,98.1,2020-08-05,24.3
218,0.0,8,1.5,20200806,203,2020,9.3,2.5,27.6,81.7,6,24.9,94.4,2020-08-06,22.7
219,0.0,8,0.0,20200807,203,2020,9.8,0.6,25.0,2.2,7,23.2,97.6,2020-08-07,21.7
220,0.0,8,0.0,20200808,203,2020,9.4,0.6,24.2,28.5,8,23.1,99.6,2020-08-08,21.4
221,0.0,8,0.0,20200809,203,2020,9.3,1.6,26.6,39.4,9,24.6,99.5,2020-08-09,23.4
222,0.0,8,0.4,20200810,203,2020,8.6,1.1,29.2,22.1,10,26.0,96.5,2020-08-10,23.4
223,0.0,8,0.5,20200811,203,2020,8.3,1.3,28.3,24.3,11,24.6,97.9,2020-08-11,23.0
224,0.0,8,1.0,20200812,203,2020,8.1,0.6,30.5,0.0,12,26.2,94.4,2020-08-12,23.1
225,0.0,8,1.4,20200813,203,2020,8.3,1.3,32.3,0.0,13,28.1,88.1,2020-08-13,24.7
226,0.0,8,1.5,20200814,203,2020,0.0,1.9,31.7,3.4,14,28.0,88.9,2020-08-14,25.9
227,0.0,8,0.2,20200815,203,2020,8.8,1.0,29.5,68.5,15,26.1,99.0,2020-08-15,24.7
228,0.0,8,3.5,20200816,203,2020,7.4,1.3,32.8,0.0,16,27.4,87.4,2020-08-16,23.9
229,0.0,8,4.9,20200817,203,2020,5.8,0.7,32.8,0.0,17,27.7,85.0,2020-08-17,23.9
230,0.0,8,7.4,20200818,203,2020,2.4,0.7,32.7,0.0,18,27.3,84.8,2020-08-18,23.7
231,0.0,8,7.5,20200819,203,2020,2.0,0.9,33.0,0.0,19,26.7,83.6,2020-08-19,21.5
232,0.0,8,7.5,20200820,203,2020,4.0,0.8,32.4,0.0,20,26.7,84.3,2020-08-20,21.6
233,0.0,8,3.6,20200821,203,2020,6.1,0.9,32.6,0.0,21,26.5,87.0,2020-08-21,22.4
234,0.0,8,0.0,20200822,203,2020,8.6,0.7,28.7,10.5,22,24.3,94.1,2020-08-22,21.0
235,0.0,8,6.7,20200823,203,2020,4.6,0.7,31.0,0.0,23,24.3,86.8,2020-08-23,20.5
236,0.0,8,7.4,20200824,203,2020,6.6,0.9,32.9,0.0,24,26.6,83.1,2020-08-24,21.1
237,0.0,8,10.0,20200825,203,2020,5.4,0.9,34.8,0.0,25,28.8,79.0,2020-08-25,22.9
238,0.0,8,6.3,20200826,203,2020,7.4,2.0,34.6,0.8,26,28.4,79.1,2020-08-26,24.1
239,0.0,8,1.1,20200827,203,2020,8.6,2.1,31.8,16.6,27,27.9,86.0,2020-08-27,24.6
240,0.0,8,4.1,20200828,203,2020,7.9,1.1,33.6,25.3,28,27.6,90.0,2020-08-28,24.6
241,0.0,8,0.5,20200829,203,2020,7.0,0.7,30.3,19.1,29,25.9,96.9,2020-08-29,23.9
242,0.0,8,3.0,20200830,203,2020,7.1,0.8,32.4,22.7,30,26.5,93.0,2020-08-30,23.5
243,0.0,8,1.4,20200831,203,2020,6.3,1.3,29.9,0.0,31,26.0,84.4,2020-08-31,22.8
244,0.0,9,2.3,20200901,203,2020,6.5,0.7,30.0,0.1,1,25.4,85.9,2020-09-01,22.0
245,0.0,9,0.0,20200902,203,2020,10.0,1.1,24.6,29.6,2,23.5,99.8,2020-09-02,22.8
246,0.0,9,3.3,20200903,203,2020,7.5,3.3,26.4,49.0,3,22.9,84.3,2020-09-03,20.5
247,0.0,9,8.5,20200904,203,2020,2.0,1.2,28.1,2.4,4,22.3,79.0,2020-09-04,18.2
248,0.0,9,0.8,20200905,203,2020,9.1,0.6,25.4,0.0,5,20.5,88.8,2020-09-05,16.3
249,0.0,9,0.6,20200906,203,2020,9.9,1.2,26.0,18.0,6,20.0,92.9,2020-09-06,17.7
250,0.0,9,0.0,20200907,203,2020,8.6,3.1,21.4,40.0,7,19.2,94.4,2020-09-07,16.3
251,0.0,9,8.7,20200908,203,2020,4.1,2.9,27.3,0.2,8,22.9,77.4,2020-09-08,19.5
252,0.0,9,2.8,20200909,203,2020,7.4,1.2,26.2,23.1,9,20.5,90.9,2020-09-09,16.5
253,0.0,9,3.9,20200910,203,2020,6.1,0.6,26.8,0.0,10,21.0,91.0,2020-09-10,17.5
254,0.0,9,3.0,20200911,203,2020,8.4,0.8,25.8,1.5,11,20.8,84.4,2020-09-11,17.5
255,0.0,9,0.0,20200912,203,2020,8.4,0.8,21.9,16.6,12,19.0,94.4,2020-09-12,17.3
256,0.0,9,9.0,20200913,203,2020,2.9,0.9,26.4,0.0,13,20.5,77.5,2020-09-13,15.0
257,0.0,9,4.1,20200914,203,2020,5.1,0.7,26.2,0.0,14,20.1,87.6,2020-09-14,15.4
258,0.0,9,5.4,20200915,203,2020,6.9,0.7,27.8,0.0,15,21.8,84.4,2020-09-15,17.8
259,0.0,9,0.0,20200916,203,2020,7.1,0.9,24.8,1.8,16,20.9,95.1,2020-09-16,19.7
260,0.0,9,0.0,20200917,203,2020,9.1,0.8,23.9,0.0,17,20.2,87.3,2020-09-17,17.0
261,0.0,9,8.6,20200918,203,2020,5.8,1.5,26.5,0.0,18,20.9,72.5,2020-09-18,16.2
262,0.0,9,5.4,20200919,203,2020,2.3,1.2,25.5,9.6,19,18.7,79.0,2020-09-19,14.8
263,0.0,9,9.6,20200920,203,2020,0.8,0.9,25.3,0.0,20,17.5,72.8,2020-09-20,10.8
264,0.0,9,9.3,20200921,203,2020,3.8,0.6,24.2,0.0,21,16.1,77.1,2020-09-21,9.4
265,0.0,9,7.4,20200922,203,2020,5.8,0.7,25.0,0.0,22,17.5,73.0,2020-09-22,11.6
266,0.0,9,3.7,20200923,203,2020,8.6,1.2,23.3,0.0,23,17.6,72.0,2020-09-23,12.1
267,0.0,9,3.9,20200924,203,2020,6.9,1.6,25.7,0.0,24,19.2,68.9,2020-09-24,14.7
268,0.0,9,5.0,20200925,203,2020,5.4,1.3,26.0,0.0,25,18.7,73.6,2020-09-25,13.5
269,0.0,9,7.9,20200926,203,2020,4.5,1.2,24.6,0.0,26,18.1,72.1,2020-09-26,12.5
270,0.0,9,9.0,20200927,203,2020,0.6,0.6,25.4,0.0,27,18.0,78.1,2020-09-27,12.5
271,0.0,9,9.2,20200928,203,2020,1.1,0.6,26.4,0.0,28,17.8,78.0,2020-09-28,11.3
272,0.0,9,5.5,20200929,203,2020,6.9,0.6,24.6,0.0,29,16.9,80.3,2020-09-29,10.4
273,0.0,9,6.5,20200930,203,2020,5.1,0.5,25.2,0.0,30,17.8,81.8,2020-09-30,12.1
274,0.0,10,5.9,20201001,203,2020,4.4,0.9,25.1,0.0,1,18.6,78.3,2020-10-01,12.8
275,0.0,10,4.7,20201002,203,2020,7.6,1.1,24.8,0.0,2,19.1,77.8,2020-10-02,13.2
276,0.0,10,1.4,20201003,203,2020,9.4,0.8,23.2,7.1,3,19.0,87.9,2020-10-03,16.8
277,0.0,10,3.1,20201004,203,2020,8.5,1.4,22.7,0.0,4,16.9,72.4,2020-10-04,10.5
278,0.0,10,8.6,20201005,203,2020,3.0,1.2,19.4,0.0,5,12.8,61.4,2020-10-05,6.5
279,0.0,10,9.1,20201006,203,2020,1.6,0.8,20.7,0.0,6,12.4,68.8,2020-10-06,5.4
280,0.0,10,6.3,20201007,203,2020,6.1,0.8,21.8,0.0,7,14.1,72.0,2020-10-07,7.0
281,0.0,10,9.2,20201008,203,2020,0.0,1.2,23.2,0.0,8,15.1,66.1,2020-10-08,8.6
282,0.0,10,9.3,20201009,203,2020,1.8,1.2,23.6,0.0,9,15.0,67.5,2020-10-09,7.5
283,0.0,10,7.3,20201010,203,2020,5.0,0.7,21.6,0.0,10,15.0,75.0,2020-10-10,8.3
284,0.0,10,4.3,20201011,203,2020,7.3,0.6,20.3,0.0,11,15.0,82.4,2020-10-11,8.8
285,0.0,10,5.1,20201012,203,2020,3.9,1.1,22.5,0.0,12,15.5,80.0,2020-10-12,10.6
286,0.0,10,5.9,20201013,203,2020,4.8,0.9,19.2,0.0,13,11.4,70.6,2020-10-13,5.1
287,0.0,10,4.7,20201014,203,2020,7.0,0.9,19.8,0.0,14,11.2,63.9,2020-10-14,5.6
288,0.0,10,6.4,20201015,203,2020,6.6,0.6,18.4,0.0,15,10.0,63.8,2020-10-15,4.4
289,0.0,10,0.2,20201016,203,2020,7.4,0.4,15.7,0.0,16,9.7,81.6,2020-10-16,4.3
290,0.0,10,7.1,20201017,203,2020,2.5,0.7,19.4,0.0,17,10.6,76.6,2020-10-17,5.1
291,0.0,10,8.7,20201018,203,2020,1.6,0.7,20.0,0.0,18,10.4,78.3,2020-10-18,0.9
292,0.0,10,8.1,20201019,203,2020,2.5,0.6,21.2,0.0,19,11.7,81.6,2020-10-19,4.3
293,0.0,10,7.5,20201020,203,2020,4.3,0.5,21.6,0.0,20,11.6,77.0,2020-10-20,4.8
294,0.0,10,0.0,20201021,203,2020,8.8,0.4,15.4,0.0,21,11.0,88.6,2020-10-21,6.6
295,0.0,10,4.0,20201022,203,2020,4.9,1.1,20.5,0.0,22,12.3,72.8,2020-10-22,6.9
296,0.0,10,9.3,20201023,203,2020,0.0,1.4,14.7,0.0,23,8.6,55.1,2020-10-23,4.0
297,0.0,10,9.2,20201024,203,2020,0.0,1.5,14.4,0.0,24,7.8,53.5,2020-10-24,1.6
298,0.0,10,7.0,20201025,203,2020,2.9,0.7,18.7,0.0,25,9.0,73.1,2020-10-25,-0.1
299,0.0,10,8.3,20201026,203,2020,4.4,0.7,19.3,0.0,26,10.0,79.1,2020-10-26,2.2
300,0.0,10,5.8,20201027,203,2020,5.1,0.6,19.9,0.0,27,11.1,81.5,2020-10-27,4.4
301,0.0,10,7.7,20201028,203,2020,4.3,1.1,20.7,0.0,28,13.2,56.0,2020-10-28,8.7
302,0.0,10,7.1,20201029,203,2020,2.9,0.7,17.0,0.0,29,8.4,57.3,2020-10-29,-0.2
303,0.0,10,8.8,20201030,203,2020,0.8,0.5,18.7,0.0,30,8.7,62.4,2020-10-30,0.9
304,0.0,10,6.5,20201031,203,2020,4.9,0.7,19.1,0.0,31,10.9,70.4,2020-10-31,2.1
305,0.0,11,0.0,20201101,203,2020,9.6,0.9,13.0,1.2,1,11.6,96.0,2020-11-01,9.9
306,0.0,11,7.1,20201102,203,2020,4.3,1.0,16.9,0.0,2,10.5,62.5,2020-11-02,5.0
307,0.0,11,8.7,20201103,203,2020,1.9,1.9,9.4,1.1,3,5.2,54.0,2020-11-03,1.0
308,0.0,11,8.8,20201104,203,2020,0.0,1.1,11.4,0.0,4,4.2,45.6,2020-11-04,-2.3
309,0.0,11,7.7,20201105,203,2020,4.9,0.5,15.1,0.0,5,6.3,63.6,2020-11-05,-3.1
310,0.0,11,0.0,20201106,203,2020,9.3,0.5,15.3,0.0,6,10.5,67.4,2020-11-06,6.5
311,0.0,11,5.8,20201107,203,2020,3.1,1.4,19.8,0.0,7,12.5,68.0,2020-11-07,7.9
312,0.0,11,8.5,20201108,203,2020,0.0,1.6,14.3,0.0,8,9.0,45.0,2020-11-08,3.3
313,0.0,11,6.5,20201109,203,2020,2.3,1.2,11.5,0.0,9,5.4,47.0,2020-11-09,-1.8
314,0.0,11,8.7,20201110,203,2020,0.0,1.0,13.9,0.0,10,6.2,61.3,2020-11-10,-1.8
315,0.0,11,8.7,20201111,203,2020,0.0,0.5,15.3,0.0,11,6.0,66.1,2020-11-11,-1.4
316,0.0,11,8.7,20201112,203,2020,0.8,0.5,17.5,0.0,12,7.2,65.9,2020-11-12,-1.3
317,0.0,11,4.5,20201113,203,2020,3.9,0.5,17.6,0.0,13,8.0,77.9,2020-11-13,0.9
318,0.0,11,6.8,20201114,203,2020,4.3,0.5,18.1,0.0,14,8.7,78.1,2020-11-14,0.3
319,0.0,11,6.2,20201115,203,2020,3.9,0.7,18.0,0.0,15,9.3,82.4,2020-11-15,2.8
320,0.0,11,5.2,20201116,203,2020,3.3,0.4,17.3,0.0,16,8.9,84.6,2020-11-16,3.3
321,0.0,11,1.0,20201117,203,2020,6.5,0.6,19.5,0.0,17,12.8,81.1,2020-11-17,4.5
322,0.0,11,0.0,20201118,203,2020,7.8,0.4,17.4,4.4,18,14.7,98.8,2020-11-18,11.9
323,0.0,11,0.0,20201119,203,2020,9.5,2.9,20.0,30.2,19,14.8,88.9,2020-11-19,8.7
324,0.0,11,0.0,20201120,203,2020,6.4,2.1,8.7,0.0,20,4.4,74.4,2020-11-20,0.4
325,0.0,11,7.8,20201121,203,2020,4.8,1.1,12.9,0.0,21,5.9,75.5,2020-11-21,-2.4
326,0.0,11,0.0,20201122,203,2020,7.1,1.7,9.2,2.7,22,6.6,81.8,2020-11-22,2.2
327,0.0,11,9.0,20201123,203,2020,0.1,1.4,7.1,0.0,23,2.1,63.4,2020-11-23,-1.6
328,0.0,11,4.1,20201124,203,2020,6.6,0.7,8.9,0.0,24,2.5,65.1,2020-11-24,-2.9
329,0.0,11,7.2,20201125,203,2020,3.8,0.6,10.5,0.0,25,2.7,73.3,2020-11-25,-3.5
330,0.0,11,6.8,20201126,203,2020,6.5,0.6,10.6,0.0,26,3.5,73.8,2020-11-26,-1.4
331,0.0,11,3.7,20201127,203,2020,5.3,1.5,9.5,0.0,27,3.6,68.8,2020-11-27,0.3
332,0.0,11,8.8,20201128,203,2020,2.9,1.6,5.1,0.0,28,0.7,53.8,2020-11-28,-1.9
333,0.0,11,2.5,20201129,203,2020,4.3,1.1,5.0,0.0,29,-0.2,70.0,2020-11-29,-4.7
334,0.0,11,8.8,20201130,203,2020,0.0,0.9,6.5,0.0,30,-0.6,61.3,2020-11-30,-6.3
335,0.0,12,8.3,20201201,203,2020,4.4,0.7,6.9,0.0,1,0.2,54.1,2020-12-01,-7.0
336,0.0,12,1.2,20201202,203,2020,6.9,0.7,6.7,0.0,2,2.4,50.0,2020-12-02,-0.2
337,0.0,12,8.7,20201203,203,2020,1.9,1.3,6.4,0.0,3,1.3,44.3,2020-12-03,-2.4
338,0.0,12,8.8,20201204,203,2020,0.4,0.9,6.0,0.0,4,-1.5,58.8,2020-12-04,-7.8
339,0.0,12,6.2,20201205,203,2020,3.1,0.6,6.5,0.0,5,-0.4,76.8,2020-12-05,-6.7
340,0.0,12,6.5,20201206,203,2020,2.6,0.9,9.5,0.0,6,2.1,76.9,2020-12-06,-3.1
341,0.0,12,3.5,20201207,203,2020,3.6,1.1,8.2,0.0,7,2.2,64.3,2020-12-07,-1.8
342,0.0,12,8.5,20201208,203,2020,2.8,0.9,5.1,0.0,8,-1.1,54.3,2020-12-08,-5.6
343,0.0,12,6.4,20201209,203,2020,4.6,0.6,4.8,0.0,9,-1.0,63.5,2020-12-09,-8.2
344,0.0,12,1.0,20201210,203,2020,7.0,0.4,8.5,0.0,10,3.3,69.3,2020-12-10,-0.1
345,0.0,12,2.0,20201211,203,2020,7.9,0.7,9.7,0.0,11,4.1,76.4,2020-12-11,-0.8
346,0.0,12,8.1,20201212,203,2020,1.8,1.2,7.7,0.0,12,2.9,49.4,2020-12-12,-2.2
347,0.0,12,0.7,20201213,203,2020,6.1,1.2,0.8,3.7,13,-2.2,81.0,2020-12-13,-6.1
348,0.0,12,8.6,20201214,203,2020,1.9,1.6,-3.7,0.0,14,-7.1,47.4,2020-12-14,-10.2
349,0.0,12,8.7,20201215,203,2020,0.5,1.5,-3.1,0.0,15,-7.9,39.8,2020-12-15,-12.0
350,0.0,12,8.6,20201216,203,2020,0.8,1.5,-2.9,0.0,16,-7.7,41.6,2020-12-16,-12.2
351,0.0,12,8.6,20201217,203,2020,3.4,0.8,-0.7,0.0,17,-7.5,61.0,2020-12-17,-15.4
352,0.0,12,4.4,20201218,203,2020,4.8,1.2,3.3,0.6,18,-2.5,61.0,2020-12-18,-5.6
353,0.0,12,8.6,20201219,203,2020,1.1,1.5,0.3,0.0,19,-4.5,38.8,2020-12-19,-9.0
354,0.0,12,8.5,20201220,203,2020,0.0,0.9,2.3,0.0,20,-5.1,60.1,2020-12-20,-13.0
355,0.0,12,6.4,20201221,203,2020,1.6,0.6,4.4,0.0,21,-3.8,72.9,2020-12-21,-10.5
356,0.0,12,4.2,20201222,203,2020,4.6,0.5,5.5,0.2,22,-1.5,82.0,2020-12-22,-7.2
357,0.0,12,1.3,20201223,203,2020,7.6,0.4,5.9,0.0,23,0.6,85.8,2020-12-23,-4.9
358,0.0,12,7.2,20201224,203,2020,1.3,1.9,7.5,0.2,24,2.8,66.3,2020-12-24,-3.4
359,0.0,12,8.6,20201225,203,2020,0.9,1.4,4.6,0.0,25,-0.8,53.6,2020-12-25,-5.2
360,0.0,12,5.4,20201226,203,2020,4.9,0.5,7.6,0.0,26,-0.9,77.5,2020-12-26,-7.0
361,0.0,12,4.1,20201227,203,2020,5.4,0.4,7.7,0.0,27,1.9,81.6,2020-12-27,-3.4
362,0.0,12,5.6,20201228,203,2020,4.4,0.5,11.1,0.0,28,4.0,74.5,2020-12-28,-0.1
363,0.0,12,0.7,20201229,203,2020,8.1,1.3,5.9,0.6,29,-0.1,80.0,2020-12-29,-3.7
364,0.0,12,8.5,20201230,203,2020,0.8,2.5,-3.8,0.0,30,-9.3,48.3,2020-12-30,-12.8
365,0.0,12,6.3,20201231,203,2020,1.3,1.2,-3.0,0.0,31,-9.1,62.3,2020-12-31,-15.5
