,cloud,station_id,month,humid,date,snow,Date,wind,rainfall,tmin,sunshine,year,tmax,tavg,day
0,4.5,203,1,100.0,20240101,0.0,2024-01-01,0.4,0.0,-1.2,0.0,2024,1.5,0.0,1
1,7.4,203,1,91.5,20240102,0.0,2024-01-02,0.4,0.0,-0.8,0.0,2024,4.5,1.3,2
2,5.9,203,1,95.6,20240103,0.0,2024-01-03,0.6,2.2,-1.7,0.2,2024,3.5,0.2,3
3,3.1,203,1,89.0,20240104,0.0,2024-01-04,0.5,0.0,-7.4,2.3,2024,3.2,-1.2,4
4,3.5,203,1,84.9,20240105,0.0,2024-01-05,1.1,0.1,-0.4,2.3,2024,9.3,3.4,5
5,1.9,203,1,70.6,20240106,0.0,2024-01-06,1.4,1.2,-2.5,7.6,2024,5.7,0.6,6
6,0.0,203,1,53.4,20240107,0.0,2024-01-07,1.8,0.0,-7.2,7.7,2024,-0.1,-3.5,7
7,1.0,203,1,59.9,20240108,0.0,2024-01-08,0.7,0.0,-11.7,7.8,2024,0.6,-5.5,8
8,7.1,203,1,85.4,20240109,0.0,2024-01-09,0.3,3.6,-3.8,0.0,2024,-1.4,-2.4,9
9,3.5,203,1,88.0,20240110,0.0,2024-01-10,0.8,0.0,-6.1,4.9,2024,3.7,-1.3,10
10,4.0,203,1,82.6,20240111,0.0,2024-01-11,0.9,0.0,-2.7,0.0,2024,2.6,-0.1,11
11,0.0,203,1,59.1,20240112,0.0,2024-01-12,1.4,0.0,-1.5,7.7,2024,6.8,2.0,12
12,0.0,203,1,54.0,20240113,0.0,2024-01-13,0.9,0.0,-4.9,7.8,2024,5.0,-1.0,13
13,3.0,203,1,86.8,20240114,0.0,2024-01-14,0.6,3.2,-7.8,1.2,2024,1.7,-2.3,14
14,0.0,203,1,54.0,20240115,0.0,2024-01-15,1.5,0.0,-5.7,7.8,2024,2.5,-2.5,15
15,2.1,203,1,66.8,20240116,0.0,2024-01-16,0.6,0.0,-9.4,7.5,2024,2.4,-3.7,16
16,9.1,203,1,90.1,20240117,0.0,2024-01-17,0.2,9.1,-6.2,0.0,2024,0.8,-1.0,17
17,6.0,203,1,90.8,20240118,0.0,2024-01-18,0.6,3.0,0.6,1.1,2024,7.8,3.7,18
18,7.9,203,1,69.1,20240119,0.0,2024-01-19,1.4,0.0,3.2,1.6,2024,9.4,4.9,19
19,9.0,203,1,80.4,20240120,0.0,2024-01-20,1.4,3.4,0.5,0.0,2024,5.6,2.7,20
20,6.3,203,1,78.5,20240121,0.0,2024-01-21,1.5,0.0,-0.7,0.2,2024,5.7,2.4,21
21,6.1,203,1,64.1,20240122,0.0,2024-01-22,2.7,0.0,-11.6,5.9,2024,-0.7,-6.7,22
22,0.0,203,1,50.9,20240125,0.0,2024-01-25,1.3,0.0,-11.5,8.0,2024,0.8,-5.2,25
23,0.5,203,1,66.1,20240126,0.0,2024-01-26,1.0,0.0,-10.2,8.0,2024,4.7,-2.4,26
24,2.6,203,1,72.4,20240127,0.0,2024-01-27,0.8,0.0,-6.8,7.1,2024,5.6,-1.1,27
25,1.9,203,1,69.3,20240130,0.0,2024-01-30,0.4,0.0,-8.0,7.8,2024,6.9,-1.0,30
26,2.4,203,1,57.0,20240131,0.0,2024-01-31,0.7,0.0,-2.4,7.8,2024,11.8,4.0,31
27,7.5,203,2,71.5,20240201,0.0,2024-02-01,0.6,0.0,-2.0,1.6,2024,6.7,2.0,1
28,6.9,203,2,61.6,20240202,0.0,2024-02-02,0.9,0.0,-1.7,5.2,2024,8.8,3.0,2
29,7.5,203,2,74.8,20240203,0.0,2024-02-03,0.6,0.0,-3.3,0.8,2024,8.3,3.0,3
30,5.9,203,2,75.3,20240204,0.0,2024-02-04,0.8,0.0,-1.7,4.9,2024,11.4,5.4,4
31,10.0,203,2,92.9,20240205,0.0,2024-02-05,1.4,7.5,-0.5,0.0,2024,5.5,2.0,5
32,9.0,203,2,87.8,20240206,0.0,2024-02-06,0.6,0.5,-0.9,0.0,2024,3.2,0.9,6
33,2.8,203,2,75.8,20240208,0.0,2024-02-08,0.8,0.0,-5.3,6.8,2024,6.0,-0.2,8
34,1.1,203,2,72.5,20240209,0.0,2024-02-09,1.3,0.0,-5.7,7.7,2024,6.7,0.2,9
35,1.5,203,2,69.5,20240210,0.0,2024-02-10,1.3,0.0,-5.0,6.0,2024,7.8,0.9,10
36,2.8,203,2,72.3,20240211,0.0,2024-02-11,1.4,0.0,-5.5,5.5,2024,6.4,1.1,11
37,0.0,203,2,70.6,20240212,0.0,2024-02-12,0.8,0.0,-5.1,8.0,2024,10.3,2.2,12
38,3.4,203,2,73.1,20240213,0.0,2024-02-13,0.9,0.0,-2.1,6.9,2024,15.2,6.2,13
39,6.1,203,2,78.0,20240214,0.0,2024-02-14,0.6,0.0,5.5,2.3,2024,18.6,11.2,14
40,9.3,203,2,90.9,20240215,0.0,2024-02-15,1.6,3.1,1.1,0.0,2024,12.8,5.9,15
41,2.6,203,2,76.8,20240216,0.0,2024-02-16,0.7,0.0,-2.4,6.5,2024,7.9,2.0,16
42,1.1,203,2,80.1,20240217,0.0,2024-02-17,0.6,0.0,-4.7,6.8,2024,12.4,2.6,17
43,6.0,203,2,88.6,20240218,0.0,2024-02-18,0.4,24.2,-2.6,1.6,2024,9.4,4.5,18
44,8.4,203,2,99.6,20240219,0.0,2024-02-19,1.2,15.6,5.0,0.0,2024,12.8,8.9,19
45,10.0,203,2,96.9,20240220,0.0,2024-02-20,1.2,4.7,3.0,0.0,2024,7.5,4.7,20
46,10.0,203,2,99.3,20240221,0.0,2024-02-21,1.2,23.1,0.1,0.0,2024,3.3,1.8,21
47,10.0,203,2,90.8,20240222,0.0,2024-02-22,1.1,7.8,-1.4,0.0,2024,2.2,0.1,22
48,9.4,203,2,71.3,20240223,0.0,2024-02-23,1.4,0.2,-1.4,3.7,2024,6.2,1.6,23
49,8.5,203,2,73.6,20240224,0.0,2024-02-24,1.6,2.2,-2.7,4.7,2024,6.9,1.5,24
50,7.9,203,2,91.5,20240225,0.0,2024-02-25,0.5,2.7,-0.3,0.2,2024,5.2,2.1,25
51,4.1,203,2,78.3,20240226,0.0,2024-02-26,0.7,0.0,-3.5,7.0,2024,9.7,2.0,26
52,7.0,203,2,64.4,20240227,0.0,2024-02-27,1.1,0.0,-1.9,6.7,2024,9.4,3.3,27
53,8.3,203,2,72.1,20240228,0.0,2024-02-28,0.6,0.0,-0.5,1.9,2024,10.0,4.4,28
54,8.8,203,2,70.0,20240229,0.0,2024-02-29,0.8,0.0,-0.3,0.0,2024,9.5,4.3,29
55,0.5,203,3,36.0,20240301,0.0,2024-03-01,2.5,0.0,-7.0,9.8,2024,2.1,-2.6,1
56,4.6,203,3,59.6,20240302,0.0,2024-03-02,2.0,0.0,-9.6,5.8,2024,4.5,-1.3,2
57,2.3,203,3,72.9,20240303,0.0,2024-03-03,2.1,0.2,0.4,6.5,2024,10.7,4.8,3
58,5.5,203,3,75.0,20240304,0.0,2024-03-04,0.6,0.0,-3.1,4.4,2024,10.9,4.0,4
59,9.5,203,3,60.4,20240305,0.0,2024-03-05,1.0,0.0,3.9,0.0,2024,11.1,7.0,5
60,4.9,203,3,63.8,20240306,0.0,2024-03-06,1.1,0.0,1.3,2.6,2024,11.5,5.4,6
61,5.9,203,3,62.9,20240307,0.0,2024-03-07,1.5,0.0,0.8,3.2,2024,9.6,3.8,7
62,0.6,203,3,51.0,20240308,0.0,2024-03-08,2.1,0.0,-3.3,8.7,2024,8.8,2.2,8
63,0.0,203,3,47.4,20240309,0.0,2024-03-09,1.5,0.0,-4.1,9.7,2024,9.0,2.1,9
64,1.0,203,3,54.3,20240310,0.0,2024-03-10,1.1,0.0,-5.1,9.7,2024,12.3,3.4,10
65,8.0,203,3,59.3,20240311,0.0,2024-03-11,0.5,0.0,-1.9,0.3,2024,10.7,4.3,11
66,5.0,203,3,80.4,20240312,0.0,2024-03-12,0.7,0.5,1.4,0.0,2024,9.7,5.0,12
67,0.0,203,3,65.4,20240313,0.0,2024-03-13,1.6,0.0,-3.2,8.0,2024,13.8,4.7,13
68,0.0,203,3,58.6,20240314,0.0,2024-03-14,1.4,0.0,-2.2,9.3,2024,16.7,7.4,14
69,0.0,203,3,59.6,20240315,0.0,2024-03-15,1.5,0.0,-1.1,9.4,2024,17.7,8.7,15
70,3.0,203,3,53.9,20240316,0.0,2024-03-16,1.2,0.0,0.8,7.7,2024,19.6,10.3,16
71,7.0,203,3,46.6,20240317,0.0,2024-03-17,2.1,0.1,5.3,6.5,2024,13.9,9.9,17
72,2.9,203,3,30.5,20240318,0.0,2024-03-18,1.4,0.0,-1.8,9.7,2024,15.4,7.2,18
73,7.4,203,3,61.9,20240319,0.0,2024-03-19,2.7,4.4,2.9,3.1,2024,11.4,6.1,19
74,2.0,203,3,54.0,20240320,0.0,2024-03-20,2.4,0.0,1.0,7.6,2024,9.3,4.4,20
75,2.3,203,3,47.9,20240321,0.0,2024-03-21,1.4,0.0,-1.8,9.7,2024,12.2,5.1,21
76,7.3,203,3,64.6,20240322,0.0,2024-03-22,1.8,3.7,-0.2,4.5,2024,16.4,9.4,22
77,2.9,203,3,62.8,20240323,0.0,2024-03-23,1.1,1.5,8.7,9.6,2024,20.4,13.7,23
78,5.1,203,3,46.0,20240324,0.0,2024-03-24,1.1,0.0,6.2,8.1,2024,22.9,15.0,24
79,9.6,203,3,72.4,20240325,0.0,2024-03-25,1.5,5.4,6.2,0.2,2024,13.9,9.8,25
80,6.6,203,3,83.5,20240326,0.0,2024-03-26,1.2,15.8,3.3,3.2,2024,12.1,6.4,26
81,5.0,203,3,74.3,20240327,0.0,2024-03-27,1.0,0.0,0.6,8.5,2024,17.1,9.4,27
82,8.5,203,3,93.0,20240328,0.0,2024-03-28,0.8,4.9,8.4,0.0,2024,10.2,9.1,28
83,4.4,203,3,84.1,20240329,0.0,2024-03-29,1.9,1.4,3.4,1.9,2024,12.5,7.7,29
84,2.6,203,3,66.9,20240330,0.0,2024-03-30,1.7,0.0,-0.1,6.8,2024,18.7,8.7,30
85,3.3,203,3,45.4,20240331,0.0,2024-03-31,0.9,0.0,0.5,9.8,2024,18.6,10.6,31
86,0.1,203,4,38.4,20240401,0.0,2024-04-01,1.4,0.0,2.8,9.8,2024,21.3,12.3,1
87,6.5,203,4,47.6,20240402,0.0,2024-04-02,0.8,0.0,2.5,9.4,2024,25.6,14.2,2
88,9.5,203,4,89.0,20240403,0.0,2024-04-03,0.6,7.8,11.1,0.0,2024,15.5,13.5,3
89,8.1,203,4,67.5,20240404,0.0,2024-04-04,1.4,0.0,9.3,0.5,2024,16.7,13.2,4
90,5.5,203,4,60.1,20240405,0.0,2024-04-05,1.5,0.0,9.2,4.5,2024,20.2,13.6,5
91,3.9,203,4,57.5,20240406,0.0,2024-04-06,1.1,0.0,4.8,4.7,2024,19.9,12.3,6
92,2.0,203,4,49.6,20240407,0.0,2024-04-07,0.9,0.0,4.0,10.6,2024,24.2,14.5,7
93,8.1,203,4,49.5,20240408,0.0,2024-04-08,1.0,0.0,7.6,3.4,2024,24.4,16.4,8
94,0.8,203,4,40.3,20240409,0.0,2024-04-09,1.6,0.0,9.3,10.6,2024,20.3,14.3,9
95,7.4,203,4,56.9,20240410,0.0,2024-04-10,1.4,0.0,8.2,6.8,2024,20.2,13.8,10
96,6.4,203,4,69.5,20240411,0.0,2024-04-11,0.7,0.0,10.1,2.2,2024,21.1,14.9,11
97,0.0,203,4,61.5,20240412,0.0,2024-04-12,1.0,0.0,8.3,10.6,2024,25.7,17.2,12
98,0.3,203,4,55.8,20240413,0.0,2024-04-13,0.9,0.0,7.7,11.0,2024,28.6,18.6,13
99,3.1,203,4,51.6,20240414,0.0,2024-04-14,1.2,0.0,9.5,10.7,2024,29.7,20.2,14
100,6.4,203,4,83.1,20240415,0.0,2024-04-15,1.4,32.1,11.7,0.0,2024,20.3,15.3,15
101,3.6,203,4,78.8,20240416,0.0,2024-04-16,1.7,3.9,10.1,6.0,2024,20.4,14.2,16
102,3.3,203,4,67.9,20240417,0.0,2024-04-17,1.3,0.0,7.9,8.8,2024,23.4,15.0,17
103,0.0,203,4,57.1,20240418,0.0,2024-04-18,1.3,0.0,8.1,10.7,2024,26.7,16.9,18
104,4.0,203,4,53.8,20240419,0.0,2024-04-19,1.2,0.0,7.4,9.7,2024,26.2,17.6,19
105,9.5,203,4,92.6,20240420,0.0,2024-04-20,1.0,8.9,12.4,0.0,2024,16.1,13.5,20
106,8.3,203,4,76.3,20240421,0.0,2024-04-21,1.2,0.0,12.5,0.1,2024,20.1,16.3,21
107,6.6,203,4,59.3,20240422,0.0,2024-04-22,1.1,0.0,13.2,5.7,2024,23.8,17.8,22
108,7.3,203,4,62.3,20240423,0.0,2024-04-23,1.4,0.0,9.1,7.0,2024,23.9,16.3,23
109,7.6,203,4,85.0,20240424,0.0,2024-04-24,1.2,19.0,10.5,1.8,2024,18.0,13.0,24
110,3.5,203,4,74.1,20240425,0.0,2024-04-25,1.0,0.0,10.6,6.5,2024,22.3,15.0,25
111,4.0,203,4,68.0,20240426,0.0,2024-04-26,0.8,0.0,9.3,8.8,2024,25.9,17.4,26
112,0.0,203,4,59.3,20240427,0.0,2024-04-27,1.2,0.0,9.1,10.7,2024,27.7,18.2,27
113,4.8,203,4,59.1,20240428,0.0,2024-04-28,0.8,0.0,9.0,10.5,2024,28.4,19.0,28
114,9.3,203,4,62.4,20240429,0.0,2024-04-29,1.4,0.0,14.8,2.6,2024,23.4,18.5,29
115,7.3,203,4,71.0,20240430,0.0,2024-04-30,1.2,0.0,14.6,1.5,2024,22.9,17.9,30
116,4.8,203,5,51.0,20240501,0.0,2024-05-01,1.3,0.0,13.1,9.9,2024,23.0,17.5,1
117,0.3,203,5,53.6,20240502,0.0,2024-05-02,1.1,0.0,8.4,10.5,2024,25.1,17.2,2
118,0.0,203,5,52.6,20240503,0.0,2024-05-03,1.0,0.0,7.8,10.9,2024,27.6,18.4,3
119,1.8,203,5,59.3,20240504,0.0,2024-05-04,0.8,0.0,10.6,10.9,2024,29.6,19.7,4
120,10.0,203,5,93.9,20240505,0.0,2024-05-05,1.3,34.1,16.6,0.0,2024,19.2,17.7,5
121,9.0,203,5,93.3,20240506,0.0,2024-05-06,2.1,6.8,13.8,0.0,2024,16.9,14.9,6
122,9.8,203,5,84.8,20240507,0.0,2024-05-07,1.4,3.5,11.5,0.0,2024,16.0,13.5,7
123,1.8,203,5,60.8,20240508,0.0,2024-05-08,1.1,0.0,7.2,9.8,2024,21.2,14.7,8
124,0.3,203,5,62.1,20240509,0.0,2024-05-09,1.6,0.0,8.0,10.9,2024,23.3,16.1,9
125,2.0,203,5,56.0,20240510,0.0,2024-05-10,1.3,0.0,9.2,10.7,2024,25.5,17.3,10
126,6.0,203,5,80.3,20240511,0.0,2024-05-11,2.0,16.1,10.2,2.3,2024,23.4,17.1,11
127,3.5,203,5,70.9,20240512,0.0,2024-05-12,1.3,0.0,11.3,8.6,2024,22.5,16.4,12
128,0.1,203,5,60.3,20240513,0.0,2024-05-13,1.0,0.0,8.6,10.7,2024,25.7,17.6,13
129,0.0,203,5,59.9,20240514,0.0,2024-05-14,1.1,0.0,9.3,10.7,2024,26.4,17.9,14
130,5.5,203,5,79.6,20240515,0.0,2024-05-15,1.3,23.0,7.7,5.0,2024,22.7,13.3,15
131,1.5,203,5,62.8,20240516,0.0,2024-05-16,1.7,1.1,7.5,10.6,2024,20.3,13.8,16
132,3.1,203,5,68.9,20240517,0.0,2024-05-17,1.1,0.0,8.0,9.6,2024,25.7,17.4,17
133,0.1,203,5,70.8,20240518,0.0,2024-05-18,0.9,0.0,11.0,9.8,2024,27.4,19.8,18
134,1.0,203,5,63.6,20240519,0.0,2024-05-19,1.0,0.0,14.1,10.7,2024,29.1,21.1,19
135,5.3,203,5,77.0,20240520,0.0,2024-05-20,1.1,0.0,13.2,2.9,2024,25.0,19.4,20
136,3.4,203,5,71.3,20240521,0.0,2024-05-21,1.1,0.0,16.4,7.8,2024,27.5,21.5,21
137,5.1,203,5,74.6,20240522,0.0,2024-05-22,1.1,0.0,15.1,8.4,2024,27.4,20.8,22
138,0.6,203,5,66.0,20240523,0.0,2024-05-23,1.4,0.0,14.0,10.6,2024,28.7,21.2,23
139,5.0,203,5,76.0,20240524,0.0,2024-05-24,1.0,0.0,14.3,4.7,2024,26.5,20.4,24
140,7.0,203,5,59.0,20240525,0.0,2024-05-25,1.2,0.0,18.2,1.3,2024,24.8,20.7,25
141,8.5,203,5,82.6,20240526,0.0,2024-05-26,1.2,14.6,15.4,3.3,2024,25.9,19.6,26
142,4.6,203,5,70.6,20240527,0.0,2024-05-27,2.0,0.0,14.3,8.1,2024,23.0,18.4,27
143,2.4,203,5,66.4,20240528,0.0,2024-05-28,1.1,0.0,11.7,10.0,2024,25.6,18.7,28
144,1.5,203,5,63.4,20240529,0.0,2024-05-29,1.0,0.0,11.3,10.8,2024,28.1,19.7,29
145,9.5,203,5,69.4,20240530,0.0,2024-05-30,0.6,0.0,13.9,1.1,2024,24.8,19.2,30
146,3.5,203,5,60.3,20240531,0.0,2024-05-31,1.5,0.0,14.6,10.2,2024,26.4,20.7,31
147,4.4,203,6,64.9,20240601,0.0,2024-06-01,1.7,0.0,16.6,6.5,2024,26.6,20.7,1
148,3.4,203,6,65.5,20240602,0.0,2024-06-02,1.3,0.0,13.0,8.2,2024,27.2,19.6,2
149,0.6,203,6,62.3,20240603,0.0,2024-06-03,0.9,0.0,12.8,10.3,2024,27.3,19.9,3
150,0.0,203,6,50.4,20240604,0.0,2024-06-04,0.9,0.0,11.4,11.0,2024,28.7,21.0,4
151,4.6,203,6,61.4,20240605,0.0,2024-06-05,0.8,0.0,13.8,9.4,2024,29.4,22.4,5
152,5.1,203,6,60.8,20240606,0.0,2024-06-06,1.1,0.0,16.7,9.4,2024,30.3,23.1,6
153,7.3,203,6,65.1,20240607,0.0,2024-06-07,0.8,0.1,15.4,6.4,2024,28.0,22.4,7
154,7.8,203,6,88.9,20240608,0.0,2024-06-08,0.7,6.2,17.1,1.4,2024,24.6,20.2,8
155,4.1,203,6,76.8,20240609,0.0,2024-06-09,0.9,0.0,17.9,9.3,2024,29.6,22.9,9
156,1.1,203,6,70.5,20240610,0.0,2024-06-10,1.2,0.0,17.1,9.5,2024,32.0,24.3,10
157,4.0,203,6,64.3,20240611,0.0,2024-06-11,1.2,0.0,20.1,8.6,2024,31.8,25.4,11
158,1.9,203,6,59.6,20240612,0.0,2024-06-12,1.1,0.0,16.4,11.0,2024,33.3,24.9,12
159,1.3,203,6,59.3,20240613,0.0,2024-06-13,0.8,0.0,16.9,11.2,2024,34.3,25.5,13
160,3.9,203,6,60.8,20240614,0.0,2024-06-14,1.1,0.0,17.7,10.8,2024,33.8,25.8,14
161,7.1,203,6,75.1,20240615,0.0,2024-06-15,1.1,3.7,21.0,2.9,2024,27.7,24.0,15
162,1.5,203,6,62.6,20240616,0.0,2024-06-16,1.5,0.0,19.0,9.7,2024,30.5,24.0,16
163,4.0,203,6,53.8,20240617,0.0,2024-06-17,1.0,0.0,14.1,10.3,2024,31.4,23.3,17
164,0.0,203,6,55.8,20240618,0.0,2024-06-18,1.1,0.0,14.6,11.2,2024,34.2,24.8,18
165,3.6,203,6,58.0,20240619,0.0,2024-06-19,0.9,0.0,17.0,11.1,2024,36.0,27.0,19
166,3.0,203,6,53.4,20240620,0.0,2024-06-20,1.2,0.0,19.0,9.3,2024,34.3,27.1,20
167,5.6,203,6,62.0,20240621,0.0,2024-06-21,0.9,0.0,17.4,9.2,2024,33.9,26.1,21
168,9.8,203,6,92.4,20240622,0.0,2024-06-22,0.7,91.0,21.2,0.0,2024,25.5,22.5,22
169,7.3,203,6,86.6,20240623,0.0,2024-06-23,1.1,4.8,21.5,4.2,2024,29.7,24.6,23
170,5.4,203,6,74.1,20240624,0.0,2024-06-24,1.9,0.0,18.8,8.0,2024,29.6,24.2,24
171,5.8,203,6,68.1,20240625,0.0,2024-06-25,1.6,0.0,17.7,8.7,2024,27.8,22.3,25
172,1.0,203,6,69.4,20240626,0.0,2024-06-26,0.8,0.0,15.9,10.9,2024,30.5,23.6,26
173,4.5,203,6,74.0,20240627,0.0,2024-06-27,0.6,0.0,17.3,4.4,2024,28.9,23.3,27
174,1.0,203,6,68.6,20240628,0.0,2024-06-28,0.8,0.0,16.9,10.9,2024,31.7,24.8,28
175,6.3,203,6,80.6,20240629,0.0,2024-06-29,1.1,55.5,18.0,5.4,2024,31.5,24.4,29
176,8.3,203,6,87.8,20240630,0.0,2024-06-30,2.4,13.7,22.2,1.0,2024,26.8,24.5,30
177,4.3,203,7,80.9,20240701,0.0,2024-07-01,0.7,0.0,20.9,6.8,2024,30.6,25.0,1
178,10.0,203,7,99.9,20240702,0.0,2024-07-02,0.7,79.1,21.4,0.0,2024,23.0,22.0,2
179,9.0,203,7,87.9,20240703,0.0,2024-07-03,1.5,6.0,22.5,0.4,2024,27.0,24.6,3
180,6.0,203,7,78.9,20240704,0.0,2024-07-04,1.8,4.5,22.6,4.6,2024,31.3,26.7,4
181,8.3,203,7,84.1,20240705,0.0,2024-07-05,1.9,3.2,21.4,1.9,2024,27.6,23.8,5
182,8.9,203,7,89.0,20240706,0.0,2024-07-06,1.9,19.6,20.7,0.5,2024,31.3,25.7,6
183,9.6,203,7,97.9,20240707,0.0,2024-07-07,0.6,3.4,21.1,0.0,2024,24.4,22.9,7
184,9.6,203,7,98.9,20240708,0.0,2024-07-08,1.1,48.0,22.6,0.0,2024,25.0,23.8,8
185,9.6,203,7,99.5,20240709,0.0,2024-07-09,0.9,15.3,21.8,0.0,2024,24.6,23.3,9
186,6.0,203,7,86.4,20240710,0.0,2024-07-10,1.2,23.8,20.7,2.9,2024,31.3,25.4,10
187,4.6,203,7,85.8,20240711,0.0,2024-07-11,1.1,0.5,22.7,0.0,2024,30.4,25.5,11
188,4.0,203,7,87.9,20240712,0.0,2024-07-12,0.6,0.0,21.5,1.7,2024,29.5,24.8,12
189,1.6,203,7,81.4,20240713,0.0,2024-07-13,0.7,0.0,21.2,7.3,2024,32.6,26.1,13
190,5.9,203,7,81.0,20240714,0.0,2024-07-14,1.2,0.0,22.3,5.1,2024,30.9,26.2,14
191,4.3,203,7,76.9,20240715,0.0,2024-07-15,1.0,0.0,21.9,4.4,2024,30.9,27.0,15
192,7.0,203,7,88.8,20240716,0.0,2024-07-16,1.2,34.3,23.6,2.7,2024,30.3,25.6,16
193,9.1,203,7,86.6,20240717,0.0,2024-07-17,1.7,16.1,23.0,1.1,2024,31.2,26.5,17
194,9.3,203,7,97.0,20240718,0.0,2024-07-18,1.7,180.9,22.6,0.0,2024,27.8,24.6,18
195,5.3,203,7,86.4,20240719,0.0,2024-07-19,1.0,0.0,23.2,5.3,2024,31.4,26.6,19
196,7.5,203,7,89.5,20240720,0.0,2024-07-20,1.4,8.3,23.3,1.6,2024,29.6,26.4,20
197,6.4,203,7,81.9,20240721,0.0,2024-07-21,2.0,1.7,24.5,4.3,2024,31.5,27.5,21
198,8.5,203,7,83.0,20240722,0.0,2024-07-22,1.9,0.9,25.7,0.7,2024,30.4,28.3,22
199,9.1,203,7,94.4,20240723,0.0,2024-07-23,1.9,48.4,24.3,0.2,2024,28.9,26.1,23
200,5.3,203,7,91.8,20240724,0.0,2024-07-24,1.0,34.9,23.2,4.2,2024,32.1,27.1,24
201,6.8,203,7,88.0,20240725,0.0,2024-07-25,0.8,2.7,24.5,3.7,2024,33.3,28.0,25
202,8.6,203,7,90.5,20240726,0.0,2024-07-26,1.0,4.4,24.0,4.6,2024,33.6,27.5,26
203,8.6,203,7,90.6,20240727,0.0,2024-07-27,1.0,14.4,25.7,0.4,2024,32.9,28.0,27
204,7.6,203,7,82.0,20240728,0.0,2024-07-28,1.3,0.0,25.1,0.0,2024,32.5,28.7,28
205,6.0,203,7,86.6,20240729,0.0,2024-07-29,1.5,0.0,24.5,0.1,2024,29.8,27.4,29
206,4.9,203,7,84.9,20240730,0.0,2024-07-30,1.3,0.0,26.2,0.0,2024,31.1,27.9,30
207,4.4,203,7,81.1,20240731,0.0,2024-07-31,1.0,0.0,25.4,0.0,2024,33.0,28.7,31
208,4.9,203,8,81.9,20240801,0.0,2024-08-01,1.1,0.0,26.3,2.0,2024,33.5,29.5,1
209,4.5,203,8,83.0,20240802,0.0,2024-08-02,1.2,0.3,27.3,4.0,2024,33.7,29.9,2
210,2.3,203,8,81.3,20240803,0.0,2024-08-03,0.9,0.0,26.6,0.8,2024,34.9,30.1,3
211,1.8,203,8,78.5,20240804,0.0,2024-08-04,0.6,0.0,25.0,0.0,2024,35.6,30.1,4
212,6.4,203,8,89.3,20240805,0.0,2024-08-05,1.0,50.9,23.8,4.7,2024,34.8,27.9,5
213,5.9,203,8,88.8,20240806,0.0,2024-08-06,0.5,0.0,22.9,0.2,2024,32.6,27.2,6
214,5.9,203,8,93.4,20240807,0.0,2024-08-07,0.6,17.4,24.6,0.0,2024,32.2,26.8,7
215,7.9,203,8,91.9,20240808,0.0,2024-08-08,0.8,11.1,24.1,0.0,2024,30.3,26.8,8
216,2.9,203,8,84.9,20240809,0.0,2024-08-09,0.5,0.0,24.2,0.0,2024,33.3,27.9,9
217,6.0,203,8,88.9,20240810,0.0,2024-08-10,0.6,1.1,24.0,4.4,2024,33.8,27.4,10
218,4.5,203,8,83.9,20240811,0.0,2024-08-11,0.7,0.0,24.8,8.3,2024,33.9,28.5,11
219,2.6,203,8,83.3,20240812,0.0,2024-08-12,0.5,0.0,24.6,9.3,2024,34.7,29.4,12
220,3.9,203,8,82.0,20240813,0.0,2024-08-13,0.7,0.0,26.1,8.5,2024,34.7,29.4,13
221,4.3,203,8,79.6,20240814,0.0,2024-08-14,0.6,0.0,24.9,10.2,2024,34.7,29.4,14
222,4.3,203,8,82.8,20240815,0.0,2024-08-15,0.7,0.0,24.9,6.1,2024,34.1,28.0,15
223,3.0,203,8,78.5,20240816,0.0,2024-08-16,0.8,0.0,24.0,10.2,2024,33.9,28.8,16
224,6.0,203,8,76.0,20240817,0.0,2024-08-17,0.7,0.0,25.0,10.3,2024,34.5,29.4,17
225,5.1,203,8,79.5,20240818,0.0,2024-08-18,0.9,0.0,25.4,7.6,2024,35.1,28.9,18
226,3.4,203,8,78.0,20240819,0.0,2024-08-19,0.7,0.0,24.3,9.2,2024,35.1,28.9,19
227,7.5,203,8,80.6,20240820,0.0,2024-08-20,0.8,1.1,24.4,5.5,2024,34.2,29.2,20
228,9.1,203,8,97.9,20240821,0.0,2024-08-21,1.3,40.2,25.7,0.3,2024,30.0,27.0,21
229,7.4,203,8,89.4,20240822,0.0,2024-08-22,1.8,14.9,25.5,2.4,2024,31.6,27.7,22
230,3.5,203,8,86.1,20240823,0.0,2024-08-23,1.5,1.4,23.8,3.6,2024,32.0,27.0,23
231,5.3,203,8,88.3,20240824,0.0,2024-08-24,0.6,0.0,23.5,3.7,2024,32.0,26.9,24
232,4.6,203,8,87.3,20240825,0.0,2024-08-25,0.5,0.0,24.1,5.2,2024,32.5,27.2,25
233,8.5,203,8,91.3,20240826,0.0,2024-08-26,0.4,0.0,23.7,0.2,2024,30.9,26.8,26
234,7.9,203,8,94.6,20240827,0.0,2024-08-27,0.5,1.0,22.5,1.2,2024,27.9,24.9,27
235,0.5,203,8,78.5,20240828,0.0,2024-08-28,0.8,0.0,19.4,9.8,2024,32.7,25.9,28
236,1.5,203,8,74.6,20240829,0.0,2024-08-29,1.2,0.0,20.3,10.2,2024,32.9,26.6,29
237,0.0,203,8,73.5,20240830,0.0,2024-08-30,0.9,0.0,21.1,9.4,2024,34.0,27.2,30
238,2.1,203,8,82.4,20240831,0.0,2024-08-31,0.7,0.0,20.5,9.0,2024,31.5,25.5,31
239,4.4,203,9,78.3,20240901,0.0,2024-09-01,0.8,0.0,20.7,6.5,2024,32.1,25.7,1
240,7.6,203,9,88.5,20240902,0.0,2024-09-02,0.7,0.5,20.6,0.6,2024,28.6,23.9,2
241,3.5,203,9,72.9,20240903,0.0,2024-09-03,0.9,0.0,20.0,8.7,2024,31.4,24.7,3
242,2.1,203,9,77.1,20240904,0.0,2024-09-04,0.7,0.0,18.6,10.0,2024,31.9,25.0,4
243,7.8,203,9,86.0,20240905,0.0,2024-09-05,0.9,1.7,21.8,1.7,2024,31.7,25.5,5
244,9.6,203,9,96.1,20240906,0.0,2024-09-06,0.7,5.3,20.8,0.0,2024,24.4,22.7,6
245,4.9,203,9,85.5,20240907,0.0,2024-09-07,0.5,0.3,20.6,6.5,2024,30.9,24.7,7
246,2.3,203,9,82.9,20240908,0.0,2024-09-08,0.5,0.0,20.4,8.1,2024,32.3,25.4,8
247,2.9,203,9,83.5,20240909,0.0,2024-09-09,0.5,0.0,22.1,7.6,2024,33.0,26.9,9
248,1.8,203,9,83.5,20240910,0.0,2024-09-10,0.6,0.0,23.3,8.2,2024,34.2,27.7,10
249,6.0,203,9,83.8,20240911,0.0,2024-09-11,0.9,19.0,23.3,5.6,2024,34.5,27.7,11
250,9.9,203,9,100.0,20240912,0.0,2024-09-12,0.6,141.2,23.8,0.0,2024,25.4,24.7,12
251,9.8,203,9,95.8,20240913,0.0,2024-09-13,0.6,1.6,23.7,0.2,2024,30.0,25.8,13
252,7.4,203,9,94.8,20240914,0.0,2024-09-14,0.6,7.0,24.9,0.8,2024,29.7,26.6,14
253,4.8,203,9,84.8,20240915,0.0,2024-09-15,1.0,0.0,21.6,5.4,2024,31.6,26.5,15
254,8.5,203,9,80.6,20240916,0.0,2024-09-16,0.7,0.0,21.0,2.6,2024,31.9,26.1,16
255,6.6,203,9,84.4,20240917,0.0,2024-09-17,0.5,0.0,24.6,7.1,2024,33.6,28.4,17
256,6.6,203,9,88.5,20240918,0.0,2024-09-18,0.8,24.9,24.0,4.6,2024,34.0,27.7,18
257,9.1,203,9,91.6,20240919,0.0,2024-09-19,0.5,0.0,23.3,1.8,2024,31.3,26.8,19
258,10.0,203,9,98.4,20240920,0.0,2024-09-20,1.2,30.9,17.1,0.0,2024,27.4,24.3,20
259,5.4,203,9,75.6,20240922,0.0,2024-09-22,1.2,0.0,16.4,3.1,2024,26.3,20.5,22
260,1.6,203,9,72.4,20240923,0.0,2024-09-23,1.0,0.0,13.8,9.2,2024,25.7,19.1,23
261,2.1,203,9,77.1,20240924,0.0,2024-09-24,0.6,0.0,12.3,9.3,2024,26.1,18.4,24
262,7.4,203,9,82.4,20240925,0.0,2024-09-25,0.5,0.0,14.9,6.5,2024,28.4,21.3,25
263,5.5,203,9,85.8,20240926,0.0,2024-09-26,0.6,0.0,19.1,3.3,2024,28.9,22.7,26
264,3.1,203,9,80.3,20240927,0.0,2024-09-27,0.8,0.0,19.1,5.8,2024,28.2,22.3,27
265,4.8,203,9,71.0,20240928,0.0,2024-09-28,1.1,0.0,18.4,5.2,2024,28.0,22.2,28
266,2.3,203,9,75.6,20240929,0.0,2024-09-29,0.8,0.0,15.5,7.0,2024,28.6,21.4,29
