,station_id,sunshine,humid,day,tmin,snow,Date,date,cloud,tavg,year,wind,month,rainfall,tmax
0,203,6.6,58.4,1,-13.2,0.0,2019-01-01,20190101,2.9,-6.1,2019,1.3,1,0.0,1.2
1,203,8.8,49.3,2,-13.7,0.0,2019-01-02,20190102,0.0,-5.9,2019,1.2,1,0.0,2.2
2,203,8.8,52.1,3,-14.3,0.0,2019-01-03,20190103,0.3,-5.7,2019,0.7,1,0.0,3.6
3,203,5.8,63.3,4,-12.2,0.0,2019-01-04,20190104,2.9,-3.9,2019,0.8,1,0.0,3.8
4,203,8.5,48.8,5,-8.8,0.0,2019-01-05,20190105,1.0,-3.2,2019,1.6,1,0.0,3.2
5,203,7.3,49.6,6,-11.1,0.0,2019-01-06,20190106,3.3,-5.1,2019,1.0,1,0.0,4.0
6,203,7.3,59.9,7,-12.3,0.0,2019-01-07,20190107,3.4,-4.4,2019,1.0,1,0.0,3.9
7,203,8.7,44.6,8,-10.4,0.0,2019-01-08,20190108,1.3,-4.6,2019,2.0,1,0.0,2.3
8,203,8.7,38.9,9,-14.6,0.0,2019-01-09,20190109,6.9,-6.5,2019,0.8,1,0.0,0.2
9,203,4.1,58.4,10,-7.7,0.0,2019-01-10,20190110,6.6,-2.8,2019,1.2,1,0.0,3.9
10,203,6.8,65.1,11,-4.7,0.0,2019-01-11,20190111,4.6,-0.1,2019,0.7,1,0.0,6.5
11,203,1.6,54.8,12,-2.0,0.0,2019-01-12,20190112,5.3,1.8,2019,0.8,1,0.0,8.3
12,203,8.3,64.3,13,-7.7,0.0,2019-01-13,20190113,0.1,-0.4,2019,0.9,1,0.0,8.3
13,203,0.0,85.3,14,-8.2,0.0,2019-01-14,20190114,5.9,-3.0,2019,0.5,1,0.0,2.5
14,203,2.8,59.9,15,-7.2,0.0,2019-01-15,20190115,4.8,-1.8,2019,2.0,1,0.0,2.8
15,203,8.3,49.4,16,-11.6,0.0,2019-01-16,20190116,3.9,-5.7,2019,1.6,1,0.2,-0.1
16,203,7.7,55.6,17,-7.1,0.0,2019-01-17,20190117,1.8,-1.6,2019,1.2,1,0.3,5.6
17,203,8.8,54.3,18,-10.2,0.0,2019-01-18,20190118,2.9,-1.5,2019,1.0,1,0.0,6.9
18,203,7.8,63.5,19,-5.1,0.0,2019-01-19,20190119,6.6,0.3,2019,0.6,1,0.0,8.5
19,203,8.8,39.1,20,-5.4,0.0,2019-01-20,20190120,1.5,-0.9,2019,2.3,1,0.0,3.5
20,203,2.3,53.1,21,-11.6,0.0,2019-01-21,20190121,2.4,-2.4,2019,1.3,1,0.0,3.7
21,203,8.2,65.5,22,-8.0,0.0,2019-01-22,20190122,1.8,-0.4,2019,1.4,1,0.0,7.2
22,203,7.9,51.6,23,-7.2,0.0,2019-01-23,20190123,0.8,0.5,2019,1.3,1,0.0,9.3
23,203,8.8,35.3,24,-9.5,0.0,2019-01-24,20190124,3.8,-1.0,2019,1.4,1,0.0,7.5
24,203,8.9,38.5,25,-9.1,0.0,2019-01-25,20190125,3.4,-2.4,2019,1.8,1,0.0,3.9
25,203,9.1,29.0,26,-6.8,0.0,2019-01-26,20190126,0.0,-2.5,2019,2.1,1,0.0,3.5
26,203,7.8,57.4,27,-12.5,0.0,2019-01-27,20190127,4.1,-2.4,2019,1.2,1,0.0,5.2
27,203,7.5,48.3,28,-3.5,0.0,2019-01-28,20190128,2.6,1.0,2019,2.5,1,0.8,5.3
28,203,8.9,41.0,29,-10.9,0.0,2019-01-29,20190129,3.9,-1.6,2019,1.0,1,0.0,7.0
29,203,8.7,52.1,30,-7.7,0.0,2019-01-30,20190130,6.5,0.9,2019,1.1,1,0.0,8.2
30,203,2.6,40.0,31,-6.4,0.0,2019-01-31,20190131,7.6,-0.8,2019,1.8,1,0.0,2.6
31,203,8.0,53.5,1,-12.2,0.0,2019-02-01,20190201,2.4,-3.4,2019,1.7,2,0.0,3.6
32,203,1.7,73.5,2,-10.0,0.0,2019-02-02,20190202,6.8,-1.9,2019,0.7,2,0.0,6.3
33,203,0.0,95.6,3,-0.6,0.0,2019-02-03,20190203,8.9,1.9,2019,0.8,2,23.1,4.5
34,203,9.1,40.4,4,-3.8,0.0,2019-02-04,20190204,2.0,0.2,2019,1.9,2,0.0,5.0
35,203,7.7,54.3,5,-7.5,0.0,2019-02-05,20190205,3.4,0.0,2019,0.7,2,0.0,8.7
36,203,2.6,63.8,6,-4.2,0.0,2019-02-06,20190206,8.0,2.6,2019,0.7,2,0.0,8.8
37,203,8.2,45.6,7,-6.9,0.0,2019-02-07,20190207,5.3,-0.1,2019,2.9,2,0.0,5.9
38,203,8.1,33.4,8,-10.0,0.0,2019-02-08,20190208,8.3,-4.7,2019,1.4,2,0.0,1.5
39,203,9.4,30.5,9,-7.7,0.0,2019-02-09,20190209,3.4,-4.2,2019,2.2,2,0.0,0.0
40,203,3.2,41.1,10,-11.2,0.0,2019-02-10,20190210,7.9,-4.9,2019,1.2,2,0.0,0.5
41,203,9.5,37.0,11,-8.4,0.0,2019-02-11,20190211,0.1,-2.9,2019,2.0,2,0.0,2.7
42,203,7.9,45.1,12,-7.3,0.0,2019-02-12,20190212,4.9,-1.5,2019,1.2,2,0.0,4.8
43,203,9.2,30.6,13,-5.7,0.0,2019-02-13,20190213,1.9,-1.6,2019,1.9,2,0.0,3.3
44,203,8.8,46.9,14,-8.1,0.0,2019-02-14,20190214,6.4,-1.5,2019,0.9,2,0.0,6.6
45,203,0.0,62.9,15,-2.4,0.0,2019-02-15,20190215,9.6,-0.5,2019,1.8,2,1.0,1.8
46,203,8.9,58.6,16,-6.2,0.0,2019-02-16,20190216,3.8,-2.2,2019,2.0,2,0.1,2.4
47,203,10.2,46.9,17,-9.2,0.0,2019-02-17,20190217,0.0,-1.8,2019,1.4,2,0.0,6.5
48,203,5.7,55.3,18,-8.9,0.0,2019-02-18,20190218,7.9,-0.6,2019,0.7,2,0.0,5.5
49,203,0.0,90.9,19,-1.2,0.0,2019-02-19,20190219,8.1,0.6,2019,0.9,2,9.9,2.7
50,203,2.7,73.0,20,-1.6,0.0,2019-02-20,20190220,6.4,1.2,2019,1.6,2,0.0,5.0
51,203,5.0,79.9,21,-6.1,0.0,2019-02-21,20190221,3.2,-0.5,2019,0.7,2,0.0,6.9
52,203,6.9,71.8,22,-5.6,0.0,2019-02-22,20190222,6.3,1.2,2019,0.9,2,0.0,10.8
53,203,8.1,61.9,23,-3.6,0.0,2019-02-23,20190223,3.0,3.8,2019,0.7,2,0.0,14.4
54,203,10.2,55.3,24,-4.4,0.0,2019-02-24,20190224,2.1,4.5,2019,1.4,2,0.0,13.7
55,203,8.5,59.8,25,-1.3,0.0,2019-02-25,20190225,3.8,4.2,2019,1.8,2,0.0,12.1
56,203,9.2,51.4,26,-5.1,0.0,2019-02-26,20190226,3.8,3.9,2019,1.2,2,0.0,12.9
57,203,4.7,45.3,27,0.9,0.0,2019-02-27,20190227,8.6,6.5,2019,1.3,2,0.0,13.0
58,203,7.6,51.3,28,-2.3,0.0,2019-02-28,20190228,3.0,5.4,2019,1.4,2,0.0,13.8
59,203,9.6,50.5,1,-4.0,0.0,2019-03-01,20190301,0.9,5.3,2019,1.4,3,0.0,14.7
60,203,7.0,50.6,2,-3.3,0.0,2019-03-02,20190302,6.3,5.3,2019,0.8,3,0.0,14.0
61,203,7.3,44.9,3,-2.3,0.0,2019-03-03,20190303,6.1,7.2,2019,0.9,3,0.0,16.3
62,203,8.3,50.1,4,1.2,0.0,2019-03-04,20190304,2.9,8.1,2019,1.4,3,0.0,16.2
63,203,2.1,62.9,5,2.2,0.0,2019-03-05,20190305,8.6,7.5,2019,1.3,3,0.0,13.5
64,203,3.9,60.3,6,2.9,0.0,2019-03-06,20190306,5.4,7.4,2019,1.2,3,0.0,13.6
65,203,9.0,58.5,7,0.4,0.0,2019-03-07,20190307,2.9,6.5,2019,2.0,3,0.1,13.9
66,203,10.4,49.0,8,-3.7,0.0,2019-03-08,20190308,0.0,5.3,2019,1.6,3,0.0,14.5
67,203,8.3,42.6,9,-4.5,0.0,2019-03-09,20190309,4.8,5.2,2019,0.8,3,0.0,15.7
68,203,0.2,37.1,10,3.7,0.0,2019-03-10,20190310,8.1,8.6,2019,1.2,3,0.0,15.0
69,203,2.6,70.4,11,-2.0,0.0,2019-03-11,20190311,4.6,5.0,2019,1.6,3,0.1,10.3
70,203,0.3,58.3,12,-0.5,0.0,2019-03-12,20190312,4.1,3.8,2019,2.8,3,0.3,8.3
71,203,9.5,35.8,13,-2.2,0.0,2019-03-13,20190313,1.4,2.8,2019,3.1,3,0.1,8.7
72,203,7.7,49.6,14,-5.8,0.0,2019-03-14,20190314,3.6,3.9,2019,1.6,3,0.0,11.0
73,203,6.2,79.3,15,-0.2,0.0,2019-03-15,20190315,6.4,3.5,2019,1.6,3,5.5,12.0
74,203,2.9,72.0,16,-1.0,0.0,2019-03-16,20190316,7.6,3.7,2019,1.2,3,0.0,9.4
75,203,10.5,56.4,17,-1.6,0.0,2019-03-17,20190317,1.8,5.5,2019,1.8,3,0.0,13.0
76,203,8.7,46.9,18,-4.0,0.0,2019-03-18,20190318,8.1,5.8,2019,1.2,3,0.0,14.4
77,203,8.4,51.8,19,0.4,0.0,2019-03-19,20190319,1.8,9.2,2019,1.3,3,0.0,19.8
78,203,0.3,85.0,20,2.8,0.0,2019-03-20,20190320,9.1,8.7,2019,0.8,3,20.6,15.3
79,203,10.7,44.9,22,-1.1,0.0,2019-03-22,20190322,2.3,3.7,2019,2.1,3,0.0,9.8
80,203,7.4,47.6,23,-1.6,0.0,2019-03-23,20190323,2.4,3.1,2019,2.1,3,3.3,7.9
81,203,11.1,47.5,24,-3.8,0.0,2019-03-24,20190324,0.0,3.8,2019,2.2,3,0.0,10.5
82,203,5.1,60.6,25,-2.8,0.0,2019-03-25,20190325,5.6,5.5,2019,1.6,3,0.0,13.7
83,203,8.9,49.3,26,-0.3,0.0,2019-03-26,20190326,2.4,9.3,2019,1.3,3,0.0,18.8
84,203,6.7,58.8,27,2.9,0.0,2019-03-27,20190327,6.8,11.2,2019,2.7,3,0.0,18.8
85,203,9.0,47.5,28,6.1,0.0,2019-03-28,20190328,6.1,10.4,2019,2.4,3,0.0,16.8
86,203,9.9,36.3,29,4.8,0.0,2019-03-29,20190329,5.8,10.1,2019,2.0,3,0.0,16.5
87,203,2.2,78.6,30,1.7,0.0,2019-03-30,20190330,9.0,4.1,2019,2.6,3,6.2,9.4
88,203,1.1,53.9,31,0.6,0.0,2019-03-31,20190331,5.1,3.7,2019,2.9,3,0.0,6.6
89,203,11.2,38.5,1,-3.3,0.0,2019-04-01,20190401,2.1,4.5,2019,2.2,4,0.0,11.6
90,203,10.9,42.9,2,-4.1,0.0,2019-04-02,20190402,1.1,5.6,2019,2.1,4,0.0,13.4
91,203,11.5,41.6,3,-3.2,0.0,2019-04-03,20190403,0.1,6.4,2019,2.1,4,0.0,14.7
92,203,11.4,38.5,4,-2.6,0.0,2019-04-04,20190404,0.6,8.6,2019,2.2,4,0.0,18.0
93,203,8.0,39.3,5,3.1,0.0,2019-04-05,20190405,3.4,9.7,2019,2.5,4,0.0,18.0
94,203,2.3,49.9,6,-0.1,0.0,2019-04-06,20190406,7.1,8.0,2019,1.1,4,0.2,13.3
95,203,8.8,39.8,7,5.0,0.0,2019-04-07,20190407,5.0,13.1,2019,1.3,4,0.0,20.7
96,203,10.8,23.6,8,6.1,0.0,2019-04-08,20190408,3.9,11.8,2019,2.4,4,0.0,19.3
97,203,0.3,54.8,9,2.7,0.0,2019-04-09,20190409,8.0,7.5,2019,2.5,4,22.3,14.2
98,203,0.0,75.8,10,2.8,0.0,2019-04-10,20190410,6.3,6.7,2019,1.6,4,3.1,9.9
99,203,4.7,72.1,11,0.7,0.0,2019-04-11,20190411,6.5,7.5,2019,1.4,4,0.0,15.5
100,203,10.7,46.6,12,2.7,0.0,2019-04-12,20190412,3.4,10.9,2019,1.8,4,0.0,18.7
101,203,11.0,39.3,13,1.4,0.0,2019-04-13,20190413,4.8,10.9,2019,1.6,4,0.0,18.8
102,203,3.2,52.6,14,4.5,0.0,2019-04-14,20190414,6.0,8.1,2019,1.8,4,0.8,13.5
103,203,12.0,35.6,15,-0.6,0.0,2019-04-15,20190415,0.0,10.5,2019,1.8,4,0.0,19.6
104,203,9.6,34.0,16,1.0,0.0,2019-04-16,20190416,4.6,13.1,2019,1.2,4,0.0,23.6
105,203,12.1,39.5,17,4.7,0.0,2019-04-17,20190417,1.1,14.9,2019,1.6,4,0.0,24.3
106,203,5.3,67.8,18,6.6,0.0,2019-04-18,20190418,7.1,13.1,2019,1.9,4,0.0,18.9
107,203,4.4,66.1,19,8.0,0.0,2019-04-19,20190419,5.4,12.0,2019,1.6,4,0.0,17.2
108,203,9.4,62.6,20,3.8,0.0,2019-04-20,20190420,4.5,13.7,2019,1.6,4,0.0,22.3
109,203,3.3,70.4,21,13.1,0.0,2019-04-21,20190421,7.6,15.9,2019,1.7,4,0.3,21.0
110,203,10.2,52.0,22,8.0,0.0,2019-04-22,20190422,1.6,18.8,2019,1.2,4,0.0,29.3
111,203,3.7,51.3,23,12.8,0.0,2019-04-23,20190423,8.4,19.8,2019,1.5,4,0.0,25.3
112,203,6.1,75.4,24,14.4,0.0,2019-04-24,20190424,7.3,18.6,2019,1.3,4,5.9,26.0
113,203,0.0,78.5,25,9.2,0.0,2019-04-25,20190425,7.6,12.8,2019,1.6,4,11.6,17.5
114,203,0.0,86.0,26,5.4,0.0,2019-04-26,20190426,8.8,8.2,2019,1.3,4,3.8,11.1
115,203,10.8,55.3,27,1.4,0.0,2019-04-27,20190427,4.8,11.1,2019,1.3,4,0.0,18.7
116,203,1.0,60.1,28,8.3,0.0,2019-04-28,20190428,8.5,11.7,2019,1.0,4,0.2,16.6
117,203,1.5,75.1,29,6.1,0.0,2019-04-29,20190429,7.8,11.1,2019,0.6,4,0.6,15.9
118,203,10.1,65.1,30,6.1,0.0,2019-04-30,20190430,4.0,14.9,2019,1.4,4,0.0,24.7
119,203,11.0,51.9,1,9.2,0.0,2019-05-01,20190501,1.4,16.0,2019,2.2,5,0.0,24.7
120,203,12.6,42.1,2,6.8,0.0,2019-05-02,20190502,0.0,16.2,2019,1.8,5,0.0,26.1
121,203,12.3,40.0,3,5.1,0.0,2019-05-03,20190503,1.1,17.3,2019,1.5,5,0.0,28.8
122,203,9.3,44.9,4,8.1,0.0,2019-05-04,20190504,4.8,18.4,2019,1.3,5,0.0,28.6
123,203,10.3,40.0,5,10.0,0.0,2019-05-05,20190505,5.0,18.7,2019,1.4,5,0.0,29.3
124,203,9.7,33.4,6,10.2,0.0,2019-05-06,20190506,1.9,14.8,2019,2.5,5,0.0,21.1
125,203,12.7,43.6,7,3.8,0.0,2019-05-07,20190507,0.1,13.8,2019,1.8,5,0.0,23.6
126,203,11.2,46.0,8,5.1,0.0,2019-05-08,20190508,6.0,15.1,2019,1.9,5,0.0,23.5
127,203,12.5,39.4,9,10.0,0.0,2019-05-09,20190509,3.9,16.7,2019,2.1,5,0.0,24.6
128,203,12.2,43.6,10,5.3,0.0,2019-05-10,20190510,2.4,17.4,2019,1.6,5,0.0,28.8
129,203,12.3,45.8,11,10.3,0.0,2019-05-11,20190511,2.0,19.6,2019,1.4,5,0.0,30.1
130,203,10.8,46.1,12,11.3,0.0,2019-05-12,20190512,2.6,20.3,2019,1.0,5,0.0,28.6
131,203,1.9,52.3,13,12.3,0.0,2019-05-13,20190513,9.0,18.4,2019,1.2,5,0.0,24.4
132,203,12.0,51.3,14,11.7,0.0,2019-05-14,20190514,3.1,19.8,2019,1.1,5,0.0,28.2
133,203,8.3,56.5,15,13.2,0.0,2019-05-15,20190515,4.4,20.5,2019,1.3,5,0.0,28.7
134,203,11.1,50.3,16,14.3,0.0,2019-05-16,20190516,3.6,22.7,2019,1.1,5,0.0,30.7
135,203,5.0,54.4,17,14.8,0.0,2019-05-17,20190517,8.4,22.3,2019,1.0,5,0.0,28.3
136,203,1.1,55.8,18,17.8,0.0,2019-05-18,20190518,7.5,20.8,2019,2.6,5,0.0,24.1
137,203,0.1,84.8,19,17.6,0.0,2019-05-19,20190519,8.6,19.6,2019,1.1,5,8.0,22.2
138,203,8.5,59.6,20,11.5,0.0,2019-05-20,20190520,10.0,16.2,2019,2.9,5,3.1,20.0
139,203,12.8,50.5,21,7.2,0.0,2019-05-21,20190521,0.0,16.6,2019,2.6,5,0.0,25.0
140,203,12.7,46.5,22,9.0,0.0,2019-05-22,20190522,0.6,18.9,2019,2.1,5,0.0,28.0
141,203,12.8,47.4,23,9.7,0.0,2019-05-23,20190523,0.0,20.6,2019,1.2,5,0.0,29.9
142,203,12.7,55.1,24,11.4,0.0,2019-05-24,20190524,0.4,23.5,2019,1.2,5,0.0,33.7
143,203,7.7,49.8,25,16.6,0.0,2019-05-25,20190525,7.3,23.1,2019,1.2,5,0.0,30.3
144,203,9.1,45.9,26,14.5,0.0,2019-05-26,20190526,5.3,23.5,2019,1.3,5,0.0,31.7
145,203,0.0,84.9,27,14.7,0.0,2019-05-27,20190527,9.8,17.3,2019,2.4,5,6.9,20.6
146,203,10.6,46.5,28,10.4,0.0,2019-05-28,20190528,1.4,17.7,2019,1.9,5,0.0,25.1
147,203,12.7,48.4,29,9.4,0.0,2019-05-29,20190529,0.4,19.0,2019,1.8,5,0.0,27.7
148,203,7.6,53.1,30,9.8,0.0,2019-05-30,20190530,6.9,19.1,2019,2.0,5,0.0,27.0
149,203,11.8,49.0,31,13.8,0.0,2019-05-31,20190531,3.0,19.2,2019,2.3,5,0.0,25.5
150,203,9.7,63.4,1,10.8,0.0,2019-06-01,20190601,5.3,18.2,2019,1.4,6,0.0,24.9
151,203,12.5,49.5,2,13.2,0.0,2019-06-02,20190602,1.4,21.3,2019,1.4,6,0.0,29.7
152,203,12.0,46.8,3,12.4,0.0,2019-06-03,20190603,0.0,22.4,2019,1.3,6,0.0,30.6
153,203,12.2,52.8,4,15.6,0.0,2019-06-04,20190604,1.4,23.4,2019,1.8,6,0.0,31.3
154,203,8.4,62.4,5,16.0,0.0,2019-06-05,20190605,4.6,23.5,2019,1.5,6,0.0,32.5
155,203,0.3,81.8,6,17.7,0.0,2019-06-06,20190606,9.4,21.0,2019,1.2,6,9.6,26.1
156,203,1.3,83.3,7,16.7,0.0,2019-06-07,20190607,8.6,19.0,2019,2.1,6,43.8,23.8
157,203,11.3,65.3,8,13.6,0.0,2019-06-08,20190608,6.4,21.5,2019,1.1,6,0.0,29.2
158,203,8.0,67.8,9,15.8,0.0,2019-06-09,20190609,7.3,21.4,2019,1.4,6,0.4,28.5
159,203,1.8,71.6,10,15.3,0.0,2019-06-10,20190610,7.9,18.5,2019,1.3,6,1.1,23.1
160,203,9.6,55.8,11,15.1,0.0,2019-06-11,20190611,3.9,19.6,2019,1.2,6,0.0,26.4
161,203,12.3,64.6,12,12.7,0.0,2019-06-12,20190612,0.5,20.6,2019,1.3,6,0.0,28.3
162,203,12.0,56.6,13,14.3,0.0,2019-06-13,20190613,3.6,22.8,2019,1.1,6,0.0,30.0
163,203,4.8,61.5,14,17.0,0.0,2019-06-14,20190614,7.6,22.3,2019,1.0,6,0.0,28.3
164,203,11.7,71.1,15,15.4,0.0,2019-06-15,20190615,2.9,20.7,2019,1.6,6,10.1,29.0
165,203,9.7,67.6,16,13.6,0.0,2019-06-16,20190616,4.0,20.7,2019,1.2,6,0.0,27.9
166,203,9.3,67.0,17,16.7,0.0,2019-06-17,20190617,5.3,21.2,2019,1.6,6,0.4,27.2
167,203,1.5,82.1,18,16.7,0.0,2019-06-18,20190618,9.0,20.1,2019,1.0,6,6.9,24.7
168,203,6.3,69.4,20,18.3,0.0,2019-06-20,20190620,7.6,22.6,2019,1.5,6,0.0,28.3
169,203,4.4,68.9,21,18.0,0.0,2019-06-21,20190621,5.5,22.3,2019,1.5,6,0.0,28.5
170,203,11.8,52.9,22,16.3,0.0,2019-06-22,20190622,3.1,22.6,2019,1.4,6,0.0,30.4
171,203,11.8,54.1,23,15.2,0.0,2019-06-23,20190623,2.8,22.9,2019,1.0,6,0.0,30.3
172,203,11.0,56.6,24,18.0,0.0,2019-06-24,20190624,3.4,23.8,2019,1.5,6,0.0,31.1
173,203,12.9,53.4,25,15.4,0.0,2019-06-25,20190625,0.9,25.1,2019,1.1,6,0.0,32.8
174,203,1.1,70.6,26,18.1,0.0,2019-06-26,20190626,9.1,22.6,2019,1.1,6,4.0,26.3
175,203,4.0,78.4,27,19.7,0.0,2019-06-27,20190627,7.5,24.5,2019,1.1,6,0.3,30.0
176,203,3.8,69.3,28,20.9,0.0,2019-06-28,20190628,8.5,24.9,2019,1.5,6,0.0,30.4
177,203,1.4,80.9,29,17.8,0.0,2019-06-29,20190629,8.1,21.9,2019,0.8,6,1.7,25.7
178,203,5.5,75.8,30,19.7,0.0,2019-06-30,20190630,6.6,23.4,2019,1.7,6,0.0,28.2
179,203,6.8,66.4,1,19.1,0.0,2019-07-01,20190701,4.9,23.3,2019,1.6,7,0.0,28.4
180,203,9.9,66.0,2,17.8,0.0,2019-07-02,20190702,3.1,23.5,2019,1.6,7,0.0,30.0
181,203,6.9,70.0,3,17.1,0.0,2019-07-03,20190703,5.3,23.5,2019,1.2,7,0.0,30.2
182,203,11.8,58.9,4,16.5,0.0,2019-07-04,20190704,2.5,24.7,2019,1.6,7,0.0,33.1
183,203,11.2,62.8,5,16.5,0.0,2019-07-05,20190705,6.0,25.3,2019,1.2,7,2.2,36.0
184,203,11.6,62.5,6,18.8,0.0,2019-07-06,20190706,2.6,26.3,2019,1.5,7,0.0,34.4
185,203,8.4,55.8,7,18.6,0.0,2019-07-07,20190707,7.3,24.2,2019,1.8,7,0.0,31.8
186,203,8.1,62.0,8,17.8,0.0,2019-07-08,20190708,6.6,22.8,2019,1.7,7,0.5,30.2
187,203,7.6,60.4,9,15.6,0.0,2019-07-09,20190709,4.8,22.7,2019,1.6,7,0.0,30.3
188,203,1.8,76.1,10,17.2,0.0,2019-07-10,20190710,9.3,20.9,2019,1.7,7,15.1,26.3
189,203,0.2,83.6,11,18.4,0.0,2019-07-11,20190711,7.1,22.2,2019,1.2,7,2.9,27.3
190,203,6.2,73.1,12,19.4,0.0,2019-07-12,20190712,7.9,23.2,2019,1.7,7,0.0,28.1
191,203,3.2,74.8,13,20.3,0.0,2019-07-13,20190713,6.6,23.9,2019,1.1,7,0.0,28.7
192,203,6.8,78.4,14,19.2,0.0,2019-07-14,20190714,4.3,24.4,2019,1.2,7,0.6,31.5
193,203,1.5,90.4,15,20.2,0.0,2019-07-15,20190715,7.9,23.0,2019,0.9,7,14.5,27.2
194,203,5.0,80.0,16,20.3,0.0,2019-07-16,20190716,7.0,24.8,2019,1.0,7,0.0,31.2
195,203,3.0,78.0,17,22.2,0.0,2019-07-17,20190717,8.8,26.0,2019,0.9,7,0.1,30.9
196,203,10.3,71.4,18,22.2,0.0,2019-07-18,20190718,6.9,26.8,2019,1.3,7,0.1,31.9
197,203,7.9,81.6,19,21.4,0.0,2019-07-19,20190719,7.1,26.3,2019,1.5,7,2.7,34.2
198,203,0.4,85.0,20,23.6,0.0,2019-07-20,20190720,9.8,26.0,2019,2.1,7,2.7,30.1
199,203,0.7,94.1,21,23.5,0.0,2019-07-21,20190721,7.8,24.9,2019,1.8,7,17.6,27.4
200,203,5.8,80.5,22,24.3,0.0,2019-07-22,20190722,7.0,27.0,2019,1.5,7,0.1,32.0
201,203,5.3,76.5,23,24.0,0.0,2019-07-23,20190723,7.6,28.2,2019,1.0,7,0.0,33.6
202,203,0.0,87.8,24,24.9,0.0,2019-07-24,20190724,9.0,26.3,2019,0.8,7,0.6,28.5
203,203,0.4,96.5,25,24.6,0.0,2019-07-25,20190725,9.3,25.9,2019,1.0,7,35.6,28.8
204,203,0.1,99.1,26,24.2,0.0,2019-07-26,20190726,9.6,25.6,2019,1.1,7,63.8,27.7
205,203,5.0,86.5,27,24.4,0.0,2019-07-27,20190727,7.3,27.9,2019,1.2,7,40.1,33.9
206,203,0.0,99.6,28,24.4,0.0,2019-07-28,20190728,9.9,25.6,2019,1.3,7,14.9,27.1
207,203,4.9,84.8,29,24.0,0.0,2019-07-29,20190729,6.5,27.2,2019,1.2,7,0.0,31.8
208,203,3.1,84.9,30,23.8,0.0,2019-07-30,20190730,6.6,27.6,2019,1.5,7,0.0,31.3
209,203,0.8,93.9,31,24.7,0.0,2019-07-31,20190731,8.1,26.7,2019,1.7,7,42.5,29.4
210,203,6.6,87.0,1,23.9,0.0,2019-08-01,20190801,6.6,27.6,2019,1.2,8,24.8,33.2
211,203,11.2,78.9,2,23.3,0.0,2019-08-02,20190802,2.8,28.9,2019,0.8,8,0.0,34.7
212,203,9.4,83.3,3,24.2,0.0,2019-08-03,20190803,5.4,28.7,2019,0.8,8,0.0,36.1
213,203,9.8,79.5,4,23.5,0.0,2019-08-04,20190804,4.8,28.8,2019,0.9,8,0.0,35.1
214,203,11.2,77.9,5,23.9,0.0,2019-08-05,20190805,3.0,29.7,2019,0.6,8,0.0,37.3
215,203,7.0,75.1,6,23.7,0.0,2019-08-06,20190806,7.0,28.7,2019,1.0,8,0.8,35.5
216,203,4.9,94.3,7,22.7,0.0,2019-08-07,20190807,7.0,26.0,2019,1.2,8,20.4,33.4
217,203,5.7,87.8,8,23.5,0.0,2019-08-08,20190808,6.3,26.7,2019,1.1,8,0.0,33.1
218,203,8.8,82.5,9,23.0,0.0,2019-08-09,20190809,5.3,27.8,2019,0.9,8,0.0,34.6
219,203,11.4,72.4,10,24.2,0.0,2019-08-10,20190810,4.4,29.3,2019,1.6,8,0.0,36.0
220,203,9.9,64.0,11,22.7,0.0,2019-08-11,20190811,6.6,28.9,2019,2.7,8,0.0,34.1
221,203,1.1,95.5,12,24.3,0.0,2019-08-12,20190812,8.6,26.3,2019,1.1,8,20.1,32.3
222,203,10.7,81.5,13,23.4,0.0,2019-08-13,20190813,6.0,29.2,2019,0.7,8,0.0,35.5
223,203,10.4,73.8,14,24.3,0.0,2019-08-14,20190814,4.6,29.3,2019,1.3,8,0.0,36.4
224,203,0.0,93.3,15,23.2,0.0,2019-08-15,20190815,8.8,24.6,2019,1.3,8,13.1,26.8
225,203,7.0,85.1,16,22.1,0.0,2019-08-16,20190816,4.5,25.4,2019,1.7,8,0.0,30.6
226,203,6.6,88.0,17,20.9,0.0,2019-08-17,20190817,3.8,24.3,2019,1.8,8,3.9,29.3
227,203,8.9,76.6,18,18.3,0.0,2019-08-18,20190818,3.4,23.7,2019,1.0,8,0.0,30.4
228,203,9.9,79.1,19,18.0,0.0,2019-08-19,20190819,3.5,24.4,2019,0.7,8,0.0,31.8
229,203,11.2,75.1,20,19.6,0.0,2019-08-20,20190820,2.0,25.7,2019,1.0,8,0.0,32.5
230,203,4.0,80.3,21,20.2,0.0,2019-08-21,20190821,8.3,25.6,2019,0.7,8,0.0,31.9
231,203,6.1,73.4,22,23.1,0.0,2019-08-22,20190822,6.1,26.4,2019,1.3,8,0.0,32.3
232,203,9.3,67.0,23,21.8,0.0,2019-08-23,20190823,5.8,25.5,2019,1.9,8,0.0,30.7
233,203,1.1,87.0,24,18.4,0.0,2019-08-24,20190824,7.0,21.6,2019,0.8,8,0.0,25.5
234,203,8.5,78.4,25,16.5,0.0,2019-08-25,20190825,4.4,23.0,2019,0.9,8,0.0,30.4
235,203,8.9,76.6,26,17.5,0.0,2019-08-26,20190826,4.3,24.2,2019,0.8,8,0.0,32.1
236,203,4.7,84.8,27,21.0,0.0,2019-08-27,20190827,8.0,23.7,2019,1.0,8,4.3,29.1
237,203,6.8,79.8,28,21.0,0.0,2019-08-28,20190828,5.9,24.2,2019,1.1,8,0.1,30.2
238,203,2.8,87.6,29,18.1,0.0,2019-08-29,20190829,6.6,22.0,2019,1.5,8,7.0,26.6
239,203,10.1,76.3,30,16.6,0.0,2019-08-30,20190830,5.3,21.8,2019,1.6,8,0.0,28.1
240,203,9.6,74.4,31,15.8,0.0,2019-08-31,20190831,4.4,22.2,2019,1.4,8,0.0,28.5
241,203,4.6,81.0,1,15.5,0.0,2019-09-01,20190901,7.6,21.6,2019,0.6,9,0.0,27.3
242,203,5.9,74.8,2,17.2,0.0,2019-09-02,20190902,6.8,23.1,2019,0.6,9,0.0,29.6
243,203,0.0,85.8,3,19.8,0.0,2019-09-03,20190903,10.0,21.9,2019,1.1,9,0.0,25.2
244,203,0.0,95.3,4,19.8,0.0,2019-09-04,20190904,9.8,22.0,2019,0.9,9,52.1,26.3
245,203,0.5,97.1,5,20.7,0.0,2019-09-05,20190905,9.5,22.4,2019,0.6,9,33.7,27.2
246,203,1.3,92.4,6,20.6,0.0,2019-09-06,20190906,10.0,24.5,2019,0.6,9,1.0,29.5
247,203,0.9,76.5,7,21.4,0.0,2019-09-07,20190907,7.8,26.1,2019,4.6,9,2.0,31.2
248,203,0.5,87.0,8,21.4,0.0,2019-09-08,20190908,9.3,24.1,2019,1.0,9,0.3,28.2
249,203,0.0,93.8,9,22.0,0.0,2019-09-09,20190909,9.9,23.6,2019,0.6,9,2.8,26.3
250,203,2.9,92.6,10,22.0,0.0,2019-09-10,20190910,7.1,24.5,2019,1.0,9,57.6,30.4
251,203,0.2,88.8,11,20.1,0.0,2019-09-11,20190911,7.8,22.9,2019,1.3,9,27.6,27.9
252,203,0.0,83.4,12,17.8,0.0,2019-09-12,20190912,8.5,20.0,2019,1.0,9,0.0,22.5
253,203,10.6,75.4,13,15.1,0.0,2019-09-13,20190913,2.5,21.4,2019,0.9,9,0.0,29.2
254,203,0.6,88.5,14,17.4,0.0,2019-09-14,20190914,8.8,21.0,2019,0.6,9,0.2,24.8
255,203,9.9,78.9,15,17.7,0.0,2019-09-15,20190915,5.5,23.2,2019,0.9,9,0.0,31.3
256,203,9.5,66.6,16,16.6,0.0,2019-09-16,20190916,4.4,22.5,2019,1.0,9,0.0,29.9
257,203,9.7,66.3,17,12.0,0.0,2019-09-17,20190917,5.4,20.6,2019,0.7,9,0.0,29.2
258,203,10.3,61.5,18,13.7,0.0,2019-09-18,20190918,0.9,20.8,2019,1.2,9,0.0,28.1
259,203,9.8,68.8,19,10.3,0.0,2019-09-19,20190919,4.0,18.2,2019,0.8,9,0.0,26.4
260,203,0.1,79.8,20,13.3,0.0,2019-09-20,20190920,9.1,18.0,2019,0.7,9,0.0,22.7
261,203,0.0,87.4,21,14.9,0.0,2019-09-21,20190921,9.9,16.9,2019,0.9,9,25.2,20.2
262,203,0.0,92.6,22,14.3,0.0,2019-09-22,20190922,10.0,15.8,2019,1.7,9,38.6,18.0
263,203,2.9,71.4,23,12.4,0.0,2019-09-23,20190923,5.9,17.5,2019,1.4,9,0.0,23.2
264,203,5.5,82.5,24,10.9,0.0,2019-09-24,20190924,4.9,15.8,2019,0.8,9,0.0,25.2
265,203,4.8,85.5,25,11.5,0.0,2019-09-25,20190925,7.4,17.2,2019,0.5,9,0.0,25.5
266,203,5.5,85.8,26,14.5,0.0,2019-09-26,20190926,8.3,19.2,2019,0.5,9,0.0,26.9
267,203,4.2,77.4,27,13.8,0.0,2019-09-27,20190927,9.0,19.8,2019,0.5,9,0.0,26.9
268,203,6.4,82.9,28,16.7,0.0,2019-09-28,20190928,3.6,21.3,2019,0.5,9,0.0,29.4
269,203,6.3,81.4,29,15.1,0.0,2019-09-29,20190929,1.9,20.2,2019,0.7,9,0.0,29.6
270,203,7.6,81.6,30,12.3,0.0,2019-09-30,20190930,3.6,18.8,2019,0.6,9,0.0,29.1
271,203,2.0,87.3,1,14.6,0.0,2019-10-01,20191001,7.4,20.4,2019,0.5,10,0.0,26.9
272,203,0.0,99.4,2,19.5,0.0,2019-10-02,20191002,10.0,20.3,2019,1.2,10,37.5,21.8
273,203,4.5,84.1,3,17.1,0.0,2019-10-03,20191003,6.1,21.3,2019,1.7,10,28.4,28.6
274,203,5.9,87.9,4,14.8,0.0,2019-10-04,20191004,4.9,20.2,2019,0.9,10,0.0,27.5
275,203,2.1,80.4,5,13.4,0.0,2019-10-05,20191005,7.9,18.2,2019,1.9,10,0.0,23.2
276,203,8.3,70.0,6,11.1,0.0,2019-10-06,20191006,5.4,16.3,2019,1.6,10,0.0,22.7
277,203,0.0,96.8,7,12.9,0.0,2019-10-07,20191007,7.6,14.1,2019,0.8,10,11.9,15.0
278,203,9.3,69.3,8,9.7,0.0,2019-10-08,20191008,3.7,14.4,2019,1.5,10,0.0,21.7
279,203,3.2,70.5,9,3.6,0.0,2019-10-09,20191009,1.1,11.4,2019,0.9,10,0.0,21.0
280,203,0.5,84.1,10,7.5,0.0,2019-10-10,20191010,8.6,12.2,2019,0.5,10,0.0,18.5
281,203,8.5,74.6,11,9.4,0.0,2019-10-11,20191011,3.0,16.7,2019,1.0,10,0.0,25.9
282,203,9.0,61.5,12,11.3,0.0,2019-10-12,20191012,1.8,17.0,2019,2.2,10,0.0,23.9
283,203,9.6,73.5,13,8.9,0.0,2019-10-13,20191013,3.6,15.2,2019,0.8,10,0.0,23.1
284,203,6.7,76.1,14,7.4,0.0,2019-10-14,20191014,3.5,13.2,2019,1.0,10,0.0,21.0
285,203,8.1,74.0,15,7.5,0.0,2019-10-15,20191015,4.0,13.1,2019,0.8,10,0.0,20.9
286,203,4.0,84.1,16,5.8,0.0,2019-10-16,20191016,8.3,11.8,2019,0.6,10,0.0,19.9
287,203,3.8,84.5,17,7.0,0.0,2019-10-17,20191017,6.9,12.3,2019,0.6,10,0.0,21.6
288,203,4.0,81.1,18,7.4,0.0,2019-10-18,20191018,5.6,13.9,2019,0.9,10,0.0,22.4
289,203,9.2,78.4,19,8.5,0.0,2019-10-19,20191019,0.8,14.6,2019,0.8,10,0.0,23.6
290,203,4.5,86.5,20,8.2,0.0,2019-10-20,20191020,5.0,12.9,2019,0.5,10,0.0,22.1
291,203,3.1,81.1,21,7.0,0.0,2019-10-21,20191021,4.6,13.5,2019,0.5,10,0.0,24.3
292,203,8.9,78.0,22,7.3,0.0,2019-10-22,20191022,3.0,14.6,2019,0.5,10,0.0,23.5
293,203,0.3,84.5,23,9.1,0.0,2019-10-23,20191023,8.8,13.8,2019,0.4,10,0.0,19.8
294,203,6.6,62.0,24,12.5,0.0,2019-10-24,20191024,5.9,17.2,2019,1.4,10,0.0,24.2
295,203,6.9,67.5,25,9.6,0.0,2019-10-25,20191025,6.0,16.1,2019,1.4,10,0.0,23.7
296,203,7.8,68.0,26,4.2,0.0,2019-10-26,20191026,3.8,10.0,2019,1.7,10,0.0,15.8
297,203,2.7,81.1,27,1.8,0.0,2019-10-27,20191027,2.5,7.7,2019,0.8,10,0.0,17.4
298,203,2.7,74.8,28,1.1,0.0,2019-10-28,20191028,6.8,10.2,2019,1.3,10,0.0,17.5
299,203,5.4,77.6,29,6.4,0.0,2019-10-29,20191029,3.0,11.7,2019,1.4,10,1.8,18.7
300,203,3.1,78.3,30,-0.1,0.0,2019-10-30,20191030,1.1,8.3,2019,1.0,10,0.0,17.5
301,203,7.5,82.9,31,2.2,0.0,2019-10-31,20191031,6.1,11.3,2019,1.1,10,0.0,19.5
302,203,6.1,81.4,1,7.3,0.0,2019-11-01,20191101,4.5,12.4,2019,0.8,11,0.0,21.0
303,203,3.0,87.4,2,3.5,0.0,2019-11-02,20191102,8.5,10.9,2019,0.5,11,0.0,17.8
304,203,4.5,80.6,3,8.2,0.0,2019-11-03,20191103,5.8,12.2,2019,0.9,11,0.0,21.7
305,203,8.7,75.8,4,5.0,0.0,2019-11-04,20191104,1.1,10.4,2019,0.8,11,0.0,19.0
306,203,5.3,80.0,5,1.9,0.0,2019-11-05,20191105,5.6,8.5,2019,0.9,11,0.0,17.7
307,203,5.2,78.1,6,1.3,0.0,2019-11-06,20191106,6.8,8.2,2019,0.8,11,0.0,15.7
308,203,8.6,64.1,7,0.7,0.0,2019-11-07,20191107,2.3,7.7,2019,1.3,11,0.0,16.5
309,203,8.7,57.5,8,-3.0,0.0,2019-11-08,20191108,0.0,4.7,2019,0.8,11,0.0,14.5
310,203,8.7,64.1,9,-2.7,0.0,2019-11-09,20191109,0.0,5.6,2019,0.7,11,0.0,16.1
311,203,2.3,80.8,10,-0.6,0.0,2019-11-10,20191110,6.6,5.7,2019,0.8,11,10.7,14.2
312,203,3.8,84.5,11,5.5,0.0,2019-11-11,20191111,3.4,9.3,2019,1.2,11,0.9,15.7
313,203,2.1,92.6,12,0.0,0.0,2019-11-12,20191112,5.9,5.2,2019,0.7,11,0.0,12.5
314,203,0.0,90.0,13,1.1,0.0,2019-11-13,20191113,8.4,5.1,2019,1.1,11,3.4,11.0
315,203,8.9,42.3,14,-3.2,0.0,2019-11-14,20191114,0.6,1.1,2019,1.8,11,0.0,6.4
316,203,0.4,90.6,15,-4.1,0.0,2019-11-15,20191115,8.3,2.8,2019,0.9,11,7.1,5.7
317,203,4.0,92.4,16,1.7,0.0,2019-11-16,20191116,3.3,6.8,2019,0.6,11,0.0,14.2
318,203,0.0,99.3,17,1.3,0.0,2019-11-17,20191117,10.0,6.2,2019,0.8,11,49.7,9.5
319,203,5.3,62.5,18,0.5,0.0,2019-11-18,20191118,6.6,6.0,2019,2.9,11,9.6,12.8
320,203,8.8,54.4,19,-2.7,0.0,2019-11-19,20191119,1.4,0.9,2019,1.7,11,0.0,5.8
321,203,8.8,54.5,20,-6.3,0.0,2019-11-20,20191120,0.3,0.2,2019,0.9,11,0.0,8.3
322,203,5.7,59.9,21,-5.6,0.0,2019-11-21,20191121,5.9,2.0,2019,0.7,11,0.0,8.2
323,203,8.6,60.8,22,-0.4,0.0,2019-11-22,20191122,3.6,6.8,2019,0.7,11,0.0,17.0
324,203,6.8,75.9,23,0.0,0.0,2019-11-23,20191123,7.1,7.5,2019,0.6,11,0.0,15.2
325,203,4.5,81.3,24,2.7,0.0,2019-11-24,20191124,7.1,9.4,2019,1.3,11,1.1,17.2
326,203,1.7,71.1,25,-1.0,0.0,2019-11-25,20191125,6.9,2.6,2019,1.5,11,0.0,6.6
327,203,7.4,74.5,26,-3.8,0.0,2019-11-26,20191126,1.5,5.3,2019,0.8,11,0.0,13.9
328,203,8.1,53.4,27,-0.9,0.0,2019-11-27,20191127,6.9,4.0,2019,1.7,11,0.0,9.0
329,203,7.6,65.4,28,-3.1,0.0,2019-11-28,20191128,2.1,3.3,2019,0.8,11,0.0,11.6
330,203,7.7,62.0,29,-5.6,0.0,2019-11-29,20191129,2.9,1.6,2019,0.9,11,0.0,9.0
331,203,6.9,59.4,30,-4.4,0.0,2019-11-30,20191130,7.5,3.4,2019,0.8,11,0.0,12.3
332,203,0.0,86.3,1,2.7,0.0,2019-12-01,20191201,8.1,4.3,2019,0.4,12,4.8,5.5
333,203,8.5,53.6,2,-2.8,0.0,2019-12-02,20191202,1.1,1.5,2019,2.1,12,0.0,5.8
334,203,3.1,88.9,3,-6.9,0.0,2019-12-03,20191203,5.6,-1.5,2019,0.5,12,0.8,1.9
335,203,3.9,79.1,4,-3.1,0.0,2019-12-04,20191204,4.0,1.9,2019,0.9,12,1.0,7.3
336,203,8.7,39.0,5,-7.3,0.0,2019-12-05,20191205,0.1,-2.2,2019,1.8,12,0.0,2.5
337,203,8.7,47.4,6,-12.2,0.0,2019-12-06,20191206,0.0,-5.5,2019,0.9,12,0.0,0.6
338,203,0.0,78.5,7,-9.4,0.0,2019-12-07,20191207,3.5,-5.0,2019,0.6,12,0.0,-1.5
339,203,6.5,85.6,8,-8.8,0.0,2019-12-08,20191208,2.6,-3.7,2019,0.4,12,0.0,4.0
340,203,2.0,81.9,9,-6.7,0.0,2019-12-09,20191209,5.1,-1.1,2019,0.4,12,0.0,4.5
341,203,0.7,90.3,10,-1.8,0.0,2019-12-10,20191210,7.8,3.8,2019,0.3,12,0.1,10.3
342,203,2.0,76.6,11,0.5,0.0,2019-12-11,20191211,5.0,3.7,2019,1.9,12,0.4,9.5
343,203,8.6,50.4,12,-4.3,0.0,2019-12-12,20191212,0.1,-0.2,2019,1.3,12,0.0,4.8
344,203,7.5,64.1,13,-7.5,0.0,2019-12-13,20191213,3.9,-0.2,2019,0.7,12,0.0,5.9
345,203,8.0,75.8,14,-1.0,0.0,2019-12-14,20191214,4.8,1.9,2019,1.0,12,2.3,7.3
346,203,7.3,80.8,15,-4.0,0.0,2019-12-15,20191215,4.0,2.3,2019,0.4,12,0.0,10.8
347,203,7.2,81.8,16,-2.4,0.0,2019-12-16,20191216,3.3,4.7,2019,0.3,12,0.0,12.7
348,203,0.0,94.9,17,4.4,0.0,2019-12-17,20191217,8.6,6.3,2019,0.7,12,3.6,9.1
349,203,2.5,80.4,18,-0.1,0.0,2019-12-18,20191218,6.9,1.9,2019,1.4,12,0.0,5.2
350,203,8.2,55.1,19,-2.9,0.0,2019-12-19,20191219,2.6,0.2,2019,1.4,12,0.0,5.2
351,203,8.0,58.8,20,-4.1,0.0,2019-12-20,20191220,1.8,-0.6,2019,1.2,12,0.0,4.6
352,203,1.9,81.9,21,-7.9,0.0,2019-12-21,20191221,6.7,-2.8,2019,0.6,12,0.0,1.3
353,203,3.7,82.4,22,-2.1,0.0,2019-12-22,20191222,6.6,1.6,2019,0.5,12,0.0,7.5
354,203,0.4,90.1,23,-1.1,0.0,2019-12-23,20191223,6.4,2.1,2019,0.7,12,1.7,6.5
355,203,0.0,100.0,24,-4.6,0.0,2019-12-24,20191224,7.9,-2.3,2019,0.6,12,0.0,-0.3
356,203,1.7,92.5,25,-4.0,0.0,2019-12-25,20191225,8.9,-0.8,2019,0.5,12,0.0,4.5
357,203,0.0,87.0,26,-0.9,0.0,2019-12-26,20191226,6.1,0.9,2019,0.9,12,2.2,3.1
358,203,8.3,60.8,27,-5.9,0.0,2019-12-27,20191227,0.0,-1.5,2019,1.4,12,0.0,4.1
359,203,6.8,76.1,28,-7.6,0.0,2019-12-28,20191228,0.3,-2.1,2019,0.6,12,0.0,5.1
360,203,0.0,88.8,29,-4.5,0.0,2019-12-29,20191229,8.6,0.1,2019,0.2,12,1.3,3.9
361,203,0.0,85.8,30,-3.7,0.0,2019-12-30,20191230,6.0,2.5,2019,1.5,12,0.8,6.5
362,203,8.6,49.5,31,-9.5,0.0,2019-12-31,20191231,1.1,-6.6,2019,1.9,12,0.0,-2.7
