,cloud,tavg,tmax,wind,month,year,day,station_id,Date,tmin,rainfall,humid,snow,date,sunshine
0,0.0,-3.5,0.8,1.5,1,2012,1,203,2012-01-01,-7.8,0.0,64.8,0.0,20120101,2.1
1,0.0,-6.4,-0.7,0.8,1,2012,2,203,2012-01-02,-12.8,0.0,71.0,0.0,20120102,6.7
2,0.0,-5.8,0.3,1.0,1,2012,3,203,2012-01-03,-11.5,1.1,74.1,0.0,20120103,3.7
3,0.0,-6.8,-2.3,1.6,1,2012,4,203,2012-01-04,-9.7,0.1,58.3,0.0,20120104,8.1
4,0.0,-7.3,-0.1,1.0,1,2012,5,203,2012-01-05,-14.6,0.0,59.6,0.0,20120105,8.4
5,0.0,-4.3,3.5,1.0,1,2012,6,203,2012-01-06,-10.4,0.0,57.0,0.0,20120106,7.9
6,0.0,-6.0,2.4,0.6,1,2012,7,203,2012-01-07,-13.7,0.0,61.1,0.0,20120107,8.6
7,0.0,-5.0,1.4,0.9,1,2012,8,203,2012-01-08,-11.8,0.0,64.8,0.0,20120108,4.3
8,0.0,-1.7,3.0,1.0,1,2012,9,203,2012-01-09,-5.0,0.0,71.6,0.0,20120109,3.0
9,0.0,-3.2,3.2,1.2,1,2012,10,203,2012-01-10,-9.3,0.0,64.0,0.0,20120110,8.4
10,0.0,-5.6,-1.2,1.6,1,2012,11,203,2012-01-11,-10.4,0.0,45.5,0.0,20120111,8.7
11,0.0,-6.9,-0.4,0.9,1,2012,12,203,2012-01-12,-15.6,0.0,70.0,0.0,20120112,6.0
12,0.0,-3.1,4.5,1.0,1,2012,13,203,2012-01-13,-8.8,0.0,60.4,0.0,20120113,4.1
13,0.0,-3.1,4.0,1.2,1,2012,14,203,2012-01-14,-12.1,0.0,50.5,0.0,20120114,8.8
14,0.0,-2.9,2.3,1.0,1,2012,15,203,2012-01-15,-8.8,0.0,52.8,0.0,20120115,5.5
15,0.0,-0.9,9.1,0.7,1,2012,16,203,2012-01-16,-9.1,0.0,61.4,0.0,20120116,8.8
16,0.0,1.6,8.6,0.9,1,2012,17,203,2012-01-17,-3.8,0.0,67.6,0.0,20120117,4.3
17,0.0,-1.1,6.2,0.6,1,2012,18,203,2012-01-18,-7.5,0.0,66.3,0.0,20120118,5.2
18,0.0,3.9,9.1,1.3,1,2012,19,203,2012-01-19,-2.4,0.5,68.6,0.0,20120119,0.0
19,0.0,4.6,9.0,1.7,1,2012,20,203,2012-01-20,1.6,0.5,68.8,0.0,20120120,0.2
20,0.0,2.1,5.1,0.9,1,2012,21,203,2012-01-21,0.2,0.5,77.0,0.0,20120121,0.0
21,0.0,-5.0,0.2,2.7,1,2012,22,203,2012-01-22,-9.8,0.0,39.5,0.0,20120122,8.7
22,0.0,-9.2,-3.9,1.8,1,2012,23,203,2012-01-23,-13.6,0.0,41.0,0.0,20120123,9.1
23,0.0,-8.0,-2.3,1.3,1,2012,24,203,2012-01-24,-14.8,0.0,41.8,0.0,20120124,8.9
24,0.0,-7.8,-3.6,2.0,1,2012,25,203,2012-01-25,-11.8,0.3,42.1,0.0,20120125,9.1
25,0.0,-5.7,2.7,1.0,1,2012,26,203,2012-01-26,-13.6,0.0,65.1,0.0,20120126,8.3
26,0.0,-3.2,0.8,0.6,1,2012,27,203,2012-01-27,-7.2,0.8,87.0,0.0,20120127,0.0
27,0.0,-1.9,4.4,0.9,1,2012,28,203,2012-01-28,-9.6,0.0,39.6,0.0,20120128,7.7
28,0.0,-2.5,3.6,1.6,1,2012,29,203,2012-01-29,-9.9,0.0,29.6,0.0,20120129,8.0
29,0.0,-4.8,1.8,2.0,1,2012,30,203,2012-01-30,-9.5,0.0,25.4,0.0,20120130,9.2
30,0.0,-5.7,0.8,1.8,1,2012,31,203,2012-01-31,-14.3,6.9,67.9,0.0,20120131,2.8
31,0.0,-11.3,-5.9,2.0,2,2012,1,203,2012-02-01,-15.6,0.0,53.0,0.0,20120201,9.2
32,0.0,-13.4,-7.7,1.6,2,2012,2,203,2012-02-02,-17.8,0.0,48.8,0.0,20120202,9.3
33,0.0,-12.3,-4.0,0.9,2,2012,3,203,2012-02-03,-22.8,0.0,64.5,0.0,20120203,9.2
34,0.0,-5.1,3.1,1.2,2,2012,4,203,2012-02-04,-12.8,0.0,56.4,0.0,20120204,7.3
35,0.0,-2.5,5.1,0.7,2,2012,5,203,2012-02-05,-6.9,0.0,51.3,0.0,20120205,8.2
36,0.0,-1.0,5.9,0.6,2,2012,6,203,2012-02-06,-7.9,0.0,58.3,0.0,20120206,3.0
37,0.0,-6.7,1.9,2.8,2,2012,7,203,2012-02-07,-11.7,0.0,40.6,0.0,20120207,9.4
38,0.0,-8.2,-2.5,1.7,2,2012,8,203,2012-02-08,-14.3,0.0,47.4,0.0,20120208,9.5
39,0.0,-4.9,1.0,1.5,2,2012,9,203,2012-02-09,-13.0,0.1,62.1,0.0,20120209,9.2
40,0.0,-3.7,2.9,1.6,2,2012,10,203,2012-02-10,-10.9,0.0,56.9,0.0,20120210,7.2
41,0.0,-4.4,2.7,1.7,2,2012,11,203,2012-02-11,-10.7,0.0,42.9,0.0,20120211,9.6
42,0.0,-1.6,6.0,0.8,2,2012,12,203,2012-02-12,-9.1,0.0,48.9,0.0,20120212,8.9
43,0.0,1.2,7.7,0.8,2,2012,13,203,2012-02-13,-3.3,0.0,52.4,0.0,20120213,2.4
44,0.0,2.5,10.1,1.4,2,2012,14,203,2012-02-14,-4.2,0.0,54.5,0.0,20120214,7.9
45,0.0,0.6,6.1,1.7,2,2012,15,203,2012-02-15,-3.2,0.0,35.8,0.0,20120215,6.9
46,0.0,-1.9,4.1,2.7,2,2012,16,203,2012-02-16,-6.2,0.0,30.0,0.0,20120216,9.7
47,0.0,-5.8,-1.7,2.8,2,2012,17,203,2012-02-17,-8.5,0.0,34.6,0.0,20120217,9.6
48,0.0,-6.9,-0.8,1.8,2,2012,18,203,2012-02-18,-13.6,0.0,44.8,0.0,20120218,9.9
49,0.0,-5.0,2.3,1.6,2,2012,19,203,2012-02-19,-13.5,0.0,40.4,0.0,20120219,10.1
50,0.0,-2.5,6.9,1.1,2,2012,20,203,2012-02-20,-12.1,0.0,54.5,0.0,20120220,9.7
51,0.0,-0.4,6.9,0.6,2,2012,21,203,2012-02-21,-7.3,0.0,61.0,0.0,20120221,3.5
52,0.0,2.8,12.0,1.2,2,2012,22,203,2012-02-22,-7.5,0.0,61.0,0.0,20120222,9.5
53,0.0,4.7,9.8,2.0,2,2012,23,203,2012-02-23,-1.7,0.0,62.9,0.0,20120223,6.0
54,0.0,3.0,10.2,1.3,2,2012,24,203,2012-02-24,-4.7,0.4,70.0,0.0,20120224,5.0
55,0.0,1.9,6.2,1.9,2,2012,25,203,2012-02-25,-1.4,0.0,61.6,0.0,20120225,1.5
56,0.0,-0.8,4.8,1.5,2,2012,26,203,2012-02-26,-4.4,0.0,39.3,0.0,20120226,5.1
57,0.0,-0.9,6.6,1.2,2,2012,27,203,2012-02-27,-8.8,0.0,34.9,0.0,20120227,10.1
58,0.0,-0.4,7.3,0.6,2,2012,28,203,2012-02-28,-7.9,0.0,49.5,0.0,20120228,2.5
59,0.0,4.1,13.5,1.0,2,2012,29,203,2012-02-29,-6.6,0.0,43.3,0.0,20120229,9.3
60,0.0,7.8,16.1,0.8,3,2012,1,203,2012-03-01,-0.3,0.0,30.8,0.0,20120301,8.0
61,0.0,5.4,7.9,1.7,3,2012,2,203,2012-03-02,3.4,0.4,60.5,0.0,20120302,0.9
62,0.0,5.8,11.8,1.9,3,2012,3,203,2012-03-03,1.5,0.0,56.8,0.0,20120303,6.2
63,0.0,4.9,10.0,2.1,3,2012,4,203,2012-03-04,-1.0,0.0,57.0,0.0,20120304,1.4
64,0.0,3.8,6.1,1.6,3,2012,5,203,2012-03-05,2.1,9.0,84.1,0.0,20120305,0.0
65,0.0,3.1,4.9,2.5,3,2012,6,203,2012-03-06,1.9,7.0,79.3,0.0,20120306,0.1
66,0.0,3.4,8.9,1.8,3,2012,7,203,2012-03-07,0.5,0.0,64.0,0.0,20120307,6.4
67,0.0,1.3,8.0,1.4,3,2012,8,203,2012-03-08,-3.4,0.0,55.5,0.0,20120308,3.1
68,0.0,2.8,10.0,1.0,3,2012,9,203,2012-03-09,-4.8,0.0,56.6,0.0,20120309,7.0
69,0.0,4.1,9.4,1.8,3,2012,10,203,2012-03-10,0.7,0.0,55.5,0.0,20120310,5.9
70,0.0,-1.4,2.2,3.6,3,2012,11,203,2012-03-11,-4.1,0.5,41.1,0.0,20120311,10.7
71,0.0,-1.4,4.4,2.6,3,2012,12,203,2012-03-12,-5.6,0.0,39.4,0.0,20120312,10.5
72,0.0,0.8,7.9,1.5,3,2012,13,203,2012-03-13,-7.2,0.0,55.4,0.0,20120313,10.2
73,0.0,2.7,7.4,2.0,3,2012,14,203,2012-03-14,-3.3,0.0,69.3,0.0,20120314,1.9
74,0.0,3.3,11.6,1.0,3,2012,15,203,2012-03-15,-4.9,0.0,56.1,0.0,20120315,8.1
75,0.0,6.1,12.7,1.2,3,2012,16,203,2012-03-16,0.8,6.5,63.6,0.0,20120316,0.2
76,0.0,9.8,15.6,1.3,3,2012,17,203,2012-03-17,5.9,4.5,81.5,0.0,20120317,4.3
77,0.0,7.6,14.2,2.2,3,2012,18,203,2012-03-18,2.3,0.0,70.3,0.0,20120318,8.6
78,0.0,3.2,8.9,1.7,3,2012,19,203,2012-03-19,-2.4,0.0,46.9,0.0,20120319,9.6
79,0.0,2.6,10.0,2.2,3,2012,20,203,2012-03-20,-4.2,0.0,38.5,0.0,20120320,10.6
80,0.0,4.5,11.9,2.0,3,2012,21,203,2012-03-21,-3.7,0.0,33.1,0.0,20120321,10.9
81,0.0,7.0,11.4,1.2,3,2012,22,203,2012-03-22,2.0,0.0,52.4,0.0,20120322,3.3
82,0.0,4.2,7.9,1.4,3,2012,23,203,2012-03-23,1.9,21.0,88.5,0.0,20120323,0.0
83,0.0,3.2,8.1,3.8,3,2012,24,203,2012-03-24,0.4,2.0,61.1,0.0,20120324,6.7
84,0.0,3.5,7.9,3.4,3,2012,25,203,2012-03-25,0.1,0.0,42.3,0.0,20120325,9.1
85,0.0,3.5,9.9,2.5,3,2012,26,203,2012-03-26,-2.3,0.0,38.0,0.0,20120326,11.3
86,0.0,5.6,14.2,1.6,3,2012,27,203,2012-03-27,-4.8,0.0,54.6,0.0,20120327,7.2
87,0.0,9.6,16.2,1.0,3,2012,28,203,2012-03-28,3.4,0.0,55.4,0.0,20120328,7.4
88,0.0,10.8,18.2,1.9,3,2012,29,203,2012-03-29,-0.3,0.0,58.4,0.0,20120329,6.9
89,0.0,10.2,14.4,2.2,3,2012,30,203,2012-03-30,6.0,6.0,76.6,0.0,20120330,0.0
90,0.0,5.8,10.8,2.9,3,2012,31,203,2012-03-31,1.5,0.0,39.4,0.0,20120331,10.7
91,0.0,4.5,11.4,1.8,4,2012,1,203,2012-04-01,-0.8,0.0,30.5,0.0,20120401,11.0
92,0.0,6.4,13.7,0.7,4,2012,2,203,2012-04-02,-1.8,22.0,65.4,0.0,20120402,1.9
93,0.0,5.5,9.1,3.1,4,2012,3,203,2012-04-03,2.0,48.0,68.9,0.0,20120403,3.6
94,0.0,7.3,15.3,3.3,4,2012,4,203,2012-04-04,0.6,0.0,60.5,0.0,20120404,10.4
95,0.0,6.6,12.9,3.2,4,2012,5,203,2012-04-05,1.5,0.0,45.8,0.0,20120405,11.8
96,0.0,5.5,11.2,3.0,4,2012,6,203,2012-04-06,0.3,0.0,44.3,0.0,20120406,10.8
97,0.0,6.4,13.9,1.5,4,2012,7,203,2012-04-07,-1.0,0.0,33.6,0.0,20120407,12.0
98,0.0,11.0,19.7,2.1,4,2012,8,203,2012-04-08,-0.4,0.0,49.3,0.0,20120408,10.9
99,0.0,16.4,23.9,1.6,4,2012,9,203,2012-04-09,12.0,0.0,52.1,0.0,20120409,9.2
100,0.0,12.2,17.6,0.4,4,2012,10,203,2012-04-10,7.9,6.5,78.5,0.0,20120410,0.0
101,0.0,12.0,17.8,2.0,4,2012,11,203,2012-04-11,6.8,1.5,79.9,0.0,20120411,3.9
102,0.0,9.0,15.4,2.0,4,2012,12,203,2012-04-12,2.4,0.0,48.5,0.0,20120412,6.3
103,0.0,9.7,16.2,1.2,4,2012,13,203,2012-04-13,4.6,0.0,52.3,0.0,20120413,0.9
104,0.0,11.4,20.3,1.4,4,2012,14,203,2012-04-14,3.1,0.0,62.0,0.0,20120414,9.0
105,0.0,14.3,24.4,0.7,4,2012,15,203,2012-04-15,5.2,0.0,50.1,0.0,20120415,10.3
106,0.0,12.5,20.4,2.1,4,2012,16,203,2012-04-16,6.1,0.0,56.9,0.0,20120416,11.4
107,0.0,12.9,20.9,0.7,4,2012,17,203,2012-04-17,3.2,0.0,47.3,0.0,20120417,11.5
108,0.0,14.4,22.2,0.4,4,2012,18,203,2012-04-18,4.9,0.0,41.9,0.0,20120418,7.4
109,0.0,15.5,24.6,1.1,4,2012,19,203,2012-04-19,7.8,0.0,45.4,0.0,20120419,7.5
110,0.0,17.0,23.1,2.0,4,2012,20,203,2012-04-20,11.8,0.0,47.5,0.0,20120420,7.6
111,0.0,11.1,14.0,2.0,4,2012,21,203,2012-04-21,9.9,48.5,79.1,0.0,20120421,0.0
112,0.0,10.1,12.2,2.3,4,2012,22,203,2012-04-22,8.5,6.0,87.9,0.0,20120422,0.0
113,0.0,12.5,16.7,0.7,4,2012,23,203,2012-04-23,9.2,0.0,81.6,0.0,20120423,0.0
114,0.0,17.4,27.3,0.2,4,2012,24,203,2012-04-24,9.3,0.0,62.9,0.0,20120424,7.5
115,0.0,14.0,19.9,1.3,4,2012,25,203,2012-04-25,12.1,27.5,77.8,0.0,20120425,0.0
116,0.0,12.0,17.8,3.3,4,2012,26,203,2012-04-26,7.9,0.5,50.9,0.0,20120426,12.0
117,0.0,14.0,24.3,1.5,4,2012,27,203,2012-04-27,2.8,0.0,42.5,0.0,20120427,12.2
118,0.0,16.5,25.3,0.9,4,2012,28,203,2012-04-28,6.8,0.0,47.3,0.0,20120428,10.7
119,0.0,17.7,25.1,0.3,4,2012,29,203,2012-04-29,9.7,0.0,59.1,0.0,20120429,6.8
120,0.0,19.7,27.7,1.6,4,2012,30,203,2012-04-30,10.3,0.0,52.4,0.0,20120430,12.6
121,0.0,20.2,26.4,0.2,5,2012,1,203,2012-05-01,12.2,0.0,61.1,0.0,20120501,2.3
122,0.0,22.1,29.7,1.0,5,2012,2,203,2012-05-02,16.8,0.0,55.0,0.0,20120502,10.3
123,0.0,18.2,25.1,1.4,5,2012,3,203,2012-05-03,13.1,2.0,62.1,0.0,20120503,9.3
124,0.0,19.0,28.1,1.5,5,2012,4,203,2012-05-04,10.5,0.0,54.3,0.0,20120504,12.5
125,0.0,18.5,26.7,2.2,5,2012,5,203,2012-05-05,12.0,0.0,41.8,0.0,20120505,12.2
126,0.0,17.4,24.7,1.8,5,2012,6,203,2012-05-06,9.5,0.0,37.0,0.0,20120506,12.3
127,0.0,17.1,26.6,0.8,5,2012,7,203,2012-05-07,6.9,0.0,44.1,0.0,20120507,11.1
128,0.0,18.4,26.5,0.4,5,2012,8,203,2012-05-08,9.7,0.0,43.6,0.0,20120508,6.2
129,0.0,19.0,28.5,0.4,5,2012,9,203,2012-05-09,10.2,0.0,56.9,0.0,20120509,8.9
130,0.0,18.5,26.2,0.8,5,2012,10,203,2012-05-10,11.5,0.0,57.0,0.0,20120510,10.4
131,0.0,15.0,19.0,1.0,5,2012,11,203,2012-05-11,12.0,0.0,63.6,0.0,20120511,0.9
132,0.0,16.9,22.7,0.6,5,2012,12,203,2012-05-12,10.7,0.0,58.4,0.0,20120512,8.3
133,0.0,18.8,25.1,0.7,5,2012,13,203,2012-05-13,13.8,0.0,58.8,0.0,20120513,8.3
134,0.0,15.4,17.6,0.2,5,2012,14,203,2012-05-14,14.6,15.0,86.5,0.0,20120514,0.0
135,0.0,17.5,23.5,1.3,5,2012,15,203,2012-05-15,12.3,0.1,64.5,0.0,20120515,10.7
136,0.0,16.9,23.1,1.1,5,2012,16,203,2012-05-16,10.8,0.0,57.3,0.0,20120516,6.2
137,0.0,14.2,21.0,0.6,5,2012,17,203,2012-05-17,10.1,6.5,74.0,0.0,20120517,6.5
138,0.0,15.8,24.4,0.5,5,2012,18,203,2012-05-18,9.2,0.0,64.4,0.0,20120518,8.2
139,0.0,17.9,26.4,0.3,5,2012,19,203,2012-05-19,8.7,0.0,50.1,0.0,20120519,11.8
140,0.0,19.6,29.6,0.3,5,2012,20,203,2012-05-20,10.0,0.0,54.9,0.0,20120520,12.5
141,0.0,20.2,28.8,0.2,5,2012,21,203,2012-05-21,12.1,0.0,52.1,0.0,20120521,12.6
142,0.0,21.3,29.4,0.3,5,2012,22,203,2012-05-22,11.8,0.0,46.8,0.0,20120522,12.8
143,0.0,21.5,29.0,0.7,5,2012,23,203,2012-05-23,14.6,0.0,44.9,0.0,20120523,10.9
144,0.0,19.5,24.8,0.2,5,2012,24,203,2012-05-24,13.5,0.0,54.1,0.0,20120524,4.1
145,0.0,20.4,28.0,0.8,5,2012,25,203,2012-05-25,13.7,0.0,46.8,0.0,20120525,11.1
146,0.0,18.6,26.5,0.3,5,2012,26,203,2012-05-26,9.5,0.0,50.3,0.0,20120526,9.2
147,0.0,19.0,25.8,0.6,5,2012,27,203,2012-05-27,12.5,0.4,61.5,0.0,20120527,7.3
148,0.0,18.5,24.8,0.3,5,2012,28,203,2012-05-28,13.6,9.5,79.4,0.0,20120528,4.0
149,0.0,20.6,26.3,0.3,5,2012,29,203,2012-05-29,16.4,0.0,58.3,0.0,20120529,5.6
150,0.0,17.3,20.8,0.6,5,2012,30,203,2012-05-30,14.2,1.0,76.6,0.0,20120530,0.0
151,0.0,19.2,26.2,0.3,5,2012,31,203,2012-05-31,13.2,0.2,68.8,0.0,20120531,7.8
152,0.0,19.7,26.7,0.1,6,2012,1,203,2012-06-01,12.8,0.0,62.8,0.0,20120601,7.1
153,0.0,21.8,28.6,0.5,6,2012,2,203,2012-06-02,15.5,0.0,56.0,0.0,20120602,9.0
154,0.0,21.9,29.5,0.3,6,2012,3,203,2012-06-03,13.9,0.0,51.6,0.0,20120603,12.2
155,0.0,22.8,29.8,0.6,6,2012,4,203,2012-06-04,14.3,0.0,48.8,0.0,20120604,11.5
156,0.0,23.1,29.3,1.2,6,2012,5,203,2012-06-05,19.2,0.0,57.4,0.0,20120605,9.9
157,0.0,23.0,29.5,0.7,6,2012,6,203,2012-06-06,18.4,0.0,63.4,0.0,20120606,7.7
158,0.0,23.3,30.0,0.8,6,2012,7,203,2012-06-07,17.2,0.0,64.4,0.0,20120607,7.6
159,0.0,21.4,27.6,1.2,6,2012,8,203,2012-06-08,16.9,0.0,70.9,0.0,20120608,1.0
160,0.0,23.0,29.8,0.9,6,2012,9,203,2012-06-09,16.2,0.0,65.1,0.0,20120609,8.0
161,0.0,24.0,30.2,1.3,6,2012,10,203,2012-06-10,18.2,0.0,63.1,0.0,20120610,7.7
162,0.0,22.8,27.3,1.0,6,2012,11,203,2012-06-11,18.9,0.0,67.5,0.0,20120611,1.0
163,0.0,21.8,30.7,1.3,6,2012,12,203,2012-06-12,17.2,0.4,68.3,0.0,20120612,8.3
164,0.0,22.2,28.5,1.2,6,2012,13,203,2012-06-13,16.2,0.0,63.5,0.0,20120613,7.1
165,0.0,23.0,29.6,2.2,6,2012,14,203,2012-06-14,16.3,0.0,56.3,0.0,20120614,11.7
166,0.0,21.4,25.3,1.9,6,2012,15,203,2012-06-15,17.9,0.0,64.6,0.0,20120615,2.9
167,0.0,23.3,30.9,1.4,6,2012,16,203,2012-06-16,16.8,0.0,62.9,0.0,20120616,12.4
168,0.0,24.2,31.0,1.4,6,2012,17,203,2012-06-17,17.6,0.0,51.5,0.0,20120617,12.5
169,0.0,23.9,31.3,1.0,6,2012,18,203,2012-06-18,17.0,0.0,52.6,0.0,20120618,6.6
170,0.0,25.1,34.0,1.4,6,2012,19,203,2012-06-19,18.7,0.0,51.9,0.0,20120619,10.3
171,0.0,23.2,31.5,1.2,6,2012,20,203,2012-06-20,17.1,10.0,63.8,0.0,20120620,10.1
172,0.0,25.0,33.2,1.0,6,2012,21,203,2012-06-21,17.5,0.0,59.8,0.0,20120621,12.0
173,0.0,24.4,30.8,1.3,6,2012,22,203,2012-06-22,18.9,0.0,61.0,0.0,20120622,5.7
174,0.0,25.8,32.4,1.0,6,2012,23,203,2012-06-23,19.1,0.0,61.4,0.0,20120623,9.1
175,0.0,25.0,30.3,1.3,6,2012,24,203,2012-06-24,20.4,0.0,63.0,0.0,20120624,2.8
176,0.0,23.3,31.0,2.0,6,2012,25,203,2012-06-25,16.8,0.0,53.9,0.0,20120625,9.9
177,0.0,22.7,29.4,2.2,6,2012,26,203,2012-06-26,17.2,0.0,53.9,0.0,20120626,12.3
178,0.0,22.7,29.5,2.5,6,2012,27,203,2012-06-27,17.0,0.0,56.1,0.0,20120627,11.1
179,0.0,23.7,29.4,0.9,6,2012,28,203,2012-06-28,17.0,0.0,59.5,0.0,20120628,4.6
180,0.0,25.6,33.1,1.5,6,2012,29,203,2012-06-29,19.8,7.5,60.1,0.0,20120629,6.2
181,0.0,22.4,24.7,2.2,6,2012,30,203,2012-06-30,20.7,66.5,86.3,0.0,20120630,0.0
182,0.0,23.2,28.2,1.7,7,2012,1,203,2012-07-01,20.5,0.0,74.9,0.0,20120701,5.5
183,0.0,24.1,29.4,1.0,7,2012,2,203,2012-07-02,20.0,0.0,67.0,0.0,20120702,6.3
184,0.0,24.3,29.4,1.1,7,2012,3,203,2012-07-03,17.9,0.1,71.1,0.0,20120703,6.8
185,0.0,25.8,30.9,1.5,7,2012,4,203,2012-07-04,22.6,0.0,71.8,0.0,20120704,5.6
186,0.0,23.4,26.7,1.3,7,2012,5,203,2012-07-05,21.5,13.5,83.4,0.0,20120705,0.0
187,0.0,20.5,21.6,1.8,7,2012,6,203,2012-07-06,19.0,247.5,89.9,0.0,20120706,0.0
188,0.0,24.0,31.1,0.9,7,2012,7,203,2012-07-07,17.0,0.0,66.9,0.0,20120707,13.1
189,0.0,24.9,32.6,1.2,7,2012,8,203,2012-07-08,18.6,0.0,67.5,0.0,20120708,11.2
190,0.0,26.1,32.5,0.8,7,2012,9,203,2012-07-09,18.8,0.0,66.0,0.0,20120709,10.1
191,0.0,24.9,29.4,1.3,7,2012,10,203,2012-07-10,20.9,1.5,72.4,0.0,20120710,1.7
192,0.0,23.7,28.7,1.2,7,2012,11,203,2012-07-11,20.5,9.5,81.8,0.0,20120711,2.3
193,0.0,25.2,29.4,1.2,7,2012,12,203,2012-07-12,20.1,0.0,70.4,0.0,20120712,5.5
194,0.0,26.1,30.4,1.5,7,2012,13,203,2012-07-13,22.0,13.0,74.4,0.0,20120713,6.5
195,0.0,22.7,24.9,1.4,7,2012,14,203,2012-07-14,20.0,3.0,82.6,0.0,20120714,0.0
196,0.0,20.0,21.2,1.6,7,2012,15,203,2012-07-15,18.7,90.5,89.8,0.0,20120715,0.0
197,0.0,21.9,25.9,0.9,7,2012,16,203,2012-07-16,19.6,0.2,80.0,0.0,20120716,0.4
198,0.0,24.0,29.2,0.8,7,2012,17,203,2012-07-17,20.1,0.1,81.1,0.0,20120717,1.3
199,0.0,26.0,30.4,1.1,7,2012,18,203,2012-07-18,22.3,2.5,79.4,0.0,20120718,1.5
200,0.0,24.7,27.9,2.9,7,2012,19,203,2012-07-19,23.1,72.5,80.1,0.0,20120719,4.1
201,0.0,26.0,30.7,0.9,7,2012,20,203,2012-07-20,22.6,0.2,74.3,0.0,20120720,5.7
202,0.0,27.2,33.8,0.6,7,2012,21,203,2012-07-21,22.6,0.0,71.5,0.0,20120721,9.4
203,0.0,24.9,30.1,1.1,7,2012,22,203,2012-07-22,22.9,30.5,84.9,0.0,20120722,2.8
204,0.0,26.8,31.4,1.1,7,2012,23,203,2012-07-23,23.0,0.0,77.3,0.0,20120723,2.3
205,0.0,28.0,34.0,1.1,7,2012,24,203,2012-07-24,24.0,0.0,68.4,0.0,20120724,11.2
206,0.0,27.4,33.7,1.0,7,2012,25,203,2012-07-25,22.3,0.0,70.3,0.0,20120725,9.4
207,0.0,27.4,33.9,1.0,7,2012,26,203,2012-07-26,21.8,0.0,69.1,0.0,20120726,10.7
208,0.0,27.3,33.2,1.2,7,2012,27,203,2012-07-27,21.8,0.0,68.5,0.0,20120727,11.9
209,0.0,27.5,33.7,0.9,7,2012,28,203,2012-07-28,21.8,0.0,70.6,0.0,20120728,9.2
210,0.0,28.2,34.4,1.4,7,2012,29,203,2012-07-29,22.4,0.0,69.0,0.0,20120729,10.8
211,0.0,28.2,34.2,1.5,7,2012,30,203,2012-07-30,23.3,0.0,70.4,0.0,20120730,8.5
212,0.0,28.5,34.5,0.8,7,2012,31,203,2012-07-31,24.2,0.0,71.3,0.0,20120731,7.5
213,0.0,29.2,36.2,0.8,8,2012,1,203,2012-08-01,23.8,0.0,68.5,0.0,20120801,11.0
214,0.0,29.5,35.4,1.8,8,2012,2,203,2012-08-02,23.6,0.0,60.3,0.0,20120802,12.8
215,0.0,29.4,35.5,1.7,8,2012,3,203,2012-08-03,23.9,0.0,63.3,0.0,20120803,12.1
216,0.0,29.4,36.6,0.8,8,2012,4,203,2012-08-04,23.2,0.0,64.6,0.0,20120804,12.8
217,0.0,29.8,37.7,0.6,8,2012,5,203,2012-08-05,23.1,0.0,64.4,0.0,20120805,13.0
218,0.0,30.0,36.9,0.9,8,2012,6,203,2012-08-06,24.1,0.0,63.3,0.0,20120806,12.4
219,0.0,28.9,35.9,1.2,8,2012,7,203,2012-08-07,23.4,0.0,58.0,0.0,20120807,11.1
220,0.0,27.6,33.8,1.0,8,2012,8,203,2012-08-08,21.0,0.0,60.1,0.0,20120808,12.5
221,0.0,27.7,32.8,1.0,8,2012,9,203,2012-08-09,22.9,0.0,69.9,0.0,20120809,5.2
222,0.0,25.0,28.6,0.7,8,2012,10,203,2012-08-10,22.3,1.5,81.5,0.0,20120810,0.3
223,0.0,26.5,32.4,0.6,8,2012,11,203,2012-08-11,22.0,0.0,73.3,0.0,20120811,5.9
224,0.0,23.7,26.8,1.0,8,2012,12,203,2012-08-12,20.7,71.5,88.4,0.0,20120812,0.0
225,0.0,24.8,30.8,0.8,8,2012,13,203,2012-08-13,20.7,1.0,75.8,0.0,20120813,4.9
226,0.0,25.7,31.1,1.9,8,2012,14,203,2012-08-14,20.2,0.5,67.9,0.0,20120814,8.1
227,0.0,24.5,27.9,2.3,8,2012,15,203,2012-08-15,22.9,57.5,84.8,0.0,20120815,0.0
228,0.0,24.2,27.7,0.6,8,2012,16,203,2012-08-16,22.2,0.0,84.1,0.0,20120816,0.2
229,0.0,26.2,32.8,0.8,8,2012,17,203,2012-08-17,22.8,6.0,80.3,0.0,20120817,7.6
230,0.0,26.9,30.3,0.8,8,2012,18,203,2012-08-18,23.4,0.5,83.0,0.0,20120818,1.2
231,0.0,28.1,32.5,1.8,8,2012,19,203,2012-08-19,25.4,0.1,76.1,0.0,20120819,4.2
232,0.0,25.9,29.4,1.8,8,2012,20,203,2012-08-20,24.8,51.5,86.6,0.0,20120820,0.0
233,0.0,24.9,30.6,1.0,8,2012,21,203,2012-08-21,23.8,21.5,87.4,0.0,20120821,0.7
234,0.0,22.2,24.2,1.0,8,2012,22,203,2012-08-22,20.2,21.0,87.1,0.0,20120822,0.0
235,0.0,21.4,25.5,1.1,8,2012,23,203,2012-08-23,19.6,1.5,84.3,0.0,20120823,0.8
236,0.0,22.2,26.1,1.1,8,2012,24,203,2012-08-24,18.8,2.5,82.3,0.0,20120824,0.0
237,0.0,24.6,31.5,1.0,8,2012,25,203,2012-08-25,21.3,2.5,82.9,0.0,20120825,3.6
238,0.0,27.0,34.2,0.7,8,2012,26,203,2012-08-26,22.6,1.0,79.0,0.0,20120826,8.9
239,0.0,26.6,32.9,1.4,8,2012,27,203,2012-08-27,21.1,0.0,71.1,0.0,20120827,8.4
240,0.0,26.8,29.8,5.5,8,2012,28,203,2012-08-28,22.2,2.5,66.0,0.0,20120828,0.0
241,0.0,25.8,31.0,2.6,8,2012,29,203,2012-08-29,22.1,2.5,71.5,0.0,20120829,8.7
242,0.0,20.3,23.3,1.8,8,2012,30,203,2012-08-30,18.3,107.0,87.9,0.0,20120830,0.0
243,0.0,23.4,29.9,1.6,8,2012,31,203,2012-08-31,18.3,0.0,67.5,0.0,20120831,11.6
244,0.0,23.1,29.8,0.8,9,2012,1,203,2012-09-01,19.9,0.0,77.8,0.0,20120901,5.6
245,0.0,23.2,29.8,0.6,9,2012,2,203,2012-09-02,17.7,0.0,77.4,0.0,20120902,8.6
246,0.0,24.8,31.1,0.7,9,2012,3,203,2012-09-03,20.1,0.0,73.5,0.0,20120903,7.2
247,0.0,21.0,24.3,1.1,9,2012,4,203,2012-09-04,19.0,100.5,88.0,0.0,20120904,0.5
248,0.0,21.4,27.5,1.3,9,2012,5,203,2012-09-05,15.0,6.5,71.0,0.0,20120905,9.6
249,0.0,18.9,27.8,0.8,9,2012,6,203,2012-09-06,12.2,0.0,71.4,0.0,20120906,9.8
250,0.0,20.1,27.7,0.8,9,2012,7,203,2012-09-07,13.1,7.0,77.1,0.0,20120907,6.7
251,0.0,21.0,25.1,2.4,9,2012,8,203,2012-09-08,17.4,23.0,72.0,0.0,20120908,6.2
252,0.0,19.4,25.0,0.7,9,2012,9,203,2012-09-09,16.1,0.0,78.3,0.0,20120909,1.9
253,0.0,21.1,28.7,0.8,9,2012,10,203,2012-09-10,16.6,0.0,74.5,0.0,20120910,8.0
254,0.0,20.1,28.3,0.8,9,2012,11,203,2012-09-11,14.1,0.0,71.0,0.0,20120911,10.5
255,0.0,19.6,26.3,0.6,9,2012,12,203,2012-09-12,15.0,0.5,82.6,0.0,20120912,2.4
256,0.0,19.5,20.7,0.5,9,2012,13,203,2012-09-13,18.3,8.0,90.0,0.0,20120913,0.0
257,0.0,18.9,23.5,0.6,9,2012,14,203,2012-09-14,16.0,3.5,80.9,0.0,20120914,0.3
258,0.0,19.5,25.4,0.9,9,2012,15,203,2012-09-15,15.3,0.0,74.1,0.0,20120915,4.3
259,0.0,17.8,20.2,1.7,9,2012,16,203,2012-09-16,16.7,7.0,76.4,0.0,20120916,0.0
260,0.0,17.2,18.7,2.6,9,2012,17,203,2012-09-17,16.2,53.5,86.0,0.0,20120917,0.0
261,0.0,20.6,25.7,1.8,9,2012,18,203,2012-09-18,17.3,0.5,73.9,0.0,20120918,8.3
262,0.0,17.6,24.2,0.9,9,2012,19,203,2012-09-19,13.9,3.0,82.6,0.0,20120919,3.7
263,0.0,18.1,26.1,0.6,9,2012,20,203,2012-09-20,12.2,0.0,78.4,0.0,20120920,5.5
264,0.0,18.4,25.2,0.8,9,2012,21,203,2012-09-21,14.5,0.0,80.4,0.0,20120921,3.8
265,0.0,18.3,26.3,0.7,9,2012,22,203,2012-09-22,14.4,0.0,80.3,0.0,20120922,5.4
266,0.0,18.9,27.5,0.7,9,2012,23,203,2012-09-23,12.9,0.0,70.1,0.0,20120923,9.1
267,0.0,18.2,28.0,0.6,9,2012,24,203,2012-09-24,11.4,0.0,66.8,0.0,20120924,10.4
268,0.0,18.6,27.6,0.7,9,2012,25,203,2012-09-25,11.4,0.0,68.0,0.0,20120925,9.5
269,0.0,18.2,25.7,0.6,9,2012,26,203,2012-09-26,12.0,0.0,76.9,0.0,20120926,6.3
270,0.0,17.5,22.9,0.6,9,2012,27,203,2012-09-27,14.2,0.0,79.6,0.0,20120927,0.7
271,0.0,17.0,24.1,1.2,9,2012,28,203,2012-09-28,12.0,0.5,78.5,0.0,20120928,4.6
272,0.0,15.4,21.0,1.5,9,2012,29,203,2012-09-29,9.9,0.1,68.0,0.0,20120929,7.0
273,0.0,14.1,22.5,0.8,9,2012,30,203,2012-09-30,8.0,0.0,74.3,0.0,20120930,6.9
274,0.0,14.9,25.3,0.6,10,2012,1,203,2012-10-01,8.1,0.0,72.1,0.0,20121001,7.7
275,0.0,16.6,26.3,0.5,10,2012,2,203,2012-10-02,9.5,0.0,72.0,0.0,20121002,8.8
276,0.0,16.9,25.7,0.6,10,2012,3,203,2012-10-03,10.6,0.0,71.8,0.0,20121003,8.9
277,0.0,16.5,25.0,0.7,10,2012,4,203,2012-10-04,8.0,0.0,70.4,0.0,20121004,9.1
278,0.0,15.9,22.8,0.6,10,2012,5,203,2012-10-05,10.7,0.0,80.1,0.0,20121005,2.5
279,0.0,16.9,25.1,0.7,10,2012,6,203,2012-10-06,11.9,0.0,73.6,0.0,20121006,6.5
280,0.0,16.2,25.5,0.6,10,2012,7,203,2012-10-07,8.9,0.0,69.3,0.0,20121007,9.8
281,0.0,14.9,23.7,0.7,10,2012,8,203,2012-10-08,9.2,0.0,70.3,0.0,20121008,9.9
282,0.0,13.5,21.5,0.7,10,2012,9,203,2012-10-09,7.1,0.0,76.8,0.0,20121009,4.8
283,0.0,13.0,19.3,0.9,10,2012,10,203,2012-10-10,8.6,0.5,81.1,0.0,20121010,2.5
284,0.0,11.1,19.8,1.0,10,2012,11,203,2012-10-11,3.7,0.0,69.4,0.0,20121011,8.7
285,0.0,10.6,21.6,0.7,10,2012,12,203,2012-10-12,2.9,0.0,71.6,0.0,20121012,7.9
286,0.0,12.3,22.4,0.6,10,2012,13,203,2012-10-13,5.4,0.0,69.8,0.0,20121013,8.9
287,0.0,12.6,23.1,0.8,10,2012,14,203,2012-10-14,5.6,0.0,61.8,0.0,20121014,5.6
288,0.0,11.0,21.4,0.9,10,2012,15,203,2012-10-15,2.4,0.0,58.3,0.0,20121015,9.8
289,0.0,14.1,23.6,1.0,10,2012,16,203,2012-10-16,3.0,0.0,62.4,0.0,20121016,9.6
290,0.0,12.1,15.9,1.9,10,2012,17,203,2012-10-17,5.8,2.5,59.3,0.0,20121017,5.5
291,0.0,8.6,17.6,1.1,10,2012,18,203,2012-10-18,-0.5,0.0,56.6,0.0,20121018,10.0
292,0.0,11.0,20.3,0.8,10,2012,19,203,2012-10-19,3.2,0.0,63.4,0.0,20121019,8.9
293,0.0,13.1,22.0,1.1,10,2012,20,203,2012-10-20,3.5,0.0,68.5,0.0,20121020,7.6
294,0.0,15.4,23.6,0.8,10,2012,21,203,2012-10-21,10.6,0.0,72.0,0.0,20121021,6.9
295,0.0,11.8,16.5,1.9,10,2012,22,203,2012-10-22,8.9,28.5,81.3,0.0,20121022,0.0
296,0.0,9.2,14.5,2.0,10,2012,23,203,2012-10-23,3.5,0.0,51.5,0.0,20121023,10.0
297,0.0,10.3,17.9,1.0,10,2012,24,203,2012-10-24,4.6,0.0,71.8,0.0,20121024,6.0
298,0.0,11.5,19.2,0.6,10,2012,25,203,2012-10-25,5.8,0.0,79.1,0.0,20121025,4.7
299,0.0,11.2,21.3,0.5,10,2012,26,203,2012-10-26,7.1,0.0,81.8,0.0,20121026,4.6
300,0.0,12.1,15.8,0.9,10,2012,27,203,2012-10-27,8.0,31.5,89.4,0.0,20121027,0.0
301,0.0,14.4,19.5,2.0,10,2012,28,203,2012-10-28,8.6,0.0,64.0,0.0,20121028,9.0
302,0.0,9.4,16.3,0.8,10,2012,29,203,2012-10-29,3.5,0.0,74.9,0.0,20121029,5.0
303,0.0,8.9,14.5,1.4,10,2012,30,203,2012-10-30,3.9,0.0,57.1,0.0,20121030,9.4
304,0.0,5.5,12.5,1.1,10,2012,31,203,2012-10-31,-1.7,0.5,68.3,0.0,20121031,4.9
305,0.0,5.0,10.5,2.0,11,2012,1,203,2012-11-01,-0.1,0.0,45.4,0.0,20121101,9.5
306,0.0,3.7,12.8,0.8,11,2012,2,203,2012-11-02,-3.6,0.0,58.8,0.0,20121102,9.6
307,0.0,5.6,16.1,0.5,11,2012,3,203,2012-11-03,-2.3,0.0,60.8,0.0,20121103,9.5
308,0.0,9.6,15.0,1.6,11,2012,4,203,2012-11-04,1.3,4.0,69.0,0.0,20121104,2.5
309,0.0,8.2,11.9,1.0,11,2012,5,203,2012-11-05,4.2,4.5,87.5,0.0,20121105,1.0
310,0.0,7.2,9.5,1.2,11,2012,6,203,2012-11-06,4.4,5.0,81.1,0.0,20121106,0.4
311,0.0,7.1,13.7,1.3,11,2012,7,203,2012-11-07,2.8,0.0,74.0,0.0,20121107,6.3
312,0.0,5.6,9.6,0.6,11,2012,8,203,2012-11-08,2.2,0.0,86.4,0.0,20121108,0.0
313,0.0,5.8,14.4,0.6,11,2012,9,203,2012-11-09,2.7,0.0,83.5,0.0,20121109,3.7
314,0.0,9.2,15.1,1.9,11,2012,10,203,2012-11-10,1.9,0.0,63.5,0.0,20121110,8.7
315,0.0,8.2,13.0,2.9,11,2012,11,203,2012-11-11,3.8,22.0,77.8,0.0,20121111,0.6
316,0.0,7.1,8.5,3.1,11,2012,12,203,2012-11-12,5.3,4.5,73.9,0.0,20121112,0.2
317,0.0,5.0,9.6,2.6,11,2012,13,203,2012-11-13,2.2,4.0,69.4,0.0,20121113,4.6
318,0.0,2.6,7.8,2.2,11,2012,14,203,2012-11-14,-0.1,0.0,56.1,0.0,20121114,9.1
319,0.0,2.5,10.7,0.8,11,2012,15,203,2012-11-15,-3.7,0.0,64.1,0.0,20121115,9.1
320,0.0,1.2,4.3,0.5,11,2012,16,203,2012-11-16,-4.0,4.0,84.4,0.0,20121116,1.2
321,0.0,5.2,9.1,1.8,11,2012,17,203,2012-11-17,1.7,0.5,62.8,0.0,20121117,7.6
322,0.0,2.0,9.6,0.8,11,2012,18,203,2012-11-18,-4.3,0.0,58.6,0.0,20121118,9.2
323,0.0,1.9,9.4,1.7,11,2012,19,203,2012-11-19,-2.3,3.0,71.8,0.0,20121119,3.3
324,0.0,1.0,7.4,1.3,11,2012,20,203,2012-11-20,-3.5,0.0,58.1,0.0,20121120,8.5
325,0.0,0.5,7.3,0.6,11,2012,21,203,2012-11-21,-5.1,0.0,73.0,0.0,20121121,6.2
326,0.0,3.8,10.2,0.7,11,2012,22,203,2012-11-22,-3.1,0.0,73.5,0.0,20121122,6.7
327,0.0,4.1,7.3,1.6,11,2012,23,203,2012-11-23,1.4,0.0,64.9,0.0,20121123,3.1
328,0.0,1.1,8.2,1.3,11,2012,24,203,2012-11-24,-4.4,0.0,55.8,0.0,20121124,8.7
329,0.0,0.7,6.8,0.6,11,2012,25,203,2012-11-25,-5.8,1.0,68.1,0.0,20121125,5.9
330,0.0,1.7,6.6,2.1,11,2012,26,203,2012-11-26,-3.2,0.5,58.5,0.0,20121126,6.7
331,0.0,-0.6,6.3,0.8,11,2012,27,203,2012-11-27,-6.9,0.0,53.4,0.0,20121127,9.0
332,0.0,3.2,9.3,1.6,11,2012,28,203,2012-11-28,-2.7,4.5,65.5,0.0,20121128,0.8
333,0.0,0.3,5.8,1.3,11,2012,29,203,2012-11-29,-3.7,0.0,44.8,0.0,20121129,7.4
334,0.0,0.7,7.0,1.1,11,2012,30,203,2012-11-30,-5.0,0.0,58.3,0.0,20121130,7.9
335,0.0,-2.0,4.6,1.1,12,2012,1,203,2012-12-01,-7.4,0.0,56.6,0.0,20121201,8.9
336,0.0,1.3,8.1,1.0,12,2012,2,203,2012-12-02,-3.1,0.0,66.4,0.0,20121202,6.9
337,0.0,-0.2,4.4,1.7,12,2012,3,203,2012-12-03,-4.0,5.5,79.5,0.0,20121203,0.0
338,0.0,-2.8,1.7,2.4,12,2012,4,203,2012-12-04,-5.3,0.0,49.4,0.0,20121204,8.9
339,0.0,-4.0,0.4,1.4,12,2012,5,203,2012-12-05,-8.2,6.0,75.1,0.0,20121205,2.7
340,0.0,-7.2,-4.0,1.8,12,2012,6,203,2012-12-06,-11.3,0.0,55.0,0.0,20121206,7.3
341,0.0,-6.0,-2.3,0.9,12,2012,7,203,2012-12-07,-11.4,2.5,83.8,0.0,20121207,0.0
342,0.0,-7.8,-2.6,1.8,12,2012,8,203,2012-12-08,-12.2,0.0,50.8,0.0,20121208,8.7
343,0.0,-11.0,-5.2,1.5,12,2012,9,203,2012-12-09,-14.9,0.0,55.5,0.0,20121209,7.5
344,0.0,-10.7,-2.6,0.7,12,2012,10,203,2012-12-10,-19.1,0.0,65.4,0.0,20121210,8.7
345,0.0,-11.1,-2.3,0.5,12,2012,11,203,2012-12-11,-18.3,0.0,69.6,0.0,20121211,8.5
346,0.0,-9.8,-1.0,0.4,12,2012,12,203,2012-12-12,-17.5,0.0,74.5,0.0,20121212,7.8
347,0.0,-7.5,1.6,0.4,12,2012,13,203,2012-12-13,-16.7,0.0,69.3,0.0,20121213,7.7
348,0.0,-0.4,2.9,0.7,12,2012,14,203,2012-12-14,-5.7,21.0,87.1,0.0,20121214,0.0
349,0.0,3.5,8.1,0.8,12,2012,15,203,2012-12-15,-1.3,0.5,86.3,0.0,20121215,1.4
350,0.0,-0.2,3.5,0.5,12,2012,16,203,2012-12-16,-3.9,0.0,88.0,0.0,20121216,1.6
351,0.0,-0.6,4.6,1.6,12,2012,17,203,2012-12-17,-3.7,0.0,74.6,0.0,20121217,5.7
352,0.0,-5.8,-1.6,1.9,12,2012,18,203,2012-12-18,-9.0,0.0,54.3,0.0,20121218,8.8
353,0.0,-7.1,-1.3,1.0,12,2012,19,203,2012-12-19,-12.4,0.0,58.4,0.0,20121219,8.9
354,0.0,-5.5,1.8,0.8,12,2012,20,203,2012-12-20,-11.6,0.0,69.1,0.0,20121220,7.8
355,0.0,-1.8,0.4,0.7,12,2012,21,203,2012-12-21,-5.0,0.5,77.9,0.0,20121221,0.0
356,0.0,-2.4,0.5,1.8,12,2012,22,203,2012-12-22,-5.8,0.0,71.1,0.0,20121222,5.0
357,0.0,-7.6,-4.5,2.3,12,2012,23,203,2012-12-23,-11.5,0.0,50.1,0.0,20121223,8.7
358,0.0,-9.9,-4.0,0.8,12,2012,24,203,2012-12-24,-16.2,0.0,61.0,0.0,20121224,9.0
359,0.0,-8.7,-4.2,1.8,12,2012,25,203,2012-12-25,-13.0,0.5,52.4,0.0,20121225,7.4
360,0.0,-11.9,-5.4,1.1,12,2012,26,203,2012-12-26,-16.7,0.0,47.6,0.0,20121226,9.0
361,0.0,-8.1,-1.0,0.6,12,2012,27,203,2012-12-27,-15.9,0.0,60.8,0.0,20121227,7.4
362,0.0,-3.1,0.0,0.6,12,2012,28,203,2012-12-28,-5.9,0.9,78.3,0.0,20121228,0.0
363,0.0,-2.2,1.5,0.7,12,2012,29,203,2012-12-29,-6.6,1.8,88.9,0.0,20121229,0.0
364,0.0,-7.2,-0.2,2.0,12,2012,30,203,2012-12-30,-11.6,1.0,56.8,0.0,20121230,8.1
365,0.0,-9.1,-2.1,0.9,12,2012,31,203,2012-12-31,-15.7,0.0,56.3,0.0,20121231,8.8
