,cloud,station_id,month,humid,date,snow,Date,wind,rainfall,tmin,sunshine,year,tmax,tavg,day
0,0.0,203,1,60.0,20140101,0.0,2014-01-01,2.4,0.0,-3.5,7.5,2014,8.1,3.4,1
1,0.0,203,1,42.8,20140102,0.0,2014-01-02,1.4,0.0,-4.1,8.7,2014,7.6,1.2,2
2,0.0,203,1,64.4,20140103,0.0,2014-01-03,0.6,0.0,-5.7,5.3,2014,7.0,-0.2,3
3,0.0,203,1,60.4,20140104,0.0,2014-01-04,1.0,0.0,-5.0,8.0,2014,5.2,-0.1,4
4,0.0,203,1,57.6,20140105,0.0,2014-01-05,0.9,0.0,-6.5,8.5,2014,5.3,-1.0,5
5,0.0,203,1,64.6,20140106,0.0,2014-01-06,0.7,0.0,-7.7,8.5,2014,5.9,-1.9,6
6,0.0,203,1,70.3,20140107,0.0,2014-01-07,0.4,0.0,-5.3,0.0,2014,2.9,-1.0,7
7,0.0,203,1,54.9,20140108,0.0,2014-01-08,1.8,0.0,-4.7,3.3,2014,5.5,0.5,8
8,0.0,203,1,29.0,20140109,0.0,2014-01-09,2.3,0.0,-9.7,9.0,2014,-2.9,-6.8,9
9,0.0,203,1,63.9,20140110,0.0,2014-01-10,0.9,0.0,-12.5,6.3,2014,-0.6,-6.4,10
10,0.0,203,1,58.4,20140111,0.0,2014-01-11,0.9,0.0,-9.3,4.5,2014,2.5,-3.0,11
11,0.0,203,1,51.6,20140112,0.0,2014-01-12,1.7,0.0,-7.1,4.8,2014,3.1,-3.2,12
12,0.0,203,1,31.3,20140113,0.0,2014-01-13,1.7,0.0,-11.6,9.0,2014,0.6,-6.0,13
13,0.0,203,1,46.9,20140114,0.0,2014-01-14,0.9,0.0,-13.2,8.9,2014,2.3,-5.6,14
14,0.0,203,1,54.0,20140115,0.0,2014-01-15,1.0,0.0,-12.5,9.0,2014,2.8,-4.5,15
15,0.0,203,1,69.0,20140116,0.0,2014-01-16,0.6,0.0,-9.2,0.1,2014,1.1,-3.5,16
16,0.0,203,1,69.3,20140117,0.0,2014-01-17,0.6,0.0,-8.7,4.8,2014,3.7,-2.8,17
17,0.0,203,1,43.3,20140118,0.0,2014-01-18,2.0,0.0,-4.8,7.9,2014,2.7,-2.0,18
18,0.0,203,1,48.0,20140119,0.0,2014-01-19,0.8,0.0,-12.3,7.1,2014,2.1,-4.1,19
19,0.0,203,1,80.0,20140120,0.0,2014-01-20,1.2,7.6,-4.3,0.0,2014,1.5,-2.3,20
20,0.0,203,1,63.4,20140121,0.0,2014-01-21,1.7,0.0,-6.4,5.1,2014,-1.6,-4.7,21
21,0.0,203,1,66.3,20140122,0.0,2014-01-22,0.9,0.0,-12.5,7.6,2014,1.8,-6.0,22
22,0.0,203,1,71.4,20140123,0.0,2014-01-23,0.5,0.0,-13.1,8.6,2014,3.1,-5.2,23
23,0.0,203,1,74.5,20140124,0.0,2014-01-24,0.6,0.0,-7.0,0.1,2014,3.1,-0.9,24
24,0.0,203,1,81.1,20140125,0.0,2014-01-25,0.8,3.0,0.5,0.0,2014,4.8,2.3,25
25,0.0,203,1,50.0,20140126,0.0,2014-01-26,2.0,0.0,-4.9,9.0,2014,4.3,-1.3,26
26,0.0,203,1,57.6,20140127,0.0,2014-01-27,0.8,0.0,-9.7,8.9,2014,6.4,-2.2,27
27,0.0,203,1,53.3,20140128,0.0,2014-01-28,1.5,0.2,-4.9,7.5,2014,7.6,0.5,28
28,0.0,203,1,57.3,20140129,0.0,2014-01-29,0.7,0.0,-9.5,7.3,2014,6.0,-1.1,29
29,0.0,203,1,66.8,20140130,0.0,2014-01-30,0.8,3.3,-1.9,0.0,2014,4.6,0.8,30
30,0.0,203,1,48.6,20140131,0.0,2014-01-31,0.7,0.0,-7.0,9.1,2014,6.2,-0.1,31
31,0.0,203,2,71.0,20140201,0.0,2014-02-01,0.5,23.0,-0.4,0.0,2014,3.3,2.0,1
32,0.0,203,2,89.6,20140202,0.0,2014-02-02,0.6,1.9,2.7,0.0,2014,6.1,4.3,2
33,0.0,203,2,44.5,20140203,0.0,2014-02-03,2.6,0.0,-7.6,4.3,2014,3.5,-1.7,3
34,0.0,203,2,28.5,20140204,0.0,2014-02-04,2.3,0.0,-10.2,9.6,2014,-3.0,-6.9,4
35,0.0,203,2,39.6,20140205,0.0,2014-02-05,0.9,0.0,-9.2,5.9,2014,-1.4,-6.0,5
36,0.0,203,2,48.3,20140206,0.0,2014-02-06,0.6,0.0,-8.0,6.0,2014,4.0,-3.1,6
37,0.0,203,2,55.1,20140207,0.0,2014-02-07,2.0,0.0,-5.3,6.2,2014,8.2,1.6,7
38,0.0,203,2,78.5,20140208,0.0,2014-02-08,1.6,4.7,-0.9,0.0,2014,3.7,0.6,8
39,0.0,203,2,77.5,20140209,0.0,2014-02-09,1.3,0.7,-2.1,0.6,2014,2.5,-0.8,9
40,0.0,203,2,59.6,20140210,0.0,2014-02-10,1.5,0.3,-3.3,5.4,2014,4.1,-0.2,10
41,0.0,203,2,53.3,20140211,0.0,2014-02-11,1.3,0.0,-6.7,9.7,2014,4.7,-1.2,11
42,0.0,203,2,60.9,20140212,0.0,2014-02-12,0.8,0.0,-5.0,6.0,2014,5.8,-0.3,12
43,0.0,203,2,58.5,20140213,0.0,2014-02-13,0.8,0.0,-4.1,6.7,2014,6.0,0.8,13
44,0.0,203,2,55.8,20140214,0.0,2014-02-14,1.0,0.0,-3.2,6.9,2014,6.4,1.3,14
45,0.0,203,2,59.9,20140215,0.0,2014-02-15,1.0,0.0,-5.0,9.6,2014,8.9,1.7,15
46,0.0,203,2,60.8,20140216,0.0,2014-02-16,0.8,0.0,-4.5,6.4,2014,9.1,1.5,16
47,0.0,203,2,53.0,20140217,0.0,2014-02-17,1.1,0.0,-1.9,4.9,2014,9.8,3.4,17
48,0.0,203,2,50.4,20140218,0.0,2014-02-18,1.7,0.0,-2.6,5.6,2014,6.2,1.7,18
49,0.0,203,2,56.3,20140219,0.0,2014-02-19,0.9,0.0,-5.9,8.7,2014,6.2,0.1,19
50,0.0,203,2,64.1,20140220,0.0,2014-02-20,1.5,0.0,-5.3,5.3,2014,5.9,-0.6,20
51,0.0,203,2,57.3,20140221,0.0,2014-02-21,1.2,0.0,-6.4,9.1,2014,6.9,-0.3,21
52,0.0,203,2,59.5,20140222,0.0,2014-02-22,1.0,0.0,-6.3,9.1,2014,7.7,0.3,22
53,0.0,203,2,55.3,20140223,0.0,2014-02-23,0.7,0.0,-5.2,8.1,2014,8.8,1.8,23
54,0.0,203,2,61.1,20140224,0.0,2014-02-24,0.9,0.0,-4.5,6.0,2014,10.7,2.8,24
55,0.0,203,2,63.8,20140225,0.0,2014-02-25,1.0,0.0,-3.7,7.5,2014,13.3,4.2,25
56,0.0,203,2,61.0,20140226,0.0,2014-02-26,0.8,0.0,-3.1,6.8,2014,14.1,5.1,26
57,0.0,203,2,58.1,20140227,0.0,2014-02-27,1.7,0.0,-2.3,6.8,2014,15.8,6.2,27
58,0.0,203,2,63.6,20140228,0.0,2014-02-28,1.0,0.0,-0.7,5.6,2014,13.3,6.5,28
59,0.0,203,3,60.1,20140301,0.0,2014-03-01,1.6,0.0,3.4,0.6,2014,10.5,6.8,1
60,0.0,203,3,46.5,20140302,0.0,2014-03-02,1.9,0.0,-2.3,9.9,2014,10.7,4.4,2
61,0.0,203,3,43.9,20140303,0.0,2014-03-03,1.2,0.0,-5.0,10.1,2014,12.4,3.5,3
62,0.0,203,3,51.3,20140304,0.0,2014-03-04,1.4,0.0,-3.8,6.6,2014,12.3,4.1,4
63,0.0,203,3,37.0,20140305,0.0,2014-03-05,3.0,0.1,-1.6,10.3,2014,6.9,2.3,5
64,0.0,203,3,37.6,20140306,0.0,2014-03-06,2.4,0.0,-5.0,10.3,2014,5.8,0.4,6
65,0.0,203,3,31.3,20140307,0.0,2014-03-07,2.2,0.0,-6.4,10.3,2014,6.3,-0.5,7
66,0.0,203,3,45.9,20140308,0.0,2014-03-08,1.6,0.0,-6.1,9.0,2014,7.7,1.3,8
67,0.0,203,3,50.3,20140309,0.0,2014-03-09,2.2,4.7,-2.2,8.8,2014,5.7,1.1,9
68,0.0,203,3,39.5,20140310,0.0,2014-03-10,2.2,0.0,-4.5,10.6,2014,8.9,1.6,10
69,0.0,203,3,45.5,20140311,0.0,2014-03-11,1.3,0.0,-5.5,8.6,2014,13.1,3.4,11
70,0.0,203,3,67.6,20140312,0.0,2014-03-12,0.6,8.0,-2.5,1.9,2014,7.0,3.4,12
71,0.0,203,3,55.6,20140313,0.0,2014-03-13,2.8,0.0,1.0,0.2,2014,8.0,4.4,13
72,0.0,203,3,53.5,20140314,0.0,2014-03-14,1.8,0.0,-3.7,10.0,2014,9.3,2.4,14
73,0.0,203,3,60.9,20140315,0.0,2014-03-15,2.0,0.0,-4.4,7.6,2014,14.0,4.9,15
74,0.0,203,3,62.0,20140316,0.0,2014-03-16,1.3,0.0,-0.1,7.4,2014,18.3,9.4,16
75,0.0,203,3,67.8,20140317,0.0,2014-03-17,1.8,0.0,0.8,7.0,2014,20.5,11.8,17
76,0.0,203,3,63.8,20140318,0.0,2014-03-18,2.7,0.0,7.3,7.2,2014,17.3,11.4,18
77,0.0,203,3,72.4,20140319,0.0,2014-03-19,1.1,0.9,5.1,0.0,2014,10.7,7.1,19
78,0.0,203,3,73.0,20140320,0.0,2014-03-20,1.9,2.4,1.9,3.6,2014,11.9,5.3,20
79,0.0,203,3,55.5,20140321,0.0,2014-03-21,2.0,0.0,-3.2,9.0,2014,11.3,4.1,21
80,0.0,203,3,51.8,20140322,0.0,2014-03-22,1.5,0.0,-3.2,10.4,2014,16.4,7.3,22
81,0.0,203,3,52.8,20140323,0.0,2014-03-23,1.7,0.0,-0.3,9.6,2014,18.2,9.0,23
82,0.0,203,3,52.0,20140324,0.0,2014-03-24,1.6,0.0,-0.5,9.5,2014,18.4,10.0,24
83,0.0,203,3,60.9,20140325,0.0,2014-03-25,1.1,0.0,9.5,1.5,2014,19.1,14.1,25
84,0.0,203,3,59.3,20140326,0.0,2014-03-26,1.7,0.2,10.6,5.5,2014,23.5,14.8,26
85,0.0,203,3,56.5,20140327,0.0,2014-03-27,1.5,0.0,4.3,9.4,2014,22.1,13.2,27
86,0.0,203,3,49.1,20140328,0.0,2014-03-28,1.2,0.0,8.6,6.5,2014,24.8,15.7,28
87,0.0,203,3,70.0,20140329,0.0,2014-03-29,0.8,2.6,9.5,0.0,2014,16.1,12.9,29
88,0.0,203,3,57.3,20140330,0.0,2014-03-30,2.1,0.5,8.5,9.8,2014,20.5,13.8,30
89,0.0,203,3,48.5,20140331,0.0,2014-03-31,1.4,0.0,3.4,9.0,2014,21.7,13.0,31
90,0.0,203,4,36.3,20140401,0.0,2014-04-01,1.1,0.0,3.2,10.7,2014,24.2,14.1,1
91,0.0,203,4,31.3,20140402,0.0,2014-04-02,1.5,0.0,4.9,10.1,2014,24.2,14.8,2
92,0.0,203,4,57.5,20140403,0.0,2014-04-03,1.8,5.6,2.3,0.0,2014,15.8,9.0,3
93,0.0,203,4,47.1,20140404,0.0,2014-04-04,2.3,0.0,1.8,10.3,2014,11.9,6.5,4
94,0.0,203,4,55.3,20140405,0.0,2014-04-05,2.1,0.0,-0.8,10.4,2014,12.6,5.5,5
95,0.0,203,4,36.6,20140406,0.0,2014-04-06,2.6,0.0,1.6,12.0,2014,14.1,7.2,6
96,0.0,203,4,49.8,20140407,0.0,2014-04-07,1.8,0.0,0.3,9.1,2014,19.3,9.6,7
97,0.0,203,4,41.6,20140408,0.0,2014-04-08,1.4,0.0,0.6,11.6,2014,21.6,11.6,8
98,0.0,203,4,64.0,20140409,0.0,2014-04-09,2.0,0.0,5.1,8.4,2014,21.5,11.9,9
99,0.0,203,4,57.5,20140410,0.0,2014-04-10,1.2,0.0,5.5,5.5,2014,20.0,12.7,10
100,0.0,203,4,52.3,20140411,0.0,2014-04-11,1.4,0.0,7.5,6.0,2014,19.6,13.6,11
101,0.0,203,4,66.5,20140412,0.0,2014-04-12,0.8,0.0,9.7,0.0,2014,17.3,13.5,12
102,0.0,203,4,63.0,20140413,0.0,2014-04-13,1.1,1.7,10.6,5.4,2014,23.2,14.9,13
103,0.0,203,4,49.8,20140414,0.0,2014-04-14,1.7,0.0,5.2,10.8,2014,24.7,14.5,14
104,0.0,203,4,58.4,20140415,0.0,2014-04-15,1.8,0.0,7.0,8.6,2014,22.3,14.6,15
105,0.0,203,4,70.4,20140416,0.0,2014-04-16,1.4,0.0,10.5,2.2,2014,20.6,14.0,16
106,0.0,203,4,62.1,20140417,0.0,2014-04-17,1.1,4.0,4.9,4.7,2014,20.3,13.3,17
107,0.0,203,4,56.5,20140418,0.0,2014-04-18,1.5,0.0,10.2,7.8,2014,21.9,15.0,18
108,0.0,203,4,53.5,20140419,0.0,2014-04-19,2.3,0.0,9.1,2.0,2014,18.2,12.7,19
109,0.0,203,4,44.9,20140420,0.0,2014-04-20,1.8,0.0,6.0,10.8,2014,21.6,13.7,20
110,0.0,203,4,45.5,20140421,0.0,2014-04-21,1.7,0.0,8.0,10.1,2014,22.5,14.9,21
111,0.0,203,4,36.1,20140422,0.0,2014-04-22,1.5,0.0,5.5,11.2,2014,23.6,15.1,22
112,0.0,203,4,41.6,20140423,0.0,2014-04-23,1.5,0.0,5.2,11.5,2014,25.4,16.0,23
113,0.0,203,4,45.4,20140424,0.0,2014-04-24,1.0,0.0,7.8,9.7,2014,26.2,17.0,24
114,0.0,203,4,37.4,20140425,0.0,2014-04-25,1.1,0.0,7.0,11.2,2014,27.0,16.7,25
115,0.0,203,4,43.1,20140426,0.0,2014-04-26,1.1,0.0,8.4,5.1,2014,24.7,16.8,26
116,0.0,203,4,78.5,20140427,0.0,2014-04-27,1.1,10.0,12.6,0.0,2014,16.9,14.5,27
117,0.0,203,4,85.1,20140428,0.0,2014-04-28,2.0,31.4,11.4,0.0,2014,14.3,12.3,28
118,0.0,203,4,62.3,20140429,0.0,2014-04-29,3.2,1.9,11.3,6.2,2014,19.8,14.6,29
119,0.0,203,4,56.8,20140430,0.0,2014-04-30,1.4,0.0,11.9,6.2,2014,21.5,16.0,30
120,0.0,203,5,49.9,20140501,0.0,2014-05-01,2.1,0.0,9.5,12.2,2014,23.3,16.1,1
121,0.0,203,5,66.4,20140502,0.0,2014-05-02,2.3,0.2,7.9,8.7,2014,24.9,14.7,2
122,0.0,203,5,40.3,20140503,0.0,2014-05-03,2.6,0.0,7.7,12.8,2014,20.9,13.7,3
123,0.0,203,5,53.4,20140504,0.0,2014-05-04,2.1,0.0,5.4,5.4,2014,20.2,11.3,4
124,0.0,203,5,44.6,20140505,0.0,2014-05-05,2.9,0.0,5.1,12.6,2014,16.1,10.8,5
125,0.0,203,5,47.5,20140506,0.0,2014-05-06,1.9,0.0,4.9,12.4,2014,19.5,12.1,6
126,0.0,203,5,49.5,20140507,0.0,2014-05-07,1.7,0.2,3.4,12.0,2014,23.5,14.4,7
127,0.0,203,5,76.6,20140508,0.0,2014-05-08,2.5,3.7,10.0,8.2,2014,16.1,13.0,8
128,0.0,203,5,64.0,20140509,0.0,2014-05-09,1.0,0.0,7.3,8.0,2014,22.9,14.1,9
129,0.0,203,5,44.5,20140510,0.0,2014-05-10,1.0,0.0,7.7,12.5,2014,27.2,18.0,10
130,0.0,203,5,58.9,20140511,0.0,2014-05-11,2.1,35.7,8.9,3.3,2014,24.1,16.3,11
131,0.0,203,5,67.5,20140512,0.0,2014-05-12,2.9,10.5,13.5,8.3,2014,20.4,16.3,12
132,0.0,203,5,60.3,20140513,0.0,2014-05-13,2.0,0.0,9.4,9.1,2014,27.3,18.5,13
133,0.0,203,5,51.1,20140514,0.0,2014-05-14,1.6,0.0,12.9,10.3,2014,27.5,19.6,14
134,0.0,203,5,53.4,20140515,0.0,2014-05-15,2.6,0.0,13.9,10.6,2014,24.3,17.8,15
135,0.0,203,5,43.4,20140516,0.0,2014-05-16,1.5,0.0,10.0,11.7,2014,26.6,18.4,16
136,0.0,203,5,49.4,20140517,0.0,2014-05-17,1.2,0.0,10.4,11.4,2014,25.7,18.5,17
137,0.0,203,5,48.3,20140518,0.0,2014-05-18,1.1,0.0,9.6,12.2,2014,26.7,18.8,18
138,0.0,203,5,46.0,20140519,0.0,2014-05-19,1.3,0.0,9.9,8.7,2014,27.1,18.8,19
139,0.0,203,5,47.0,20140520,0.0,2014-05-20,0.9,0.0,13.1,5.5,2014,27.6,19.7,20
140,0.0,203,5,55.8,20140521,0.0,2014-05-21,2.7,0.0,13.1,11.5,2014,25.0,18.6,21
141,0.0,203,5,55.3,20140522,0.0,2014-05-22,1.5,0.0,12.0,12.4,2014,28.2,20.3,22
142,0.0,203,5,56.8,20140523,0.0,2014-05-23,1.5,0.0,16.8,8.6,2014,27.3,21.6,23
143,0.0,203,5,63.9,20140524,0.0,2014-05-24,1.4,0.0,15.9,3.9,2014,27.0,20.6,24
144,0.0,203,5,75.6,20140525,0.0,2014-05-25,1.1,7.0,17.0,0.6,2014,25.7,19.4,25
145,0.0,203,5,55.1,20140526,0.0,2014-05-26,2.3,3.2,15.9,8.9,2014,24.3,19.5,26
146,0.0,203,5,46.4,20140527,0.0,2014-05-27,2.2,0.0,10.6,12.4,2014,29.5,20.9,27
147,0.0,203,5,54.4,20140528,0.0,2014-05-28,1.6,0.0,14.6,9.6,2014,29.4,22.3,28
148,0.0,203,5,52.9,20140529,0.0,2014-05-29,1.4,0.0,14.9,11.9,2014,30.5,22.8,29
149,0.0,203,5,48.3,20140530,0.0,2014-05-30,1.1,0.0,13.4,12.5,2014,31.5,23.1,30
150,0.0,203,5,52.0,20140531,0.0,2014-05-31,1.3,0.0,15.7,11.2,2014,33.2,24.6,31
151,0.0,203,6,55.4,20140601,0.0,2014-06-01,1.0,0.0,16.8,5.3,2014,30.0,23.9,1
152,0.0,203,6,73.9,20140602,0.0,2014-06-02,1.2,1.2,18.3,0.0,2014,23.6,20.8,2
153,0.0,203,6,81.4,20140603,0.0,2014-06-03,1.4,27.4,16.5,0.1,2014,22.4,18.7,3
154,0.0,203,6,59.8,20140604,0.0,2014-06-04,1.9,0.0,16.0,5.3,2014,27.3,21.6,4
155,0.0,203,6,60.5,20140605,0.0,2014-06-05,1.5,0.0,17.4,2.0,2014,25.2,20.9,5
156,0.0,203,6,53.8,20140606,0.0,2014-06-06,1.1,0.0,13.9,12.4,2014,30.1,22.6,6
157,0.0,203,6,60.4,20140607,0.0,2014-06-07,1.1,0.0,16.3,5.8,2014,28.4,22.7,7
158,0.0,203,6,62.3,20140608,0.0,2014-06-08,1.7,0.0,19.0,7.1,2014,26.5,21.8,8
159,0.0,203,6,62.1,20140609,0.0,2014-06-09,1.2,0.0,17.1,9.2,2014,28.6,22.3,9
160,0.0,203,6,70.8,20140610,0.0,2014-06-10,1.4,4.2,17.1,6.4,2014,28.7,21.4,10
161,0.0,203,6,72.4,20140611,0.0,2014-06-11,0.9,6.0,17.1,4.8,2014,26.6,20.1,11
162,0.0,203,6,63.8,20140612,0.0,2014-06-12,1.5,0.0,14.3,11.5,2014,28.4,20.2,12
163,0.0,203,6,71.9,20140613,0.0,2014-06-13,1.4,0.0,16.4,3.7,2014,25.8,20.1,13
164,0.0,203,6,62.0,20140614,0.0,2014-06-14,1.7,0.0,16.8,10.0,2014,27.9,21.8,14
165,0.0,203,6,59.1,20140615,0.0,2014-06-15,1.9,0.0,17.1,10.7,2014,28.6,22.2,15
166,0.0,203,6,54.8,20140616,0.0,2014-06-16,1.3,0.0,15.3,10.3,2014,29.2,22.7,16
167,0.0,203,6,59.9,20140617,0.0,2014-06-17,1.0,0.0,18.0,4.5,2014,28.7,23.2,17
168,0.0,203,6,63.4,20140618,0.0,2014-06-18,1.3,0.4,16.8,8.9,2014,29.5,22.9,18
169,0.0,203,6,68.0,20140619,0.0,2014-06-19,1.6,0.0,18.8,4.3,2014,26.6,21.9,19
170,0.0,203,6,68.4,20140620,0.0,2014-06-20,1.0,0.0,16.8,2.8,2014,28.6,23.0,20
171,0.0,203,6,72.5,20140621,0.0,2014-06-21,1.6,2.2,18.5,3.6,2014,28.4,22.1,21
172,0.0,203,6,68.4,20140622,0.0,2014-06-22,1.0,0.3,17.5,8.8,2014,30.0,22.2,22
173,0.0,203,6,77.6,20140623,0.0,2014-06-23,1.1,21.9,18.0,5.4,2014,25.7,21.0,23
174,0.0,203,6,69.9,20140624,0.0,2014-06-24,0.9,2.1,16.6,6.2,2014,26.9,21.6,24
175,0.0,203,6,66.0,20140625,0.0,2014-06-25,1.1,0.0,16.0,7.8,2014,29.4,22.5,25
176,0.0,203,6,60.3,20140626,0.0,2014-06-26,1.2,0.0,18.4,10.3,2014,30.3,24.2,26
177,0.0,203,6,60.9,20140627,0.0,2014-06-27,1.6,0.0,19.1,10.7,2014,30.5,24.3,27
178,0.0,203,6,60.4,20140628,0.0,2014-06-28,2.1,0.0,19.7,9.9,2014,30.1,23.8,28
179,0.0,203,6,61.5,20140629,0.0,2014-06-29,1.0,0.0,17.9,6.6,2014,29.2,23.3,29
180,0.0,203,6,61.6,20140630,0.0,2014-06-30,1.2,0.0,18.6,10.1,2014,30.8,24.0,30
181,0.0,203,7,61.8,20140701,0.0,2014-07-01,1.1,0.0,17.7,9.6,2014,32.3,25.2,1
182,0.0,203,7,70.8,20140702,0.0,2014-07-02,1.5,0.8,20.4,1.0,2014,29.5,24.6,2
183,0.0,203,7,80.0,20140703,0.0,2014-07-03,1.5,6.9,19.5,0.1,2014,24.1,21.7,3
184,0.0,203,7,56.5,20140704,0.0,2014-07-04,1.1,0.0,19.8,10.1,2014,32.5,25.7,4
185,0.0,203,7,65.9,20140705,0.0,2014-07-05,0.6,0.0,18.1,2.6,2014,29.7,24.3,5
186,0.0,203,7,71.4,20140706,0.0,2014-07-06,1.3,0.0,18.0,0.8,2014,26.2,22.2,6
187,0.0,203,7,58.6,20140707,0.0,2014-07-07,1.3,0.0,16.7,12.4,2014,33.5,25.6,7
188,0.0,203,7,64.8,20140708,0.0,2014-07-08,1.2,2.4,21.9,5.1,2014,31.7,26.3,8
189,0.0,203,7,80.0,20140709,0.0,2014-07-09,1.1,3.6,23.0,2.4,2014,32.9,25.8,9
190,0.0,203,7,57.5,20140710,0.0,2014-07-10,1.5,0.0,23.0,11.4,2014,33.9,27.9,10
191,0.0,203,7,57.4,20140711,0.0,2014-07-11,2.3,0.0,21.0,11.6,2014,33.7,26.3,11
192,0.0,203,7,67.1,20140712,0.0,2014-07-12,1.2,0.0,18.8,3.0,2014,29.1,24.3,12
193,0.0,203,7,68.1,20140713,0.0,2014-07-13,1.6,0.3,20.8,7.6,2014,29.9,24.7,13
194,0.0,203,7,63.0,20140714,0.0,2014-07-14,1.4,0.0,19.8,9.1,2014,31.7,25.4,14
195,0.0,203,7,67.4,20140715,0.0,2014-07-15,1.1,0.0,19.7,3.4,2014,31.5,25.0,15
196,0.0,203,7,63.3,20140716,0.0,2014-07-16,1.1,0.0,20.8,5.1,2014,30.3,25.5,16
197,0.0,203,7,70.3,20140717,0.0,2014-07-17,1.5,0.0,21.0,3.4,2014,29.8,25.1,17
198,0.0,203,7,73.4,20140718,0.0,2014-07-18,1.6,6.0,19.9,5.8,2014,30.5,24.7,18
199,0.0,203,7,74.1,20140719,0.0,2014-07-19,1.1,0.7,22.3,0.1,2014,30.2,25.8,19
200,0.0,203,7,66.9,20140720,0.0,2014-07-20,1.3,0.0,22.6,7.4,2014,34.0,27.5,20
201,0.0,203,7,69.1,20140721,0.0,2014-07-21,1.4,0.0,22.3,6.5,2014,32.1,26.8,21
202,0.0,203,7,73.0,20140722,0.0,2014-07-22,1.9,2.7,22.7,1.2,2014,29.8,25.5,22
203,0.0,203,7,86.4,20140723,0.0,2014-07-23,1.6,39.7,19.6,0.0,2014,24.7,22.4,23
204,0.0,203,7,84.0,20140724,0.0,2014-07-24,0.9,21.8,18.8,2.6,2014,26.0,21.5,24
205,0.0,203,7,74.0,20140725,0.0,2014-07-25,2.0,3.5,21.5,9.1,2014,34.3,27.3,25
206,0.0,203,7,71.6,20140726,0.0,2014-07-26,3.4,0.6,19.9,1.3,2014,27.8,23.4,26
207,0.0,203,7,67.4,20140727,0.0,2014-07-27,1.1,0.0,20.1,6.9,2014,30.1,23.9,27
208,0.0,203,7,68.4,20140728,0.0,2014-07-28,0.7,0.0,17.9,6.5,2014,30.4,24.5,28
209,0.0,203,7,78.0,20140729,0.0,2014-07-29,1.1,3.7,19.4,1.7,2014,27.0,22.9,29
210,0.0,203,7,69.5,20140730,0.0,2014-07-30,0.8,0.0,20.0,9.9,2014,33.1,26.8,30
211,0.0,203,7,76.4,20140731,0.0,2014-07-31,1.0,15.4,23.1,7.7,2014,34.6,27.0,31
212,0.0,203,8,70.0,20140801,0.0,2014-08-01,0.9,0.0,21.8,6.2,2014,34.7,27.9,1
213,0.0,203,8,58.8,20140802,0.0,2014-08-02,2.6,1.1,24.2,6.2,2014,34.3,29.0,2
214,0.0,203,8,85.8,20140803,0.0,2014-08-03,1.7,25.6,22.6,0.0,2014,28.6,24.8,3
215,0.0,203,8,87.9,20140804,0.0,2014-08-04,1.0,3.2,23.6,0.0,2014,27.9,25.2,4
216,0.0,203,8,76.5,20140805,0.0,2014-08-05,1.4,0.0,23.8,3.9,2014,31.5,26.8,5
217,0.0,203,8,83.4,20140806,0.0,2014-08-06,1.1,23.0,22.0,0.0,2014,27.6,24.4,6
218,0.0,203,8,85.5,20140807,0.0,2014-08-07,0.9,2.6,19.0,0.2,2014,24.4,22.0,7
219,0.0,203,8,69.3,20140808,0.0,2014-08-08,1.6,0.0,18.0,5.6,2014,29.6,23.5,8
220,0.0,203,8,51.8,20140809,0.0,2014-08-09,2.5,0.0,18.5,10.8,2014,30.9,24.4,9
221,0.0,203,8,73.5,20140810,0.0,2014-08-10,1.6,37.3,19.0,1.9,2014,29.1,23.0,10
222,0.0,203,8,74.5,20140811,0.0,2014-08-11,1.3,0.0,17.1,9.0,2014,28.5,22.5,11
223,0.0,203,8,69.1,20140812,0.0,2014-08-12,1.3,0.0,19.6,8.4,2014,30.7,24.5,12
224,0.0,203,8,83.3,20140813,0.0,2014-08-13,0.6,3.1,19.4,0.0,2014,25.8,21.9,13
225,0.0,203,8,89.6,20140814,0.0,2014-08-14,0.9,5.9,19.3,0.0,2014,22.2,20.1,14
226,0.0,203,8,75.1,20140815,0.0,2014-08-15,0.8,0.2,19.4,5.0,2014,30.0,24.2,15
227,0.0,203,8,69.6,20140816,0.0,2014-08-16,1.1,0.0,21.3,5.3,2014,31.9,25.3,16
228,0.0,203,8,88.4,20140817,0.0,2014-08-17,0.8,4.8,20.0,0.0,2014,24.3,22.0,17
229,0.0,203,8,89.0,20140818,0.0,2014-08-18,1.4,10.4,19.2,0.0,2014,23.6,21.0,18
230,0.0,203,8,89.1,20140819,0.0,2014-08-19,0.8,6.5,19.8,0.2,2014,25.2,22.0,19
231,0.0,203,8,81.4,20140820,0.0,2014-08-20,0.8,0.5,21.8,2.1,2014,29.2,24.4,20
232,0.0,203,8,90.5,20140821,0.0,2014-08-21,1.4,47.3,20.3,0.2,2014,23.6,22.3,21
233,0.0,203,8,72.0,20140822,0.0,2014-08-22,1.5,4.6,21.0,9.3,2014,29.3,24.6,22
234,0.0,203,8,75.0,20140823,0.0,2014-08-23,1.0,0.0,20.6,4.0,2014,29.3,24.0,23
235,0.0,203,8,77.8,20140824,0.0,2014-08-24,0.8,0.2,20.1,4.1,2014,30.4,24.0,24
236,0.0,203,8,80.9,20140825,0.0,2014-08-25,1.1,0.3,21.7,0.2,2014,27.3,23.2,25
237,0.0,203,8,69.4,20140826,0.0,2014-08-26,1.3,0.0,20.0,2.8,2014,29.9,24.1,26
238,0.0,203,8,67.9,20140827,0.0,2014-08-27,1.2,0.0,18.4,8.4,2014,28.5,23.1,27
239,0.0,203,8,66.3,20140828,0.0,2014-08-28,1.0,0.0,17.1,11.0,2014,29.6,22.9,28
240,0.0,203,8,70.9,20140829,0.0,2014-08-29,1.1,0.0,17.2,10.3,2014,30.2,22.6,29
241,0.0,203,8,69.3,20140830,0.0,2014-08-30,0.8,0.0,16.5,11.2,2014,29.6,22.5,30
242,0.0,203,8,72.9,20140831,0.0,2014-08-31,0.7,0.0,16.3,5.1,2014,26.7,20.8,31
243,0.0,203,9,68.9,20140901,0.0,2014-09-01,0.7,0.0,15.7,9.7,2014,30.6,22.5,1
244,0.0,203,9,73.9,20140902,0.0,2014-09-02,1.2,6.5,18.2,3.3,2014,27.6,21.9,2
245,0.0,203,9,90.4,20140903,0.0,2014-09-03,1.6,58.1,17.3,0.0,2014,23.5,19.5,3
246,0.0,203,9,71.8,20140904,0.0,2014-09-04,1.5,0.1,18.7,10.7,2014,28.4,22.4,4
247,0.0,203,9,74.3,20140905,0.0,2014-09-05,0.9,0.0,15.8,7.7,2014,30.0,22.5,5
248,0.0,203,9,68.8,20140906,0.0,2014-09-06,0.8,0.0,17.9,8.9,2014,32.0,23.4,6
249,0.0,203,9,72.8,20140907,0.0,2014-09-07,0.7,0.0,17.1,6.2,2014,31.8,23.0,7
250,0.0,203,9,74.9,20140908,0.0,2014-09-08,1.0,0.0,18.0,5.9,2014,30.1,22.6,8
251,0.0,203,9,66.9,20140909,0.0,2014-09-09,1.1,0.0,14.7,5.3,2014,28.6,21.4,9
252,0.0,203,9,69.0,20140910,0.0,2014-09-10,0.7,0.0,11.5,9.5,2014,29.0,19.2,10
253,0.0,203,9,70.0,20140911,0.0,2014-09-11,0.7,0.0,13.6,10.5,2014,29.7,20.2,11
254,0.0,203,9,77.6,20140912,0.0,2014-09-12,0.6,0.0,14.1,1.2,2014,25.4,19.7,12
255,0.0,203,9,70.6,20140913,0.0,2014-09-13,0.9,0.0,15.7,9.2,2014,28.8,21.2,13
256,0.0,203,9,61.1,20140914,0.0,2014-09-14,0.8,0.0,13.3,10.8,2014,28.1,20.5,14
257,0.0,203,9,66.8,20140915,0.0,2014-09-15,1.0,0.0,17.0,2.9,2014,27.6,21.5,15
258,0.0,203,9,54.6,20140916,0.0,2014-09-16,0.9,0.0,13.7,9.8,2014,27.9,20.6,16
259,0.0,203,9,70.1,20140917,0.0,2014-09-17,0.6,0.0,15.7,0.0,2014,23.0,18.6,17
260,0.0,203,9,69.5,20140918,0.0,2014-09-18,0.9,0.0,12.6,4.9,2014,23.4,17.5,18
261,0.0,203,9,64.3,20140919,0.0,2014-09-19,0.6,0.0,9.3,9.6,2014,27.7,17.4,19
262,0.0,203,9,58.6,20140920,0.0,2014-09-20,0.8,0.0,9.1,10.9,2014,28.0,17.7,20
263,0.0,203,9,69.6,20140921,0.0,2014-09-21,0.7,0.0,11.4,4.7,2014,25.6,17.3,21
264,0.0,203,9,66.3,20140922,0.0,2014-09-22,0.7,0.0,9.6,9.6,2014,28.4,18.6,22
265,0.0,203,9,65.0,20140923,0.0,2014-09-23,0.9,1.0,11.7,7.9,2014,28.7,20.1,23
266,0.0,203,9,85.0,20140924,0.0,2014-09-24,1.4,26.4,15.1,1.2,2014,23.2,17.7,24
267,0.0,203,9,71.3,20140925,0.0,2014-09-25,0.7,0.0,14.2,9.3,2014,28.0,19.2,25
268,0.0,203,9,73.5,20140926,0.0,2014-09-26,1.0,0.0,14.2,4.1,2014,25.4,19.4,26
269,0.0,203,9,71.8,20140927,0.0,2014-09-27,1.1,0.0,14.9,7.9,2014,25.9,20.3,27
270,0.0,203,9,81.4,20140928,0.0,2014-09-28,0.5,0.0,15.5,0.9,2014,24.5,19.8,28
271,0.0,203,9,88.6,20140929,0.0,2014-09-29,0.6,10.7,16.6,0.0,2014,20.8,18.8,29
272,0.0,203,9,73.1,20140930,0.0,2014-09-30,1.5,0.0,14.5,7.0,2014,24.6,18.4,30
273,0.0,203,10,71.3,20141001,0.0,2014-10-01,1.1,0.0,13.5,5.2,2014,24.6,18.0,1
274,0.0,203,10,79.4,20141002,0.0,2014-10-02,1.2,0.6,13.2,0.3,2014,22.0,17.4,2
275,0.0,203,10,68.4,20141003,0.0,2014-10-03,1.5,0.0,10.5,8.2,2014,20.4,15.9,3
276,0.0,203,10,68.6,20141004,0.0,2014-10-04,1.4,0.0,8.5,7.6,2014,23.3,14.7,4
277,0.0,203,10,60.6,20141005,0.0,2014-10-05,1.4,0.0,8.0,10.4,2014,23.6,14.5,5
278,0.0,203,10,62.6,20141006,0.0,2014-10-06,0.9,0.0,7.1,9.3,2014,22.2,13.8,6
279,0.0,203,10,66.9,20141007,0.0,2014-10-07,0.9,0.0,5.8,9.5,2014,22.4,13.9,7
280,0.0,203,10,71.3,20141008,0.0,2014-10-08,0.6,0.0,5.1,8.1,2014,23.4,13.0,8
281,0.0,203,10,68.9,20141009,0.0,2014-10-09,0.6,0.0,6.6,8.6,2014,26.3,15.0,9
282,0.0,203,10,66.4,20141010,0.0,2014-10-10,1.6,0.0,7.0,10.1,2014,28.3,16.5,10
283,0.0,203,10,62.9,20141011,0.0,2014-10-11,1.2,0.0,9.7,10.2,2014,26.3,16.9,11
284,0.0,203,10,64.0,20141012,0.0,2014-10-12,0.7,0.0,7.9,7.9,2014,25.6,17.0,12
285,0.0,203,10,57.9,20141013,0.0,2014-10-13,2.9,0.0,8.3,7.4,2014,21.4,15.5,13
286,0.0,203,10,56.9,20141014,0.0,2014-10-14,1.0,0.0,4.7,10.0,2014,19.9,11.7,14
287,0.0,203,10,65.0,20141015,0.0,2014-10-15,0.9,0.0,2.5,9.0,2014,19.9,10.9,15
288,0.0,203,10,54.3,20141016,0.0,2014-10-16,1.6,3.5,4.8,6.7,2014,18.6,11.1,16
289,0.0,203,10,59.9,20141017,0.0,2014-10-17,0.9,0.0,0.4,9.8,2014,20.2,9.4,17
290,0.0,203,10,68.4,20141018,0.0,2014-10-18,0.6,0.0,2.8,9.6,2014,21.4,11.4,18
291,0.0,203,10,72.9,20141019,0.0,2014-10-19,0.5,0.0,4.7,3.4,2014,20.6,12.8,19
292,0.0,203,10,91.3,20141020,0.0,2014-10-20,0.6,38.4,11.8,0.0,2014,14.3,13.2,20
293,0.0,203,10,90.3,20141021,0.0,2014-10-21,1.8,57.2,10.4,0.0,2014,14.5,12.7,21
294,0.0,203,10,70.9,20141022,0.0,2014-10-22,1.7,0.0,7.0,5.5,2014,18.2,11.9,22
295,0.0,203,10,76.9,20141023,0.0,2014-10-23,0.6,0.0,3.4,7.9,2014,19.1,9.9,23
296,0.0,203,10,81.5,20141024,0.0,2014-10-24,0.6,0.0,4.8,5.4,2014,19.6,10.5,24
297,0.0,203,10,85.3,20141025,0.0,2014-10-25,0.5,0.0,7.0,4.1,2014,19.9,11.0,25
298,0.0,203,10,77.6,20141026,0.0,2014-10-26,1.2,0.2,6.4,3.8,2014,19.9,13.1,26
299,0.0,203,10,44.8,20141027,0.0,2014-10-27,1.5,0.0,3.5,9.6,2014,18.3,10.6,27
300,0.0,203,10,63.1,20141028,0.0,2014-10-28,0.6,0.0,-1.1,9.5,2014,18.0,7.0,28
301,0.0,203,10,63.6,20141029,0.0,2014-10-29,0.5,0.0,0.0,9.2,2014,20.1,8.5,29
302,0.0,203,10,61.3,20141030,0.0,2014-10-30,0.6,0.0,1.9,7.2,2014,20.1,10.3,30
303,0.0,203,10,84.8,20141031,0.0,2014-10-31,0.7,7.3,8.7,0.0,2014,14.0,11.0,31
304,0.0,203,11,84.3,20141101,0.0,2014-11-01,0.7,0.2,11.8,0.0,2014,17.0,14.0,1
305,0.0,203,11,51.5,20141102,0.0,2014-11-02,2.7,4.3,7.0,5.4,2014,15.3,11.4,2
306,0.0,203,11,41.6,20141103,0.0,2014-11-03,1.9,0.0,1.9,9.5,2014,14.2,7.6,3
307,0.0,203,11,66.6,20141104,0.0,2014-11-04,0.7,0.0,-1.0,9.4,2014,17.2,7.6,4
308,0.0,203,11,70.4,20141105,0.0,2014-11-05,0.7,0.0,-0.5,7.4,2014,18.0,8.4,5
309,0.0,203,11,66.9,20141106,0.0,2014-11-06,0.9,0.2,6.8,5.2,2014,18.2,11.1,6
310,0.0,203,11,67.1,20141107,0.0,2014-11-07,0.7,0.0,-0.4,6.8,2014,16.9,7.6,7
311,0.0,203,11,73.0,20141108,0.0,2014-11-08,0.6,0.0,4.1,0.0,2014,14.2,9.0,8
312,0.0,203,11,52.5,20141109,0.0,2014-11-09,1.4,0.0,2.7,8.7,2014,15.9,9.0,9
313,0.0,203,11,61.9,20141110,0.0,2014-11-10,0.7,0.0,-2.0,8.9,2014,17.1,6.1,10
314,0.0,203,11,69.9,20141111,0.0,2014-11-11,0.7,0.0,-1.4,7.0,2014,14.5,6.6,11
315,0.0,203,11,49.3,20141112,0.0,2014-11-12,3.4,3.5,-0.6,7.2,2014,10.7,6.6,12
316,0.0,203,11,35.4,20141113,0.0,2014-11-13,2.3,0.0,-2.8,8.8,2014,5.1,0.3,13
317,0.0,203,11,57.6,20141114,0.0,2014-11-14,1.3,0.0,-4.0,8.8,2014,10.3,3.6,14
318,0.0,203,11,44.9,20141115,0.0,2014-11-15,1.2,0.0,-3.1,8.8,2014,11.4,3.9,15
319,0.0,203,11,46.9,20141116,0.0,2014-11-16,0.8,0.1,-0.3,7.5,2014,12.4,5.6,16
320,0.0,203,11,73.0,20141117,0.0,2014-11-17,1.2,1.2,1.4,4.3,2014,10.7,4.9,17
321,0.0,203,11,61.1,20141118,0.0,2014-11-18,0.9,0.0,-5.4,6.1,2014,11.7,2.8,18
322,0.0,203,11,64.0,20141119,0.0,2014-11-19,0.7,0.0,-5.6,8.9,2014,11.4,2.3,19
323,0.0,203,11,65.4,20141120,0.0,2014-11-20,0.5,0.0,-3.8,8.7,2014,13.5,3.8,20
324,0.0,203,11,60.5,20141121,0.0,2014-11-21,0.7,0.0,-1.6,7.8,2014,16.1,6.9,21
325,0.0,203,11,82.9,20141122,0.0,2014-11-22,0.8,2.9,5.1,0.0,2014,9.9,7.0,22
326,0.0,203,11,90.4,20141123,0.0,2014-11-23,0.7,0.0,4.8,0.3,2014,9.3,6.2,23
327,0.0,203,11,86.4,20141124,0.0,2014-11-24,0.4,0.0,4.9,0.0,2014,9.2,6.6,24
328,0.0,203,11,60.3,20141125,0.0,2014-11-25,1.7,0.0,4.6,2.9,2014,15.5,9.4,25
329,0.0,203,11,60.6,20141126,0.0,2014-11-26,1.0,0.0,3.6,5.5,2014,15.7,8.8,26
330,0.0,203,11,75.6,20141127,0.0,2014-11-27,0.6,0.0,3.2,4.1,2014,14.7,7.2,27
331,0.0,203,11,89.6,20141128,0.0,2014-11-28,0.8,12.3,1.7,0.0,2014,9.4,6.3,28
332,0.0,203,11,84.3,20141129,0.0,2014-11-29,1.1,0.0,1.9,1.5,2014,10.3,6.0,29
333,0.0,203,11,87.5,20141130,0.0,2014-11-30,1.1,7.5,2.6,0.0,2014,10.7,7.3,30
334,0.0,203,12,52.9,20141201,0.0,2014-12-01,4.1,0.5,-6.4,4.0,2014,8.9,-0.3,1
335,0.0,203,12,36.8,20141202,0.0,2014-12-02,2.8,0.0,-7.9,8.7,2014,-1.5,-5.4,2
336,0.0,203,12,72.4,20141203,0.0,2014-12-03,1.0,1.5,-7.8,1.6,2014,0.8,-3.3,3
337,0.0,203,12,46.6,20141204,0.0,2014-12-04,1.4,0.0,-8.1,8.9,2014,1.4,-3.6,4
338,0.0,203,12,39.6,20141205,0.0,2014-12-05,2.0,0.0,-9.1,8.9,2014,-1.3,-6.0,5
339,0.0,203,12,51.4,20141206,0.0,2014-12-06,1.7,0.0,-11.9,8.8,2014,0.9,-5.4,6
340,0.0,203,12,53.6,20141207,0.0,2014-12-07,0.7,0.0,-9.2,4.7,2014,-0.4,-4.7,7
341,0.0,203,12,61.0,20141208,0.0,2014-12-08,1.3,1.7,-5.4,6.2,2014,4.1,-2.2,8
342,0.0,203,12,54.6,20141209,0.0,2014-12-09,0.9,0.0,-11.1,8.8,2014,3.1,-4.4,9
343,0.0,203,12,68.4,20141210,0.0,2014-12-10,0.7,0.4,-6.7,1.3,2014,2.6,-1.6,10
344,0.0,203,12,57.4,20141211,0.0,2014-12-11,1.9,0.5,-4.6,6.8,2014,3.1,-0.7,11
345,0.0,203,12,62.9,20141212,0.0,2014-12-12,1.1,0.5,-8.0,6.0,2014,2.6,-3.4,12
346,0.0,203,12,46.3,20141213,0.0,2014-12-13,1.7,0.0,-8.5,8.7,2014,-1.5,-5.3,13
347,0.0,203,12,63.5,20141214,0.0,2014-12-14,1.0,0.0,-11.6,5.0,2014,0.5,-4.7,14
348,0.0,203,12,81.6,20141215,0.0,2014-12-15,0.6,6.0,-5.1,0.1,2014,1.4,-1.3,15
349,0.0,203,12,53.9,20141216,0.0,2014-12-16,2.9,4.3,-9.1,8.5,2014,1.0,-4.1,16
350,0.0,203,12,35.3,20141217,0.0,2014-12-17,3.0,0.0,-12.9,8.9,2014,-5.3,-8.9,17
351,0.0,203,12,43.6,20141218,0.0,2014-12-18,1.2,0.0,-13.7,8.9,2014,-3.1,-9.6,18
352,0.0,203,12,62.6,20141219,0.0,2014-12-19,0.5,0.1,-14.4,1.5,2014,-3.2,-7.6,19
353,0.0,203,12,59.0,20141220,0.0,2014-12-20,1.7,2.7,-6.8,6.0,2014,1.8,-2.6,20
354,0.0,203,12,61.8,20141221,0.0,2014-12-21,0.9,0.0,-14.9,6.7,2014,-0.3,-7.7,21
355,0.0,203,12,68.8,20141222,0.0,2014-12-22,0.8,0.9,-14.6,2.9,2014,-1.6,-7.7,22
356,0.0,203,12,71.1,20141223,0.0,2014-12-23,0.4,0.0,-14.3,2.4,2014,-0.5,-6.2,23
357,0.0,203,12,62.3,20141224,0.0,2014-12-24,1.3,0.0,-3.2,5.1,2014,7.1,0.4,24
358,0.0,203,12,47.6,20141225,0.0,2014-12-25,1.8,0.0,-7.4,8.9,2014,2.3,-2.7,25
359,0.0,203,12,54.9,20141226,0.0,2014-12-26,1.0,0.0,-11.3,8.8,2014,0.9,-5.3,26
360,0.0,203,12,61.6,20141227,0.0,2014-12-27,0.5,0.0,-11.9,8.6,2014,3.8,-5.1,27
361,0.0,203,12,69.5,20141228,0.0,2014-12-28,0.5,0.0,-10.6,0.7,2014,-0.3,-4.5,28
362,0.0,203,12,73.5,20141229,0.0,2014-12-29,0.4,0.0,-3.2,0.9,2014,4.6,-0.3,29
363,0.0,203,12,63.3,20141230,0.0,2014-12-30,1.1,0.0,-7.3,7.3,2014,7.8,-0.8,30
364,0.0,203,12,56.5,20141231,0.0,2014-12-31,2.1,0.6,-6.5,5.4,2014,2.7,-2.5,31
