,station_id,sunshine,humid,day,tmin,snow,Date,date,cloud,tavg,year,wind,month,rainfall,tmax
0,203,8.6,48.1,1,-11.1,0.0,2009-01-01,20090101,0.0,-6.6,2009,1.5,1,0.0,-0.5
1,203,8.5,64.9,2,-13.2,0.0,2009-01-02,20090102,0.0,-6.6,2009,0.6,1,0.0,1.9
2,203,8.5,61.9,3,-11.8,0.0,2009-01-03,20090103,0.4,-4.9,2009,0.5,1,0.0,4.2
3,203,7.4,56.9,4,-8.9,0.0,2009-01-04,20090104,2.4,-2.5,2009,0.8,1,0.0,6.0
4,203,4.2,67.9,5,-9.2,0.0,2009-01-05,20090105,2.5,-3.7,2009,0.9,1,0.0,2.6
5,203,5.6,64.9,6,-11.2,0.0,2009-01-06,20090106,2.5,-4.5,2009,0.6,1,0.0,2.2
6,203,8.2,60.5,7,-10.5,0.0,2009-01-07,20090107,0.3,-3.6,2009,0.6,1,0.0,4.4
7,203,6.0,53.6,8,-10.0,0.0,2009-01-08,20090108,3.4,-3.7,2009,0.9,1,0.0,4.9
8,203,4.0,53.5,9,-10.7,0.0,2009-01-09,20090109,1.9,-5.4,2009,1.3,1,0.0,0.7
9,203,8.7,45.5,10,-10.7,0.0,2009-01-10,20090110,0.5,-7.2,2009,2.0,1,0.0,-2.1
10,203,8.7,44.6,11,-14.6,0.0,2009-01-11,20090111,0.0,-8.1,2009,2.3,1,0.0,-1.9
11,203,6.2,45.8,12,-12.2,0.0,2009-01-12,20090112,1.3,-8.1,2009,2.4,1,0.0,-2.7
12,203,8.7,53.3,13,-15.9,0.0,2009-01-13,20090113,1.0,-7.6,2009,1.3,1,0.0,0.0
13,203,8.7,45.4,14,-11.0,0.2,2009-01-14,20090114,0.8,-6.9,2009,1.9,1,0.1,-2.4
14,203,8.9,37.5,15,-16.6,0.0,2009-01-15,20090115,0.9,-8.0,2009,1.3,1,0.0,-0.6
15,203,0.1,69.5,16,-9.9,0.2,2009-01-16,20090116,7.8,-5.9,2009,0.8,1,0.5,-1.8
16,203,1.4,84.0,17,-6.7,0.0,2009-01-17,20090117,2.6,-3.4,2009,0.8,1,0.0,0.5
17,203,0.0,85.4,18,-6.0,0.0,2009-01-18,20090118,7.5,-1.0,2009,0.9,1,1.0,2.2
18,203,7.7,50.3,19,-4.7,0.0,2009-01-19,20090119,0.3,-0.1,2009,2.0,1,0.0,6.5
19,203,7.6,49.1,20,-5.8,0.0,2009-01-20,20090120,5.1,-0.2,2009,0.8,1,0.0,7.2
20,203,1.6,63.1,21,-3.3,0.0,2009-01-21,20090121,7.5,0.3,2009,0.7,1,0.0,7.3
21,203,5.8,68.0,22,-6.7,0.0,2009-01-22,20090122,5.1,1.2,2009,1.6,1,0.0,8.2
22,203,8.5,38.9,23,-12.2,0.0,2009-01-23,20090123,1.6,-8.0,2009,3.3,1,0.0,-0.8
23,203,0.5,72.5,24,-15.3,5.2,2009-01-24,20090124,6.4,-9.4,2009,1.2,1,4.0,-3.2
24,203,2.1,74.5,25,-16.4,0.6,2009-01-25,20090125,6.4,-6.6,2009,1.4,1,0.5,0.1
25,203,5.5,63.1,26,-7.1,0.6,2009-01-26,20090126,4.6,-2.9,2009,1.7,1,0.4,0.9
26,203,8.9,65.9,27,-13.0,0.0,2009-01-27,20090127,0.0,-5.5,2009,0.8,1,0.0,2.1
27,203,9.0,59.0,28,-11.9,0.0,2009-01-28,20090128,0.1,-3.7,2009,0.5,1,0.0,6.2
28,203,0.4,58.9,29,-7.6,0.0,2009-01-29,20090129,6.5,-2.0,2009,0.4,1,0.0,5.9
29,203,2.6,61.4,30,-5.8,0.0,2009-01-30,20090130,6.3,2.9,2009,2.5,1,0.0,12.4
30,203,5.8,53.0,31,-0.2,0.0,2009-01-31,20090131,0.9,5.0,2009,2.1,1,0.0,12.2
31,203,8.9,61.6,1,-4.7,0.0,2009-02-01,20090201,2.1,2.2,2009,0.8,2,0.0,10.1
32,203,0.7,73.4,2,-4.8,0.0,2009-02-02,20090202,7.8,2.8,2009,0.9,2,0.0,9.9
33,203,6.6,76.5,3,0.0,0.0,2009-02-03,20090203,4.5,4.2,2009,1.0,2,0.0,11.1
34,203,2.9,74.6,4,-2.6,0.0,2009-02-04,20090204,3.8,2.1,2009,0.7,2,0.0,8.9
35,203,0.0,74.0,5,-0.1,0.0,2009-02-05,20090205,8.6,2.9,2009,1.0,2,0.0,5.4
36,203,2.8,77.5,6,-4.4,0.0,2009-02-06,20090206,3.5,0.5,2009,0.8,2,0.0,7.5
37,203,0.0,83.8,7,-4.9,0.0,2009-02-07,20090207,7.8,-0.6,2009,0.6,2,0.0,3.5
38,203,4.1,74.4,8,-3.0,0.0,2009-02-08,20090208,5.3,0.9,2009,0.8,2,0.0,7.6
39,203,3.9,64.8,9,-1.8,0.0,2009-02-09,20090209,6.3,2.8,2009,1.6,2,0.0,9.4
40,203,0.0,70.5,10,0.8,0.0,2009-02-10,20090210,7.8,3.1,2009,1.8,2,0.0,6.2
41,203,2.3,72.5,11,-0.6,0.0,2009-02-11,20090211,5.3,3.5,2009,1.5,2,0.0,10.1
42,203,0.1,75.6,12,-2.4,0.0,2009-02-12,20090212,8.5,2.8,2009,0.6,2,0.1,7.6
43,203,0.0,82.6,13,3.6,0.0,2009-02-13,20090213,9.8,8.8,2009,2.5,2,24.0,16.6
44,203,1.2,74.9,14,0.4,0.0,2009-02-14,20090214,7.3,3.8,2009,1.8,2,0.0,7.7
45,203,0.7,50.6,15,-5.7,0.0,2009-02-15,20090215,6.8,-1.0,2009,2.2,2,0.0,2.0
46,203,9.8,26.8,16,-8.3,0.0,2009-02-16,20090216,0.8,-5.2,2009,2.8,2,0.0,-1.2
47,203,9.7,42.3,17,-11.7,0.0,2009-02-17,20090217,0.6,-5.0,2009,1.5,2,0.0,1.8
48,203,6.7,53.5,18,-8.5,0.0,2009-02-18,20090218,3.3,-2.8,2009,1.6,2,0.0,3.1
49,203,0.0,62.4,19,-4.3,0.7,2009-02-19,20090219,9.4,-0.5,2009,0.9,2,0.5,3.0
50,203,6.9,57.8,20,-7.1,0.7,2009-02-20,20090220,4.5,-1.6,2009,2.9,2,0.5,2.0
51,203,9.7,58.3,21,-11.0,0.0,2009-02-21,20090221,1.1,-3.7,2009,1.2,2,0.0,3.5
52,203,0.5,65.9,22,-5.6,0.0,2009-02-22,20090222,7.9,0.8,2009,0.8,2,0.0,6.6
53,203,6.6,65.6,23,-3.7,0.0,2009-02-23,20090223,4.8,4.5,2009,0.9,2,0.0,12.0
54,203,0.1,68.6,24,1.5,0.0,2009-02-24,20090224,10.0,6.2,2009,0.9,2,0.0,10.9
55,203,4.4,48.6,25,-1.8,0.0,2009-02-25,20090225,5.8,4.5,2009,2.2,2,0.0,9.4
56,203,6.4,43.0,26,-5.4,0.0,2009-02-26,20090226,5.9,2.1,2009,1.4,2,0.0,8.5
57,203,9.2,44.8,27,-2.7,0.0,2009-02-27,20090227,4.0,3.3,2009,1.7,2,0.0,11.1
58,203,9.6,46.1,28,-4.4,0.0,2009-02-28,20090228,3.0,3.6,2009,1.3,2,0.0,12.1
59,203,10.0,37.9,1,-5.8,0.0,2009-03-01,20090301,0.0,2.9,2009,2.0,3,0.0,11.2
60,203,7.2,41.3,2,-6.4,0.0,2009-03-02,20090302,5.0,2.8,2009,1.1,3,0.0,9.5
61,203,0.0,82.9,3,-0.1,2.1,2009-03-03,20090303,8.9,1.9,2009,1.3,3,5.0,4.4
62,203,5.3,72.8,4,-3.4,0.0,2009-03-04,20090304,5.3,1.9,2009,0.9,3,0.0,9.3
63,203,0.1,78.1,5,-1.7,0.0,2009-03-05,20090305,9.1,3.8,2009,1.0,3,4.0,8.4
64,203,6.9,50.8,6,-1.9,0.0,2009-03-06,20090306,3.9,2.5,2009,3.1,3,0.0,7.6
65,203,10.1,48.0,7,-7.5,0.0,2009-03-07,20090307,1.9,0.8,2009,1.6,3,0.0,8.9
66,203,7.1,48.0,8,-3.9,0.0,2009-03-08,20090308,4.0,3.8,2009,1.3,3,0.0,13.4
67,203,8.4,58.9,9,-3.0,0.0,2009-03-09,20090309,2.4,4.9,2009,1.6,3,0.0,14.4
68,203,10.4,34.1,10,-0.9,0.0,2009-03-10,20090310,1.9,4.4,2009,2.7,3,0.0,11.2
69,203,6.9,30.4,11,-2.8,0.0,2009-03-11,20090311,4.4,4.1,2009,1.5,3,0.0,11.5
70,203,4.8,44.9,12,-3.4,0.0,2009-03-12,20090312,8.1,6.3,2009,1.5,3,1.5,15.2
71,203,0.5,71.4,13,-3.1,0.0,2009-03-13,20090313,7.8,3.0,2009,3.6,3,13.0,7.9
72,203,10.1,37.3,14,-3.9,0.0,2009-03-14,20090314,0.3,-0.2,2009,3.3,3,0.0,4.8
73,203,6.6,55.9,15,-6.3,0.0,2009-03-15,20090315,4.8,4.1,2009,2.2,3,0.0,10.2
74,203,4.8,62.4,16,6.2,0.0,2009-03-16,20090316,6.1,10.0,2009,2.8,3,0.0,17.1
75,203,7.5,57.6,17,-0.3,0.0,2009-03-17,20090317,3.6,9.8,2009,1.4,3,0.0,22.3
76,203,1.8,62.1,18,7.0,0.0,2009-03-18,20090318,8.3,16.2,2009,1.7,3,0.0,23.2
77,203,0.3,67.3,19,10.1,0.0,2009-03-19,20090319,8.9,16.6,2009,1.8,3,0.0,21.7
78,203,10.2,48.5,20,4.2,0.0,2009-03-20,20090320,0.6,11.3,2009,2.2,3,0.0,19.2
79,203,7.8,52.5,21,2.4,0.0,2009-03-21,20090321,5.1,12.9,2009,1.5,3,9.5,22.6
80,203,2.5,73.9,22,4.6,0.0,2009-03-22,20090322,6.1,10.2,2009,2.4,3,11.5,14.9
81,203,9.2,49.1,23,0.2,0.0,2009-03-23,20090323,1.3,5.2,2009,2.2,3,0.0,12.0
82,203,3.8,47.3,24,-1.7,0.0,2009-03-24,20090324,5.4,1.9,2009,2.0,3,0.0,7.5
83,203,10.9,46.4,25,-3.8,0.0,2009-03-25,20090325,3.0,2.3,2009,3.1,3,0.0,7.1
84,203,1.5,66.3,26,1.1,0.0,2009-03-26,20090326,6.6,2.9,2009,2.5,3,6.0,9.0
85,203,11.0,40.6,27,-1.8,0.0,2009-03-27,20090327,0.5,3.3,2009,2.4,3,0.0,9.0
86,203,10.7,33.5,28,-2.3,0.0,2009-03-28,20090328,2.0,4.4,2009,1.7,3,0.0,12.1
87,203,10.9,46.0,29,-3.5,0.0,2009-03-29,20090329,2.4,4.8,2009,1.2,3,0.0,12.5
88,203,3.9,57.3,30,0.5,0.0,2009-03-30,20090330,8.3,6.6,2009,2.1,3,0.3,12.8
89,203,6.6,56.0,31,2.3,0.0,2009-03-31,20090331,6.5,5.7,2009,2.5,3,0.0,12.3
90,203,7.3,51.6,1,-1.8,0.0,2009-04-01,20090401,4.1,4.7,2009,2.2,4,0.0,11.4
91,203,10.6,48.0,2,0.6,0.0,2009-04-02,20090402,2.1,7.3,2009,2.3,4,0.0,15.5
92,203,3.9,47.9,3,1.3,0.0,2009-04-03,20090403,7.6,7.6,2009,1.8,4,0.0,16.2
93,203,4.1,58.5,4,4.9,0.0,2009-04-04,20090404,7.3,8.5,2009,2.3,4,0.0,14.1
94,203,6.1,59.0,5,0.6,0.0,2009-04-05,20090405,0.4,8.7,2009,1.7,4,0.0,17.0
95,203,11.1,46.0,6,0.1,0.0,2009-04-06,20090406,0.0,10.7,2009,1.7,4,0.0,19.4
96,203,10.9,43.1,7,1.8,0.0,2009-04-07,20090407,0.0,12.6,2009,1.7,4,0.0,23.1
97,203,10.7,38.9,8,4.0,0.0,2009-04-08,20090408,0.0,14.8,2009,1.4,4,0.0,25.5
98,203,10.9,39.6,9,5.2,0.0,2009-04-09,20090409,0.0,16.1,2009,1.4,4,0.0,26.6
99,203,11.1,37.0,10,5.0,0.0,2009-04-10,20090410,0.0,16.1,2009,1.4,4,0.0,26.5
100,203,9.8,32.9,11,5.3,0.0,2009-04-11,20090411,2.4,16.5,2009,1.3,4,0.0,26.5
101,203,5.8,34.4,12,8.2,0.0,2009-04-12,20090412,5.3,16.1,2009,1.9,4,0.0,23.8
102,203,2.7,45.5,13,7.1,0.0,2009-04-13,20090413,7.0,15.2,2009,1.4,4,0.0,22.6
103,203,5.7,48.9,14,10.1,0.0,2009-04-14,20090414,4.8,14.1,2009,2.4,4,0.0,20.1
104,203,0.2,79.0,15,5.3,0.0,2009-04-15,20090415,7.3,8.8,2009,1.4,4,5.5,13.2
105,203,4.3,66.3,16,5.5,0.0,2009-04-16,20090416,5.1,10.2,2009,1.5,4,0.0,16.5
106,203,9.9,49.6,17,1.4,0.0,2009-04-17,20090417,0.5,10.9,2009,1.7,4,0.0,20.2
107,203,11.9,35.9,18,2.7,0.0,2009-04-18,20090418,1.9,13.6,2009,1.4,4,0.0,24.7
108,203,9.7,36.8,19,4.9,0.0,2009-04-19,20090419,5.6,17.5,2009,1.2,4,0.0,28.8
109,203,0.0,76.9,20,12.3,0.0,2009-04-20,20090420,10.0,13.3,2009,2.4,4,44.0,16.1
110,203,0.0,72.4,21,8.2,0.0,2009-04-21,20090421,9.8,9.6,2009,4.4,4,0.5,12.8
111,203,6.4,59.8,22,6.6,0.0,2009-04-22,20090422,2.1,9.8,2009,3.3,4,0.0,13.8
112,203,8.5,58.9,23,2.6,0.0,2009-04-23,20090423,4.8,11.4,2009,1.0,4,0.0,18.2
113,203,1.1,66.1,24,10.6,0.0,2009-04-24,20090424,10.0,12.6,2009,1.9,4,4.0,17.7
114,203,0.0,79.9,25,6.2,0.0,2009-04-25,20090425,10.0,8.6,2009,2.2,4,3.5,11.0
115,203,0.1,68.1,26,4.1,0.0,2009-04-26,20090426,8.5,8.2,2009,1.1,4,0.1,12.0
116,203,5.7,69.6,27,2.2,0.0,2009-04-27,20090427,4.9,8.9,2009,1.1,4,0.1,17.7
117,203,6.5,64.4,28,3.7,0.0,2009-04-28,20090428,5.0,10.9,2009,1.0,4,0.0,22.2
118,203,11.5,48.0,29,3.6,0.0,2009-04-29,20090429,0.3,13.8,2009,1.2,4,0.0,24.0
119,203,8.5,38.3,30,4.5,0.0,2009-04-30,20090430,4.6,14.7,2009,1.1,4,0.0,23.3
120,203,10.5,47.6,1,5.8,0.0,2009-05-01,20090501,3.0,15.7,2009,1.1,5,0.0,25.1
121,203,2.9,75.6,2,10.4,0.0,2009-05-02,20090502,8.9,14.7,2009,1.3,5,1.5,21.3
122,203,8.7,67.4,3,12.3,0.0,2009-05-03,20090503,4.3,17.0,2009,1.5,5,0.0,25.4
123,203,9.3,60.9,4,8.9,0.0,2009-05-04,20090504,2.3,16.0,2009,1.8,5,0.0,27.1
124,203,8.5,58.1,5,8.4,0.0,2009-05-05,20090505,3.6,18.0,2009,1.4,5,0.0,29.3
125,203,11.8,43.6,6,11.1,0.0,2009-05-06,20090506,0.5,21.2,2009,1.3,5,0.0,31.4
126,203,12.3,39.8,7,10.6,0.0,2009-05-07,20090507,0.3,19.8,2009,1.9,5,0.0,29.6
127,203,11.0,46.9,8,10.4,0.0,2009-05-08,20090508,0.0,19.9,2009,1.3,5,0.0,28.7
128,203,9.4,40.6,9,11.4,0.0,2009-05-09,20090509,3.6,20.4,2009,1.7,5,0.0,29.5
129,203,6.2,52.0,10,9.7,0.0,2009-05-10,20090510,7.0,19.2,2009,0.9,5,0.0,27.9
130,203,0.0,82.6,11,14.4,0.0,2009-05-11,20090511,9.9,15.8,2009,1.0,5,7.0,18.8
131,203,1.0,84.5,12,14.5,0.0,2009-05-12,20090512,6.8,16.6,2009,1.6,5,9.0,19.6
132,203,11.4,44.4,13,7.9,0.0,2009-05-13,20090513,1.5,16.8,2009,2.0,5,0.0,25.1
133,203,9.4,47.5,14,6.7,0.0,2009-05-14,20090514,4.5,16.9,2009,1.4,5,0.0,27.1
134,203,0.0,65.5,15,13.1,0.0,2009-05-15,20090515,9.8,16.8,2009,1.1,5,0.5,21.9
135,203,0.0,89.9,16,11.8,0.0,2009-05-16,20090516,10.0,12.8,2009,1.6,5,70.0,14.4
136,203,2.6,77.5,17,10.2,0.0,2009-05-17,20090517,6.6,13.7,2009,2.4,5,6.0,17.0
137,203,10.4,56.5,18,6.4,0.0,2009-05-18,20090518,1.6,15.4,2009,2.1,5,0.0,23.9
138,203,11.3,58.4,19,8.9,0.0,2009-05-19,20090519,0.4,18.7,2009,1.5,5,0.0,26.8
139,203,4.2,59.8,20,11.8,0.0,2009-05-20,20090520,7.9,19.5,2009,0.8,5,0.0,27.4
140,203,0.0,86.8,21,14.2,0.0,2009-05-21,20090521,10.0,15.2,2009,1.6,5,24.5,20.0
141,203,6.3,67.5,22,14.8,0.0,2009-05-22,20090522,8.3,18.5,2009,2.0,5,0.0,23.8
142,203,0.6,75.6,23,13.5,0.0,2009-05-23,20090523,9.5,16.0,2009,1.6,5,0.4,20.6
143,203,6.7,67.5,24,12.8,0.0,2009-05-24,20090524,4.8,18.5,2009,1.2,5,0.0,25.7
144,203,10.3,59.4,25,12.3,0.0,2009-05-25,20090525,3.6,21.5,2009,1.1,5,0.0,30.3
145,203,10.6,55.5,26,15.3,0.0,2009-05-26,20090526,2.6,22.1,2009,1.2,5,0.0,30.4
146,203,12.6,46.1,27,14.4,0.0,2009-05-27,20090527,0.3,21.3,2009,1.7,5,0.0,28.9
147,203,12.0,41.9,28,12.9,0.0,2009-05-28,20090528,0.0,21.3,2009,1.7,5,0.0,30.5
148,203,10.9,46.1,29,12.3,0.0,2009-05-29,20090529,3.9,19.9,2009,1.8,5,0.0,27.1
149,203,6.8,49.6,30,13.4,0.0,2009-05-30,20090530,4.6,18.8,2009,1.5,5,0.0,26.0
150,203,12.7,45.9,31,11.1,0.0,2009-05-31,20090531,0.4,19.0,2009,2.1,5,0.0,26.6
151,203,12.7,53.8,1,9.8,0.0,2009-06-01,20090601,0.0,20.5,2009,1.9,6,0.0,29.0
152,203,7.2,62.6,2,14.4,0.0,2009-06-02,20090602,5.5,21.3,2009,2.5,6,0.1,27.6
153,203,0.0,80.0,3,15.2,0.0,2009-06-03,20090603,8.1,17.8,2009,1.8,6,3.5,21.1
154,203,6.9,64.6,4,15.7,0.0,2009-06-04,20090604,4.5,20.3,2009,1.0,6,0.0,27.1
155,203,11.9,54.8,5,13.5,0.0,2009-06-05,20090605,0.9,21.2,2009,1.0,6,0.0,28.9
156,203,11.1,56.4,6,14.3,0.0,2009-06-06,20090606,2.3,21.2,2009,1.3,6,0.0,27.7
157,203,1.1,65.1,7,13.5,0.0,2009-06-07,20090607,6.5,17.5,2009,0.8,6,0.0,21.0
158,203,4.3,64.5,8,11.9,0.0,2009-06-08,20090608,6.5,19.4,2009,0.8,6,0.0,25.8
159,203,0.1,77.9,9,16.4,0.0,2009-06-09,20090609,10.0,19.3,2009,1.1,6,13.0,22.4
160,203,0.6,79.4,10,16.3,0.0,2009-06-10,20090610,9.3,18.7,2009,1.7,6,17.0,22.0
161,203,12.2,51.1,11,14.5,0.0,2009-06-11,20090611,3.8,21.1,2009,2.9,6,0.0,27.0
162,203,12.0,44.1,12,14.4,0.0,2009-06-12,20090612,2.6,20.1,2009,1.9,6,0.5,26.6
163,203,5.9,63.1,13,12.5,0.0,2009-06-13,20090613,4.8,19.0,2009,1.4,6,0.0,24.3
164,203,2.2,72.6,14,15.5,0.0,2009-06-14,20090614,7.3,19.7,2009,1.1,6,0.0,24.9
165,203,5.8,67.8,15,15.9,0.0,2009-06-15,20090615,6.1,20.9,2009,1.2,6,0.0,26.8
166,203,7.8,64.5,16,14.7,0.0,2009-06-16,20090616,4.1,20.8,2009,1.1,6,0.5,27.2
167,203,0.1,74.4,17,16.0,0.0,2009-06-17,20090617,9.1,20.2,2009,0.8,6,0.0,25.9
168,203,11.1,60.3,18,16.9,0.0,2009-06-18,20090618,1.4,24.1,2009,0.8,6,0.0,31.5
169,203,4.3,64.0,19,18.7,0.0,2009-06-19,20090619,8.4,24.9,2009,1.3,6,0.0,30.9
170,203,0.0,83.9,20,21.2,0.0,2009-06-20,20090620,10.0,22.1,2009,1.2,6,37.0,23.8
171,203,7.9,71.3,21,21.6,0.0,2009-06-21,20090621,7.4,25.4,2009,1.1,6,0.3,31.7
172,203,6.4,67.1,22,19.3,0.0,2009-06-22,20090622,6.1,23.1,2009,2.0,6,0.0,28.3
173,203,11.7,55.0,23,17.5,0.0,2009-06-23,20090623,1.5,23.0,2009,1.9,6,0.0,29.7
174,203,12.2,51.9,24,14.9,0.0,2009-06-24,20090624,0.0,23.2,2009,1.5,6,0.0,31.0
175,203,9.5,48.4,25,14.6,0.0,2009-06-25,20090625,3.3,23.1,2009,1.3,6,0.0,30.8
176,203,11.4,61.6,26,14.3,0.0,2009-06-26,20090626,3.3,23.2,2009,1.1,6,0.0,30.3
177,203,10.5,60.9,27,18.1,0.0,2009-06-27,20090627,4.4,25.3,2009,1.2,6,0.0,32.9
178,203,2.1,69.6,28,21.5,0.0,2009-06-28,20090628,8.1,25.5,2009,1.1,6,0.1,30.9
179,203,6.9,74.5,29,20.6,0.0,2009-06-29,20090629,6.4,25.1,2009,1.0,6,33.0,31.2
180,203,0.0,74.1,30,22.9,0.0,2009-06-30,20090630,9.6,24.5,2009,1.4,6,0.0,26.6
181,203,9.7,65.4,1,19.5,0.0,2009-07-01,20090701,5.4,23.6,2009,1.6,7,0.0,27.9
182,203,1.5,82.4,2,16.4,0.0,2009-07-02,20090702,8.0,19.8,2009,1.2,7,31.0,23.5
183,203,6.7,74.0,3,16.9,0.0,2009-07-03,20090703,7.3,21.3,2009,1.1,7,1.0,27.8
184,203,5.8,68.6,4,18.0,0.0,2009-07-04,20090704,5.3,23.1,2009,0.9,7,0.0,28.9
185,203,8.4,69.9,5,17.9,0.0,2009-07-05,20090705,4.1,23.6,2009,0.8,7,0.0,30.7
186,203,4.4,69.6,6,19.1,0.0,2009-07-06,20090706,8.3,24.8,2009,0.9,7,0.0,30.9
187,203,1.5,76.0,7,20.9,0.0,2009-07-07,20090707,8.3,23.1,2009,1.4,7,4.5,26.4
188,203,6.5,70.9,8,19.8,0.0,2009-07-08,20090708,8.4,25.4,2009,0.8,7,0.0,31.7
189,203,0.0,87.6,9,18.2,0.0,2009-07-09,20090709,9.5,21.6,2009,2.3,7,110.5,25.3
190,203,6.4,69.0,10,17.3,0.0,2009-07-10,20090710,5.8,23.1,2009,1.3,7,0.0,29.0
191,203,4.0,78.4,11,17.6,0.0,2009-07-11,20090711,8.0,22.4,2009,0.8,7,2.0,28.5
192,203,0.0,87.5,12,18.4,0.0,2009-07-12,20090712,9.9,21.2,2009,2.4,7,304.0,25.0
193,203,0.8,77.6,13,20.6,0.0,2009-07-13,20090713,9.9,23.6,2009,1.4,7,5.0,28.9
194,203,0.1,85.1,14,20.1,0.0,2009-07-14,20090714,10.0,23.5,2009,3.0,7,82.0,28.4
195,203,1.1,75.9,15,20.2,0.0,2009-07-15,20090715,8.4,22.8,2009,2.0,7,0.0,26.0
196,203,10.3,74.5,16,18.5,0.0,2009-07-16,20090716,6.3,24.4,2009,1.3,7,0.0,30.3
197,203,0.0,86.4,17,22.1,0.0,2009-07-17,20090717,10.0,23.8,2009,0.8,7,45.0,25.9
198,203,0.0,78.8,18,23.1,0.0,2009-07-18,20090718,10.0,25.9,2009,3.6,7,54.5,28.6
199,203,2.3,79.5,19,21.2,0.0,2009-07-19,20090719,7.3,24.4,2009,1.3,7,0.5,30.1
200,203,0.3,83.4,20,21.7,0.0,2009-07-20,20090720,10.0,24.7,2009,0.8,7,0.3,29.0
201,203,4.9,76.4,21,21.3,0.0,2009-07-21,20090721,6.6,25.0,2009,1.7,7,1.0,29.3
202,203,6.3,72.5,22,19.2,0.0,2009-07-22,20090722,3.0,23.9,2009,1.1,7,0.0,29.8
203,203,6.2,72.4,23,18.1,0.0,2009-07-23,20090723,6.5,23.9,2009,1.1,7,0.0,29.7
204,203,6.1,70.4,24,19.7,0.0,2009-07-24,20090724,6.6,23.0,2009,2.1,7,0.0,28.8
205,203,0.3,77.9,25,18.0,0.0,2009-07-25,20090725,9.4,21.2,2009,1.4,7,3.5,24.5
206,203,2.7,75.1,26,19.7,0.0,2009-07-26,20090726,6.5,23.1,2009,0.9,7,0.1,28.2
207,203,7.6,72.3,27,19.3,0.0,2009-07-27,20090727,4.6,24.4,2009,0.9,7,0.0,30.5
208,203,0.0,78.0,28,20.5,0.0,2009-07-28,20090728,9.5,22.5,2009,1.3,7,0.0,25.5
209,203,11.9,65.0,29,18.6,0.0,2009-07-29,20090729,3.1,24.7,2009,1.2,7,0.0,30.8
210,203,4.7,72.5,30,19.2,0.0,2009-07-30,20090730,4.4,24.9,2009,0.9,7,0.0,31.0
211,203,3.8,74.4,31,21.6,0.0,2009-07-31,20090731,5.3,24.9,2009,0.9,7,0.0,30.3
212,203,3.2,75.8,1,21.0,0.0,2009-08-01,20090801,6.0,24.9,2009,0.8,8,0.0,30.5
213,203,6.7,69.9,2,20.0,0.0,2009-08-02,20090802,4.6,25.6,2009,0.9,8,0.0,31.8
214,203,0.0,73.8,3,20.0,0.0,2009-08-03,20090803,8.4,23.2,2009,1.2,8,0.0,25.9
215,203,10.3,69.6,4,18.3,0.0,2009-08-04,20090804,4.8,24.7,2009,0.8,8,0.0,31.2
216,203,11.8,62.5,5,20.5,0.0,2009-08-05,20090805,4.0,25.8,2009,1.5,8,0.0,31.3
217,203,3.6,69.5,6,20.7,0.0,2009-08-06,20090806,8.4,24.4,2009,1.8,8,2.0,29.5
218,203,0.1,83.4,7,21.9,0.0,2009-08-07,20090807,9.9,24.6,2009,0.9,8,3.5,28.2
219,203,0.1,84.3,8,23.2,0.0,2009-08-08,20090808,8.1,25.1,2009,0.8,8,16.5,28.4
220,203,9.2,72.9,9,22.3,0.0,2009-08-09,20090809,4.0,26.7,2009,1.3,8,0.3,33.2
221,203,8.2,69.3,10,20.3,0.0,2009-08-10,20090810,5.8,25.9,2009,1.6,8,0.0,31.0
222,203,0.0,84.5,11,22.2,0.0,2009-08-11,20090811,10.0,23.3,2009,1.6,8,65.0,26.3
223,203,0.0,90.3,12,21.8,0.0,2009-08-12,20090812,9.3,22.8,2009,1.5,8,62.5,24.7
224,203,9.2,76.3,13,19.8,0.0,2009-08-13,20090813,3.9,25.4,2009,1.2,8,0.0,31.0
225,203,8.3,71.8,14,21.4,0.0,2009-08-14,20090814,3.0,26.5,2009,0.8,8,0.0,33.2
226,203,8.2,75.3,15,19.4,0.0,2009-08-15,20090815,0.1,25.7,2009,0.6,8,0.0,33.5
227,203,11.7,63.4,16,20.8,0.0,2009-08-16,20090816,1.3,26.8,2009,1.0,8,0.0,33.8
228,203,2.7,70.5,17,21.0,0.0,2009-08-17,20090817,7.3,25.2,2009,1.5,8,0.0,30.5
229,203,5.0,75.5,18,22.1,0.0,2009-08-18,20090818,6.5,25.9,2009,0.9,8,0.4,31.6
230,203,3.7,74.4,19,21.4,0.0,2009-08-19,20090819,7.8,26.7,2009,1.4,8,0.0,32.3
231,203,1.9,80.1,20,22.1,0.0,2009-08-20,20090820,7.4,25.4,2009,2.3,8,32.0,28.2
232,203,5.3,66.3,21,18.8,0.0,2009-08-21,20090821,6.4,24.1,2009,1.2,8,0.0,31.0
233,203,3.2,65.3,22,19.6,0.0,2009-08-22,20090822,8.1,23.9,2009,1.1,8,0.0,30.4
234,203,12.1,68.3,23,17.4,0.0,2009-08-23,20090823,1.3,24.4,2009,1.5,8,0.0,32.0
235,203,9.4,66.8,24,19.6,0.0,2009-08-24,20090824,2.0,24.0,2009,1.1,8,0.0,30.4
236,203,5.2,72.1,25,18.3,0.0,2009-08-25,20090825,6.8,23.6,2009,1.0,8,0.0,30.2
237,203,1.2,68.0,26,18.4,0.0,2009-08-26,20090826,9.4,24.0,2009,1.9,8,0.0,28.8
238,203,0.1,82.9,27,20.8,0.0,2009-08-27,20090827,8.8,23.7,2009,1.6,8,10.5,27.0
239,203,8.3,68.4,28,18.7,0.0,2009-08-28,20090828,3.6,23.9,2009,1.4,8,0.0,30.0
240,203,5.8,70.8,29,14.6,0.0,2009-08-29,20090829,6.9,20.9,2009,1.5,8,0.0,27.5
241,203,0.5,78.5,30,16.0,0.0,2009-08-30,20090830,8.8,19.6,2009,1.1,8,3.0,24.2
242,203,8.1,72.8,31,13.2,0.0,2009-08-31,20090831,1.9,20.4,2009,1.0,8,0.0,27.9
243,203,12.1,66.9,1,15.1,0.0,2009-09-01,20090901,1.8,21.5,2009,1.0,9,0.0,28.2
244,203,11.8,65.6,2,14.5,0.0,2009-09-02,20090902,0.5,20.5,2009,1.1,9,0.0,28.2
245,203,8.6,72.5,3,14.4,0.0,2009-09-03,20090903,2.3,20.5,2009,0.8,9,0.0,28.6
246,203,10.5,69.4,4,14.3,0.0,2009-09-04,20090904,3.8,21.5,2009,0.7,9,0.0,29.6
247,203,8.0,70.9,5,17.0,0.0,2009-09-05,20090905,4.5,23.0,2009,0.8,9,0.0,30.0
248,203,6.2,67.1,6,17.6,0.0,2009-09-06,20090906,4.9,23.9,2009,1.1,9,0.0,30.8
249,203,0.0,84.5,7,20.3,0.0,2009-09-07,20090907,9.8,22.2,2009,0.9,9,1.0,24.7
250,203,10.3,67.3,8,17.8,0.0,2009-09-08,20090908,3.8,22.6,2009,1.2,9,0.0,29.3
251,203,7.5,63.6,9,14.9,0.0,2009-09-09,20090909,3.9,21.7,2009,1.2,9,0.0,28.8
252,203,8.6,64.0,10,12.7,0.0,2009-09-10,20090910,6.0,20.4,2009,0.9,9,0.0,28.1
253,203,1.4,74.8,11,13.9,0.0,2009-09-11,20090911,7.9,19.1,2009,0.9,9,5.0,24.4
254,203,3.9,85.8,12,14.9,0.0,2009-09-12,20090912,6.9,17.3,2009,1.1,9,20.0,23.7
255,203,5.4,82.4,13,13.0,0.0,2009-09-13,20090913,6.4,17.7,2009,0.9,9,0.0,24.9
256,203,0.0,84.0,14,13.8,0.0,2009-09-14,20090914,8.5,17.5,2009,0.8,9,0.0,22.0
257,203,5.3,75.1,15,12.8,0.0,2009-09-15,20090915,3.8,18.5,2009,1.1,9,0.0,25.6
258,203,6.5,74.0,16,13.0,0.0,2009-09-16,20090916,3.5,18.5,2009,0.8,9,0.0,26.8
259,203,8.4,72.5,17,12.5,0.0,2009-09-17,20090917,2.5,18.8,2009,0.8,9,0.0,26.5
260,203,7.3,68.0,18,12.4,0.0,2009-09-18,20090918,1.3,19.1,2009,1.0,9,0.0,28.9
261,203,10.7,63.6,19,12.7,0.0,2009-09-19,20090919,0.9,19.1,2009,1.3,9,0.0,27.1
262,203,8.3,68.0,20,11.9,0.0,2009-09-20,20090920,6.1,18.8,2009,1.0,9,0.0,25.9
263,203,0.0,87.3,21,15.8,0.0,2009-09-21,20090921,9.6,17.4,2009,1.0,9,3.5,19.1
264,203,8.0,70.0,22,13.5,0.0,2009-09-22,20090922,4.0,17.8,2009,0.8,9,0.0,25.5
265,203,9.0,69.5,23,11.7,0.0,2009-09-23,20090923,1.6,18.8,2009,0.7,9,0.0,27.5
266,203,5.9,77.0,24,11.2,0.0,2009-09-24,20090924,6.3,17.8,2009,0.6,9,0.0,26.5
267,203,0.2,80.8,25,14.0,0.0,2009-09-25,20090925,7.6,18.0,2009,0.5,9,0.0,24.0
268,203,6.5,75.3,26,14.1,0.0,2009-09-26,20090926,8.0,19.9,2009,1.3,9,0.0,27.4
269,203,0.0,82.5,27,16.3,0.0,2009-09-27,20090927,9.5,18.5,2009,0.9,9,6.5,21.4
270,203,3.9,81.0,28,16.3,0.0,2009-09-28,20090928,7.4,19.6,2009,0.8,9,9.5,25.0
271,203,3.1,82.0,29,16.1,0.0,2009-09-29,20090929,7.9,19.2,2009,0.9,9,0.0,25.5
272,203,8.6,73.0,30,14.2,0.0,2009-09-30,20090930,3.8,19.7,2009,1.0,9,0.0,27.0
273,203,6.9,74.4,1,12.0,0.0,2009-10-01,20091001,3.8,18.8,2009,0.8,10,0.0,27.5
274,203,5.7,65.1,2,13.1,0.0,2009-10-02,20091002,4.0,17.4,2009,1.4,10,0.0,24.8
275,203,10.3,60.1,3,6.6,0.0,2009-10-03,20091003,2.4,15.4,2009,1.3,10,0.0,23.4
276,203,8.4,54.6,4,8.0,0.0,2009-10-04,20091004,3.3,15.9,2009,1.2,10,0.0,22.5
277,203,10.1,67.5,5,5.2,0.0,2009-10-05,20091005,0.3,14.2,2009,0.7,10,0.0,23.9
278,203,9.5,68.0,6,7.4,0.0,2009-10-06,20091006,0.0,15.3,2009,0.8,10,0.0,24.8
279,203,6.6,58.9,7,8.2,0.0,2009-10-07,20091007,3.6,15.6,2009,2.4,10,0.0,23.3
280,203,8.0,53.4,8,9.3,0.0,2009-10-08,20091008,2.8,14.7,2009,1.6,10,0.0,21.6
281,203,8.0,60.6,9,5.3,0.0,2009-10-09,20091009,3.1,13.2,2009,0.7,10,0.0,21.8
282,203,10.0,64.9,10,6.4,0.0,2009-10-10,20091010,0.5,13.3,2009,0.9,10,0.0,22.1
283,203,7.2,70.0,11,5.2,0.0,2009-10-11,20091011,3.9,13.1,2009,0.6,10,0.0,21.7
284,203,7.1,67.8,12,6.9,0.0,2009-10-12,20091012,4.4,13.1,2009,1.0,10,0.0,21.1
285,203,5.0,81.4,13,3.5,0.0,2009-10-13,20091013,5.3,11.2,2009,1.0,10,12.0,19.8
286,203,5.8,80.1,14,7.9,0.0,2009-10-14,20091014,3.9,12.2,2009,0.9,10,0.0,19.1
287,203,4.7,84.6,15,6.3,0.0,2009-10-15,20091015,5.4,11.3,2009,0.6,10,0.0,21.1
288,203,4.8,73.9,16,6.1,0.0,2009-10-16,20091016,6.5,13.3,2009,1.2,10,0.0,21.8
289,203,4.1,0.0,17,8.4,0.0,2009-10-17,20091017,5.6,12.6,2009,2.4,10,11.0,18.3
290,203,9.3,60.1,18,4.8,0.0,2009-10-18,20091018,2.4,12.3,2009,1.3,10,0.0,19.5
291,203,4.0,65.8,19,6.8,0.0,2009-10-19,20091019,6.9,11.0,2009,2.4,10,5.5,15.7
292,203,9.6,55.8,20,4.7,0.0,2009-10-20,20091020,0.6,9.7,2009,1.3,10,0.0,16.3
293,203,9.3,61.3,21,3.9,0.0,2009-10-21,20091021,1.1,11.0,2009,1.2,10,0.0,19.8
294,203,7.7,66.5,22,1.8,0.0,2009-10-22,20091022,2.9,10.0,2009,0.5,10,0.0,19.2
295,203,4.2,72.5,23,6.9,0.0,2009-10-23,20091023,4.3,12.3,2009,0.7,10,0.0,19.5
296,203,7.9,72.8,24,7.3,0.0,2009-10-24,20091024,0.0,14.3,2009,1.1,10,0.0,22.4
297,203,5.7,75.6,25,7.2,0.0,2009-10-25,20091025,1.6,12.9,2009,0.5,10,0.0,20.7
298,203,5.8,77.1,26,6.3,0.0,2009-10-26,20091026,4.3,13.2,2009,0.9,10,0.0,22.2
299,203,4.4,76.1,27,9.1,0.0,2009-10-27,20091027,4.8,13.9,2009,0.9,10,0.0,21.5
300,203,3.2,80.6,28,5.8,0.0,2009-10-28,20091028,6.1,11.3,2009,0.6,10,0.0,19.3
301,203,7.2,73.0,29,4.0,0.0,2009-10-29,20091029,2.4,12.5,2009,0.7,10,0.0,23.3
302,203,8.5,70.5,30,8.7,0.0,2009-10-30,20091030,2.0,15.0,2009,0.6,10,0.0,24.3
303,203,1.0,81.9,31,8.7,0.0,2009-10-31,20091031,7.1,14.7,2009,1.2,10,24.5,19.8
304,203,3.4,73.1,1,6.1,0.0,2009-11-01,20091101,6.4,10.9,2009,2.0,11,6.5,14.7
305,203,9.4,42.5,2,-2.9,0.0,2009-11-02,20091102,0.4,1.2,2009,2.8,11,0.0,6.5
306,203,3.8,56.3,3,-6.5,0.0,2009-11-03,20091103,4.8,0.9,2009,0.8,11,0.0,4.8
307,203,1.7,70.9,4,1.1,0.0,2009-11-04,20091104,7.4,8.9,2009,1.3,11,0.0,16.1
308,203,5.6,72.5,5,6.8,0.0,2009-11-05,20091105,4.1,12.4,2009,0.9,11,0.4,19.8
309,203,4.6,77.8,6,4.7,0.0,2009-11-06,20091106,3.1,11.4,2009,0.8,11,0.2,20.8
310,203,2.0,79.4,7,6.9,0.0,2009-11-07,20091107,7.6,13.3,2009,0.5,11,0.0,19.7
311,203,0.0,91.0,8,13.3,0.0,2009-11-08,20091108,9.9,14.9,2009,0.9,11,57.0,17.0
312,203,3.5,77.8,9,12.4,0.0,2009-11-09,20091109,7.9,15.5,2009,1.7,11,0.0,21.8
313,203,0.3,62.1,10,8.5,0.0,2009-11-10,20091110,8.6,12.4,2009,3.8,11,0.0,16.1
314,203,9.0,53.6,11,4.5,0.0,2009-11-11,20091111,2.6,8.6,2009,4.4,11,0.0,14.1
315,203,6.5,55.4,12,2.3,0.0,2009-11-12,20091112,5.8,7.7,2009,2.6,11,0.0,13.1
316,203,0.0,81.3,13,7.0,0.0,2009-11-13,20091113,9.6,8.4,2009,1.4,11,2.5,9.3
317,203,4.9,59.9,14,1.7,0.0,2009-11-14,20091114,6.0,6.3,2009,2.8,11,0.0,9.3
318,203,7.2,49.6,15,-2.3,0.0,2009-11-15,20091115,4.4,0.4,2009,3.0,11,0.0,4.2
319,203,7.0,45.8,16,-5.4,0.0,2009-11-16,20091116,6.1,-0.8,2009,1.7,11,0.0,3.7
320,203,7.4,36.6,17,-3.0,0.0,2009-11-17,20091117,3.1,-0.1,2009,2.2,11,0.0,4.6
321,203,9.1,42.0,18,-7.3,0.0,2009-11-18,20091118,2.4,-1.4,2009,1.2,11,0.0,4.9
322,203,6.5,50.8,19,-4.1,0.0,2009-11-19,20091119,4.0,0.7,2009,1.3,11,0.0,7.3
323,203,6.2,55.9,20,-4.6,0.0,2009-11-20,20091120,6.1,0.3,2009,1.3,11,0.2,6.1
324,203,8.8,48.5,21,-5.0,0.0,2009-11-21,20091121,1.6,-0.2,2009,1.4,11,0.0,5.4
325,203,6.2,57.4,22,-6.9,0.0,2009-11-22,20091122,5.6,1.6,2009,1.0,11,0.0,8.1
326,203,1.4,69.8,23,-0.9,0.0,2009-11-23,20091123,4.3,4.2,2009,0.5,11,0.0,11.8
327,203,5.8,75.9,24,-3.2,0.0,2009-11-24,20091124,2.9,3.2,2009,0.5,11,0.0,13.2
328,203,0.9,88.3,25,-3.8,0.0,2009-11-25,20091125,7.1,1.7,2009,0.6,11,2.0,7.1
329,203,2.4,89.0,26,-1.0,0.0,2009-11-26,20091126,7.0,2.4,2009,0.6,11,0.0,8.8
330,203,0.2,76.0,27,2.3,0.0,2009-11-27,20091127,8.3,5.3,2009,1.2,11,0.0,10.2
331,203,2.7,76.8,28,1.2,0.0,2009-11-28,20091128,6.5,4.4,2009,0.6,11,0.0,9.9
332,203,0.0,88.4,29,2.6,0.0,2009-11-29,20091129,9.9,4.3,2009,0.6,11,7.5,6.1
333,203,5.5,76.4,30,-0.8,0.0,2009-11-30,20091130,4.3,5.1,2009,1.1,11,0.0,10.0
334,203,2.4,87.4,1,-2.5,0.0,2009-12-01,20091201,5.9,1.3,2009,0.6,12,0.0,8.4
335,203,0.0,91.0,2,-1.6,0.0,2009-12-02,20091202,9.8,0.7,2009,0.7,12,0.0,4.0
336,203,0.0,87.8,3,-3.0,0.0,2009-12-03,20091203,9.3,2.0,2009,0.7,12,0.0,5.3
337,203,2.7,85.0,4,-3.1,0.0,2009-12-04,20091204,7.1,0.0,2009,0.6,12,0.0,6.2
338,203,3.9,63.8,5,-4.4,0.1,2009-12-05,20091205,6.4,-0.6,2009,3.5,12,9.5,4.1
339,203,8.8,32.5,6,-7.2,0.0,2009-12-06,20091206,0.0,-3.5,2009,2.1,12,0.0,1.5
340,203,8.7,63.1,7,-9.6,0.0,2009-12-07,20091207,0.0,-3.6,2009,0.7,12,0.0,3.5
341,203,0.6,79.5,8,-7.0,0.0,2009-12-08,20091208,6.6,-2.6,2009,0.8,12,0.0,1.3
342,203,1.2,77.8,9,-3.7,0.0,2009-12-09,20091209,9.3,1.6,2009,0.9,12,0.0,7.9
343,203,0.0,87.3,10,3.2,0.0,2009-12-10,20091210,10.0,5.4,2009,1.1,12,7.5,6.6
344,203,0.0,88.3,11,5.9,0.0,2009-12-11,20091211,9.9,7.3,2009,1.1,12,1.0,8.6
345,203,4.5,74.0,12,0.6,0.0,2009-12-12,20091212,6.3,5.6,2009,1.8,12,0.0,9.3
346,203,5.6,61.6,13,-0.7,0.0,2009-12-13,20091213,3.6,2.5,2009,1.3,12,0.0,8.2
347,203,8.1,33.5,14,-2.6,0.0,2009-12-14,20091214,2.4,0.2,2009,2.1,12,0.0,5.2
348,203,3.3,26.6,15,-6.5,0.0,2009-12-15,20091215,4.1,-3.2,2009,2.6,12,0.0,1.1
349,203,8.7,36.3,16,-9.9,0.0,2009-12-16,20091216,0.0,-6.1,2009,2.1,12,0.0,-2.0
350,203,8.2,46.9,17,-11.7,0.0,2009-12-17,20091217,0.8,-7.0,2009,2.1,12,0.0,-1.8
351,203,8.8,47.5,18,-13.2,0.0,2009-12-18,20091218,0.1,-8.7,2009,2.2,12,0.0,-3.5
352,203,8.6,47.9,19,-12.0,0.0,2009-12-19,20091219,1.3,-6.8,2009,2.4,12,0.0,-2.4
353,203,4.7,55.8,20,-12.6,0.0,2009-12-20,20091220,1.9,-6.0,2009,1.4,12,0.0,-0.3
354,203,8.7,44.1,21,-13.2,0.0,2009-12-21,20091221,1.3,-5.3,2009,1.3,12,0.0,0.9
355,203,2.5,60.4,22,-6.2,0.0,2009-12-22,20091222,7.5,0.7,2009,0.7,12,0.0,7.7
356,203,2.5,76.4,23,-2.6,0.0,2009-12-23,20091223,6.8,2.8,2009,1.0,12,0.5,8.9
357,203,0.2,90.6,24,-5.4,0.0,2009-12-24,20091224,8.3,-1.9,2009,0.7,12,0.0,3.2
358,203,0.0,81.6,25,-4.0,0.0,2009-12-25,20091225,9.1,-1.7,2009,1.5,12,1.5,2.1
359,203,8.5,49.3,26,-9.3,0.0,2009-12-26,20091226,0.6,-6.4,2009,2.2,12,0.0,-2.1
360,203,0.8,77.0,27,-11.2,1.2,2009-12-27,20091227,4.8,-7.9,2009,1.2,12,1.7,-3.3
361,203,8.3,61.8,28,-13.8,0.0,2009-12-28,20091228,0.0,-9.0,2009,1.2,12,0.0,-3.1
362,203,4.7,66.1,29,-15.4,0.0,2009-12-29,20091229,5.4,-7.0,2009,0.6,12,0.0,-1.8
363,203,4.7,61.8,30,-8.0,0.4,2009-12-30,20091230,5.4,-2.7,2009,2.9,12,0.4,1.9
364,203,8.6,41.9,31,-13.2,0.0,2009-12-31,20091231,0.4,-9.9,2009,2.4,12,0.0,-6.6
