,Date,tavg,year,tmax,snow,humid,sunshine,day,rainfall,month,tmin,wind,station_id,cloud,date
0,2015-01-01,-7.4,2015,-3.6,0.0,36.5,8.5,1,0.0,1,-9.9,2.5,203,0.0,20150101
1,2015-01-02,-6.2,2015,-1.4,0.0,45.0,7.6,2,0.0,1,-11.7,1.8,203,0.0,20150102
2,2015-01-03,-5.8,2015,1.0,0.0,57.3,8.0,3,0.0,1,-14.0,0.8,203,0.0,20150103
3,2015-01-04,-0.5,2015,5.7,0.0,68.9,3.9,4,0.0,1,-4.3,0.6,203,0.0,20150104
4,2015-01-05,-0.2,2015,6.4,0.0,81.4,2.9,5,1.8,1,-6.1,0.6,203,0.0,20150105
5,2015-01-06,-1.8,2015,2.1,0.0,49.4,8.1,6,3.3,1,-6.9,2.6,203,0.0,20150106
6,2015-01-07,-5.7,2015,0.0,0.0,35.3,8.8,7,0.0,1,-9.5,1.5,203,0.0,20150107
7,2015-01-08,-6.2,2015,1.2,0.0,55.4,8.7,8,0.0,1,-13.3,1.0,203,0.0,20150108
8,2015-01-09,-4.3,2015,2.2,0.0,68.3,6.2,9,0.0,1,-11.8,0.9,203,0.0,20150109
9,2015-01-10,-1.4,2015,5.3,0.0,57.4,8.9,10,0.0,1,-10.1,1.3,203,0.0,20150110
10,2015-01-11,-0.9,2015,3.8,0.0,53.9,8.7,11,0.4,1,-4.3,2.0,203,0.0,20150111
11,2015-01-12,-4.0,2015,3.6,0.0,47.3,8.9,12,0.0,1,-11.1,0.9,203,0.0,20150112
12,2015-01-13,-2.7,2015,5.4,0.0,58.5,7.3,13,0.0,1,-10.6,0.6,203,0.0,20150113
13,2015-01-14,0.3,2015,4.3,0.0,56.1,0.0,14,0.0,1,-3.4,0.5,203,0.0,20150114
14,2015-01-15,2.6,2015,9.2,0.0,56.8,5.0,15,0.0,1,-0.8,1.1,203,0.0,20150115
15,2015-01-16,-0.3,2015,3.1,0.0,71.5,0.3,16,1.1,1,-2.8,2.0,203,0.0,20150116
16,2015-01-17,-3.5,2015,1.1,0.0,42.4,8.9,17,0.0,1,-6.7,2.5,203,0.0,20150117
17,2015-01-18,-3.5,2015,3.0,0.0,70.6,4.3,18,4.4,1,-11.5,1.1,203,0.0,20150118
18,2015-01-19,0.5,2015,5.7,0.0,62.1,6.7,19,0.0,1,-4.6,2.1,203,0.0,20150119
19,2015-01-20,-2.2,2015,4.4,0.0,64.6,8.0,20,0.0,1,-9.5,0.7,203,0.0,20150120
20,2015-01-21,1.1,2015,7.1,0.0,69.0,1.4,21,4.1,1,-3.8,0.5,203,0.0,20150121
21,2015-01-22,2.2,2015,7.5,0.0,71.4,1.4,22,0.7,1,-1.4,0.7,203,6.5,20150122
22,2015-01-23,-1.2,2015,1.8,0.0,81.4,0.2,23,0.0,1,-4.9,0.6,203,8.5,20150123
23,2015-01-24,1.3,2015,7.2,0.0,72.9,3.6,24,0.0,1,-2.2,0.8,203,0.0,20150124
24,2015-01-25,0.5,2015,3.3,0.0,85.4,0.0,25,4.6,1,-3.3,0.6,203,0.0,20150125
25,2015-01-26,3.0,2015,6.0,0.0,86.9,0.0,26,2.2,1,-0.1,0.7,203,9.3,20150126
26,2015-01-27,-1.6,2015,2.3,0.0,54.1,8.8,27,0.0,1,-5.8,2.0,203,1.0,20150127
27,2015-01-28,-4.2,2015,2.4,0.0,53.4,8.3,28,0.0,1,-9.9,1.1,203,2.3,20150128
28,2015-01-29,-1.6,2015,2.8,0.0,68.9,0.0,29,0.0,1,-6.7,0.6,203,8.3,20150129
29,2015-01-30,-1.7,2015,1.4,0.0,42.6,8.3,30,0.0,1,-5.8,2.2,203,1.5,20150130
30,2015-01-31,-4.7,2015,1.3,0.0,48.1,9.2,31,0.0,1,-10.1,1.4,203,0.0,20150131
31,2015-02-01,-4.0,2015,3.1,0.0,54.9,9.1,1,0.0,2,-10.9,1.0,203,0.0,20150201
32,2015-02-02,-2.9,2015,5.4,0.0,55.9,6.5,2,0.0,2,-9.1,0.7,203,2.5,20150202
33,2015-02-03,-1.4,2015,6.8,0.0,55.8,8.7,3,0.0,2,-8.7,0.9,203,6.0,20150203
34,2015-02-04,-1.1,2015,5.4,0.0,66.5,6.9,4,0.0,2,-7.3,1.1,203,1.5,20150204
35,2015-02-05,-0.8,2015,5.9,0.0,69.0,5.6,5,0.0,2,-6.2,1.5,203,3.3,20150205
36,2015-02-06,-0.2,2015,6.0,0.0,62.0,9.0,6,0.0,2,-7.1,1.4,203,0.3,20150206
37,2015-02-07,-0.2,2015,5.7,0.0,63.6,3.9,7,0.0,2,-5.8,1.3,203,0.0,20150207
38,2015-02-08,-8.3,2015,0.6,0.0,26.3,9.4,8,0.0,2,-11.4,3.6,203,0.0,20150208
39,2015-02-09,-5.4,2015,0.3,0.0,47.9,7.6,9,0.8,2,-13.6,2.4,203,5.3,20150209
40,2015-02-10,2.0,2015,6.4,0.0,59.0,7.2,10,0.0,2,-2.6,2.1,203,3.3,20150210
41,2015-02-11,3.1,2015,8.6,0.0,50.5,7.6,11,0.0,2,-0.4,1.5,203,3.0,20150211
42,2015-02-12,-1.5,2015,3.4,0.0,29.5,9.6,12,0.0,2,-4.6,2.4,203,0.0,20150212
43,2015-02-13,-1.6,2015,4.6,0.0,37.3,9.8,13,0.0,2,-7.1,2.2,203,0.0,20150213
44,2015-02-14,-2.0,2015,3.5,0.0,72.1,1.1,14,0.0,2,-8.2,0.8,203,0.0,20150214
45,2015-02-15,5.0,2015,12.3,0.0,62.0,6.4,15,0.0,2,-3.0,1.1,203,0.0,20150215
46,2015-02-16,3.7,2015,7.3,0.0,87.1,0.0,16,12.4,2,2.5,1.3,203,10.0,20150216
47,2015-02-17,2.2,2015,4.1,0.0,70.0,2.0,17,0.5,2,0.4,2.2,203,6.5,20150217
48,2015-02-18,0.0,2015,2.6,0.0,74.9,0.0,18,0.0,2,-4.3,1.3,203,0.0,20150218
49,2015-02-19,-0.4,2015,7.1,0.0,74.3,4.7,19,0.0,2,-4.7,0.7,203,0.0,20150219
50,2015-02-20,2.6,2015,9.7,0.0,62.4,7.1,20,0.0,2,-5.4,0.7,203,0.0,20150220
51,2015-02-21,4.2,2015,6.0,0.0,79.1,0.0,21,11.0,2,1.5,0.8,203,0.0,20150221
52,2015-02-22,3.2,2015,6.6,0.0,72.4,2.0,22,1.7,2,-0.3,2.5,203,4.8,20150222
53,2015-02-23,1.1,2015,6.5,0.0,52.6,7.3,23,0.0,2,-2.4,1.7,203,3.1,20150223
54,2015-02-24,1.6,2015,8.0,0.0,58.9,7.5,24,0.0,2,-4.1,1.3,203,3.5,20150224
55,2015-02-25,4.6,2015,12.1,0.0,47.8,7.9,25,0.0,2,-3.0,1.7,203,6.0,20150225
56,2015-02-26,1.7,2015,6.5,0.0,50.3,8.6,26,0.7,2,-3.4,3.4,203,2.5,20150226
57,2015-02-27,-1.4,2015,4.2,0.0,33.0,9.8,27,0.0,2,-5.5,1.9,203,3.3,20150227
58,2015-02-28,0.8,2015,6.4,0.0,52.1,1.1,28,0.0,2,-5.6,0.7,203,0.0,20150228
59,2015-03-01,2.3,2015,6.3,0.0,56.0,4.9,1,0.0,3,-0.9,2.5,203,0.0,20150301
60,2015-03-02,2.3,2015,10.3,0.0,47.0,9.9,2,0.0,3,-5.6,1.4,203,0.0,20150302
61,2015-03-03,2.8,2015,10.0,0.0,61.8,1.6,3,0.9,3,-0.7,1.9,203,9.5,20150303
62,2015-03-04,-1.5,2015,3.6,0.0,34.3,10.0,4,0.0,3,-4.6,3.1,203,1.0,20150304
63,2015-03-05,-1.4,2015,5.9,0.0,45.5,9.0,5,0.0,3,-8.6,1.0,203,4.5,20150305
64,2015-03-06,1.9,2015,10.6,0.0,44.8,10.4,6,0.0,3,-6.6,1.2,203,0.0,20150306
65,2015-03-07,3.3,2015,12.8,0.0,43.1,10.3,7,0.0,3,-5.6,1.2,203,0.0,20150307
66,2015-03-08,6.3,2015,15.8,0.0,44.0,8.8,8,0.0,3,-4.2,1.0,203,0.0,20150308
67,2015-03-09,2.9,2015,8.6,0.0,38.0,8.5,9,0.0,3,-5.0,3.6,203,1.3,20150309
68,2015-03-10,-3.2,2015,2.5,0.0,24.9,10.6,10,0.0,3,-6.8,3.7,203,0.0,20150310
69,2015-03-11,0.4,2015,8.2,0.0,35.0,10.1,11,0.0,3,-6.8,3.0,203,2.5,20150311
70,2015-03-12,2.1,2015,8.2,0.0,30.0,10.5,12,0.0,3,-4.8,2.2,203,0.3,20150312
71,2015-03-13,4.6,2015,11.5,0.0,45.0,7.1,13,2.8,3,-0.8,1.9,203,2.5,20150313
72,2015-03-14,3.9,2015,11.9,0.0,31.5,9.8,14,0.0,3,-4.2,1.4,203,0.0,20150314
73,2015-03-15,4.2,2015,14.0,0.0,39.5,9.6,15,0.0,3,-3.9,1.1,203,0.0,20150315
74,2015-03-16,7.6,2015,18.8,0.0,35.4,10.1,16,0.0,3,-2.7,0.9,203,0.3,20150316
75,2015-03-17,9.7,2015,18.0,0.0,41.9,2.2,17,0.0,3,0.3,0.6,203,8.3,20150317
76,2015-03-18,7.8,2015,9.3,0.0,74.8,0.0,18,17.5,3,5.9,1.5,203,10.0,20150318
77,2015-03-19,12.0,2015,20.7,0.0,56.6,10.6,19,0.0,3,4.1,1.5,203,0.0,20150319
78,2015-03-20,12.4,2015,21.8,0.0,39.1,7.7,20,0.0,3,4.3,1.2,203,4.3,20150320
79,2015-03-21,11.0,2015,18.9,0.0,33.0,9.6,21,0.0,3,1.7,1.6,203,0.0,20150321
80,2015-03-22,8.2,2015,16.5,0.0,38.1,10.5,22,0.0,3,1.9,2.7,203,0.0,20150322
81,2015-03-23,4.8,2015,11.1,0.0,23.0,11.1,23,0.0,3,-1.7,2.7,203,0.5,20150323
82,2015-03-24,4.4,2015,13.0,0.0,30.6,11.0,24,0.0,3,-4.0,1.9,203,0.0,20150324
83,2015-03-25,5.3,2015,14.9,0.0,37.0,11.1,25,0.0,3,-4.6,1.4,203,0.0,20150325
84,2015-03-26,7.3,2015,17.5,0.0,39.4,11.3,26,0.0,3,-3.5,2.0,203,0.0,20150326
85,2015-03-27,8.4,2015,18.7,0.0,38.9,10.9,27,0.0,3,-1.9,1.7,203,1.5,20150327
86,2015-03-28,8.8,2015,19.1,0.0,32.5,10.8,28,0.0,3,-2.2,1.8,203,0.0,20150328
87,2015-03-29,11.0,2015,17.8,0.0,47.1,7.6,29,0.0,3,5.5,1.7,203,0.0,20150329
88,2015-03-30,12.6,2015,22.5,0.0,55.3,9.8,30,0.0,3,2.5,1.5,203,2.3,20150330
89,2015-03-31,10.8,2015,14.8,0.0,76.8,0.0,31,2.0,3,5.7,0.7,203,10.0,20150331
90,2015-04-01,11.1,2015,15.2,0.0,67.6,3.8,1,1.7,4,8.9,2.6,203,7.5,20150401
91,2015-04-02,14.2,2015,19.8,0.0,63.8,7.1,2,17.2,4,6.9,3.3,203,6.5,20150402
92,2015-04-03,10.2,2015,17.8,0.0,79.6,1.9,3,15.5,4,7.1,2.0,203,7.8,20150403
93,2015-04-04,11.2,2015,18.6,0.0,64.5,6.4,4,0.5,4,4.8,2.0,203,0.0,20150404
94,2015-04-05,9.2,2015,10.0,0.0,84.1,0.0,5,1.7,4,8.4,1.1,203,0.0,20150405
95,2015-04-06,10.1,2015,15.2,0.0,65.9,0.0,6,0.0,4,6.3,1.6,203,9.5,20150406
96,2015-04-07,7.8,2015,12.8,0.0,62.6,1.1,7,0.1,4,5.1,1.3,203,8.5,20150407
97,2015-04-08,8.4,2015,13.5,0.0,54.5,3.9,8,0.0,4,4.5,1.6,203,6.5,20150408
98,2015-04-09,9.2,2015,16.1,0.0,51.6,8.8,9,0.0,4,2.7,1.3,203,4.8,20150409
99,2015-04-10,10.6,2015,20.1,0.0,45.3,11.7,10,0.0,4,1.4,1.6,203,0.0,20150410
100,2015-04-11,12.2,2015,21.4,0.0,40.9,11.3,11,0.0,4,2.1,1.2,203,0.0,20150411
101,2015-04-12,12.6,2015,19.4,0.0,37.9,2.4,12,0.0,4,3.9,2.1,203,0.0,20150412
102,2015-04-13,10.4,2015,17.0,0.0,57.3,4.1,13,2.3,4,6.2,3.0,203,8.5,20150413
103,2015-04-14,6.4,2015,8.7,0.0,80.3,0.1,14,17.7,4,5.1,1.2,203,10.0,20150414
104,2015-04-15,11.1,2015,18.3,0.0,65.5,7.9,15,4.8,4,4.7,1.9,203,5.0,20150415
105,2015-04-16,8.6,2015,17.8,0.0,73.5,2.2,16,6.7,4,3.4,1.9,203,8.3,20150416
106,2015-04-17,10.1,2015,18.3,0.0,48.5,11.9,17,0.0,4,1.5,2.0,203,0.5,20150417
107,2015-04-18,12.8,2015,23.0,0.0,43.5,8.8,18,0.0,4,0.8,0.7,203,0.0,20150418
108,2015-04-19,12.2,2015,14.3,0.0,83.1,0.0,19,25.8,4,10.5,1.6,203,0.0,20150419
109,2015-04-20,10.5,2015,15.0,0.0,74.8,3.0,20,10.2,4,6.2,2.2,203,8.0,20150420
110,2015-04-21,11.5,2015,22.0,0.0,56.0,8.2,21,0.0,4,3.7,1.5,203,3.3,20150421
111,2015-04-22,13.0,2015,20.6,0.0,48.0,10.3,22,0.0,4,5.1,1.8,203,1.8,20150422
112,2015-04-23,14.0,2015,22.4,0.0,41.0,10.3,23,0.0,4,3.9,1.8,203,4.3,20150423
113,2015-04-24,15.7,2015,24.3,0.0,32.5,12.1,24,0.0,4,8.2,1.8,203,0.8,20150424
114,2015-04-25,15.0,2015,24.6,0.0,32.3,12.6,25,0.0,4,4.9,1.6,203,0.0,20150425
115,2015-04-26,16.7,2015,27.1,0.0,41.4,12.0,26,0.0,4,5.5,1.5,203,0.0,20150426
116,2015-04-27,17.8,2015,27.3,0.0,39.9,12.2,27,0.0,4,9.0,1.5,203,0.0,20150427
117,2015-04-28,18.4,2015,26.7,0.0,43.5,9.0,28,0.0,4,8.0,1.0,203,6.0,20150428
118,2015-04-29,15.7,2015,18.6,0.0,83.4,0.0,29,5.1,4,13.6,1.1,203,10.0,20150429
119,2015-04-30,19.9,2015,27.2,0.0,60.0,11.9,30,0.0,4,11.5,1.3,203,2.0,20150430
120,2015-05-01,20.9,2015,29.3,0.0,57.5,11.7,1,0.0,5,12.9,1.5,203,0.8,20150501
121,2015-05-02,20.6,2015,26.4,0.0,59.9,4.9,2,0.4,5,13.7,1.2,203,0.0,20150502
122,2015-05-03,17.7,2015,20.0,0.0,88.8,0.0,3,4.6,5,16.7,0.9,203,0.0,20150503
123,2015-05-04,15.7,2015,21.2,0.0,50.1,12.0,4,0.0,5,10.0,2.9,203,1.8,20150504
124,2015-05-05,13.3,2015,21.4,0.0,43.9,12.9,5,0.0,5,5.1,2.0,203,0.0,20150505
125,2015-05-06,14.0,2015,22.2,0.0,43.5,4.2,6,0.0,5,5.8,1.0,203,8.0,20150506
126,2015-05-07,15.7,2015,25.1,0.0,37.9,9.8,7,0.0,5,7.2,1.6,203,6.0,20150507
127,2015-05-08,16.3,2015,22.6,0.0,50.5,5.7,8,0.0,5,7.9,1.3,203,8.0,20150508
128,2015-05-09,18.3,2015,25.1,0.0,46.5,10.3,9,0.0,5,13.2,1.9,203,0.0,20150509
129,2015-05-10,18.6,2015,26.0,0.0,49.0,12.2,10,0.0,5,11.6,1.4,203,0.0,20150510
130,2015-05-11,17.1,2015,22.8,0.0,65.1,1.9,11,14.4,5,11.0,2.0,203,9.3,20150511
131,2015-05-12,13.8,2015,18.7,0.0,66.0,8.2,12,10.9,5,10.1,4.1,203,6.3,20150512
132,2015-05-13,18.0,2015,24.5,0.0,53.5,12.4,13,0.0,5,9.5,3.1,203,0.8,20150513
133,2015-05-14,20.4,2015,28.7,0.0,58.8,11.2,14,0.0,5,10.2,1.5,203,3.3,20150514
134,2015-05-15,19.8,2015,23.8,0.0,69.0,0.9,15,0.0,5,16.2,1.7,203,8.5,20150515
135,2015-05-16,18.3,2015,27.1,0.0,48.6,10.1,16,0.0,5,10.7,1.9,203,0.0,20150516
136,2015-05-17,17.3,2015,26.5,0.0,44.0,11.8,17,0.0,5,8.1,1.2,203,0.0,20150517
137,2015-05-18,17.0,2015,24.0,0.0,56.0,1.2,18,0.0,5,11.1,1.2,203,9.0,20150518
138,2015-05-19,15.9,2015,20.3,0.0,78.0,0.8,19,0.7,5,11.6,1.6,203,10.0,20150519
139,2015-05-20,15.8,2015,22.7,0.0,58.8,10.5,20,0.0,5,8.6,1.7,203,2.3,20150520
140,2015-05-21,18.0,2015,27.4,0.0,51.3,12.8,21,0.0,5,8.6,1.9,203,1.5,20150521
141,2015-05-22,19.8,2015,28.4,0.0,41.5,11.9,22,0.0,5,10.7,1.8,203,1.8,20150522
142,2015-05-23,19.5,2015,28.5,0.0,42.0,12.6,23,0.0,5,10.0,1.3,203,0.0,20150523
143,2015-05-24,19.9,2015,29.3,0.0,34.9,12.9,24,0.0,5,9.6,1.6,203,0.0,20150524
144,2015-05-25,19.6,2015,29.8,0.0,45.8,12.9,25,0.0,5,10.4,1.7,203,0.0,20150525
145,2015-05-26,21.1,2015,31.6,0.0,42.3,12.9,26,0.0,5,10.7,1.7,203,0.3,20150526
146,2015-05-27,21.9,2015,31.6,0.0,38.1,12.9,27,0.0,5,9.9,1.1,203,0.8,20150527
147,2015-05-28,23.0,2015,31.6,0.0,39.3,12.3,28,0.0,5,13.7,1.1,203,2.0,20150528
148,2015-05-29,22.6,2015,29.9,0.0,42.4,8.9,29,0.0,5,14.7,1.4,203,8.5,20150529
149,2015-05-30,18.4,2015,22.8,0.0,68.1,2.6,30,1.1,5,14.9,1.7,203,0.0,20150530
150,2015-05-31,20.2,2015,28.7,0.0,57.0,8.1,31,0.0,5,13.9,1.2,203,0.0,20150531
151,2015-06-01,21.2,2015,28.2,0.0,53.6,11.2,1,0.0,6,13.0,1.2,203,0.0,20150601
152,2015-06-02,22.7,2015,29.9,0.0,47.1,10.6,2,0.0,6,15.9,1.5,203,0.0,20150602
153,2015-06-03,22.4,2015,28.6,0.0,33.6,11.7,3,0.0,6,16.5,2.4,203,0.0,20150603
154,2015-06-04,22.0,2015,30.4,0.0,38.8,10.0,4,0.0,6,12.0,1.4,203,0.0,20150604
155,2015-06-05,16.7,2015,21.0,0.0,65.4,0.3,5,0.8,6,12.5,1.2,203,0.0,20150605
156,2015-06-06,20.2,2015,27.4,0.0,57.0,11.0,6,0.0,6,12.1,1.3,203,0.0,20150606
157,2015-06-07,22.6,2015,30.4,0.0,47.9,10.8,7,0.0,6,15.1,1.2,203,0.0,20150607
158,2015-06-08,21.4,2015,26.3,0.0,53.0,3.7,8,0.0,6,15.9,1.1,203,0.0,20150608
159,2015-06-09,22.3,2015,28.5,0.0,57.8,11.6,9,0.0,6,17.5,1.7,203,0.0,20150609
160,2015-06-10,24.3,2015,34.3,0.0,52.9,11.2,10,0.0,6,15.1,1.4,203,0.0,20150610
161,2015-06-11,23.3,2015,29.6,0.0,58.6,3.4,11,1.2,6,17.0,1.9,203,0.0,20150611
162,2015-06-12,23.6,2015,29.7,0.0,56.9,11.2,12,1.6,6,19.5,2.0,203,0.0,20150612
163,2015-06-13,23.5,2015,30.4,0.0,60.9,6.9,13,2.6,6,17.4,1.8,203,0.0,20150613
164,2015-06-14,22.2,2015,28.6,0.0,67.5,8.1,14,11.0,6,16.5,1.4,203,0.0,20150614
165,2015-06-15,23.7,2015,30.9,0.0,63.4,8.4,15,0.0,6,18.0,1.3,203,0.0,20150615
166,2015-06-16,23.4,2015,31.4,0.0,67.6,10.1,16,2.7,6,19.1,1.5,203,0.0,20150616
167,2015-06-17,22.5,2015,30.2,0.0,73.3,5.8,17,17.1,6,18.3,1.2,203,0.0,20150617
168,2015-06-18,23.2,2015,30.2,0.0,62.6,7.5,18,0.0,6,18.4,1.6,203,0.0,20150618
169,2015-06-19,23.4,2015,29.8,0.0,56.3,9.7,19,0.0,6,17.6,1.4,203,0.0,20150619
170,2015-06-20,18.6,2015,21.9,0.0,87.9,0.0,20,38.7,6,16.2,1.0,203,0.0,20150620
171,2015-06-21,21.7,2015,29.3,0.0,64.8,9.7,21,0.0,6,14.7,1.0,203,0.0,20150621
172,2015-06-22,23.5,2015,30.2,0.0,59.3,11.1,22,0.0,6,17.0,1.4,203,0.0,20150622
173,2015-06-23,24.4,2015,30.7,0.0,58.6,12.1,23,0.0,6,18.3,1.5,203,0.0,20150623
174,2015-06-24,24.6,2015,31.1,0.0,63.0,9.2,24,0.8,6,19.0,1.3,203,0.0,20150624
175,2015-06-25,22.6,2015,26.6,0.0,73.6,0.5,25,1.0,6,19.5,1.2,203,0.0,20150625
176,2015-06-26,20.5,2015,24.8,0.0,71.5,0.1,26,22.5,6,17.5,2.2,203,0.0,20150626
177,2015-06-27,23.7,2015,29.6,0.0,58.4,12.2,27,0.0,6,19.1,1.4,203,0.0,20150627
178,2015-06-28,23.7,2015,30.5,0.0,64.5,12.5,28,0.0,6,17.1,1.4,203,0.0,20150628
179,2015-06-29,25.0,2015,30.6,0.0,58.8,10.5,29,0.0,6,18.3,1.4,203,0.0,20150629
180,2015-06-30,23.4,2015,29.7,0.0,67.0,3.7,30,0.0,6,20.4,1.3,203,0.0,20150630
181,2015-07-01,23.2,2015,28.3,0.0,59.9,10.1,1,0.0,7,19.1,2.2,203,0.0,20150701
182,2015-07-02,22.7,2015,28.4,0.0,61.0,8.9,2,0.0,7,18.6,2.0,203,0.0,20150702
183,2015-07-03,22.1,2015,28.9,0.0,58.4,10.2,3,0.0,7,16.8,1.5,203,0.0,20150703
184,2015-07-04,22.2,2015,29.3,0.0,53.3,12.9,4,0.0,7,12.9,1.2,203,0.0,20150704
185,2015-07-05,23.7,2015,30.3,0.0,53.0,11.2,5,0.0,7,17.8,1.4,203,0.0,20150705
186,2015-07-06,24.2,2015,31.1,0.0,54.5,11.4,6,0.0,7,16.6,1.2,203,0.0,20150706
187,2015-07-07,21.5,2015,26.2,0.0,65.8,0.7,7,0.2,7,18.3,1.3,203,0.0,20150707
188,2015-07-08,20.9,2015,24.0,0.0,80.6,0.0,8,3.2,7,17.5,1.3,203,0.0,20150708
189,2015-07-09,24.0,2015,29.3,0.0,71.6,2.2,9,0.0,7,19.5,1.5,203,0.0,20150709
190,2015-07-10,26.9,2015,33.0,0.0,64.9,10.9,10,0.0,7,20.5,0.9,203,0.0,20150710
191,2015-07-11,28.1,2015,34.3,0.0,64.3,9.9,11,0.0,7,21.5,1.4,203,0.0,20150711
192,2015-07-12,23.9,2015,25.3,0.0,88.8,0.0,12,25.0,7,22.9,1.8,203,0.0,20150712
193,2015-07-13,23.3,2015,24.6,0.0,79.9,0.1,13,6.6,7,21.7,3.6,203,0.0,20150713
194,2015-07-14,25.5,2015,30.9,0.0,67.9,9.1,14,0.0,7,22.1,2.0,203,0.0,20150714
195,2015-07-15,25.2,2015,34.4,0.0,67.0,8.2,15,0.0,7,19.5,1.3,203,0.0,20150715
196,2015-07-16,22.8,2015,28.6,0.0,53.4,11.8,16,0.0,7,17.8,2.8,203,0.0,20150716
197,2015-07-17,21.8,2015,27.2,0.0,52.0,6.9,17,0.0,7,16.4,2.1,203,0.0,20150717
198,2015-07-18,23.5,2015,28.5,0.0,60.6,3.1,18,0.4,7,19.7,0.8,203,0.0,20150718
199,2015-07-19,23.8,2015,28.2,0.0,79.1,0.7,19,2.3,7,21.0,0.8,203,0.0,20150719
200,2015-07-20,26.3,2015,30.2,0.0,72.1,0.5,20,0.0,7,22.4,0.9,203,0.0,20150720
201,2015-07-21,26.1,2015,30.8,0.0,78.8,3.1,21,1.1,7,23.3,1.1,203,0.0,20150721
202,2015-07-22,27.6,2015,32.6,0.0,75.3,3.8,22,2.1,7,24.1,1.1,203,0.0,20150722
203,2015-07-23,26.4,2015,31.2,0.0,79.0,2.6,23,29.9,7,24.3,1.6,203,0.0,20150723
204,2015-07-24,24.7,2015,25.8,0.0,88.8,0.0,24,56.0,7,23.8,1.6,203,0.0,20150724
205,2015-07-25,25.0,2015,28.3,0.0,84.8,0.1,25,52.4,7,22.9,1.6,203,0.0,20150725
206,2015-07-26,27.2,2015,32.3,0.0,69.8,9.6,26,1.3,7,23.3,1.2,203,0.0,20150726
207,2015-07-27,26.0,2015,29.1,0.0,76.0,2.6,27,0.2,7,23.9,1.1,203,0.0,20150727
208,2015-07-28,27.3,2015,31.4,0.0,71.4,8.3,28,0.0,7,23.1,1.1,203,0.0,20150728
209,2015-07-29,25.4,2015,28.8,0.0,83.3,0.0,29,24.8,7,23.0,1.0,203,0.0,20150729
210,2015-07-30,28.0,2015,33.3,0.0,76.0,8.4,30,0.0,7,24.1,1.4,203,0.0,20150730
211,2015-07-31,27.8,2015,33.9,0.0,72.4,9.0,31,0.0,7,24.1,1.2,203,0.0,20150731
212,2015-08-01,27.6,2015,33.1,0.0,70.0,8.3,1,0.0,8,22.7,1.2,203,0.0,20150801
213,2015-08-02,24.9,2015,27.1,0.0,86.3,0.8,2,21.6,8,22.6,1.0,203,0.0,20150802
214,2015-08-03,27.1,2015,32.2,0.0,73.1,9.4,3,0.0,8,23.6,1.4,203,0.0,20150803
215,2015-08-04,27.0,2015,32.1,0.0,70.0,10.4,4,0.0,8,21.7,1.7,203,0.0,20150804
216,2015-08-05,28.2,2015,34.0,0.0,67.0,9.0,5,0.0,8,23.5,1.4,203,0.0,20150805
217,2015-08-06,29.0,2015,35.7,0.0,66.8,10.7,6,0.0,8,23.3,0.8,203,0.0,20150806
218,2015-08-07,28.8,2015,36.3,0.0,68.1,9.3,7,0.0,8,23.6,0.7,203,0.0,20150807
219,2015-08-08,25.4,2015,35.0,0.0,81.1,7.6,8,5.9,8,22.1,0.9,203,0.0,20150808
220,2015-08-09,26.6,2015,32.2,0.0,71.9,7.3,9,0.0,8,22.0,1.0,203,0.0,20150809
221,2015-08-10,25.4,2015,31.5,0.0,74.4,2.4,10,0.0,8,21.9,1.4,203,0.0,20150810
222,2015-08-11,25.1,2015,30.7,0.0,75.3,1.5,11,0.0,8,20.6,1.1,203,0.0,20150811
223,2015-08-12,26.8,2015,33.3,0.0,65.9,11.5,12,0.0,8,21.2,0.9,203,0.0,20150812
224,2015-08-13,24.1,2015,32.2,0.0,77.4,5.7,13,1.4,8,21.5,1.0,203,0.0,20150813
225,2015-08-14,25.9,2015,31.8,0.0,68.4,7.0,14,0.0,8,21.3,1.2,203,0.0,20150814
226,2015-08-15,26.0,2015,32.7,0.0,70.0,6.7,15,0.0,8,20.6,0.9,203,0.0,20150815
227,2015-08-16,23.8,2015,30.1,0.0,80.3,0.5,16,9.8,8,19.9,1.0,203,0.0,20150816
228,2015-08-17,24.0,2015,33.1,0.0,77.4,10.3,17,6.6,8,18.4,0.9,203,0.0,20150817
229,2015-08-18,26.0,2015,32.7,0.0,66.9,11.0,18,0.0,8,19.9,0.8,203,0.0,20150818
230,2015-08-19,25.2,2015,29.9,0.0,73.0,1.9,19,0.0,8,21.6,0.8,203,0.0,20150819
231,2015-08-20,24.1,2015,29.8,0.0,80.4,2.7,20,1.0,8,22.2,1.1,203,0.0,20150820
232,2015-08-21,24.3,2015,28.4,0.0,77.8,3.5,21,2.1,8,21.6,1.0,203,0.0,20150821
233,2015-08-22,24.1,2015,29.0,0.0,75.6,1.4,22,0.0,8,20.4,1.1,203,0.0,20150822
234,2015-08-23,24.4,2015,31.8,0.0,70.4,8.4,23,0.0,8,19.8,0.7,203,0.0,20150823
235,2015-08-24,25.0,2015,31.5,0.0,67.4,5.8,24,0.0,8,19.7,1.5,203,0.0,20150824
236,2015-08-25,21.0,2015,23.3,0.0,77.9,0.0,25,10.2,8,19.0,2.3,203,0.0,20150825
237,2015-08-26,22.3,2015,27.6,0.0,63.5,6.0,26,0.0,8,19.0,1.6,203,0.0,20150826
238,2015-08-27,23.8,2015,29.8,0.0,60.5,11.2,27,2.4,8,17.8,1.8,203,0.0,20150827
239,2015-08-28,21.0,2015,28.1,0.0,79.0,4.8,28,1.0,8,15.2,0.7,203,0.0,20150828
240,2015-08-29,22.4,2015,30.3,0.0,71.6,7.5,29,0.0,8,17.4,0.8,203,0.0,20150829
241,2015-08-30,23.5,2015,31.8,0.0,66.6,11.3,30,0.0,8,16.2,0.8,203,0.0,20150830
242,2015-08-31,24.3,2015,31.2,0.0,67.8,9.5,31,0.0,8,18.0,1.1,203,0.0,20150831
243,2015-09-01,24.2,2015,30.4,0.0,67.0,5.4,1,0.0,9,20.3,1.4,203,0.0,20150901
244,2015-09-02,22.0,2015,29.3,0.0,81.6,4.2,2,9.5,9,19.4,1.1,203,0.0,20150902
245,2015-09-03,22.5,2015,27.2,0.0,78.9,5.9,3,0.1,9,19.3,1.2,203,0.0,20150903
246,2015-09-04,23.9,2015,30.2,0.0,68.5,6.4,4,0.0,9,18.9,1.0,203,0.0,20150904
247,2015-09-05,21.5,2015,25.3,0.0,80.4,0.5,5,0.2,9,19.2,1.0,203,0.0,20150905
248,2015-09-06,20.5,2015,26.3,0.0,68.8,1.2,6,0.0,9,16.4,1.7,203,0.0,20150906
249,2015-09-07,20.5,2015,29.1,0.0,61.5,11.3,7,0.0,9,13.5,1.3,203,0.0,20150907
250,2015-09-08,19.5,2015,29.1,0.0,54.5,11.4,8,0.0,9,11.6,1.2,203,0.0,20150908
251,2015-09-09,20.2,2015,29.4,0.0,51.4,11.4,9,0.0,9,10.7,1.7,203,0.0,20150909
252,2015-09-10,21.0,2015,28.9,0.0,60.5,11.1,10,0.0,9,12.5,1.2,203,0.0,20150910
253,2015-09-11,20.3,2015,26.0,0.0,76.4,1.4,11,6.2,9,16.5,1.3,203,0.0,20150911
254,2015-09-12,18.1,2015,22.5,0.0,71.8,2.2,12,0.3,9,15.2,1.0,203,0.0,20150912
255,2015-09-13,18.5,2015,25.8,0.0,56.1,11.0,13,0.0,9,11.2,1.3,203,0.0,20150913
256,2015-09-14,18.8,2015,27.9,0.0,64.8,11.0,14,0.0,9,10.8,0.8,203,0.0,20150914
257,2015-09-15,19.9,2015,27.4,0.0,58.9,11.0,15,0.0,9,12.7,1.1,203,0.0,20150915
258,2015-09-16,18.4,2015,24.9,0.0,60.5,7.2,16,0.0,9,10.7,1.1,203,0.0,20150916
259,2015-09-17,19.5,2015,27.2,0.0,55.0,9.5,17,0.0,9,14.4,1.6,203,0.0,20150917
260,2015-09-18,19.4,2015,27.3,0.0,62.6,10.4,18,0.0,9,11.2,0.9,203,0.0,20150918
261,2015-09-19,20.5,2015,28.6,0.0,62.0,10.4,19,0.0,9,12.8,1.1,203,0.0,20150919
262,2015-09-20,19.2,2015,27.3,0.0,70.0,5.4,20,0.0,9,13.1,0.8,203,0.0,20150920
263,2015-09-21,19.5,2015,28.9,0.0,64.9,8.2,21,0.0,9,13.3,0.7,203,0.0,20150921
264,2015-09-22,19.9,2015,30.0,0.0,62.9,10.4,22,0.0,9,12.0,0.8,203,0.0,20150922
265,2015-09-23,18.7,2015,23.7,0.0,73.0,0.1,23,0.0,9,13.4,0.6,203,0.0,20150923
266,2015-09-24,20.5,2015,28.6,0.0,69.8,8.0,24,0.0,9,14.4,0.8,203,0.0,20150924
267,2015-09-25,20.9,2015,28.7,0.0,64.4,9.1,25,0.0,9,14.7,0.7,203,0.0,20150925
268,2015-09-26,19.3,2015,28.3,0.0,72.1,5.1,26,0.0,9,14.1,0.9,203,0.0,20150926
269,2015-09-27,18.8,2015,28.8,0.0,61.5,10.1,27,0.0,9,11.0,0.7,203,0.0,20150927
270,2015-09-28,19.2,2015,28.8,0.0,55.3,6.6,28,0.0,9,9.9,0.9,203,0.0,20150928
271,2015-09-29,20.3,2015,28.6,0.0,48.9,10.0,29,0.0,9,12.1,1.5,203,0.0,20150929
272,2015-09-30,19.1,2015,25.8,0.0,55.1,2.5,30,0.0,9,15.4,1.5,203,0.0,20150930
273,2015-10-01,15.5,2015,19.9,0.0,81.1,0.0,1,23.3,10,11.0,1.8,203,0.0,20151001
274,2015-10-02,14.3,2015,21.7,0.0,60.9,9.3,2,0.0,10,4.6,2.1,203,0.0,20151002
275,2015-10-03,17.9,2015,25.1,0.0,56.1,8.8,3,0.0,10,12.1,2.2,203,0.0,20151003
276,2015-10-04,14.3,2015,24.1,0.0,50.9,8.1,4,0.0,10,7.5,0.9,203,0.0,20151004
277,2015-10-05,15.3,2015,25.1,0.0,62.1,10.1,5,0.0,10,7.5,0.8,203,0.0,20151005
278,2015-10-06,15.8,2015,25.8,0.0,65.4,9.2,6,0.0,10,6.1,0.8,203,0.0,20151006
279,2015-10-07,16.6,2015,25.6,0.0,70.6,6.7,7,0.0,10,8.4,0.7,203,0.0,20151007
280,2015-10-08,18.0,2015,25.8,0.0,65.9,8.6,8,0.0,10,11.4,1.1,203,0.0,20151008
281,2015-10-09,15.1,2015,21.1,0.0,46.1,10.2,9,0.0,10,8.7,1.9,203,0.0,20151009
282,2015-10-10,10.4,2015,17.1,0.0,81.9,2.6,10,9.7,10,4.7,1.3,203,0.0,20151010
283,2015-10-11,9.8,2015,13.9,0.0,82.0,2.3,11,0.6,10,5.7,1.2,203,0.0,20151011
284,2015-10-12,12.0,2015,18.1,0.0,63.0,9.6,12,0.0,10,6.2,1.6,203,0.0,20151012
285,2015-10-13,12.7,2015,21.8,0.0,67.1,9.2,13,0.0,10,2.1,1.2,203,0.0,20151013
286,2015-10-14,14.2,2015,23.9,0.0,70.9,6.7,14,0.0,10,8.1,0.7,203,0.0,20151014
287,2015-10-15,14.2,2015,24.9,0.0,70.3,8.5,15,0.0,10,6.5,0.7,203,0.0,20151015
288,2015-10-16,15.0,2015,24.8,0.0,71.8,7.0,16,0.0,10,7.8,0.8,203,0.0,20151016
289,2015-10-17,15.4,2015,26.3,0.0,73.3,6.5,17,0.0,10,9.7,0.7,203,0.0,20151017
290,2015-10-18,14.8,2015,24.6,0.0,73.5,6.0,18,0.0,10,7.6,0.8,203,0.0,20151018
291,2015-10-19,15.4,2015,23.9,0.0,70.5,7.3,19,0.0,10,8.0,0.8,203,0.0,20151019
292,2015-10-20,16.1,2015,24.4,0.0,74.1,6.1,20,0.0,10,9.6,0.7,203,0.0,20151020
293,2015-10-21,15.7,2015,23.2,0.0,75.8,5.6,21,0.0,10,10.1,0.8,203,0.0,20151021
294,2015-10-22,15.4,2015,23.3,0.0,75.0,6.7,22,0.0,10,9.3,0.8,203,0.0,20151022
295,2015-10-23,16.0,2015,21.2,0.0,71.1,2.7,23,0.0,10,12.6,0.9,203,0.0,20151023
296,2015-10-24,15.2,2015,22.2,0.0,70.3,5.3,24,4.7,10,8.4,1.2,203,0.0,20151024
297,2015-10-25,12.7,2015,21.9,0.0,63.6,9.4,25,0.0,10,5.9,0.8,203,0.0,20151025
298,2015-10-26,13.8,2015,20.5,0.0,65.0,3.9,26,0.0,10,6.2,1.0,203,0.0,20151026
299,2015-10-27,12.1,2015,17.4,0.0,65.6,4.8,27,12.3,10,6.0,1.8,203,0.0,20151027
300,2015-10-28,9.2,2015,16.7,0.0,55.5,9.6,28,0.0,10,1.0,1.6,203,0.0,20151028
301,2015-10-29,7.8,2015,14.2,0.0,51.4,8.8,29,5.7,10,0.4,1.7,203,0.0,20151029
302,2015-10-30,5.0,2015,11.2,0.0,49.9,9.4,30,0.0,10,-0.9,1.4,203,0.0,20151030
303,2015-10-31,4.1,2015,12.7,0.0,50.0,9.5,31,0.0,10,-3.6,1.1,203,0.0,20151031
304,2015-11-01,3.7,2015,10.1,0.0,64.0,3.7,1,0.0,11,-3.6,0.7,203,0.0,20151101
305,2015-11-02,8.6,2015,16.1,0.0,64.9,7.2,2,0.0,11,3.0,0.9,203,0.0,20151102
306,2015-11-03,7.6,2015,17.5,0.0,80.3,5.0,3,0.0,11,1.5,0.6,203,0.0,20151103
307,2015-11-04,7.7,2015,18.5,0.0,75.4,6.0,4,0.0,11,1.6,0.6,203,0.0,20151104
308,2015-11-05,10.4,2015,19.7,0.0,68.1,7.5,5,0.0,11,3.5,0.8,203,0.0,20151105
309,2015-11-06,11.1,2015,20.3,0.0,70.3,6.5,6,5.4,11,2.6,1.7,203,0.0,20151106
310,2015-11-07,10.1,2015,11.5,0.0,90.6,0.0,7,27.1,11,8.6,1.6,203,0.0,20151107
311,2015-11-08,10.6,2015,11.4,0.0,89.6,0.0,8,16.2,11,9.8,1.8,203,0.0,20151108
312,2015-11-09,10.9,2015,13.0,0.0,83.4,0.4,9,4.7,11,9.8,1.1,203,0.0,20151109
313,2015-11-10,9.9,2015,13.7,0.0,76.0,2.6,10,0.0,11,6.0,1.0,203,0.0,20151110
314,2015-11-11,9.5,2015,18.2,0.0,75.9,5.0,11,0.0,11,4.8,0.6,203,0.0,20151111
315,2015-11-12,11.2,2015,18.4,0.0,74.5,6.1,12,0.0,11,4.9,1.0,203,0.0,20151112
316,2015-11-13,9.7,2015,10.7,0.0,88.5,0.0,13,23.4,11,7.7,1.2,203,0.0,20151113
317,2015-11-14,12.1,2015,13.8,0.0,90.4,0.0,14,14.1,11,10.1,0.8,203,0.0,20151114
318,2015-11-15,13.2,2015,18.4,0.0,76.8,3.5,15,0.0,11,8.7,1.0,203,0.0,20151115
319,2015-11-16,10.0,2015,12.5,0.0,89.5,0.0,16,17.7,11,6.4,0.8,203,0.0,20151116
320,2015-11-17,13.1,2015,18.6,0.0,82.3,4.3,17,1.0,11,10.8,0.8,203,0.0,20151117
321,2015-11-18,9.9,2015,13.0,0.0,74.9,0.0,18,3.6,11,7.0,1.8,203,0.0,20151118
322,2015-11-19,8.5,2015,11.5,0.0,79.5,0.0,19,0.7,11,4.8,0.8,203,0.0,20151119
323,2015-11-20,9.4,2015,14.0,0.0,80.0,2.0,20,0.0,11,5.9,0.9,203,0.0,20151120
324,2015-11-21,8.2,2015,13.7,0.0,74.1,5.5,21,0.0,11,2.2,0.7,203,0.0,20151121
325,2015-11-22,10.0,2015,14.9,0.0,68.0,2.0,22,3.9,11,4.6,1.1,203,0.0,20151122
326,2015-11-23,8.0,2015,9.7,0.0,82.8,0.0,23,13.1,11,6.6,1.6,203,0.0,20151123
327,2015-11-24,6.7,2015,9.7,0.0,68.5,0.3,24,0.0,11,2.9,1.4,203,0.0,20151124
328,2015-11-25,3.0,2015,4.8,0.0,84.8,0.0,25,12.0,11,1.6,1.3,203,0.0,20151125
329,2015-11-26,-1.3,2015,1.8,0.0,59.6,3.8,26,0.0,11,-3.3,2.5,203,0.0,20151126
330,2015-11-27,-2.0,2015,2.7,0.0,60.6,5.0,27,0.0,11,-6.7,1.5,203,0.0,20151127
331,2015-11-28,-0.3,2015,1.3,0.0,74.0,0.0,28,0.1,11,-2.8,0.8,203,0.0,20151128
332,2015-11-29,1.7,2015,2.8,0.0,85.5,0.0,29,3.8,11,-0.4,0.6,203,0.0,20151129
333,2015-11-30,4.0,2015,9.7,0.0,72.9,7.0,30,0.2,11,-1.9,1.1,203,0.0,20151130
334,2015-12-01,1.6,2015,10.0,0.0,69.5,8.6,1,0.0,12,-4.3,0.5,203,0.0,20151201
335,2015-12-02,3.9,2015,8.0,0.0,78.5,0.0,2,12.5,12,-0.1,1.3,203,0.0,20151202
336,2015-12-03,-0.8,2015,2.3,0.0,79.5,0.0,3,14.9,12,-3.1,2.1,203,0.0,20151203
337,2015-12-04,-1.8,2015,0.4,0.0,73.1,4.3,4,0.0,12,-6.5,1.5,203,0.0,20151204
338,2015-12-05,2.5,2015,8.2,0.0,61.0,7.6,5,0.0,12,-1.4,1.0,203,0.0,20151205
339,2015-12-06,0.2,2015,6.5,0.0,65.5,6.7,6,0.0,12,-3.5,0.6,203,0.0,20151206
340,2015-12-07,-0.2,2015,5.5,0.0,72.5,3.2,7,0.0,12,-6.9,0.7,203,0.0,20151207
341,2015-12-08,0.8,2015,9.0,0.0,71.8,8.2,8,0.0,12,-4.4,0.6,203,0.0,20151208
342,2015-12-09,1.3,2015,9.9,0.0,73.8,6.4,9,0.0,12,-4.6,0.5,203,0.0,20151209
343,2015-12-10,5.0,2015,7.1,0.0,84.4,0.0,10,1.1,12,1.5,0.4,203,0.0,20151210
344,2015-12-11,6.5,2015,12.6,0.0,55.8,6.3,11,0.0,12,0.0,1.9,203,0.0,20151211
345,2015-12-12,2.7,2015,11.1,0.0,62.0,8.8,12,0.0,12,-4.0,0.9,203,0.0,20151212
346,2015-12-13,3.4,2015,11.8,0.0,65.1,8.1,13,0.0,12,-1.5,0.8,203,0.0,20151213
347,2015-12-14,3.6,2015,5.4,0.0,83.6,0.0,14,5.5,12,-0.4,0.5,203,0.0,20151214
348,2015-12-15,5.2,2015,7.7,0.0,68.5,2.2,15,0.2,12,1.9,1.8,203,0.0,20151215
349,2015-12-16,0.0,2015,3.6,0.0,48.0,8.3,16,0.0,12,-4.1,2.5,203,0.0,20151216
350,2015-12-17,-4.3,2015,-0.1,0.0,43.9,8.8,17,0.0,12,-7.6,1.6,203,0.0,20151217
351,2015-12-18,-5.1,2015,-1.6,0.0,68.5,0.3,18,0.0,12,-10.3,0.6,203,0.0,20151218
352,2015-12-19,-3.0,2015,4.3,0.0,74.5,3.9,19,0.0,12,-6.6,0.6,203,0.0,20151219
353,2015-12-20,-2.3,2015,3.1,0.0,70.6,1.6,20,0.0,12,-7.4,0.5,203,0.0,20151220
354,2015-12-21,0.3,2015,2.2,0.0,85.5,0.0,21,4.0,12,-1.3,0.5,203,0.0,20151221
355,2015-12-22,2.2,2015,7.7,0.0,74.8,5.4,22,0.0,12,-1.9,0.8,203,0.0,20151222
356,2015-12-23,3.3,2015,6.9,0.0,87.5,2.0,23,0.8,12,2.0,0.5,203,0.0,20151223
357,2015-12-24,1.4,2015,6.1,0.0,74.1,3.0,24,0.0,12,-0.5,1.0,203,0.0,20151224
358,2015-12-25,-0.5,2015,4.9,0.0,44.4,8.8,25,0.0,12,-3.5,1.5,203,0.0,20151225
359,2015-12-26,1.5,2015,8.2,0.0,66.1,5.6,26,0.1,12,-2.7,1.3,203,0.0,20151226
360,2015-12-27,-3.6,2015,1.0,0.0,32.6,8.8,27,0.0,12,-7.0,2.0,203,0.0,20151227
361,2015-12-28,-5.2,2015,0.0,0.0,36.6,8.9,28,0.0,12,-9.6,1.5,203,0.0,20151228
362,2015-12-29,-5.8,2015,1.7,0.0,61.6,8.4,29,0.0,12,-12.2,0.5,203,0.0,20151229
363,2015-12-30,-2.3,2015,5.5,0.0,70.6,6.9,30,1.0,12,-9.6,0.6,203,0.0,20151230
