,cloud,tavg,tmax,wind,month,year,day,station_id,Date,tmin,rainfall,humid,snow,date,sunshine
0,0.9,-7.0,0.2,0.7,1,2022,1,203,2022-01-01,-14.2,0.0,54.4,0.0,20220101,8.5
1,4.1,-2.5,5.6,1.0,1,2022,2,203,2022-01-02,-8.5,0.0,65.4,0.0,20220102,5.2
2,3.6,-3.1,3.5,0.9,1,2022,3,203,2022-01-03,-11.4,0.0,66.8,0.0,20220103,7.8
3,0.0,-1.3,3.9,1.3,1,2022,4,203,2022-01-04,-6.7,0.1,52.9,0.0,20220104,8.6
4,7.0,-3.9,2.2,0.5,1,2022,5,203,2022-01-05,-11.2,0.0,61.8,0.0,20220105,1.2
5,0.0,-2.3,5.5,1.0,1,2022,6,203,2022-01-06,-9.9,0.0,56.4,0.0,20220106,8.7
6,0.6,-3.4,4.6,0.7,1,2022,7,203,2022-01-07,-10.7,0.0,61.1,0.0,20220107,8.5
7,0.0,-2.4,3.0,0.5,1,2022,8,203,2022-01-08,-10.5,0.0,68.0,0.0,20220108,2.8
8,2.4,0.8,5.5,0.8,1,2022,9,203,2022-01-09,-4.2,0.0,78.3,0.0,20220109,2.7
9,6.9,-1.4,4.0,0.6,1,2022,10,203,2022-01-10,-8.3,0.0,80.8,0.0,20220110,2.1
10,1.0,-5.4,0.2,2.1,1,2022,11,203,2022-01-11,-9.2,0.8,53.8,0.0,20220111,8.6
11,4.1,-7.1,-1.1,1.5,1,2022,12,203,2022-01-12,-13.2,0.0,51.6,0.0,20220112,8.8
12,1.0,-6.3,-1.5,2.0,1,2022,13,203,2022-01-13,-10.7,0.0,47.9,0.0,20220113,8.7
13,2.9,-5.7,1.7,1.0,1,2022,14,203,2022-01-14,-11.9,0.0,45.0,0.0,20220114,8.9
14,7.3,-2.6,2.0,0.5,1,2022,15,203,2022-01-15,-8.7,0.0,58.4,0.0,20220115,2.2
15,1.4,-1.3,2.2,2.2,1,2022,16,203,2022-01-16,-5.7,0.0,55.3,0.0,20220116,7.8
16,2.0,-5.1,1.4,1.7,1,2022,17,203,2022-01-17,-10.5,0.9,61.0,0.0,20220117,5.1
17,3.6,-5.4,1.1,1.1,1,2022,18,203,2022-01-18,-13.6,0.0,51.0,0.0,20220118,8.8
18,6.3,-6.9,-3.3,0.8,1,2022,19,203,2022-01-19,-11.0,1.5,81.5,0.0,20220119,0.8
19,0.0,-5.8,2.3,0.7,1,2022,20,203,2022-01-20,-13.1,0.0,68.8,0.0,20220120,8.8
20,1.1,-5.0,4.2,0.5,1,2022,21,203,2022-01-21,-13.0,0.0,65.6,0.0,20220121,8.9
21,7.6,-1.0,5.8,0.5,1,2022,22,203,2022-01-22,-8.3,0.0,64.5,0.0,20220122,0.8
22,4.9,2.3,10.0,0.7,1,2022,23,203,2022-01-23,-3.2,0.0,62.6,0.0,20220123,5.9
23,2.8,3.7,9.0,1.1,1,2022,24,203,2022-01-24,-1.5,0.0,58.8,0.0,20220124,5.1
24,8.0,1.3,2.9,0.6,1,2022,25,203,2022-01-25,-1.1,1.7,92.3,0.0,20220125,0.0
25,2.9,1.6,7.3,1.4,1,2022,26,203,2022-01-26,-2.4,0.0,68.0,0.0,20220126,7.7
26,2.6,-0.3,5.8,1.2,1,2022,27,203,2022-01-27,-6.8,0.0,59.1,0.0,20220127,8.7
27,3.3,-1.8,4.6,1.8,1,2022,28,203,2022-01-28,-6.2,0.0,52.0,0.0,20220128,8.8
28,0.1,-2.8,2.9,1.5,1,2022,29,203,2022-01-29,-7.6,0.0,46.4,0.0,20220129,8.8
29,0.0,-3.7,3.9,1.1,1,2022,30,203,2022-01-30,-11.4,0.0,54.3,0.0,20220130,8.8
30,3.0,-2.5,5.9,1.1,1,2022,31,203,2022-01-31,-11.4,0.7,66.1,0.0,20220131,8.7
31,5.8,-1.1,1.2,1.5,2,2022,1,203,2022-02-01,-2.7,1.2,77.1,0.0,20220201,1.8
32,2.1,-2.0,2.6,1.6,2,2022,2,203,2022-02-02,-4.5,0.0,55.4,0.0,20220202,6.8
33,0.6,-3.3,2.9,1.3,2,2022,3,203,2022-02-03,-8.9,0.0,54.1,0.0,20220203,8.8
34,2.8,-4.6,1.5,2.0,2,2022,4,203,2022-02-04,-11.3,0.0,51.3,0.0,20220204,8.4
35,0.9,-6.1,-0.1,1.9,2,2022,5,203,2022-02-05,-10.7,0.0,47.3,0.0,20220205,8.7
36,0.6,-4.2,3.3,1.4,2,2022,6,203,2022-02-06,-13.1,0.0,52.1,0.0,20220206,8.3
37,5.9,-2.7,2.5,1.1,2,2022,7,203,2022-02-07,-11.2,0.0,47.4,0.0,20220207,5.2
38,2.0,-0.9,6.5,1.1,2,2022,8,203,2022-02-08,-8.6,0.0,50.4,0.0,20220208,7.0
39,5.4,-0.7,7.1,0.6,2,2022,9,203,2022-02-09,-9.6,0.0,50.0,0.0,20220209,8.7
40,2.6,1.3,8.9,1.1,2,2022,10,203,2022-02-10,-5.8,0.0,51.8,0.0,20220210,8.9
41,2.6,1.2,9.8,0.8,2,2022,11,203,2022-02-11,-7.5,0.0,61.0,0.0,20220211,8.4
42,5.1,2.6,11.0,0.7,2,2022,12,203,2022-02-12,-4.3,0.0,53.1,0.0,20220212,8.8
43,5.0,3.4,11.0,0.6,2,2022,13,203,2022-02-13,-2.6,0.0,53.4,0.0,20220213,5.3
44,4.6,1.7,9.9,1.7,2,2022,14,203,2022-02-14,-4.4,0.6,70.9,0.0,20220214,2.3
45,5.9,-3.3,0.0,3.0,2,2022,15,203,2022-02-15,-6.8,0.0,56.8,0.0,20220215,5.1
46,2.3,-6.3,-1.6,2.1,2,2022,16,203,2022-02-16,-10.1,0.0,48.0,0.0,20220216,7.6
47,1.0,-6.3,-0.4,1.2,2,2022,17,203,2022-02-17,-11.8,0.0,43.6,0.0,20220217,9.2
48,4.6,-2.8,5.9,0.8,2,2022,18,203,2022-02-18,-13.2,0.0,44.6,0.0,20220218,9.1
49,7.4,-0.7,3.7,1.6,2,2022,19,203,2022-02-19,-5.8,0.0,49.4,0.0,20220219,0.5
50,0.8,-4.2,0.2,2.4,2,2022,20,203,2022-02-20,-7.8,0.0,41.5,0.0,20220220,9.5
51,1.8,-2.5,6.0,2.3,2,2022,21,203,2022-02-21,-11.6,0.0,51.9,0.0,20220221,7.6
52,2.3,-3.4,2.2,2.1,2,2022,22,203,2022-02-22,-7.0,0.0,41.5,0.0,20220222,7.9
53,1.9,-4.6,1.6,1.7,2,2022,23,203,2022-02-23,-10.7,0.0,36.0,0.0,20220223,10.0
54,0.9,-2.9,5.4,1.4,2,2022,24,203,2022-02-24,-13.0,0.0,48.8,0.0,20220224,10.1
55,3.3,1.5,10.6,1.3,2,2022,25,203,2022-02-25,-8.8,0.0,71.3,0.0,20220225,7.9
56,7.1,5.6,11.6,3.1,2,2022,26,203,2022-02-26,1.0,3.5,73.5,0.0,20220226,4.2
57,0.0,4.5,10.9,2.3,2,2022,27,203,2022-02-27,-1.3,0.0,52.5,0.0,20220227,10.2
58,4.9,4.6,11.5,0.8,2,2022,28,203,2022-02-28,-2.4,0.0,63.3,0.0,20220228,5.5
59,5.9,3.8,10.0,1.1,3,2022,1,203,2022-03-01,0.0,4.0,86.6,0.0,20220301,1.2
60,1.0,3.1,10.4,2.0,3,2022,2,203,2022-03-02,-3.8,0.0,60.5,0.0,20220302,10.1
61,1.8,5.9,13.3,1.5,3,2022,3,203,2022-03-03,0.3,0.0,55.3,0.0,20220303,9.5
62,3.9,6.6,16.3,2.7,3,2022,4,203,2022-03-04,-3.8,0.0,59.6,0.0,20220304,6.2
63,0.9,3.2,7.6,3.1,3,2022,5,203,2022-03-05,-1.4,0.0,37.5,0.0,20220305,9.3
64,1.9,2.1,8.5,1.8,3,2022,6,203,2022-03-06,-2.4,0.0,36.1,0.0,20220306,9.8
65,4.6,2.4,10.4,1.1,3,2022,7,203,2022-03-07,-5.8,0.0,50.1,0.0,20220307,8.2
66,3.8,4.6,13.5,1.1,3,2022,8,203,2022-03-08,-3.3,0.0,61.5,0.0,20220308,7.6
67,1.4,6.2,15.6,0.9,3,2022,9,203,2022-03-09,-2.5,0.0,66.0,0.0,20220309,8.9
68,6.5,7.9,17.9,1.1,3,2022,10,203,2022-03-10,-0.3,0.0,51.4,0.0,20220310,7.9
69,5.4,9.1,18.7,0.8,3,2022,11,203,2022-03-11,0.4,0.0,60.0,0.0,20220311,4.7
70,6.6,12.5,20.7,1.4,3,2022,12,203,2022-03-12,2.3,0.0,75.3,0.0,20220312,3.2
71,9.1,12.7,15.1,1.0,3,2022,13,203,2022-03-13,10.8,32.4,96.9,0.0,20220313,0.0
72,9.6,8.9,13.6,2.0,3,2022,14,203,2022-03-14,5.6,8.3,89.1,0.0,20220314,0.1
73,3.3,7.0,13.6,1.3,3,2022,15,203,2022-03-15,1.6,0.0,76.9,0.0,20220315,5.5
74,5.0,9.8,18.5,1.0,3,2022,16,203,2022-03-16,-0.4,0.0,66.1,0.0,20220316,6.8
75,9.9,10.5,15.2,1.7,3,2022,17,203,2022-03-17,6.4,0.7,67.3,0.0,20220317,0.1
76,9.9,6.9,10.5,1.5,3,2022,18,203,2022-03-18,5.0,1.8,72.3,0.0,20220318,0.0
77,8.8,1.8,5.3,0.6,3,2022,19,203,2022-03-19,0.3,18.6,96.4,0.0,20220319,0.1
78,7.5,4.2,9.8,1.5,3,2022,20,203,2022-03-20,-0.1,0.1,77.1,0.0,20220320,4.2
79,7.3,4.4,10.3,1.0,3,2022,21,203,2022-03-21,-2.8,0.0,61.5,0.0,20220321,5.7
80,0.8,6.8,13.4,1.2,3,2022,22,203,2022-03-22,-1.2,0.0,51.8,0.0,20220322,10.0
81,8.3,5.1,9.5,1.2,3,2022,23,203,2022-03-23,1.7,0.0,64.1,0.0,20220323,0.0
82,7.6,6.5,13.2,0.7,3,2022,24,203,2022-03-24,0.4,0.0,73.1,0.0,20220324,1.2
83,8.0,10.8,18.5,1.1,3,2022,25,203,2022-03-25,2.2,9.2,76.0,0.0,20220325,3.4
84,8.0,11.2,13.7,1.9,3,2022,26,203,2022-03-26,7.3,26.1,88.3,0.0,20220326,0.1
85,1.0,8.1,14.4,2.1,3,2022,27,203,2022-03-27,1.9,0.0,53.8,0.0,20220327,8.9
86,0.0,7.2,14.9,1.0,3,2022,28,203,2022-03-28,-2.3,0.0,40.6,0.0,20220328,10.8
87,0.8,8.9,17.9,1.1,3,2022,29,203,2022-03-29,-1.2,0.0,59.0,0.0,20220329,10.5
88,7.0,9.7,15.2,0.6,3,2022,30,203,2022-03-30,2.1,0.4,83.0,0.0,20220330,2.4
89,8.0,10.4,15.6,1.2,3,2022,31,203,2022-03-31,4.4,2.8,85.6,0.0,20220331,1.2
90,2.4,8.0,15.5,1.1,4,2022,1,203,2022-04-01,0.9,0.0,62.3,0.0,20220401,9.0
91,0.0,7.6,15.4,1.7,4,2022,2,203,2022-04-02,-1.0,0.0,49.9,0.0,20220402,11.0
92,0.0,8.9,17.4,1.4,4,2022,3,203,2022-04-03,-0.7,0.0,56.6,0.0,20220403,10.7
93,0.0,9.7,18.6,1.6,4,2022,4,203,2022-04-04,0.6,0.0,49.6,0.0,20220404,10.9
94,5.5,9.9,18.3,1.3,4,2022,5,203,2022-04-05,0.2,0.0,46.6,0.0,20220405,9.4
95,3.8,12.3,19.9,1.7,4,2022,6,203,2022-04-06,5.4,0.0,46.6,0.0,20220406,10.6
96,3.5,11.5,18.1,2.5,4,2022,7,203,2022-04-07,6.9,0.0,42.0,0.0,20220407,9.0
97,0.0,12.3,22.3,1.3,4,2022,8,203,2022-04-08,0.5,0.0,48.0,0.0,20220408,11.1
98,2.5,16.2,26.2,1.5,4,2022,9,203,2022-04-09,7.0,0.1,52.5,0.0,20220409,8.3
99,2.6,17.2,27.2,1.1,4,2022,10,203,2022-04-10,7.9,0.0,53.5,0.0,20220410,10.8
100,1.9,19.2,27.9,1.2,4,2022,11,203,2022-04-11,9.1,0.0,60.1,0.0,20220411,10.4
101,7.6,20.0,27.3,1.7,4,2022,12,203,2022-04-12,14.0,0.0,69.5,0.0,20220412,7.8
102,9.9,10.3,16.8,1.9,4,2022,13,203,2022-04-13,8.0,10.7,86.8,0.0,20220413,0.0
103,9.8,9.2,12.6,1.4,4,2022,14,203,2022-04-14,6.6,4.7,79.1,0.0,20220414,0.0
104,3.6,11.9,20.0,1.4,4,2022,15,203,2022-04-15,4.7,0.0,58.8,0.0,20220415,10.7
105,0.1,12.1,20.3,1.5,4,2022,16,203,2022-04-16,3.9,0.0,52.3,0.0,20220416,11.4
106,3.4,13.1,22.6,1.5,4,2022,17,203,2022-04-17,2.3,0.0,50.9,0.0,20220417,10.7
107,6.0,14.7,23.1,1.5,4,2022,18,203,2022-04-18,8.5,0.0,44.1,0.0,20220418,6.9
108,0.9,14.4,23.7,1.4,4,2022,19,203,2022-04-19,4.6,0.0,48.6,0.0,20220419,11.5
109,0.9,14.6,23.9,1.3,4,2022,20,203,2022-04-20,4.4,0.0,52.3,0.0,20220420,11.5
110,3.9,14.8,23.3,1.3,4,2022,21,203,2022-04-21,5.8,0.0,57.1,0.0,20220421,7.1
111,8.3,15.4,21.3,1.8,4,2022,22,203,2022-04-22,9.9,0.0,73.1,0.0,20220422,1.0
112,6.1,16.3,24.3,0.9,4,2022,23,203,2022-04-23,9.0,0.0,59.3,0.0,20220423,7.7
113,4.8,18.2,27.3,1.4,4,2022,24,203,2022-04-24,10.5,0.0,67.0,0.0,20220424,8.0
114,9.1,19.5,24.4,0.7,4,2022,25,203,2022-04-25,16.0,1.4,77.5,0.0,20220425,2.1
115,6.3,19.7,26.5,1.7,4,2022,26,203,2022-04-26,15.0,9.0,73.8,0.0,20220426,6.1
116,0.8,17.2,24.2,1.5,4,2022,27,203,2022-04-27,11.5,0.0,34.8,0.0,20220427,10.9
117,5.1,16.4,25.3,1.3,4,2022,28,203,2022-04-28,8.4,0.0,56.3,0.0,20220428,8.2
118,8.9,12.0,16.0,1.6,4,2022,29,203,2022-04-29,8.8,19.4,74.8,0.0,20220429,1.5
119,6.1,12.5,18.8,1.6,4,2022,30,203,2022-04-30,9.2,0.0,69.9,0.0,20220430,2.6
120,3.4,13.0,19.7,2.1,5,2022,1,203,2022-05-01,5.8,0.0,57.1,0.0,20220501,10.3
121,4.0,12.9,19.6,1.5,5,2022,2,203,2022-05-02,6.5,0.0,59.5,0.0,20220502,7.5
122,0.8,13.6,22.1,1.4,5,2022,3,203,2022-05-03,4.2,0.0,56.5,0.0,20220503,11.1
123,1.5,16.2,26.6,1.3,5,2022,4,203,2022-05-04,5.8,0.0,54.6,0.0,20220504,11.1
124,0.5,17.8,26.2,1.2,5,2022,5,203,2022-05-05,8.3,0.0,57.3,0.0,20220505,11.2
125,3.1,18.7,26.4,1.1,5,2022,6,203,2022-05-06,10.4,0.0,67.1,0.0,20220506,8.7
126,7.5,18.0,24.3,1.7,5,2022,7,203,2022-05-07,12.5,0.0,60.3,0.0,20220507,6.1
127,10.0,13.6,17.1,1.1,5,2022,8,203,2022-05-08,10.0,2.9,64.6,0.0,20220508,0.0
128,3.3,16.8,24.6,1.0,5,2022,9,203,2022-05-09,9.8,0.0,62.5,0.0,20220509,11.1
129,6.9,17.8,25.4,1.3,5,2022,10,203,2022-05-10,9.2,0.0,47.6,0.0,20220510,8.6
130,6.4,19.4,25.6,1.4,5,2022,11,203,2022-05-11,13.0,0.0,49.1,0.0,20220511,8.0
131,6.5,20.2,27.3,1.1,5,2022,12,203,2022-05-12,12.4,0.0,57.0,0.0,20220512,9.4
132,6.9,17.7,22.5,1.0,5,2022,13,203,2022-05-13,11.6,0.0,65.5,0.0,20220513,1.5
133,4.6,14.6,21.0,1.9,5,2022,14,203,2022-05-14,8.1,0.0,56.9,0.0,20220514,10.0
134,1.3,14.9,22.9,1.5,5,2022,15,203,2022-05-15,5.9,0.0,46.4,0.0,20220515,10.7
135,0.0,16.4,25.1,1.7,5,2022,16,203,2022-05-16,5.6,0.0,48.0,0.0,20220516,10.8
136,0.0,19.1,28.0,1.5,5,2022,17,203,2022-05-17,8.4,0.0,52.6,0.0,20220517,10.4
137,5.1,19.6,28.2,1.8,5,2022,18,203,2022-05-18,11.7,0.3,56.5,0.0,20220518,6.9
138,6.9,19.5,25.1,1.7,5,2022,19,203,2022-05-19,12.5,0.0,46.6,0.0,20220519,5.8
139,4.3,19.4,27.0,1.2,5,2022,20,203,2022-05-20,11.8,0.0,57.8,0.0,20220520,8.1
140,2.9,20.4,27.1,1.6,5,2022,21,203,2022-05-21,14.6,0.0,66.9,0.0,20220521,9.6
141,2.4,20.8,27.9,1.5,5,2022,22,203,2022-05-22,15.3,0.0,69.9,0.0,20220522,8.5
142,2.9,21.9,29.9,1.3,5,2022,23,203,2022-05-23,15.5,0.0,68.5,0.0,20220523,7.9
143,3.9,22.5,31.4,1.2,5,2022,24,203,2022-05-24,14.3,0.0,56.6,0.0,20220524,10.3
144,5.9,20.9,28.2,1.5,5,2022,25,203,2022-05-25,13.4,3.0,64.3,0.0,20220525,8.4
145,2.4,18.6,24.8,2.3,5,2022,26,203,2022-05-26,13.5,1.1,59.4,0.0,20220526,10.6
146,3.4,19.9,26.5,2.1,5,2022,27,203,2022-05-27,15.7,0.0,59.1,0.0,20220527,7.9
147,1.3,21.0,30.3,1.5,5,2022,28,203,2022-05-28,11.1,0.0,58.0,0.0,20220528,10.6
148,3.8,22.0,30.0,1.0,5,2022,29,203,2022-05-29,12.7,0.0,58.6,0.0,20220529,10.6
149,0.0,20.2,24.9,1.3,5,2022,30,203,2022-05-30,17.3,0.3,75.5,0.0,20220530,0.1
150,1.8,19.9,28.1,1.3,5,2022,31,203,2022-05-31,12.3,0.0,50.9,0.0,20220531,9.8
151,0.6,21.0,31.0,1.4,6,2022,1,203,2022-06-01,11.0,0.0,45.1,0.0,20220601,11.2
152,2.5,20.6,28.9,1.5,6,2022,2,203,2022-06-02,11.5,0.0,64.6,0.0,20220602,11.2
153,3.8,23.3,32.1,1.1,6,2022,3,203,2022-06-03,15.0,0.0,65.3,0.0,20220603,8.7
154,5.9,23.5,28.5,1.0,6,2022,4,203,2022-06-04,17.3,0.0,60.3,0.0,20220604,5.8
155,9.9,18.9,23.3,1.0,6,2022,5,203,2022-06-05,17.4,0.8,80.1,0.0,20220605,0.0
156,7.0,17.8,22.4,1.4,6,2022,6,203,2022-06-06,14.3,18.5,79.4,0.0,20220606,4.3
157,6.4,18.6,24.3,1.2,6,2022,7,203,2022-06-07,11.7,0.0,67.0,0.0,20220607,6.1
158,6.6,20.5,26.3,1.1,6,2022,8,203,2022-06-08,15.7,0.0,63.6,0.0,20220608,6.5
159,7.3,20.4,25.0,0.7,6,2022,9,203,2022-06-09,17.0,0.2,78.1,0.0,20220609,1.4
160,5.6,21.6,29.0,0.8,6,2022,10,203,2022-06-10,16.6,0.0,74.3,0.0,20220610,6.0
161,5.3,22.4,31.4,1.1,6,2022,11,203,2022-06-11,15.2,0.0,70.6,0.0,20220611,9.9
162,6.4,22.9,28.7,1.0,6,2022,12,203,2022-06-12,15.0,0.0,65.3,0.0,20220612,7.4
163,7.3,23.8,29.8,1.9,6,2022,13,203,2022-06-13,19.3,0.0,58.0,0.0,20220613,10.6
164,6.9,19.4,26.1,1.9,6,2022,14,203,2022-06-14,15.1,0.9,66.5,0.0,20220614,3.7
165,8.6,16.5,20.0,0.7,6,2022,15,203,2022-06-15,13.8,21.9,98.4,0.0,20220615,0.1
166,5.8,20.2,25.0,1.5,6,2022,16,203,2022-06-16,17.0,3.0,79.4,0.0,20220616,3.6
167,4.9,21.7,27.7,1.0,6,2022,17,203,2022-06-17,15.5,0.0,82.1,0.0,20220617,6.0
168,7.0,24.0,27.3,0.9,6,2022,18,203,2022-06-18,20.8,0.0,79.0,0.0,20220618,0.7
169,6.9,23.5,26.1,0.6,6,2022,19,203,2022-06-19,21.2,0.0,82.1,0.0,20220619,0.0
170,4.4,24.8,30.1,0.6,6,2022,20,203,2022-06-20,20.3,0.0,77.9,0.0,20220620,5.1
171,2.4,26.6,34.0,1.1,6,2022,21,203,2022-06-21,19.9,0.0,72.1,0.0,20220621,11.5
172,5.6,25.9,32.0,1.4,6,2022,22,203,2022-06-22,20.8,0.0,70.0,0.0,20220622,9.1
173,9.3,24.2,28.9,1.8,6,2022,23,203,2022-06-23,20.2,44.1,90.6,0.0,20220623,0.2
174,6.8,24.1,28.3,2.2,6,2022,24,203,2022-06-24,20.5,17.1,84.3,0.0,20220624,4.8
175,5.8,26.1,32.3,1.3,6,2022,25,203,2022-06-25,19.6,0.0,79.6,0.0,20220625,6.4
176,8.6,26.7,29.1,1.5,6,2022,26,203,2022-06-26,23.0,0.0,81.1,0.0,20220626,0.0
177,9.9,27.7,29.9,2.3,6,2022,27,203,2022-06-27,24.5,0.8,77.5,0.0,20220627,0.0
178,9.6,28.7,29.8,3.8,6,2022,28,203,2022-06-28,27.7,0.0,68.8,0.0,20220628,0.0
179,9.5,26.0,29.1,2.6,6,2022,29,203,2022-06-29,24.1,36.5,89.4,0.0,20220629,0.6
180,8.1,22.0,24.8,1.1,6,2022,30,203,2022-06-30,20.4,95.0,99.6,0.0,20220630,0.0
181,5.3,25.9,32.2,0.7,7,2022,1,203,2022-07-01,20.2,0.0,84.5,0.0,20220701,7.1
182,3.9,27.8,33.6,0.6,7,2022,2,203,2022-07-02,22.1,0.0,78.0,0.0,20220702,9.7
183,4.8,28.2,33.6,0.9,7,2022,3,203,2022-07-03,22.5,0.0,75.9,0.0,20220703,9.2
184,6.5,28.2,34.1,0.9,7,2022,4,203,2022-07-04,23.4,0.0,76.1,0.0,20220704,7.1
185,8.0,27.5,32.9,0.7,7,2022,5,203,2022-07-05,23.7,8.8,84.3,0.0,20220705,4.2
186,6.9,28.0,33.2,0.8,7,2022,6,203,2022-07-06,23.5,0.0,85.1,0.0,20220706,1.7
187,7.6,28.8,32.5,1.7,7,2022,7,203,2022-07-07,25.2,0.6,80.9,0.0,20220707,2.9
188,9.0,26.7,29.7,1.3,7,2022,8,203,2022-07-08,24.9,1.6,82.1,0.0,20220708,1.8
189,6.4,26.9,31.2,1.2,7,2022,9,203,2022-07-09,23.6,0.4,81.1,0.0,20220709,3.2
190,5.5,28.4,33.8,0.8,7,2022,10,203,2022-07-10,22.8,0.0,78.3,0.0,20220710,7.0
191,7.4,24.8,29.6,1.0,7,2022,11,203,2022-07-11,21.1,19.9,87.9,0.0,20220711,2.2
192,7.5,25.8,29.5,0.8,7,2022,12,203,2022-07-12,21.1,0.0,82.9,0.0,20220712,2.4
193,9.3,23.8,25.9,1.0,7,2022,13,203,2022-07-13,22.8,141.0,95.1,0.0,20220713,0.0
194,6.1,25.1,29.1,1.4,7,2022,14,203,2022-07-14,22.5,1.1,89.8,0.0,20220714,2.7
195,4.0,25.8,30.6,1.3,7,2022,15,203,2022-07-15,21.8,0.0,76.9,0.0,20220715,8.8
196,6.9,23.4,26.9,0.8,7,2022,16,203,2022-07-16,20.6,19.0,92.8,0.0,20220716,1.1
197,6.9,24.7,29.6,0.7,7,2022,17,203,2022-07-17,20.4,0.0,82.8,0.0,20220717,2.3
198,8.1,24.1,28.0,0.7,7,2022,18,203,2022-07-18,20.7,0.2,87.6,0.0,20220718,0.3
199,7.9,25.8,31.0,1.3,7,2022,19,203,2022-07-19,21.2,0.0,80.0,0.0,20220719,5.3
200,9.0,26.6,31.6,0.9,7,2022,20,203,2022-07-20,23.4,0.7,78.5,0.0,20220720,5.1
201,7.0,22.6,24.2,1.2,7,2022,21,203,2022-07-21,20.4,15.0,94.9,0.0,20220721,0.0
202,7.8,23.6,27.7,0.6,7,2022,22,203,2022-07-22,21.3,23.0,93.9,0.0,20220722,1.9
203,9.1,23.8,28.0,0.7,7,2022,23,203,2022-07-23,21.1,28.5,93.1,0.0,20220723,0.2
204,6.1,24.2,27.3,0.5,7,2022,24,203,2022-07-24,21.8,2.2,94.9,0.0,20220724,0.4
205,2.8,26.8,31.9,0.9,7,2022,25,203,2022-07-25,22.7,0.0,82.0,0.0,20220725,6.6
206,4.3,27.2,33.5,0.5,7,2022,26,203,2022-07-26,21.9,0.0,83.8,0.0,20220726,7.4
207,7.0,26.2,31.1,0.9,7,2022,27,203,2022-07-27,22.7,0.0,80.9,0.0,20220727,5.3
208,3.1,27.0,32.6,1.3,7,2022,28,203,2022-07-28,20.6,0.0,79.8,0.0,20220728,8.7
209,4.1,29.0,34.7,0.8,7,2022,29,203,2022-07-29,23.5,0.0,77.3,0.0,20220729,7.4
210,5.6,29.0,34.6,1.4,7,2022,30,203,2022-07-30,23.9,0.0,77.5,0.0,20220730,6.9
211,9.8,26.1,29.8,0.9,7,2022,31,203,2022-07-31,24.9,16.6,94.5,0.0,20220731,0.0
212,9.4,27.7,32.0,1.3,8,2022,1,203,2022-08-01,24.5,21.8,86.3,0.0,20220801,1.6
213,8.4,27.2,31.2,1.7,8,2022,2,203,2022-08-02,25.4,6.3,90.0,0.0,20220802,1.8
214,6.9,27.4,31.8,1.2,8,2022,3,203,2022-08-03,25.0,40.5,89.0,0.0,20220803,4.0
215,5.1,28.9,33.3,1.1,8,2022,4,203,2022-08-04,25.7,0.7,78.8,0.0,20220804,8.3
216,5.4,28.7,32.8,1.1,8,2022,5,203,2022-08-05,25.2,0.1,83.9,0.0,20220805,5.9
217,5.8,28.8,32.5,0.9,8,2022,6,203,2022-08-06,26.4,0.0,84.4,0.0,20220806,2.8
218,7.6,28.7,32.6,1.2,8,2022,7,203,2022-08-07,25.2,0.0,83.4,0.0,20220807,1.7
219,9.8,26.7,29.0,1.7,8,2022,8,203,2022-08-08,24.1,56.6,91.8,0.0,20220808,0.0
220,10.0,26.5,27.9,2.4,8,2022,9,203,2022-08-09,24.8,51.8,93.5,0.0,20220809,0.0
221,8.5,23.6,25.8,0.9,8,2022,10,203,2022-08-10,22.5,56.6,96.5,0.0,20220810,0.0
222,9.6,24.2,26.1,0.7,8,2022,11,203,2022-08-11,22.8,87.0,98.6,0.0,20220811,0.0
223,4.0,26.6,31.7,0.8,8,2022,12,203,2022-08-12,22.8,0.0,81.9,0.0,20220812,9.5
224,8.8,24.6,26.1,0.6,8,2022,13,203,2022-08-13,22.5,6.5,97.1,0.0,20220813,0.0
225,8.5,25.7,30.8,0.6,8,2022,14,203,2022-08-14,24.2,41.7,96.6,0.0,20220814,0.4
226,9.3,27.7,31.3,2.1,8,2022,15,203,2022-08-15,24.2,2.9,85.6,0.0,20220815,0.4
227,3.9,26.8,30.9,1.5,8,2022,16,203,2022-08-16,22.8,0.0,76.5,0.0,20220816,8.9
228,5.6,24.6,31.0,0.7,8,2022,17,203,2022-08-17,21.3,0.1,88.5,0.0,20220817,2.3
229,7.9,25.0,29.4,0.7,8,2022,18,203,2022-08-18,20.6,0.0,79.8,0.0,20220818,4.5
230,9.6,25.0,28.1,1.3,8,2022,19,203,2022-08-19,20.3,15.7,91.0,0.0,20220819,0.7
231,5.0,27.8,32.6,1.4,8,2022,20,203,2022-08-20,25.0,0.9,83.5,0.0,20220820,8.9
232,5.4,27.2,32.5,0.7,8,2022,21,203,2022-08-21,23.7,0.0,81.9,0.0,20220821,7.0
233,7.8,26.3,31.5,0.9,8,2022,22,203,2022-08-22,22.1,0.0,79.8,0.0,20220822,2.9
234,6.1,23.6,27.4,0.6,8,2022,23,203,2022-08-23,21.0,1.2,94.0,0.0,20220823,1.2
235,7.8,23.3,27.6,1.0,8,2022,24,203,2022-08-24,19.7,0.0,79.0,0.0,20220824,0.4
236,8.9,20.9,24.3,0.5,8,2022,25,203,2022-08-25,18.7,0.9,89.1,0.0,20220825,0.0
237,5.6,22.6,28.3,1.0,8,2022,26,203,2022-08-26,17.2,0.0,79.3,0.0,20220826,5.7
238,2.6,21.6,26.4,1.3,8,2022,27,203,2022-08-27,15.6,0.0,63.0,0.0,20220827,10.6
239,1.8,20.5,28.2,0.7,8,2022,28,203,2022-08-28,12.9,0.0,73.4,0.0,20220828,10.6
240,8.8,18.9,20.4,0.6,8,2022,29,203,2022-08-29,18.0,2.8,94.9,0.0,20220829,0.0
241,9.8,18.5,19.8,0.7,8,2022,30,203,2022-08-30,17.0,58.2,100.0,0.0,20220830,0.0
242,8.5,20.5,24.1,0.5,8,2022,31,203,2022-08-31,18.9,2.2,95.1,0.0,20220831,0.1
243,5.0,22.6,29.2,0.6,9,2022,1,203,2022-09-01,16.9,0.0,81.6,0.0,20220901,10.0
244,3.8,22.8,29.5,1.1,9,2022,2,203,2022-09-02,17.5,0.0,75.3,0.0,20220902,9.4
245,6.8,22.3,28.7,1.2,9,2022,3,203,2022-09-03,17.5,0.0,75.5,0.0,20220903,5.0
246,9.9,21.8,24.1,0.8,9,2022,4,203,2022-09-04,18.9,9.0,94.4,0.0,20220904,0.0
247,10.0,20.7,23.4,0.9,9,2022,5,203,2022-09-05,17.5,118.0,100.0,0.0,20220905,0.0
248,4.6,20.8,27.1,1.8,9,2022,6,203,2022-09-06,17.0,64.5,83.5,0.0,20220906,6.7
249,2.9,20.7,28.1,0.7,9,2022,7,203,2022-09-07,15.7,0.0,76.6,0.0,20220907,7.4
250,1.9,20.4,28.5,0.5,9,2022,8,203,2022-09-08,12.9,0.0,78.1,0.0,20220908,10.0
251,4.9,21.4,29.3,0.5,9,2022,9,203,2022-09-09,14.7,0.0,77.8,0.0,20220909,9.1
252,8.9,20.1,27.3,0.6,9,2022,10,203,2022-09-10,14.2,0.0,76.0,0.0,20220910,5.3
253,9.0,22.3,26.7,0.5,9,2022,11,203,2022-09-11,18.3,0.0,79.5,0.0,20220911,1.2
254,8.9,22.6,27.8,0.5,9,2022,12,203,2022-09-12,18.8,0.0,87.9,0.0,20220912,3.3
255,9.8,23.1,27.8,0.7,9,2022,13,203,2022-09-13,20.1,0.1,84.8,0.0,20220913,0.3
256,8.8,22.8,27.8,1.4,9,2022,14,203,2022-09-14,18.5,0.0,66.1,0.0,20220914,1.8
257,7.8,23.4,29.2,1.0,9,2022,15,203,2022-09-15,16.6,0.0,76.8,0.0,20220915,5.1
258,8.4,25.7,31.7,1.4,9,2022,16,203,2022-09-16,20.5,0.0,75.1,0.0,20220916,5.9
259,7.8,26.0,31.8,0.6,9,2022,17,203,2022-09-17,23.0,0.0,85.1,0.0,20220917,3.7
260,8.9,26.1,30.5,1.0,9,2022,18,203,2022-09-18,22.9,0.0,81.4,0.0,20220918,1.9
261,5.3,23.4,28.6,1.9,9,2022,19,203,2022-09-19,16.3,0.0,67.3,0.0,20220919,5.9
262,2.5,17.9,23.9,0.8,9,2022,20,203,2022-09-20,13.1,0.0,69.3,0.0,20220920,6.0
263,0.3,16.7,24.5,0.8,9,2022,21,203,2022-09-21,10.2,0.0,74.6,0.0,20220921,8.5
264,5.5,16.9,24.6,0.5,9,2022,22,203,2022-09-22,9.8,0.0,75.9,0.0,20220922,7.4
265,3.8,16.3,23.8,1.4,9,2022,23,203,2022-09-23,11.4,0.6,75.0,0.0,20220923,5.9
266,4.4,16.4,24.8,0.8,9,2022,24,203,2022-09-24,8.5,0.0,71.8,0.0,20220924,8.8
267,8.5,16.6,23.9,0.5,9,2022,25,203,2022-09-25,11.0,0.0,77.1,0.0,20220925,4.3
268,7.5,17.2,26.3,0.4,9,2022,26,203,2022-09-26,11.9,0.0,76.5,0.0,20220926,6.3
269,0.9,17.7,27.3,0.4,9,2022,27,203,2022-09-27,9.9,0.0,76.9,0.0,20220927,9.0
270,5.0,17.5,25.3,0.4,9,2022,28,203,2022-09-28,11.7,0.0,84.9,0.0,20220928,5.1
271,3.6,17.6,25.5,0.5,9,2022,29,203,2022-09-29,12.8,0.0,86.6,0.0,20220929,5.5
272,5.3,17.0,26.1,0.4,9,2022,30,203,2022-09-30,12.4,0.0,88.8,0.0,20220930,5.1
273,8.3,17.4,26.4,0.4,10,2022,1,203,2022-10-01,9.8,0.0,82.3,0.0,20221001,5.2
274,9.4,17.0,20.4,0.5,10,2022,2,203,2022-10-02,13.4,6.5,94.4,0.0,20221002,0.0
275,9.1,21.0,24.5,1.0,10,2022,3,203,2022-10-03,16.8,23.4,97.6,0.0,20221003,0.0
276,9.1,19.3,23.4,1.4,10,2022,4,203,2022-10-04,15.3,29.7,90.3,0.0,20221004,0.2
277,9.0,16.4,21.5,0.7,10,2022,5,203,2022-10-05,13.5,0.2,77.8,0.0,20221005,3.1
278,9.5,15.4,19.8,0.6,10,2022,6,203,2022-10-06,12.7,0.1,81.8,0.0,20221006,1.0
279,4.8,14.4,20.3,0.8,10,2022,7,203,2022-10-07,10.7,0.0,80.5,0.0,20221007,3.5
280,2.1,13.6,21.0,0.9,10,2022,8,203,2022-10-08,7.7,0.0,77.0,0.0,20221008,7.5
281,9.6,12.4,15.3,0.6,10,2022,9,203,2022-10-09,10.7,19.3,92.8,0.0,20221009,0.0
282,5.6,9.6,13.1,2.1,10,2022,10,203,2022-10-10,7.7,4.3,82.1,0.0,20221010,1.7
283,1.6,10.8,17.8,1.1,10,2022,11,203,2022-10-11,6.3,0.0,71.4,0.0,20221011,8.1
284,3.5,10.3,19.9,0.5,10,2022,12,203,2022-10-12,4.6,0.0,89.0,0.0,20221012,5.9
285,2.1,13.2,21.7,0.5,10,2022,13,203,2022-10-13,6.8,0.0,83.0,0.0,20221013,7.7
286,7.6,14.6,22.3,0.4,10,2022,14,203,2022-10-14,8.3,0.0,85.1,0.0,20221014,5.9
287,3.8,16.3,24.3,0.4,10,2022,15,203,2022-10-15,10.5,0.0,79.5,0.0,20221015,5.7
288,8.9,16.4,20.6,0.6,10,2022,16,203,2022-10-16,13.8,0.0,87.3,0.0,20221016,0.0
289,1.9,12.1,16.2,1.6,10,2022,17,203,2022-10-17,5.5,0.0,51.3,0.0,20221017,9.1
290,0.0,7.7,14.8,0.8,10,2022,18,203,2022-10-18,0.8,0.0,65.4,0.0,20221018,9.0
291,1.9,7.3,17.0,0.6,10,2022,19,203,2022-10-19,-0.4,0.0,72.9,0.0,20221019,8.0
292,2.1,9.4,19.7,0.6,10,2022,20,203,2022-10-20,-0.2,0.0,74.6,0.0,20221020,8.8
293,5.5,11.1,20.2,0.6,10,2022,21,203,2022-10-21,4.1,0.0,77.3,0.0,20221021,6.1
294,4.0,13.3,20.9,0.8,10,2022,22,203,2022-10-22,6.3,0.0,79.5,0.0,20221022,7.7
295,4.1,12.9,19.8,0.8,10,2022,23,203,2022-10-23,8.1,0.0,68.9,0.0,20221023,4.9
296,2.4,9.6,16.5,0.9,10,2022,24,203,2022-10-24,3.2,0.0,62.8,0.0,20221024,6.7
297,1.0,9.3,17.2,0.8,10,2022,25,203,2022-10-25,2.4,0.0,69.5,0.0,20221025,8.0
298,3.9,9.7,17.6,0.4,10,2022,26,203,2022-10-26,2.4,0.0,73.6,0.0,20221026,6.4
299,2.0,11.6,20.5,0.7,10,2022,27,203,2022-10-27,4.5,0.0,80.0,0.0,20221027,8.5
300,3.9,12.0,20.0,0.4,10,2022,28,203,2022-10-28,6.6,0.0,81.8,0.0,20221028,6.1
301,2.0,11.9,20.3,0.4,10,2022,29,203,2022-10-29,5.7,0.0,76.3,0.0,20221029,8.2
302,1.9,12.1,20.5,0.4,10,2022,30,203,2022-10-30,5.6,0.0,76.3,0.0,20221030,8.0
303,3.8,12.6,20.2,0.5,10,2022,31,203,2022-10-31,6.2,0.0,76.8,0.0,20221031,8.3
304,3.0,11.0,18.8,0.5,11,2022,1,203,2022-11-01,6.5,0.0,84.6,0.0,20221101,3.6
305,2.6,8.7,18.0,0.8,11,2022,2,203,2022-11-02,2.0,0.0,78.4,0.0,20221102,5.0
306,6.9,8.0,13.8,0.6,11,2022,3,203,2022-11-03,2.3,0.0,71.1,0.0,20221103,1.0
307,0.3,4.6,10.5,1.2,11,2022,4,203,2022-11-04,0.3,0.0,44.6,0.0,20221104,8.3
308,0.0,4.2,13.6,0.8,11,2022,5,203,2022-11-05,-4.1,0.0,58.3,0.0,20221105,8.2
309,2.3,6.5,15.7,0.5,11,2022,6,203,2022-11-06,-1.6,0.0,67.0,0.0,20221106,8.3
310,5.0,8.4,15.7,0.5,11,2022,7,203,2022-11-07,-0.3,0.0,67.9,0.0,20221107,5.6
311,2.6,10.3,18.4,0.6,11,2022,8,203,2022-11-08,5.3,0.0,72.6,0.0,20221108,6.6
312,6.4,8.7,17.1,0.4,11,2022,9,203,2022-11-09,0.7,0.0,80.0,0.0,20221109,6.3
313,2.8,10.3,17.9,0.4,11,2022,10,203,2022-11-10,2.9,0.0,83.8,0.0,20221110,7.2
314,1.5,12.2,21.4,0.3,11,2022,11,203,2022-11-11,4.8,0.0,79.4,0.0,20221111,8.3
315,6.0,14.4,22.4,0.8,11,2022,12,203,2022-11-12,6.3,25.1,84.9,0.0,20221112,3.0
316,9.4,10.9,17.8,1.5,11,2022,13,203,2022-11-13,8.6,0.2,91.3,0.0,20221113,0.0
317,4.1,9.2,14.8,1.2,11,2022,14,203,2022-11-14,4.6,0.0,81.0,0.0,20221114,3.0
318,0.0,5.0,11.6,0.7,11,2022,15,203,2022-11-15,-0.8,2.6,93.0,0.0,20221115,3.2
319,6.9,6.0,13.2,0.5,11,2022,16,203,2022-11-16,2.5,0.0,86.9,0.0,20221116,3.6
320,4.1,6.7,15.0,0.5,11,2022,17,203,2022-11-17,0.9,0.0,84.3,0.0,20221117,6.9
321,2.8,7.0,17.2,0.4,11,2022,18,203,2022-11-18,-0.2,0.0,79.1,0.0,20221118,6.7
322,2.6,9.0,18.7,0.4,11,2022,19,203,2022-11-19,1.0,0.0,77.8,0.0,20221119,7.9
323,3.1,11.0,19.1,0.4,11,2022,20,203,2022-11-20,5.4,0.0,74.0,0.0,20221120,7.1
324,4.6,10.3,18.1,0.4,11,2022,21,203,2022-11-21,3.5,0.0,79.9,0.0,20221121,5.2
325,9.0,8.9,14.2,0.3,11,2022,22,203,2022-11-22,3.3,0.2,84.1,0.0,20221122,0.9
326,3.5,11.2,17.2,0.9,11,2022,23,203,2022-11-23,6.6,0.0,63.8,0.0,20221123,6.7
327,3.9,6.8,14.5,0.5,11,2022,24,203,2022-11-24,1.4,0.0,75.3,0.0,20221124,6.6
328,2.3,9.2,17.1,1.1,11,2022,25,203,2022-11-25,-0.7,0.0,70.0,0.0,20221125,7.6
329,0.0,7.6,13.1,1.5,11,2022,26,203,2022-11-26,-0.3,0.2,56.1,0.0,20221126,8.0
330,4.1,3.1,12.0,0.5,11,2022,27,203,2022-11-27,-3.8,0.0,57.8,0.0,20221127,7.4
331,8.4,6.6,10.4,0.4,11,2022,28,203,2022-11-28,-0.9,17.1,88.8,0.0,20221128,0.4
332,9.6,8.3,13.5,1.6,11,2022,29,203,2022-11-29,0.4,2.2,61.3,0.0,20221129,0.6
333,1.3,-3.9,0.5,2.2,11,2022,30,203,2022-11-30,-6.7,0.0,39.9,0.0,20221130,8.5
334,2.6,-4.8,-0.2,1.0,12,2022,1,203,2022-12-01,-9.9,0.0,47.6,0.0,20221201,7.4
335,1.5,-4.0,2.5,0.7,12,2022,2,203,2022-12-02,-9.9,0.0,59.3,0.0,20221202,8.6
336,7.9,-0.1,4.6,0.4,12,2022,3,203,2022-12-03,-4.9,0.0,78.4,0.0,20221203,2.4
337,8.0,-2.1,0.9,1.5,12,2022,4,203,2022-12-04,-4.6,0.0,37.5,0.0,20221204,0.9
338,3.6,-2.8,3.1,1.2,12,2022,5,203,2022-12-05,-6.4,0.0,38.8,0.0,20221205,7.9
339,5.8,-2.6,3.4,0.6,12,2022,6,203,2022-12-06,-8.0,2.1,80.8,0.0,20221206,3.1
340,3.8,2.7,9.4,1.1,12,2022,7,203,2022-12-07,-3.3,0.1,77.4,0.0,20221207,4.9
341,1.0,1.3,9.2,0.5,12,2022,8,203,2022-12-08,-4.3,0.0,70.8,0.0,20221208,7.6
342,4.1,0.7,7.8,0.4,12,2022,9,203,2022-12-09,-4.4,0.0,78.8,0.0,20221209,3.6
343,6.1,-0.4,6.1,0.3,12,2022,10,203,2022-12-10,-5.3,0.0,77.1,0.0,20221210,2.5
344,0.0,-0.2,8.5,0.5,12,2022,11,203,2022-12-11,-6.1,0.0,69.0,0.0,20221211,7.9
345,7.6,0.7,6.6,0.8,12,2022,12,203,2022-12-12,-5.9,1.3,80.5,0.0,20221212,3.7
346,8.3,0.5,4.2,2.2,12,2022,13,203,2022-12-13,-5.1,2.8,83.4,0.0,20221213,1.1
347,0.1,-7.6,-4.2,1.7,12,2022,14,203,2022-12-14,-11.0,0.0,53.8,0.0,20221214,8.0
348,4.9,-6.2,-2.7,0.5,12,2022,15,203,2022-12-15,-11.1,2.8,87.5,0.0,20221215,0.0
349,5.5,-6.1,-1.9,1.0,12,2022,16,203,2022-12-16,-11.9,0.0,65.3,0.0,20221216,6.9
350,3.4,-7.1,-2.3,1.2,12,2022,17,203,2022-12-17,-10.7,0.2,59.1,0.0,20221217,4.6
351,1.4,-9.6,-4.9,1.3,12,2022,18,203,2022-12-18,-14.0,0.0,54.5,0.0,20221218,8.3
352,2.8,-8.7,-2.0,0.7,12,2022,19,203,2022-12-19,-16.1,0.0,73.0,0.0,20221219,5.9
353,4.0,-6.3,0.2,0.3,12,2022,20,203,2022-12-20,-14.3,0.0,74.4,0.0,20221220,7.5
354,8.3,-2.1,0.4,0.4,12,2022,21,203,2022-12-21,-4.3,5.2,89.8,0.0,20221221,0.0
355,1.4,-6.8,-1.8,2.4,12,2022,22,203,2022-12-22,-11.2,0.0,58.4,0.0,20221222,6.9
356,4.5,-11.2,-7.1,2.3,12,2022,23,203,2022-12-23,-14.0,0.0,58.3,0.0,20221223,6.1
357,3.8,-11.5,-5.0,0.5,12,2022,24,203,2022-12-24,-17.8,0.0,69.0,0.0,20221224,8.2
358,4.5,-9.4,-1.3,0.4,12,2022,25,203,2022-12-25,-16.4,0.0,77.5,0.0,20221225,6.8
359,0.0,-8.1,-0.8,0.3,12,2022,26,203,2022-12-26,-14.3,0.0,81.5,0.0,20221226,5.5
360,4.0,-6.8,1.2,0.4,12,2022,27,203,2022-12-27,-13.9,0.0,80.1,0.0,20221227,7.4
361,1.8,-4.4,1.6,1.0,12,2022,28,203,2022-12-28,-10.3,0.2,67.5,0.0,20221228,7.2
362,3.6,-4.9,1.2,0.8,12,2022,29,203,2022-12-29,-13.7,0.0,64.5,0.0,20221229,8.0
363,0.0,-3.1,3.2,0.9,12,2022,30,203,2022-12-30,-8.5,0.1,72.9,0.0,20221230,6.7
364,5.6,-5.2,0.6,0.3,12,2022,31,203,2022-12-31,-10.3,0.0,81.9,0.0,20221231,0.0
