,sunshine,station_id,day,humid,tmin,date,wind,snow,Date,tavg,cloud,year,tmax,month,rainfall
0,1.4,203,1,80.3,-5.6,20170101,0.5,0.0,2017-01-01,0.4,0.0,2017,5.2,1,0.0
1,2.7,203,2,78.4,-0.2,20170102,1.1,0.0,2017-01-02,3.6,0.0,2017,10.0,1,0.2
2,8.5,203,3,64.1,-2.9,20170103,1.3,0.0,2017-01-03,2.2,0.0,2017,8.8,1,0.0
3,7.3,203,4,63.4,-2.3,20170104,0.8,0.0,2017-01-04,3.0,0.0,2017,11.4,1,0.0
4,0.0,203,5,66.9,-3.4,20170105,0.8,0.0,2017-01-05,2.6,0.0,2017,8.3,1,0.0
5,7.9,203,6,64.4,-0.7,20170106,0.8,0.0,2017-01-06,4.1,0.0,2017,11.4,1,0.0
6,6.8,203,7,74.8,-4.5,20170107,0.5,0.0,2017-01-07,1.9,0.0,2017,10.6,1,0.0
7,5.5,203,8,63.0,-0.2,20170108,1.1,0.0,2017-01-08,6.3,0.0,2017,12.9,1,0.0
8,6.4,203,9,56.9,-2.4,20170109,2.6,0.0,2017-01-09,3.1,0.0,2017,7.0,1,0.0
9,7.8,203,10,45.0,-5.8,20170110,2.0,0.0,2017-01-10,-2.4,0.0,2017,2.7,1,0.0
10,8.4,203,11,41.9,-9.2,20170111,1.7,0.0,2017-01-11,-3.9,0.0,2017,1.8,1,0.0
11,6.5,203,12,51.1,-5.3,20170112,1.8,0.0,2017-01-12,-1.6,0.0,2017,4.1,1,0.0
12,2.9,203,13,49.1,-8.6,20170113,2.0,0.0,2017-01-13,-5.7,0.0,2017,-1.3,1,0.0
13,8.9,203,14,31.8,-10.6,20170114,2.2,0.0,2017-01-14,-7.4,0.0,2017,-3.8,1,0.0
14,8.9,203,15,40.8,-15.0,20170115,0.1,0.0,2017-01-15,-7.0,0.0,2017,0.1,1,0.0
15,8.9,203,16,55.1,-14.3,20170116,0.0,0.0,2017-01-16,-6.4,0.0,2017,3.7,1,0.0
16,8.5,203,17,54.9,-12.0,20170117,1.0,0.0,2017-01-17,-4.5,0.0,2017,3.7,1,0.0
17,4.0,203,18,70.4,-8.3,20170118,0.6,0.0,2017-01-18,-2.6,0.0,2017,3.0,1,0.0
18,2.8,203,19,76.9,-7.6,20170119,0.7,0.0,2017-01-19,-3.1,0.0,2017,3.0,1,0.0
19,3.8,203,20,68.3,-8.8,20170120,2.0,0.0,2017-01-20,-4.3,0.0,2017,-1.3,1,0.0
20,3.0,203,21,79.4,-14.8,20170121,1.0,0.0,2017-01-21,-6.7,0.0,2017,-1.0,1,0.0
21,8.6,203,22,44.8,-10.5,20170122,2.5,0.0,2017-01-22,-7.0,0.0,2017,-2.3,1,0.0
22,8.9,203,23,52.0,-16.0,20170123,1.5,0.0,2017-01-23,-8.8,0.0,2017,-2.6,1,0.0
23,8.9,203,24,55.6,-17.4,20170124,1.2,0.0,2017-01-24,-8.3,0.0,2017,1.0,1,0.0
24,8.8,203,25,60.8,-15.2,20170125,0.7,0.0,2017-01-25,-7.4,0.0,2017,1.3,1,0.0
25,7.3,203,26,65.3,-14.7,20170126,0.7,0.0,2017-01-26,-5.5,0.0,2017,2.2,1,0.0
26,8.7,203,27,51.8,-6.2,20170127,2.4,0.0,2017-01-27,-1.4,0.0,2017,2.8,1,0.0
27,7.0,203,28,53.9,-11.8,20170128,0.7,0.0,2017-01-28,-3.6,0.0,2017,3.4,1,0.0
28,0.0,203,29,71.6,-1.1,20170129,0.6,0.0,2017-01-29,-0.2,0.0,2017,1.2,1,8.4
29,5.3,203,30,65.1,-9.1,20170130,2.1,0.0,2017-01-30,-4.2,0.0,2017,0.4,1,0.1
30,7.4,203,31,64.9,-14.8,20170131,0.9,0.0,2017-01-31,-7.1,0.0,2017,0.1,1,0.0
31,8.9,203,1,53.3,-10.9,20170201,1.7,0.0,2017-02-01,-4.6,0.0,2017,2.4,2,0.0
32,9.4,203,2,48.1,-12.8,20170202,1.7,0.0,2017-02-02,-2.3,0.0,2017,4.3,2,0.0
33,7.5,203,3,67.3,-5.5,20170203,0.9,0.0,2017-02-03,0.4,0.0,2017,7.2,2,0.0
34,1.1,203,4,73.9,-7.2,20170204,0.5,0.0,2017-02-04,-0.9,0.0,2017,3.3,2,0.0
35,0.0,203,5,71.4,-0.2,20170205,1.3,0.0,2017-02-05,1.5,0.0,2017,4.5,2,0.4
36,9.2,203,6,49.8,-3.5,20170206,2.0,0.0,2017-02-06,-0.9,0.0,2017,3.3,2,0.0
37,3.2,203,7,62.4,-8.4,20170207,0.8,0.0,2017-02-07,-2.6,0.0,2017,2.7,2,0.0
38,0.6,203,8,58.3,-7.3,20170208,1.3,0.0,2017-02-08,-2.0,0.0,2017,3.0,2,0.0
39,8.4,203,9,47.0,-6.8,20170209,2.6,0.0,2017-02-09,-4.1,0.0,2017,0.3,2,0.0
40,9.7,203,10,41.6,-8.7,20170210,2.8,0.0,2017-02-10,-5.8,0.0,2017,-1.1,2,0.0
41,9.7,203,11,48.1,-10.1,20170211,2.0,0.0,2017-02-11,-4.6,0.0,2017,0.8,2,0.0
42,10.0,203,12,54.0,-10.9,20170212,1.6,0.0,2017-02-12,-2.5,0.0,2017,4.9,2,0.0
43,6.1,203,13,71.0,-9.0,20170213,1.0,0.0,2017-02-13,-1.7,0.0,2017,5.5,2,0.0
44,9.0,203,14,64.8,-6.2,20170214,1.3,0.0,2017-02-14,-1.3,0.0,2017,7.1,2,0.0
45,9.0,203,15,53.6,-8.2,20170215,0.8,0.0,2017-02-15,-0.2,0.0,2017,8.8,2,0.0
46,7.9,203,16,60.6,-6.0,20170216,1.4,0.0,2017-02-16,5.1,0.0,2017,13.7,2,0.1
47,8.0,203,17,56.0,-3.5,20170217,2.9,0.0,2017-02-17,3.3,0.0,2017,10.2,2,3.2
48,9.8,203,18,44.3,-7.6,20170218,2.3,0.0,2017-02-18,-1.6,0.0,2017,4.5,2,0.0
49,2.8,203,19,64.0,-6.3,20170219,1.5,0.0,2017-02-19,1.3,0.0,2017,6.7,2,3.1
50,7.5,203,20,53.1,-4.6,20170220,2.5,0.0,2017-02-20,0.4,0.0,2017,5.5,2,2.9
51,9.8,203,21,49.0,-8.9,20170221,1.0,0.0,2017-02-21,-1.3,0.0,2017,6.9,2,0.0
52,0.0,203,22,77.8,-2.7,20170222,1.0,0.0,2017-02-22,1.0,0.0,2017,2.8,2,11.2
53,9.2,203,23,52.4,-3.4,20170223,3.1,0.0,2017-02-23,0.0,0.0,2017,4.6,2,0.0
54,9.6,203,24,46.8,-7.0,20170224,2.0,0.0,2017-02-24,0.0,0.0,2017,5.7,2,0.0
55,9.5,203,25,54.3,-5.6,20170225,1.7,0.0,2017-02-25,2.1,0.0,2017,9.5,2,0.0
56,8.2,203,26,56.3,-4.7,20170226,1.1,0.0,2017-02-26,2.4,0.0,2017,10.4,2,0.0
57,9.9,203,27,50.9,-4.9,20170227,1.2,0.0,2017-02-27,2.9,0.0,2017,12.0,2,0.0
58,10.0,203,28,49.8,-5.4,20170228,1.2,0.0,2017-02-28,4.1,0.0,2017,13.4,2,0.0
59,0.5,203,1,63.8,-0.9,20170301,1.0,0.0,2017-03-01,4.0,0.0,2017,11.2,3,4.1
60,3.8,203,2,66.3,-0.7,20170302,2.4,0.0,2017-03-02,2.5,0.0,2017,7.6,3,0.6
61,9.4,203,3,55.6,-5.8,20170303,1.3,0.0,2017-03-03,2.5,0.0,2017,11.1,3,0.0
62,10.0,203,4,54.0,-4.2,20170304,1.0,0.0,2017-03-04,4.4,0.0,2017,13.4,3,0.0
63,7.0,203,5,64.6,-3.0,20170305,1.3,0.0,2017-03-05,4.5,0.0,2017,13.2,3,0.9
64,10.5,203,6,38.1,-2.5,20170306,2.8,0.0,2017-03-06,1.2,0.0,2017,5.6,3,0.0
65,10.6,203,7,36.5,-2.9,20170307,3.0,0.0,2017-03-07,-0.5,0.0,2017,4.6,3,0.0
66,9.8,203,8,45.3,-5.4,20170308,2.7,0.0,2017-03-08,0.4,0.0,2017,6.5,3,0.0
67,10.0,203,9,43.1,-5.1,20170309,2.7,0.0,2017-03-09,3.3,0.0,2017,10.3,3,0.0
68,10.4,203,10,38.0,-2.6,20170310,1.9,0.0,2017-03-10,4.7,0.0,2017,12.7,3,0.0
69,10.2,203,11,37.1,-5.0,20170311,1.1,0.0,2017-03-11,5.9,0.0,2017,16.5,3,0.0
70,5.8,203,12,49.1,-1.1,20170312,1.5,0.0,2017-03-12,7.3,0.0,2017,15.4,3,0.0
71,10.0,203,13,46.1,1.3,20170313,1.8,0.0,2017-03-13,7.2,0.0,2017,14.5,3,0.0
72,10.4,203,14,50.0,-2.2,20170314,1.8,0.0,2017-03-14,5.1,0.0,2017,13.3,3,0.0
73,10.5,203,15,47.4,-3.8,20170315,1.4,0.0,2017-03-15,4.8,0.0,2017,13.1,3,0.0
74,10.2,203,16,40.9,-3.4,20170316,1.6,0.0,2017-03-16,5.6,0.0,2017,14.4,3,0.0
75,10.4,203,17,39.3,-3.4,20170317,1.3,0.0,2017-03-17,7.0,0.0,2017,16.8,3,0.0
76,8.0,203,18,29.8,2.1,20170318,1.6,0.0,2017-03-18,8.8,0.0,2017,17.9,3,0.0
77,10.5,203,19,35.3,-1.8,20170319,1.0,0.0,2017-03-19,8.7,0.0,2017,19.0,3,0.0
78,1.0,203,20,42.8,-0.1,20170320,1.1,0.0,2017-03-20,8.5,0.0,2017,16.3,3,0.0
79,8.0,203,21,49.0,4.3,20170321,2.2,0.0,2017-03-21,7.7,0.0,2017,13.5,3,0.0
80,10.0,203,22,38.6,-2.6,20170322,1.9,0.0,2017-03-22,7.5,0.0,2017,15.8,3,0.0
81,7.7,203,23,37.1,1.7,20170323,1.8,0.0,2017-03-23,8.3,0.0,2017,16.4,3,0.0
82,7.4,203,24,47.4,-1.5,20170324,1.0,0.0,2017-03-24,7.5,0.0,2017,16.0,3,0.0
83,1.5,203,25,67.8,1.6,20170325,1.6,0.0,2017-03-25,5.8,0.0,2017,10.4,3,0.2
84,2.5,203,26,60.9,-1.5,20170326,1.4,0.0,2017-03-26,5.8,0.0,2017,12.2,3,0.0
85,3.4,203,27,68.6,-0.3,20170327,2.1,0.0,2017-03-27,4.9,0.0,2017,10.0,3,1.8
86,3.1,203,28,60.4,-1.2,20170328,1.1,0.0,2017-03-28,5.5,0.0,2017,12.3,3,0.0
87,9.0,203,29,46.0,-1.4,20170329,1.4,0.0,2017-03-29,8.4,0.0,2017,15.8,3,0.0
88,9.6,203,30,46.4,-1.5,20170330,1.5,0.0,2017-03-30,9.6,0.0,2017,19.6,3,0.0
89,0.2,203,31,74.5,5.4,20170331,1.7,0.0,2017-03-31,7.1,0.0,2017,12.2,3,6.0
90,3.9,203,1,72.3,4.0,20170401,1.2,0.0,2017-04-01,7.0,0.0,2017,13.0,4,0.0
91,6.2,203,2,65.8,0.1,20170402,1.5,0.0,2017-04-02,6.6,0.0,2017,15.8,4,0.0
92,11.2,203,3,44.6,-1.1,20170403,1.8,0.0,2017-04-03,10.6,0.0,2017,21.1,4,0.0
93,11.2,203,4,36.6,0.7,20170404,1.4,0.0,2017-04-04,12.7,0.0,2017,23.0,4,0.0
94,0.0,203,5,62.0,8.6,20170405,1.3,0.0,2017-04-05,11.6,0.0,2017,15.8,4,19.1
95,5.2,203,6,78.4,8.6,20170406,2.5,0.0,2017-04-06,12.3,0.0,2017,16.4,4,2.7
96,7.8,203,7,65.6,4.2,20170407,1.3,0.0,2017-04-07,14.3,0.0,2017,24.3,4,0.0
97,9.3,203,8,59.5,7.8,20170408,2.3,0.0,2017-04-08,14.7,0.0,2017,23.4,4,0.0
98,0.7,203,9,63.3,9.9,20170409,1.9,0.0,2017-04-09,12.2,0.0,2017,15.9,4,0.7
99,11.1,203,10,27.0,5.8,20170410,2.2,0.0,2017-04-10,14.4,0.0,2017,21.9,4,0.0
100,8.9,203,11,48.3,7.5,20170411,2.5,0.0,2017-04-11,13.1,0.0,2017,19.9,4,4.2
101,11.3,203,12,15.6,5.6,20170412,2.8,0.0,2017-04-12,11.5,0.0,2017,17.5,4,0.0
102,10.8,203,13,46.6,1.2,20170413,2.0,0.0,2017-04-13,11.8,0.0,2017,20.9,4,0.0
103,5.2,203,14,53.6,4.5,20170414,2.6,0.0,2017-04-14,12.7,0.0,2017,19.5,4,0.0
104,10.8,203,15,57.3,6.6,20170415,1.5,0.0,2017-04-15,15.7,0.0,2017,25.6,4,0.0
105,7.3,203,16,47.0,8.3,20170416,1.1,0.0,2017-04-16,17.7,0.0,2017,27.7,4,0.0
106,1.6,203,17,73.9,9.1,20170417,1.2,0.0,2017-04-17,12.4,0.0,2017,16.1,4,8.8
107,3.1,203,18,79.0,6.8,20170418,2.5,0.0,2017-04-18,11.0,0.0,2017,17.8,4,6.8
108,12.1,203,19,43.1,6.0,20170419,2.4,0.0,2017-04-19,12.3,0.0,2017,18.6,4,0.0
109,0.4,203,20,46.8,8.2,20170420,1.5,0.0,2017-04-20,12.0,0.0,2017,16.8,4,0.0
110,9.6,203,21,52.4,3.4,20170421,1.6,0.0,2017-04-21,12.2,0.0,2017,20.0,4,0.0
111,11.8,203,22,45.6,4.6,20170422,1.5,0.0,2017-04-22,13.7,0.0,2017,22.4,4,0.0
112,12.5,203,23,38.5,4.5,20170423,1.8,0.0,2017-04-23,14.2,0.0,2017,23.2,4,0.0
113,11.7,203,24,42.9,4.0,20170424,1.7,0.0,2017-04-24,13.7,0.0,2017,23.4,4,0.0
114,5.2,203,25,51.4,8.3,20170425,2.0,0.0,2017-04-25,15.7,0.0,2017,22.6,4,0.0
115,12.2,203,26,32.4,10.3,20170426,2.3,0.0,2017-04-26,15.1,0.0,2017,21.6,4,0.0
116,12.3,203,27,32.4,6.9,20170427,2.4,0.0,2017-04-27,13.3,0.0,2017,20.7,4,0.0
117,11.5,203,28,48.4,4.3,20170428,2.4,0.0,2017-04-28,14.2,0.0,2017,23.3,4,0.0
118,11.8,203,29,42.9,5.8,20170429,2.0,0.0,2017-04-29,16.1,0.0,2017,25.7,4,0.0
119,11.2,203,30,45.9,8.3,20170430,1.9,0.0,2017-04-30,18.6,0.0,2017,28.9,4,0.0
120,11.6,203,1,48.8,9.8,20170501,1.3,0.0,2017-05-01,19.2,0.0,2017,27.9,5,0.0
121,9.7,203,2,45.1,10.7,20170502,1.1,0.0,2017-05-02,19.0,0.0,2017,28.0,5,0.0
122,12.1,203,3,42.9,10.2,20170503,1.3,0.0,2017-05-03,20.3,0.0,2017,29.7,5,0.0
123,8.4,203,4,45.3,10.9,20170504,1.4,0.0,2017-05-04,20.3,0.0,2017,28.1,5,0.0
124,10.3,203,5,50.4,16.2,20170505,2.3,0.0,2017-05-05,20.6,0.0,2017,28.2,5,0.0
125,12.0,203,6,30.4,9.2,20170506,3.0,0.0,2017-05-06,14.7,0.0,2017,21.8,5,0.0
126,12.0,203,7,41.0,6.7,20170507,2.2,0.0,2017-05-07,15.2,0.0,2017,23.6,5,0.0
127,6.6,203,8,49.6,5.7,20170508,1.5,0.0,2017-05-08,16.2,0.0,2017,24.5,5,0.0
128,1.2,203,9,67.8,13.2,20170509,1.3,0.0,2017-05-09,15.1,0.0,2017,19.8,5,4.9
129,3.6,203,10,75.8,11.7,20170510,1.3,0.0,2017-05-10,15.1,0.0,2017,20.7,5,4.0
130,3.6,203,11,74.0,10.3,20170511,1.0,0.0,2017-05-11,16.5,0.0,2017,23.6,5,0.2
131,0.0,203,12,73.1,13.8,20170512,1.4,0.0,2017-05-12,18.2,0.0,2017,23.8,5,0.2
132,4.4,203,13,75.3,11.3,20170513,2.4,0.0,2017-05-13,15.9,0.0,2017,24.3,5,0.9
133,12.8,203,14,53.0,9.7,20170514,2.9,0.0,2017-05-14,15.1,0.0,2017,20.7,5,0.0
134,10.4,203,15,56.8,9.6,20170515,2.5,0.0,2017-05-15,15.6,0.0,2017,21.9,5,0.0
135,6.8,203,16,56.6,12.2,20170516,1.6,0.0,2017-05-16,16.6,0.0,2017,22.7,5,0.0
136,12.8,203,17,50.0,9.2,20170517,1.5,0.0,2017-05-17,18.3,0.0,2017,26.8,5,0.0
137,12.5,203,18,46.5,10.0,20170518,1.5,0.0,2017-05-18,19.2,0.0,2017,27.7,5,0.0
138,12.7,203,19,43.6,10.9,20170519,1.6,0.0,2017-05-19,20.1,0.0,2017,29.2,5,0.0
139,11.3,203,20,43.3,10.6,20170520,1.6,0.0,2017-05-20,19.5,0.0,2017,29.5,5,0.0
140,12.3,203,21,44.3,11.9,20170521,1.6,0.0,2017-05-21,20.1,0.0,2017,28.3,5,0.0
141,12.5,203,22,50.0,11.1,20170522,1.3,0.0,2017-05-22,20.3,0.0,2017,28.7,5,0.0
142,3.8,203,23,58.9,13.1,20170523,1.3,0.0,2017-05-23,19.4,0.0,2017,25.1,5,1.0
143,9.8,203,24,61.3,15.5,20170524,1.2,0.0,2017-05-24,20.9,0.0,2017,27.7,5,3.5
144,12.5,203,25,46.9,11.8,20170525,2.7,0.0,2017-05-25,18.8,0.0,2017,25.3,5,0.0
145,10.2,203,26,39.0,10.5,20170526,1.9,0.0,2017-05-26,16.7,0.0,2017,22.9,5,0.0
146,12.5,203,27,47.4,9.7,20170527,1.4,0.0,2017-05-27,18.5,0.0,2017,26.5,5,0.0
147,14.0,203,28,54.1,10.1,20170528,1.7,0.0,2017-05-28,19.9,0.0,2017,28.9,5,0.0
148,11.7,203,29,59.6,14.7,20170529,1.5,0.0,2017-05-29,22.3,0.0,2017,30.8,5,0.0
149,11.9,203,30,44.9,15.6,20170530,1.6,0.0,2017-05-30,22.8,0.0,2017,30.6,5,0.0
150,8.2,203,31,50.6,14.1,20170531,1.2,0.0,2017-05-31,22.2,0.0,2017,29.0,5,0.0
151,7.9,203,1,60.0,16.8,20170601,1.9,0.0,2017-06-01,21.5,0.0,2017,27.2,6,0.0
152,12.9,203,2,43.6,11.9,20170602,1.8,0.0,2017-06-02,19.8,0.0,2017,27.5,6,0.0
153,12.6,203,3,41.9,14.6,20170603,2.2,0.0,2017-06-03,19.9,0.0,2017,26.5,6,0.0
154,12.9,203,4,41.0,10.7,20170604,1.7,0.0,2017-06-04,20.4,0.0,2017,29.2,6,0.0
155,12.9,203,5,36.8,12.5,20170605,1.2,0.0,2017-06-05,22.0,0.0,2017,29.8,6,0.0
156,0.0,203,6,60.9,13.6,20170606,1.6,0.0,2017-06-06,17.6,0.0,2017,22.8,6,10.2
157,0.0,203,7,89.3,14.1,20170607,1.3,0.0,2017-06-07,16.9,0.0,2017,19.0,6,6.7
158,8.6,203,8,64.0,14.0,20170608,1.9,0.0,2017-06-08,19.7,0.0,2017,26.7,6,0.0
159,7.9,203,9,66.0,13.1,20170609,2.5,0.0,2017-06-09,20.8,0.0,2017,27.6,6,0.0
160,8.9,203,10,53.4,14.4,20170610,1.4,0.0,2017-06-10,20.8,0.0,2017,27.3,6,1.2
161,12.9,203,11,45.0,10.5,20170611,1.2,0.0,2017-06-11,20.9,0.0,2017,30.3,6,0.0
162,11.3,203,12,43.6,12.4,20170612,1.5,0.0,2017-06-12,20.9,0.0,2017,28.0,6,0.0
163,7.6,203,13,65.5,14.6,20170613,1.2,0.0,2017-06-13,19.3,0.0,2017,26.5,6,0.0
164,9.7,203,14,61.6,14.5,20170614,1.6,0.0,2017-06-14,20.9,0.0,2017,28.2,6,0.0
165,11.9,203,15,53.9,15.3,20170615,1.7,0.0,2017-06-15,22.8,0.0,2017,31.2,6,0.0
166,12.1,203,16,52.5,15.8,20170616,1.4,0.0,2017-06-16,24.5,0.0,2017,32.7,6,0.0
167,12.4,203,17,45.3,15.9,20170617,1.5,0.0,2017-06-17,23.4,0.0,2017,31.8,6,0.0
168,12.8,203,18,43.0,15.0,20170618,1.5,0.0,2017-06-18,24.0,0.0,2017,34.3,6,0.0
169,12.1,203,19,46.1,15.4,20170619,1.2,0.0,2017-06-19,24.4,0.0,2017,33.4,6,0.0
170,9.0,203,20,43.6,16.3,20170620,1.2,0.0,2017-06-20,25.2,0.0,2017,32.7,6,0.0
171,10.2,203,21,47.1,19.9,20170621,2.0,0.0,2017-06-21,24.8,0.0,2017,31.1,6,0.0
172,10.7,203,22,52.9,18.1,20170622,1.4,0.0,2017-06-22,24.9,0.0,2017,31.9,6,0.0
173,12.0,203,23,47.0,17.1,20170623,1.4,0.0,2017-06-23,26.1,0.0,2017,34.7,6,0.0
174,0.1,203,24,67.5,19.4,20170624,0.7,0.0,2017-06-24,22.7,0.0,2017,28.2,6,0.9
175,3.8,203,25,76.8,18.7,20170625,1.0,0.0,2017-06-25,21.8,0.0,2017,29.0,6,0.4
176,3.6,203,26,71.6,18.5,20170626,1.5,0.0,2017-06-26,22.5,0.0,2017,29.6,6,23.3
177,8.0,203,27,69.5,17.8,20170627,1.2,0.0,2017-06-27,23.4,0.0,2017,29.2,6,4.4
178,8.7,203,28,64.6,20.1,20170628,1.3,0.0,2017-06-28,24.9,0.0,2017,31.0,6,0.1
179,9.0,203,29,62.4,19.6,20170629,1.2,0.0,2017-06-29,24.9,0.0,2017,31.3,6,0.0
180,6.7,203,30,60.4,21.0,20170630,1.4,0.0,2017-06-30,25.4,0.0,2017,30.9,6,0.0
181,0.4,203,1,77.6,20.8,20170701,1.2,0.0,2017-07-01,22.7,0.0,2017,27.3,7,24.1
182,0.7,203,2,83.4,21.8,20170702,1.6,0.0,2017-07-02,25.0,0.0,2017,28.6,7,18.9
183,0.2,203,3,86.3,22.6,20170703,2.3,0.0,2017-07-03,23.8,0.0,2017,26.8,7,23.0
184,9.6,203,4,74.1,21.9,20170704,1.4,0.0,2017-07-04,25.6,0.0,2017,31.1,7,54.6
185,9.9,203,5,66.3,20.9,20170705,0.9,0.0,2017-07-05,26.2,0.0,2017,32.4,7,0.0
186,9.3,203,6,69.8,20.7,20170706,1.3,0.0,2017-07-06,26.3,0.0,2017,33.3,7,0.0
187,1.7,203,7,83.1,21.8,20170707,1.2,0.0,2017-07-07,25.1,0.0,2017,27.9,7,6.5
188,0.3,203,8,85.8,23.2,20170708,1.4,0.0,2017-07-08,24.8,0.0,2017,27.7,7,14.3
189,1.8,203,9,82.6,21.1,20170709,1.1,0.0,2017-07-09,25.0,0.0,2017,31.0,7,7.3
190,0.0,203,10,91.4,21.4,20170710,1.5,0.0,2017-07-10,23.8,0.0,2017,25.9,7,73.9
191,6.7,203,11,78.0,21.5,20170711,1.4,0.0,2017-07-11,25.4,0.0,2017,30.8,7,17.4
192,9.7,203,12,72.6,22.6,20170712,1.4,0.0,2017-07-12,26.6,0.0,2017,31.4,7,0.0
193,8.3,203,13,73.1,20.6,20170713,0.9,0.0,2017-07-13,25.8,0.0,2017,31.8,7,0.0
194,6.2,203,14,77.3,22.3,20170714,1.1,0.0,2017-07-14,25.6,0.0,2017,32.3,7,0.2
195,0.4,203,15,88.3,21.9,20170715,1.3,0.0,2017-07-15,23.4,0.0,2017,25.9,7,25.9
196,0.0,203,16,86.5,20.6,20170716,1.1,0.0,2017-07-16,23.8,0.0,2017,26.4,7,62.8
197,0.2,203,17,80.1,23.1,20170717,1.4,0.0,2017-07-17,25.3,0.0,2017,28.7,7,0.0
198,3.1,203,18,80.1,21.7,20170718,0.9,0.0,2017-07-18,25.0,0.0,2017,29.3,7,1.9
199,6.5,203,19,72.6,23.1,20170719,1.0,0.0,2017-07-19,27.1,0.0,2017,32.7,7,0.0
200,8.8,203,20,70.9,23.0,20170720,1.0,0.0,2017-07-20,28.3,0.0,2017,34.3,7,0.0
201,3.1,203,21,77.9,24.6,20170721,1.1,0.0,2017-07-21,28.1,0.0,2017,32.8,7,0.8
202,2.1,203,22,79.9,25.4,20170722,0.7,0.0,2017-07-22,28.1,0.0,2017,32.5,7,0.1
203,0.0,203,23,89.4,25.1,20170723,0.9,0.0,2017-07-23,26.2,0.0,2017,28.0,7,44.6
204,0.4,203,24,89.0,24.6,20170724,0.7,0.0,2017-07-24,25.6,0.0,2017,27.0,7,36.7
205,9.9,203,25,71.1,24.6,20170725,1.1,0.0,2017-07-25,28.6,0.0,2017,34.7,7,0.1
206,11.9,203,26,64.5,20.8,20170726,1.6,0.0,2017-07-26,26.3,0.0,2017,31.5,7,0.0
207,4.5,203,27,69.3,20.0,20170727,0.7,0.0,2017-07-27,25.1,0.0,2017,29.3,7,0.0
208,0.0,203,28,92.0,22.7,20170728,0.6,0.0,2017-07-28,23.7,0.0,2017,24.9,7,12.2
209,2.6,203,29,81.8,22.3,20170729,1.5,0.0,2017-07-29,25.1,0.0,2017,28.8,7,0.0
210,6.5,203,30,75.4,21.9,20170730,0.7,0.0,2017-07-30,26.3,0.0,2017,32.1,7,0.0
211,0.0,203,31,90.9,22.5,20170731,0.7,0.0,2017-07-31,23.4,0.0,2017,24.7,7,29.6
212,7.5,203,1,80.8,22.2,20170801,0.8,0.0,2017-08-01,26.6,0.0,2017,33.2,8,2.2
213,6.5,203,2,78.6,23.5,20170802,0.5,0.0,2017-08-02,28.0,0.0,2017,33.2,8,0.0
214,12.6,203,3,70.8,23.3,20170803,1.4,0.0,2017-08-03,27.1,0.0,2017,32.2,8,0.0
215,12.0,203,4,71.9,21.2,20170804,0.7,0.0,2017-08-04,27.8,0.0,2017,34.7,8,0.0
216,12.1,203,5,71.0,23.6,20170805,0.7,0.0,2017-08-05,29.5,0.0,2017,37.1,8,0.0
217,5.8,203,6,74.9,25.5,20170806,0.9,0.0,2017-08-06,29.0,0.0,2017,34.5,8,0.0
218,10.5,203,7,67.1,24.7,20170807,1.6,0.0,2017-08-07,28.4,0.0,2017,33.1,8,0.0
219,5.2,203,8,71.9,22.2,20170808,1.0,0.0,2017-08-08,26.3,0.0,2017,31.5,8,0.0
220,0.1,203,9,84.6,22.6,20170809,1.0,0.0,2017-08-09,24.1,0.0,2017,27.3,8,18.4
221,0.0,203,10,93.3,22.4,20170810,1.0,0.0,2017-08-10,23.5,0.0,2017,25.0,8,11.9
222,7.0,203,11,76.8,22.5,20170811,1.1,0.0,2017-08-11,25.8,0.0,2017,31.9,8,0.0
223,10.2,203,12,70.5,19.8,20170812,1.0,0.0,2017-08-12,25.4,0.0,2017,32.0,8,0.0
224,1.9,203,13,73.6,20.9,20170813,1.3,0.0,2017-08-13,24.1,0.0,2017,27.6,8,0.0
225,0.1,203,14,87.3,20.4,20170814,1.1,0.0,2017-08-14,22.1,0.0,2017,25.9,8,2.8
226,0.0,203,15,93.6,20.3,20170815,1.3,0.0,2017-08-15,21.4,0.0,2017,22.3,8,53.1
227,0.0,203,16,91.5,19.9,20170816,1.1,0.0,2017-08-16,21.8,0.0,2017,24.9,8,8.5
228,2.5,203,17,87.6,20.0,20170817,1.0,0.0,2017-08-17,23.3,0.0,2017,29.6,8,20.4
229,4.1,203,18,82.8,21.0,20170818,0.7,0.0,2017-08-18,24.4,0.0,2017,29.6,8,0.0
230,0.5,203,19,85.4,20.3,20170819,0.6,0.0,2017-08-19,24.3,0.0,2017,28.8,8,3.4
231,0.1,203,20,93.5,21.3,20170820,1.4,0.0,2017-08-20,22.9,0.0,2017,26.4,8,43.7
232,1.0,203,21,94.0,22.0,20170821,1.6,0.0,2017-08-21,23.4,0.0,2017,27.7,8,45.4
233,9.4,203,22,78.0,22.2,20170822,1.1,0.0,2017-08-22,26.4,0.0,2017,32.0,8,0.0
234,2.0,203,23,89.1,22.6,20170823,1.6,0.0,2017-08-23,26.2,0.0,2017,30.8,8,29.4
235,1.6,203,24,87.8,22.4,20170824,2.8,0.0,2017-08-24,25.9,0.0,2017,29.6,8,45.5
236,8.4,203,25,72.0,18.8,20170825,1.1,0.0,2017-08-25,24.0,0.0,2017,30.9,8,0.0
237,11.1,203,26,63.8,14.6,20170826,1.2,0.0,2017-08-26,21.5,0.0,2017,29.6,8,0.0
238,1.0,203,27,81.0,15.0,20170827,0.6,0.0,2017-08-27,19.5,0.0,2017,24.6,8,0.0
239,0.7,203,28,87.5,16.7,20170828,0.9,0.0,2017-08-28,20.5,0.0,2017,25.7,8,19.1
240,10.3,203,29,59.5,16.6,20170829,1.7,0.0,2017-08-29,19.7,0.0,2017,25.2,8,0.0
241,1.5,203,30,66.4,13.6,20170830,0.6,0.0,2017-08-30,17.4,0.0,2017,22.3,8,0.0
242,10.0,203,31,70.8,12.5,20170831,0.9,0.0,2017-08-31,19.5,0.0,2017,27.3,8,0.0
243,11.7,203,1,65.4,12.6,20170901,1.0,0.0,2017-09-01,20.2,0.0,2017,28.5,9,0.0
244,11.7,203,2,68.4,13.8,20170902,0.7,0.0,2017-09-02,20.5,0.0,2017,28.1,9,0.0
245,10.4,203,3,70.3,13.4,20170903,0.6,0.0,2017-09-03,20.6,0.0,2017,29.4,9,0.0
246,9.2,203,4,65.9,14.0,20170904,0.8,0.0,2017-09-04,21.1,0.0,2017,28.9,9,0.0
247,0.0,203,5,80.4,15.8,20170905,0.5,0.0,2017-09-05,19.1,0.0,2017,22.6,9,0.0
248,0.0,203,6,89.1,17.4,20170906,0.4,0.0,2017-09-06,19.3,0.0,2017,22.3,9,1.4
249,7.4,203,7,77.9,16.3,20170907,0.8,0.0,2017-09-07,21.3,0.0,2017,27.2,9,0.0
250,11.5,203,8,72.9,16.4,20170908,1.0,0.0,2017-09-08,22.4,0.0,2017,30.0,9,0.0
251,5.2,203,9,80.6,15.2,20170909,0.7,0.0,2017-09-09,21.1,0.0,2017,29.2,9,0.0
252,12.5,203,10,89.0,17.0,20170910,0.6,0.0,2017-09-10,20.5,0.0,2017,24.3,9,0.0
253,11.7,203,11,87.4,17.2,20170911,1.1,0.0,2017-09-11,19.8,0.0,2017,22.7,9,10.6
254,1.2,203,12,69.9,15.6,20170912,1.0,0.0,2017-09-12,20.2,0.0,2017,28.2,9,0.0
255,4.6,203,13,62.3,10.7,20170913,1.0,0.0,2017-09-13,19.0,0.0,2017,28.6,9,0.0
256,10.5,203,14,69.1,11.1,20170914,0.8,0.0,2017-09-14,19.3,0.0,2017,28.6,9,0.0
257,9.4,203,15,60.5,14.4,20170915,1.7,0.0,2017-09-15,20.0,0.0,2017,27.9,9,0.0
258,5.9,203,16,66.3,12.1,20170916,1.6,0.0,2017-09-16,18.6,0.0,2017,27.1,9,0.0
259,9.2,203,17,61.8,15.3,20170917,1.9,0.0,2017-09-17,21.3,0.0,2017,29.0,9,0.0
260,9.7,203,18,68.1,13.2,20170918,1.1,0.0,2017-09-18,19.8,0.0,2017,27.6,9,0.0
261,1.2,203,19,83.6,14.4,20170919,1.5,0.0,2017-09-19,19.3,0.0,2017,24.7,9,14.2
262,10.6,203,20,55.5,11.7,20170920,1.6,0.0,2017-09-20,18.2,0.0,2017,25.7,9,0.0
263,10.6,203,21,71.8,9.3,20170921,0.7,0.0,2017-09-21,16.7,0.0,2017,25.8,9,0.0
264,9.8,203,22,71.3,10.8,20170922,0.9,0.0,2017-09-22,18.3,0.0,2017,26.5,9,0.0
265,3.7,203,23,81.6,12.6,20170923,1.0,0.0,2017-09-23,18.7,0.0,2017,25.9,9,0.0
266,2.3,203,24,84.0,15.4,20170924,0.8,0.0,2017-09-24,20.3,0.0,2017,26.6,9,0.0
267,6.9,203,25,78.4,17.1,20170925,0.8,0.0,2017-09-25,21.2,0.0,2017,29.1,9,0.0
268,8.5,203,26,75.1,14.6,20170926,0.6,0.0,2017-09-26,21.6,0.0,2017,29.1,9,0.1
269,1.6,203,27,80.0,16.2,20170927,0.9,0.0,2017-09-27,19.8,0.0,2017,25.9,9,1.6
270,10.1,203,28,55.3,13.3,20170928,1.8,0.0,2017-09-28,18.9,0.0,2017,25.0,9,0.0
271,9.7,203,29,55.3,5.7,20170929,1.2,0.0,2017-09-29,14.0,0.0,2017,22.1,9,0.0
272,6.4,203,30,74.8,7.7,20170930,0.8,0.0,2017-09-30,15.7,0.0,2017,25.3,9,0.0
273,1.0,203,1,89.5,11.4,20171001,1.0,0.0,2017-10-01,15.2,0.0,2017,18.4,10,9.8
274,7.9,203,2,80.8,14.4,20171002,1.3,0.0,2017-10-02,19.7,0.0,2017,28.0,10,3.5
275,2.3,203,3,74.9,12.9,20171003,1.0,0.0,2017-10-03,17.4,0.0,2017,23.2,10,0.0
276,7.8,203,4,68.9,11.1,20171004,1.0,0.0,2017-10-04,15.9,0.0,2017,23.7,10,0.0
277,4.6,203,5,68.9,9.9,20171005,1.3,0.0,2017-10-05,16.3,0.0,2017,22.2,10,0.0
278,0.4,203,6,85.8,11.5,20171006,0.8,0.0,2017-10-06,15.7,0.0,2017,20.0,10,0.7
279,6.9,203,7,78.1,15.6,20171007,0.7,0.0,2017-10-07,19.8,0.0,2017,26.0,10,0.1
280,7.4,203,8,74.0,16.4,20171008,0.9,0.0,2017-10-08,21.4,0.0,2017,27.6,10,0.0
281,8.7,203,9,72.1,15.9,20171009,1.1,0.0,2017-10-09,21.0,0.0,2017,27.9,10,0.0
282,1.4,203,10,81.6,15.4,20171010,0.7,0.0,2017-10-10,20.2,0.0,2017,24.1,10,0.0
283,1.1,203,11,80.3,12.5,20171011,2.0,0.0,2017-10-11,16.1,0.0,2017,21.6,10,3.5
284,0.0,203,12,83.3,7.3,20171012,0.9,0.0,2017-10-12,11.4,0.0,2017,13.7,10,0.9
285,5.8,203,13,73.8,4.0,20171013,0.9,0.0,2017-10-13,10.6,0.0,2017,18.5,10,0.0
286,7.7,203,14,59.4,2.9,20171014,1.1,0.0,2017-10-14,11.6,0.0,2017,20.8,10,0.0
287,7.6,203,15,67.0,6.3,20171015,0.8,0.0,2017-10-15,13.2,0.0,2017,22.7,10,0.0
288,3.8,203,16,68.0,10.8,20171016,0.7,0.0,2017-10-16,14.8,0.0,2017,22.2,10,0.0
289,9.6,203,17,69.8,6.4,20171017,0.7,0.0,2017-10-17,14.1,0.0,2017,22.9,10,0.0
290,0.0,203,18,75.9,10.4,20171018,1.0,0.0,2017-10-18,14.1,0.0,2017,18.5,10,0.2
291,8.3,203,19,68.6,9.9,20171019,0.9,0.0,2017-10-19,14.8,0.0,2017,22.1,10,0.0
292,9.2,203,20,70.8,6.8,20171020,0.6,0.0,2017-10-20,13.8,0.0,2017,24.0,10,0.0
293,9.3,203,21,68.5,4.9,20171021,0.8,0.0,2017-10-21,13.7,0.0,2017,25.0,10,0.0
294,7.3,203,22,62.4,4.4,20171022,2.2,0.0,2017-10-22,13.6,0.0,2017,24.3,10,0.0
295,9.6,203,23,59.3,5.1,20171023,1.0,0.0,2017-10-23,11.5,0.0,2017,19.2,10,0.0
296,6.3,203,24,67.8,5.2,20171024,0.7,0.0,2017-10-24,10.6,0.0,2017,19.6,10,0.0
297,8.9,203,25,72.5,2.1,20171025,0.8,0.0,2017-10-25,10.5,0.0,2017,20.6,10,0.0
298,4.8,203,26,67.3,5.1,20171026,0.6,0.0,2017-10-26,11.6,0.0,2017,18.8,10,0.0
299,7.6,203,27,61.0,8.3,20171027,0.7,0.0,2017-10-27,13.8,0.0,2017,23.4,10,0.0
300,9.2,203,28,67.1,5.2,20171028,0.7,0.0,2017-10-28,13.6,0.0,2017,24.4,10,0.0
301,7.5,203,29,60.4,4.2,20171029,1.9,0.0,2017-10-29,10.1,0.0,2017,18.7,10,0.0
302,9.3,203,30,39.5,-1.7,20171030,1.4,0.0,2017-10-30,6.1,0.0,2017,14.0,10,0.0
303,9.3,203,31,63.9,-3.4,20171031,0.9,0.0,2017-10-31,6.3,0.0,2017,16.2,10,0.0
304,2.0,203,1,74.0,4.7,20171101,0.7,0.0,2017-11-01,11.3,0.0,2017,17.7,11,0.0
305,0.7,203,2,77.9,10.9,20171102,0.8,0.0,2017-11-02,13.9,0.0,2017,18.2,11,0.0
306,3.1,203,3,74.4,4.5,20171103,2.0,0.0,2017-11-03,10.7,0.0,2017,16.6,11,3.1
307,8.1,203,4,59.9,1.6,20171104,1.3,0.0,2017-11-04,6.6,0.0,2017,14.2,11,0.0
308,7.0,203,5,72.3,-2.5,20171105,0.7,0.0,2017-11-05,5.0,0.0,2017,14.9,11,0.0
309,8.6,203,6,73.0,-0.7,20171106,0.8,0.0,2017-11-06,7.5,0.0,2017,16.2,11,0.0
310,6.2,203,7,70.0,1.9,20171107,0.6,0.0,2017-11-07,11.2,0.0,2017,19.8,11,0.0
311,7.8,203,8,55.4,5.9,20171108,1.8,0.0,2017-11-08,13.0,0.0,2017,19.5,11,0.0
312,9.0,203,9,55.3,-1.7,20171109,0.8,0.0,2017-11-09,6.4,0.0,2017,16.5,11,0.0
313,1.7,203,10,67.1,0.1,20171110,1.7,0.0,2017-11-10,7.3,0.0,2017,14.8,11,4.4
314,8.9,203,11,48.0,-1.8,20171111,1.6,0.0,2017-11-11,4.9,0.0,2017,10.9,11,0.0
315,8.8,203,12,69.1,-4.3,20171112,0.6,0.0,2017-11-12,2.2,0.0,2017,11.7,11,0.0
316,1.4,203,13,69.5,-2.7,20171113,1.0,0.0,2017-11-13,5.2,0.0,2017,10.6,11,1.0
317,8.4,203,14,52.9,2.0,20171114,1.9,0.0,2017-11-14,7.0,0.0,2017,12.7,11,0.0
318,8.2,203,15,47.6,-0.4,20171115,2.0,0.0,2017-11-15,3.3,0.0,2017,7.8,11,0.0
319,8.9,203,16,40.0,-6.1,20171116,1.2,0.0,2017-11-16,0.6,0.0,2017,8.0,11,0.0
320,0.1,203,17,56.9,-6.4,20171117,0.6,0.0,2017-11-17,-0.1,0.0,2017,3.7,11,0.0
321,8.9,203,18,37.9,-4.6,20171118,2.6,0.0,2017-11-18,-0.9,0.0,2017,3.4,11,0.0
322,9.0,203,19,36.4,-8.7,20171119,1.8,0.0,2017-11-19,-1.7,0.0,2017,4.3,11,0.0
323,5.6,203,20,58.4,-6.0,20171120,1.2,0.0,2017-11-20,-0.3,0.0,2017,5.6,11,0.0
324,3.8,203,21,75.5,-7.4,20171121,0.7,0.0,2017-11-21,-2.6,0.0,2017,5.6,11,0.0
325,3.0,203,22,66.5,-5.0,20171122,1.3,0.0,2017-11-22,0.9,0.0,2017,6.5,11,1.1
326,6.4,203,23,55.8,-5.0,20171123,1.9,0.0,2017-11-23,0.1,0.0,2017,6.5,11,0.2
327,4.9,203,24,71.9,-5.1,20171124,1.3,0.0,2017-11-24,-0.8,0.0,2017,4.4,11,1.6
328,4.9,203,25,74.6,-7.8,20171125,1.9,0.0,2017-11-25,2.4,0.0,2017,9.1,11,16.2
329,5.5,203,26,77.8,-3.0,20171126,1.2,0.0,2017-11-26,3.7,0.0,2017,9.8,11,1.0
330,8.8,203,27,73.0,-6.3,20171127,0.6,0.0,2017-11-27,0.5,0.0,2017,9.0,11,0.0
331,4.3,203,28,73.8,-2.9,20171128,0.8,0.0,2017-11-28,3.4,0.0,2017,11.1,11,0.0
332,8.1,203,29,44.9,-0.2,20171129,1.9,0.0,2017-11-29,4.7,0.0,2017,9.4,11,0.0
333,8.6,203,30,23.5,-4.3,20171130,2.6,0.0,2017-11-30,-1.0,0.0,2017,3.9,11,0.0
334,8.4,203,1,42.1,-8.3,20171201,1.4,0.0,2017-12-01,-1.9,0.0,2017,4.1,12,0.0
335,8.7,203,2,66.3,-8.0,20171202,0.7,0.0,2017-12-02,-0.7,0.0,2017,7.1,12,0.0
336,0.6,203,3,86.9,-3.8,20171203,0.5,0.0,2017-12-03,0.2,0.0,2017,4.7,12,2.8
337,8.1,203,4,54.6,-5.5,20171204,2.2,0.0,2017-12-04,-0.4,0.0,2017,3.7,12,0.5
338,8.9,203,5,38.4,-9.2,20171205,1.9,0.0,2017-12-05,-4.3,0.0,2017,0.3,12,0.0
339,4.5,203,6,71.5,-5.3,20171206,1.3,0.0,2017-12-06,-1.2,0.0,2017,3.9,12,2.3
340,4.7,203,7,68.3,-3.5,20171207,1.3,0.0,2017-12-07,0.3,0.0,2017,5.5,12,0.9
341,8.9,203,8,42.3,-7.0,20171208,1.8,0.0,2017-12-08,-3.5,0.0,2017,0.3,12,0.0
342,6.2,203,9,59.0,-8.5,20171209,0.7,0.0,2017-12-09,-2.3,0.0,2017,3.3,12,0.0
343,1.1,203,10,71.0,-3.2,20171210,1.6,0.0,2017-12-10,-0.4,0.0,2017,4.3,12,4.8
344,8.6,203,11,34.6,-10.6,20171211,3.7,0.0,2017-12-11,-6.0,0.0,2017,-1.6,12,0.0
345,8.8,203,12,41.8,-13.6,20171212,1.8,0.0,2017-12-12,-9.0,0.0,2017,-3.4,12,0.0
346,8.8,203,13,43.3,-13.0,20171213,1.6,0.0,2017-12-13,-8.7,0.0,2017,-2.1,12,0.0
347,5.6,203,14,59.5,-15.3,20171214,0.8,0.0,2017-12-14,-8.9,0.0,2017,-1.8,12,0.0
348,2.8,203,15,61.1,-12.0,20171215,0.6,0.0,2017-12-15,-5.3,0.0,2017,0.2,12,0.0
349,8.1,203,16,42.6,-9.2,20171216,2.4,0.0,2017-12-16,-5.1,0.0,2017,-1.5,12,0.0
350,8.7,203,17,40.9,-12.5,20171217,1.5,0.0,2017-12-17,-6.7,0.0,2017,-1.4,12,0.0
351,3.0,203,18,78.6,-9.4,20171218,0.9,0.0,2017-12-18,-4.5,0.0,2017,0.6,12,1.8
352,4.2,203,20,71.8,-15.5,20171220,0.7,0.0,2017-12-20,-7.0,0.0,2017,-1.0,12,0.7
353,8.5,203,21,70.3,-8.2,20171221,1.2,0.0,2017-12-21,-2.4,0.0,2017,4.4,12,0.0
354,3.8,203,22,72.1,-7.2,20171222,0.6,0.0,2017-12-22,-1.0,0.0,2017,4.9,12,0.0
355,3.6,203,23,79.5,-1.8,20171223,0.5,0.0,2017-12-23,2.0,0.0,2017,8.4,12,0.0
356,0.0,203,24,83.8,-0.3,20171224,1.5,0.0,2017-12-24,1.2,0.0,2017,3.0,12,13.5
357,8.8,203,25,45.1,-4.8,20171225,2.4,0.0,2017-12-25,-2.3,0.0,2017,1.8,12,0.0
358,8.6,203,26,45.1,-8.1,20171226,2.3,0.0,2017-12-26,-3.7,0.0,2017,0.8,12,0.0
359,8.8,203,27,36.9,-11.7,20171227,1.7,0.0,2017-12-27,-7.0,0.0,2017,-1.1,12,0.0
360,6.8,203,28,56.5,-11.0,20171228,1.0,0.0,2017-12-28,-3.9,0.0,2017,1.9,12,0.0
361,3.3,203,29,69.4,-3.6,20171229,0.9,0.0,2017-12-29,0.7,0.0,2017,6.5,12,0.0
362,1.3,203,30,81.8,-4.9,20171230,0.6,0.0,2017-12-30,0.0,0.0,2017,4.3,12,1.4
363,8.3,203,31,53.6,-4.3,20171231,2.0,0.0,2017-12-31,-0.1,0.0,2017,4.9,12,1.5
