,Date,tavg,year,tmax,snow,humid,sunshine,day,rainfall,month,tmin,wind,station_id,cloud,date
0,2005-01-01,-5.8,2005,0.4,0.0,51.9,8.4,1,0.0,1,-11.0,1.1,203,0.0,20050101
1,2005-01-02,-1.3,2005,5.5,0.0,63.0,4.1,2,0.0,1,-9.8,0.9,203,0.0,20050102
2,2005-01-03,2.7,2005,7.0,0.0,71.1,0.0,3,0.5,1,-0.8,2.0,203,0.0,20050103
3,2005-01-04,-4.2,2005,0.1,0.0,45.9,7.8,4,0.0,1,-8.0,2.1,203,0.0,20050104
4,2005-01-05,-6.2,2005,1.0,0.0,66.8,7.5,5,0.0,1,-14.3,0.4,203,0.0,20050105
5,2005-01-06,-0.7,2005,5.0,0.0,69.0,4.1,6,0.0,1,-6.5,0.8,203,0.0,20050106
6,2005-01-07,-1.6,2005,2.2,0.0,52.4,7.8,7,0.0,1,-6.3,2.3,203,0.0,20050107
7,2005-01-08,-5.6,2005,3.0,0.0,62.4,6.8,8,0.0,1,-12.5,1.5,203,0.0,20050108
8,2005-01-09,-6.8,2005,-1.0,0.0,51.0,8.2,9,0.0,1,-11.1,1.7,203,0.0,20050109
9,2005-01-10,-6.4,2005,-0.3,0.0,71.9,6.9,10,0.0,1,-15.1,0.8,203,0.0,20050110
10,2005-01-11,-5.4,2005,-0.5,0.0,59.5,8.2,11,0.0,1,-10.1,1.6,203,0.0,20050111
11,2005-01-12,-6.0,2005,-0.2,0.0,53.4,8.2,12,0.0,1,-10.3,1.3,203,0.0,20050112
12,2005-01-13,-6.4,2005,1.0,0.0,70.1,7.7,13,0.0,1,-13.8,0.9,203,0.0,20050113
13,2005-01-14,-4.5,2005,1.2,0.0,67.3,5.4,14,0.0,1,-11.8,0.4,203,0.0,20050114
14,2005-01-15,-2.8,2005,3.4,0.0,64.0,7.7,15,0.0,1,-11.1,1.2,203,0.0,20050115
15,2005-01-16,-0.4,2005,6.1,0.0,66.1,3.5,16,0.0,1,-4.3,1.6,203,0.0,20050116
16,2005-01-17,-1.3,2005,6.8,0.0,68.9,7.2,17,0.0,1,-9.5,0.9,203,0.0,20050117
17,2005-01-18,-0.7,2005,2.9,0.3,80.9,0.4,18,0.8,1,-4.9,0.8,203,0.0,20050118
18,2005-01-19,-3.0,2005,1.8,0.0,56.8,8.6,19,0.0,1,-6.5,2.0,203,0.0,20050119
19,2005-01-20,-5.3,2005,-0.3,0.0,56.5,8.3,20,0.0,1,-8.3,2.0,203,0.0,20050120
20,2005-01-21,-6.2,2005,1.3,0.0,61.8,8.3,21,0.0,1,-13.8,0.9,203,0.0,20050121
21,2005-01-22,-4.3,2005,3.7,0.0,58.4,6.9,22,0.0,1,-12.1,0.2,203,0.0,20050122
22,2005-01-23,2.0,2005,10.0,0.0,46.3,7.9,23,0.0,1,-4.5,0.6,203,0.0,20050123
23,2005-01-24,0.0,2005,6.4,0.0,69.3,1.8,24,0.0,1,-4.9,0.8,203,0.0,20050124
24,2005-01-25,-1.5,2005,3.5,0.0,78.8,0.0,25,0.0,1,-6.5,0.3,203,0.0,20050125
25,2005-01-26,1.5,2005,8.0,0.0,70.4,5.5,26,0.0,1,-1.7,0.9,203,0.0,20050126
26,2005-01-27,-0.3,2005,7.0,0.0,62.4,6.3,27,0.0,1,-6.0,0.6,203,0.0,20050127
27,2005-01-28,-1.1,2005,8.1,0.0,63.6,6.9,28,0.0,1,-8.8,0.3,203,0.0,20050128
28,2005-01-29,-2.4,2005,3.0,1.5,67.5,2.7,29,0.9,1,-5.6,1.6,203,0.0,20050129
29,2005-01-30,-5.6,2005,-1.1,0.0,46.5,6.4,30,0.0,1,-9.3,2.3,203,0.0,20050130
30,2005-01-31,-6.5,2005,0.4,0.0,51.8,7.1,31,0.0,1,-11.5,2.3,203,0.0,20050131
31,2005-02-01,-9.5,2005,-5.0,0.0,51.8,8.3,1,0.0,2,-12.8,3.1,203,0.0,20050201
32,2005-02-02,-7.3,2005,-0.4,0.0,66.0,8.4,2,0.0,2,-15.1,1.6,203,0.0,20050202
33,2005-02-03,-4.8,2005,2.5,0.0,60.5,8.4,3,0.0,2,-12.6,1.0,203,0.0,20050203
34,2005-02-04,-1.9,2005,4.5,0.0,56.4,7.3,4,0.0,2,-8.1,1.0,203,0.0,20050204
35,2005-02-05,-0.6,2005,5.0,0.0,46.0,7.9,5,0.0,2,-6.4,1.5,203,0.0,20050205
36,2005-02-06,-2.3,2005,6.4,0.0,50.0,6.6,6,0.0,2,-10.6,0.5,203,0.0,20050206
37,2005-02-07,0.5,2005,2.7,0.0,66.4,0.0,7,0.0,2,-3.5,0.2,203,0.0,20050207
38,2005-02-08,1.6,2005,6.9,0.0,66.4,7.2,8,0.5,2,-2.7,1.9,203,0.0,20050208
39,2005-02-09,-2.2,2005,2.5,0.0,63.8,0.2,9,0.0,2,-7.0,1.0,203,0.0,20050209
40,2005-02-10,-4.7,2005,0.4,0.0,40.8,8.8,10,0.0,2,-8.1,1.8,203,0.0,20050210
41,2005-02-11,-5.9,2005,0.5,0.0,38.0,8.9,11,0.0,2,-11.8,1.5,203,0.0,20050211
42,2005-02-12,-5.6,2005,1.7,0.0,45.8,5.6,12,0.0,2,-12.1,1.0,203,0.0,20050212
43,2005-02-13,-4.0,2005,5.0,0.0,55.0,8.2,13,0.0,2,-13.3,0.9,203,0.0,20050213
44,2005-02-14,-0.3,2005,5.6,0.0,54.6,3.9,14,0.0,2,-7.5,0.4,203,0.0,20050214
45,2005-02-15,3.3,2005,11.8,0.0,56.8,0.8,15,3.0,2,-4.8,1.8,203,0.0,20050215
46,2005-02-16,2.3,2005,4.0,2.1,78.0,0.2,16,14.0,2,0.6,2.3,203,0.0,20050216
47,2005-02-17,3.8,2005,10.8,0.0,65.5,8.0,17,0.0,2,-2.0,1.4,203,0.0,20050217
48,2005-02-18,2.8,2005,4.5,0.0,62.4,0.0,18,0.0,2,1.1,1.4,203,0.0,20050218
49,2005-02-19,-1.6,2005,2.9,0.4,55.6,6.1,19,0.5,2,-8.0,2.4,203,0.0,20050219
50,2005-02-20,-6.1,2005,-0.6,0.0,45.0,8.6,20,0.0,2,-10.8,2.3,203,0.0,20050220
51,2005-02-21,-6.0,2005,-0.1,0.0,49.5,9.7,21,0.0,2,-11.8,1.5,203,0.0,20050221
52,2005-02-22,-0.7,2005,6.3,0.0,77.5,0.0,22,2.0,2,-8.6,2.9,203,0.0,20050222
53,2005-02-23,-0.7,2005,3.5,0.0,61.4,6.8,23,0.0,2,-4.5,2.6,203,0.0,20050223
54,2005-02-24,-1.3,2005,5.9,0.0,54.1,6.7,24,0.0,2,-5.4,0.9,203,0.0,20050224
55,2005-02-25,-3.4,2005,1.2,0.0,49.9,9.9,25,0.0,2,-7.0,2.3,203,0.0,20050225
56,2005-02-26,-4.8,2005,1.3,0.0,54.9,10.0,26,0.0,2,-10.3,1.7,203,0.0,20050226
57,2005-02-27,-2.9,2005,5.0,0.0,61.0,9.4,27,0.0,2,-12.0,1.2,203,0.0,20050227
58,2005-02-28,-0.1,2005,7.1,0.0,70.0,8.9,28,0.0,2,-6.5,1.6,203,0.0,20050228
59,2005-03-01,0.2,2005,6.5,0.0,57.9,8.9,1,0.0,3,-7.0,1.5,203,0.0,20050301
60,2005-03-02,0.5,2005,5.5,4.5,75.4,7.1,2,4.0,3,-2.2,1.2,203,0.0,20050302
61,2005-03-03,-0.9,2005,5.0,0.0,58.4,9.9,3,0.0,3,-6.0,1.6,203,0.0,20050303
62,2005-03-04,-0.5,2005,5.9,0.0,57.6,9.8,4,0.0,3,-6.5,1.2,203,0.0,20050304
63,2005-03-05,-1.5,2005,5.0,0.0,80.1,5.7,5,0.0,3,-7.6,1.0,203,0.0,20050305
64,2005-03-06,-0.1,2005,8.1,0.0,70.1,7.2,6,0.0,3,-7.5,1.2,203,0.0,20050306
65,2005-03-07,5.0,2005,13.5,0.0,75.9,7.7,7,0.0,3,-3.2,2.3,203,0.0,20050307
66,2005-03-08,6.3,2005,12.6,0.0,62.3,7.1,8,0.0,3,1.6,2.0,203,0.0,20050308
67,2005-03-09,5.9,2005,16.2,0.0,72.3,8.1,9,0.0,3,-5.0,0.6,203,0.0,20050309
68,2005-03-10,10.3,2005,15.0,0.0,84.1,0.2,10,8.0,3,6.4,1.7,203,0.0,20050310
69,2005-03-11,1.9,2005,6.4,0.0,82.1,4.5,11,4.0,3,-3.0,3.4,203,0.0,20050311
70,2005-03-12,-2.9,2005,1.3,0.0,49.6,9.7,12,0.0,3,-6.5,3.1,203,0.0,20050312
71,2005-03-13,-1.1,2005,4.5,0.0,51.4,9.6,13,0.0,3,-7.1,2.5,203,0.0,20050313
72,2005-03-14,2.4,2005,10.0,0.0,60.4,10.2,14,0.0,3,-6.5,1.5,203,0.0,20050314
73,2005-03-15,3.3,2005,10.3,0.0,80.1,6.3,15,0.0,3,-2.2,1.1,203,0.0,20050315
74,2005-03-16,7.4,2005,13.6,0.0,71.6,6.2,16,0.0,3,1.1,0.7,203,0.0,20050316
75,2005-03-17,6.7,2005,12.0,0.0,86.9,5.1,17,6.5,3,3.5,2.1,203,0.0,20050317
76,2005-03-18,4.5,2005,10.3,0.0,58.0,10.3,18,0.0,3,1.3,3.0,203,0.0,20050318
77,2005-03-19,4.4,2005,12.8,0.0,65.8,10.0,19,0.0,3,-4.1,1.6,203,0.0,20050319
78,2005-03-20,6.0,2005,12.0,0.0,70.5,9.4,20,0.0,3,1.6,2.3,203,0.0,20050320
79,2005-03-21,6.8,2005,16.2,0.0,68.6,8.0,21,0.0,3,-2.7,1.2,203,0.0,20050321
80,2005-03-22,7.8,2005,16.5,0.0,78.3,6.8,22,5.0,3,2.9,1.5,203,0.0,20050322
81,2005-03-23,8.2,2005,15.1,0.0,61.1,7.4,23,0.0,3,3.7,2.1,203,0.0,20050323
82,2005-03-24,2.9,2005,8.3,0.0,68.9,7.2,24,1.0,3,0.0,3.3,203,0.0,20050324
83,2005-03-25,3.7,2005,9.8,0.0,58.8,10.2,25,0.0,3,-2.2,2.8,203,0.0,20050325
84,2005-03-26,6.0,2005,15.6,0.0,82.3,4.4,26,0.0,3,-1.6,1.0,203,0.0,20050326
85,2005-03-27,8.6,2005,18.2,0.0,70.5,8.6,27,0.0,3,-1.8,0.7,203,0.0,20050327
86,2005-03-28,7.3,2005,11.3,0.0,74.5,9.7,28,0.0,3,0.6,2.6,203,0.0,20050328
87,2005-03-29,6.3,2005,12.3,0.0,43.3,10.3,29,0.0,3,2.0,2.7,203,0.0,20050329
88,2005-03-30,7.5,2005,15.3,0.0,58.4,10.0,30,0.0,3,-0.3,2.9,203,0.0,20050330
89,2005-03-31,9.0,2005,18.1,0.0,57.3,9.2,31,0.0,3,-1.0,1.5,203,0.0,20050331
90,2005-04-01,9.1,2005,17.1,0.0,51.3,6.2,1,0.0,4,1.1,0.9,203,0.0,20050401
91,2005-04-02,9.9,2005,19.7,0.0,57.6,8.0,2,0.0,4,-0.2,1.5,203,0.0,20050402
92,2005-04-03,8.5,2005,14.3,0.0,73.3,6.8,3,2.0,4,5.0,2.2,203,0.0,20050403
93,2005-04-04,8.7,2005,17.1,0.0,57.4,9.7,4,0.0,4,-1.1,1.9,203,0.0,20050404
94,2005-04-05,12.6,2005,24.0,0.0,53.3,9.6,5,0.0,4,1.3,1.4,203,0.0,20050405
95,2005-04-06,12.1,2005,21.5,0.0,81.4,0.2,6,2.0,4,2.4,1.7,203,0.0,20050406
96,2005-04-07,14.0,2005,16.1,0.0,83.3,0.4,7,0.0,4,9.8,1.9,203,0.0,20050407
97,2005-04-08,13.3,2005,23.7,0.0,67.0,7.8,8,0.0,4,3.5,0.7,203,0.0,20050408
98,2005-04-09,12.0,2005,15.6,0.0,84.4,0.3,9,21.0,4,6.4,1.2,203,0.0,20050409
99,2005-04-10,12.4,2005,18.3,0.0,83.3,4.2,10,22.5,4,9.0,2.0,203,0.0,20050410
100,2005-04-11,12.5,2005,17.8,0.0,66.3,9.6,11,0.0,4,7.1,1.1,203,0.0,20050411
101,2005-04-12,11.0,2005,16.6,0.0,73.8,5.1,12,0.0,4,6.8,1.4,203,0.0,20050412
102,2005-04-13,10.8,2005,17.7,0.0,60.6,10.4,13,0.0,4,5.5,2.3,203,0.0,20050413
103,2005-04-14,10.5,2005,19.0,0.0,60.6,9.2,14,0.0,4,1.7,2.8,203,0.0,20050414
104,2005-04-15,9.9,2005,17.8,0.0,48.5,11.2,15,0.0,4,2.0,1.8,203,0.0,20050415
105,2005-04-16,10.0,2005,20.1,0.0,47.1,11.1,16,0.0,4,-0.1,1.6,203,0.0,20050416
106,2005-04-17,13.2,2005,22.2,0.0,52.8,8.7,17,0.0,4,1.6,0.9,203,0.0,20050417
107,2005-04-18,14.8,2005,21.5,0.0,75.5,4.3,18,2.5,4,9.3,1.1,203,0.0,20050418
108,2005-04-19,16.1,2005,24.7,0.0,75.4,5.1,19,14.0,4,9.6,1.4,203,0.0,20050419
109,2005-04-20,11.8,2005,15.6,0.0,58.1,10.1,20,6.5,4,8.6,3.6,203,0.0,20050420
110,2005-04-21,11.0,2005,17.0,0.0,60.9,10.3,21,0.0,4,5.9,2.9,203,0.0,20050421
111,2005-04-22,11.6,2005,19.2,0.0,53.8,11.1,22,0.0,4,3.7,2.6,203,0.0,20050422
112,2005-04-23,12.4,2005,21.5,0.0,59.9,11.3,23,0.0,4,2.7,1.4,203,0.0,20050423
113,2005-04-24,14.0,2005,23.1,0.0,59.6,9.2,24,0.0,4,5.0,1.7,203,0.0,20050424
114,2005-04-25,14.8,2005,22.2,0.0,60.9,10.7,25,0.0,4,8.3,1.9,203,0.0,20050425
115,2005-04-26,15.7,2005,23.2,0.0,55.5,11.2,26,0.0,4,6.8,1.9,203,0.0,20050426
116,2005-04-27,16.8,2005,25.2,0.0,59.3,5.7,27,0.0,4,7.0,2.3,203,0.0,20050427
117,2005-04-28,21.1,2005,29.6,0.0,67.3,9.1,28,0.0,4,16.2,3.0,203,0.0,20050428
118,2005-04-29,20.4,2005,27.8,0.0,67.1,8.9,29,0.0,4,15.3,1.5,203,0.0,20050429
119,2005-04-30,24.2,2005,32.5,0.0,63.8,7.6,30,0.0,4,17.0,1.1,203,0.0,20050430
120,2005-05-01,21.8,2005,27.2,0.0,76.5,4.3,1,1.5,5,17.7,1.4,203,0.0,20050501
121,2005-05-02,19.2,2005,27.3,0.0,44.5,11.3,2,0.0,5,11.0,1.5,203,0.0,20050502
122,2005-05-03,18.4,2005,29.7,0.0,41.9,11.9,3,0.0,5,6.9,1.4,203,0.0,20050503
123,2005-05-04,19.2,2005,29.2,0.0,39.6,10.8,4,0.0,5,7.8,0.9,203,0.0,20050504
124,2005-05-05,18.8,2005,27.2,0.0,70.1,5.9,5,7.5,5,9.8,1.6,203,0.0,20050505
125,2005-05-06,12.4,2005,16.0,0.0,96.3,0.0,6,21.5,5,9.3,3.5,203,0.0,20050506
126,2005-05-07,13.2,2005,18.7,0.0,78.0,10.6,7,0.0,5,5.1,1.6,203,0.0,20050507
127,2005-05-08,13.5,2005,16.5,0.0,85.9,0.4,8,0.0,5,9.6,1.4,203,0.0,20050508
128,2005-05-09,13.0,2005,20.2,0.0,67.6,12.1,9,0.0,5,6.8,2.3,203,0.0,20050509
129,2005-05-10,13.6,2005,21.2,0.0,64.8,11.1,10,0.0,5,5.4,1.3,203,0.0,20050510
130,2005-05-11,14.1,2005,22.0,0.0,80.8,3.0,11,6.0,5,9.4,1.0,203,0.0,20050511
131,2005-05-12,14.4,2005,22.6,0.0,85.3,5.5,12,5.5,5,11.3,1.2,203,0.0,20050512
132,2005-05-13,16.1,2005,23.2,0.0,68.3,10.6,13,0.0,5,8.3,1.0,203,0.0,20050513
133,2005-05-14,16.9,2005,24.2,0.0,75.4,9.4,14,0.0,5,10.6,1.3,203,0.0,20050514
134,2005-05-15,19.0,2005,26.3,0.0,65.5,11.1,15,0.0,5,10.6,1.2,203,0.0,20050515
135,2005-05-16,20.1,2005,27.2,0.0,60.4,9.5,16,0.0,5,11.8,1.0,203,0.0,20050516
136,2005-05-17,19.3,2005,25.3,0.0,74.5,3.0,17,12.0,5,15.6,1.3,203,0.0,20050517
137,2005-05-18,15.5,2005,19.2,0.0,92.3,0.5,18,6.0,5,13.1,2.7,203,0.0,20050518
138,2005-05-19,16.9,2005,25.5,0.0,72.8,10.4,19,0.0,5,9.8,1.8,203,0.0,20050519
139,2005-05-20,18.0,2005,26.7,0.0,57.1,11.6,20,0.0,5,9.1,1.6,203,0.0,20050520
140,2005-05-21,17.2,2005,24.2,0.0,58.5,9.3,21,0.0,5,9.6,0.9,203,0.0,20050521
141,2005-05-22,15.3,2005,20.7,0.0,81.8,1.9,22,0.5,5,12.0,0.8,203,0.0,20050522
142,2005-05-23,16.4,2005,22.3,0.0,72.8,9.2,23,0.0,5,12.5,2.0,203,0.0,20050523
143,2005-05-24,17.1,2005,23.8,0.0,68.6,9.6,24,0.0,5,9.8,1.6,203,0.0,20050524
144,2005-05-25,18.6,2005,26.7,0.0,65.1,10.0,25,0.0,5,9.6,1.5,203,0.0,20050525
145,2005-05-26,20.3,2005,27.2,0.0,65.8,11.3,26,0.0,5,13.1,1.8,203,0.0,20050526
146,2005-05-27,20.6,2005,29.0,0.0,61.1,10.3,27,0.0,5,12.3,1.2,203,0.0,20050527
147,2005-05-28,20.9,2005,29.8,0.0,61.6,9.5,28,0.0,5,12.1,0.9,203,0.0,20050528
148,2005-05-29,22.8,2005,30.8,0.0,60.4,11.2,29,0.0,5,13.6,0.9,203,0.0,20050529
149,2005-05-30,21.8,2005,28.7,0.0,60.0,10.6,30,0.0,5,15.5,1.2,203,0.0,20050530
150,2005-05-31,20.0,2005,29.2,0.0,59.9,11.0,31,0.0,5,11.6,1.1,203,0.0,20050531
151,2005-06-01,19.2,2005,25.7,0.0,72.8,6.6,1,1.5,6,11.0,1.8,203,0.0,20050601
152,2005-06-02,18.8,2005,23.1,0.0,92.9,2.6,2,13.5,6,16.2,1.0,203,0.0,20050602
153,2005-06-03,19.5,2005,24.7,0.0,80.9,8.9,3,0.0,6,15.6,1.6,203,0.0,20050603
154,2005-06-04,20.0,2005,26.3,0.0,78.4,6.6,4,0.0,6,15.5,1.1,203,0.0,20050604
155,2005-06-05,22.6,2005,30.1,0.0,62.6,12.3,5,0.0,6,13.3,1.0,203,0.0,20050605
156,2005-06-06,22.3,2005,28.6,0.0,71.3,8.2,6,0.0,6,15.8,0.8,203,0.0,20050606
157,2005-06-07,21.9,2005,27.3,0.0,79.1,2.5,7,0.0,6,17.8,0.8,203,0.0,20050607
158,2005-06-08,23.4,2005,29.7,0.0,68.4,9.3,8,0.0,6,16.7,1.0,203,0.0,20050608
159,2005-06-09,23.4,2005,28.8,0.0,74.1,7.0,9,0.0,6,16.7,0.7,203,0.0,20050609
160,2005-06-10,19.0,2005,22.7,0.0,94.6,0.0,10,14.5,6,17.5,1.1,203,0.0,20050610
161,2005-06-11,22.1,2005,29.5,0.0,76.1,11.3,11,0.0,6,15.6,1.5,203,0.0,20050611
162,2005-06-12,22.7,2005,29.1,0.0,75.8,8.8,12,0.0,6,17.6,1.6,203,0.0,20050612
163,2005-06-13,24.1,2005,31.8,0.0,73.6,8.2,13,0.0,6,17.1,0.7,203,0.0,20050613
164,2005-06-14,24.7,2005,32.0,0.0,75.0,8.7,14,0.0,6,19.2,1.3,203,0.0,20050614
165,2005-06-15,20.7,2005,26.1,0.0,80.5,5.4,15,21.0,6,16.2,1.5,203,0.0,20050615
166,2005-06-16,21.0,2005,27.0,0.0,84.0,8.4,16,0.5,6,15.3,0.9,203,0.0,20050616
167,2005-06-17,23.4,2005,28.5,0.0,77.0,8.0,17,0.0,6,19.6,1.4,203,0.0,20050617
168,2005-06-18,23.7,2005,28.6,0.0,76.9,7.3,18,0.0,6,20.0,1.2,203,0.0,20050618
169,2005-06-19,23.0,2005,28.7,0.0,78.1,7.0,19,0.0,6,18.3,1.0,203,0.0,20050619
170,2005-06-20,23.9,2005,30.3,0.0,77.6,7.5,20,0.0,6,18.1,1.2,203,0.0,20050620
171,2005-06-21,24.7,2005,30.5,0.0,74.5,8.8,21,0.0,6,19.8,1.2,203,0.0,20050621
172,2005-06-22,24.9,2005,30.1,0.0,77.8,8.1,22,0.0,6,21.2,1.4,203,0.0,20050622
173,2005-06-23,25.6,2005,31.2,0.0,75.0,7.5,23,0.0,6,21.5,1.5,203,0.0,20050623
174,2005-06-24,26.2,2005,33.2,0.0,75.6,8.1,24,0.0,6,20.3,1.2,203,0.0,20050624
175,2005-06-25,26.2,2005,31.7,0.0,75.0,6.4,25,0.0,6,20.7,0.9,203,0.0,20050625
176,2005-06-26,24.8,2005,30.2,0.0,89.9,3.5,26,37.0,6,21.1,1.1,203,0.0,20050626
177,2005-06-27,24.4,2005,25.7,0.0,94.5,0.0,27,42.0,6,22.7,2.4,203,0.0,20050627
178,2005-06-28,24.5,2005,29.2,0.0,82.3,4.9,28,0.0,6,21.1,1.0,203,0.0,20050628
179,2005-06-29,24.0,2005,27.1,0.0,93.9,0.5,29,23.5,6,21.5,1.1,203,0.0,20050629
180,2005-06-30,27.9,2005,32.2,0.0,80.0,7.2,30,0.0,6,24.5,1.7,203,0.0,20050630
181,2005-07-01,22.9,2005,26.2,0.0,92.3,0.5,1,72.5,7,21.6,1.5,203,0.0,20050701
182,2005-07-02,24.5,2005,26.7,0.0,93.1,0.2,2,0.0,7,22.1,0.8,203,0.0,20050702
183,2005-07-03,22.0,2005,24.8,0.0,97.6,0.0,3,26.0,7,21.0,1.0,203,0.0,20050703
184,2005-07-04,24.9,2005,30.1,0.0,81.6,9.1,4,0.5,7,20.8,1.4,203,0.0,20050704
185,2005-07-05,23.7,2005,27.0,0.0,85.6,2.1,5,0.0,7,20.3,1.2,203,0.0,20050705
186,2005-07-06,25.1,2005,30.2,0.0,82.9,5.8,6,0.0,7,21.7,1.1,203,0.0,20050706
187,2005-07-07,24.0,2005,29.2,0.0,87.6,5.7,7,27.5,7,21.5,1.6,203,0.0,20050707
188,2005-07-08,25.0,2005,29.7,0.0,83.5,8.2,8,0.5,7,21.3,1.4,203,0.0,20050708
189,2005-07-09,22.8,2005,23.7,0.0,97.0,0.0,9,16.5,7,22.0,1.1,203,0.0,20050709
190,2005-07-10,23.8,2005,26.8,0.0,91.3,1.7,10,0.0,7,21.2,0.6,203,0.0,20050710
191,2005-07-11,20.3,2005,22.7,0.0,98.8,0.0,11,53.0,7,19.3,1.5,203,0.0,20050711
192,2005-07-12,23.4,2005,28.7,0.0,85.0,6.2,12,0.0,7,19.0,0.5,203,0.0,20050712
193,2005-07-13,24.0,2005,28.0,0.0,87.9,4.1,13,2.0,7,21.2,1.2,203,0.0,20050713
194,2005-07-14,25.6,2005,30.3,0.0,81.3,7.7,14,0.0,7,20.7,1.1,203,0.0,20050714
195,2005-07-15,26.5,2005,31.8,0.0,81.1,9.3,15,0.0,7,21.1,1.0,203,0.0,20050715
196,2005-07-16,26.7,2005,31.1,0.0,85.1,4.1,16,0.0,7,23.3,0.9,203,0.0,20050716
197,2005-07-17,24.6,2005,28.8,0.0,92.5,3.1,17,1.0,7,22.2,0.8,203,0.0,20050717
198,2005-07-18,27.1,2005,32.7,0.0,81.9,8.7,18,0.0,7,22.7,1.1,203,0.0,20050718
199,2005-07-19,27.6,2005,32.5,0.0,82.0,8.9,19,0.0,7,24.0,1.2,203,0.0,20050719
200,2005-07-20,27.4,2005,33.0,0.0,84.5,7.8,20,0.0,7,23.2,1.3,203,0.0,20050720
201,2005-07-21,27.1,2005,33.4,0.0,85.9,6.2,21,0.0,7,22.2,1.3,203,0.0,20050721
202,2005-07-22,28.3,2005,34.7,0.0,77.0,7.8,22,0.0,7,20.8,0.8,203,0.0,20050722
203,2005-07-23,29.9,2005,35.7,0.0,74.0,8.4,23,0.0,7,24.2,0.7,203,0.0,20050723
204,2005-07-24,28.7,2005,34.2,0.0,73.1,8.3,24,2.5,7,24.5,1.0,203,0.0,20050724
205,2005-07-25,27.6,2005,32.5,0.0,76.4,7.9,25,0.5,7,23.2,0.6,203,0.0,20050725
206,2005-07-26,26.5,2005,32.7,0.0,76.0,6.3,26,1.5,7,22.7,1.0,203,0.0,20050726
207,2005-07-27,27.0,2005,31.7,0.0,75.1,3.8,27,0.0,7,23.3,1.1,203,0.0,20050727
208,2005-07-28,24.2,2005,26.7,0.0,87.1,0.0,28,87.0,7,22.7,1.3,203,0.0,20050728
209,2005-07-29,26.1,2005,30.7,0.0,75.5,9.3,29,0.0,7,22.0,1.4,203,0.0,20050729
210,2005-07-30,27.0,2005,31.5,0.0,74.0,7.2,30,0.0,7,23.3,1.3,203,0.0,20050730
211,2005-07-31,26.0,2005,31.1,0.0,79.0,5.1,31,0.5,7,21.7,0.6,203,0.0,20050731
212,2005-08-01,25.8,2005,29.6,0.0,84.5,3.0,1,43.5,8,23.6,1.8,203,0.0,20050801
213,2005-08-02,26.0,2005,30.1,0.0,84.9,0.9,2,2.5,8,23.2,1.0,203,0.0,20050802
214,2005-08-03,25.1,2005,28.1,0.0,87.1,0.3,3,27.5,8,23.7,1.2,203,0.0,20050803
215,2005-08-04,27.5,2005,34.2,0.0,80.8,6.6,4,2.0,8,22.6,0.8,203,0.0,20050804
216,2005-08-05,28.8,2005,35.2,0.0,74.5,9.3,5,0.0,8,24.6,0.7,203,0.0,20050805
217,2005-08-06,28.5,2005,35.0,0.0,72.9,10.8,6,24.5,8,22.6,1.2,203,0.0,20050806
218,2005-08-07,26.6,2005,31.8,0.0,80.1,5.8,7,0.0,8,22.3,0.7,203,0.0,20050807
219,2005-08-08,26.4,2005,30.6,0.0,81.9,4.6,8,3.0,8,23.2,1.2,203,0.0,20050808
220,2005-08-09,27.1,2005,31.3,0.0,75.6,4.2,9,0.0,8,24.3,2.1,203,0.0,20050809
221,2005-08-10,24.2,2005,29.2,0.0,87.9,1.8,10,25.5,8,22.2,1.3,203,0.0,20050810
222,2005-08-11,24.0,2005,26.0,0.0,89.5,0.8,11,72.5,8,23.2,1.2,203,0.0,20050811
223,2005-08-12,26.6,2005,29.8,0.0,80.9,2.3,12,8.0,8,23.7,1.5,203,0.0,20050812
224,2005-08-13,28.0,2005,33.0,0.0,76.0,7.3,13,0.0,8,23.8,1.3,203,0.0,20050813
225,2005-08-14,28.3,2005,32.9,0.0,74.0,8.8,14,0.0,8,25.2,1.4,203,0.0,20050814
226,2005-08-15,27.2,2005,30.7,0.0,80.6,4.3,15,0.0,8,25.2,1.0,203,0.0,20050815
227,2005-08-16,27.9,2005,33.4,0.0,77.5,6.1,16,0.0,8,23.8,1.0,203,0.0,20050816
228,2005-08-17,27.3,2005,34.2,0.0,80.1,5.0,17,3.5,8,23.2,0.9,203,0.0,20050817
229,2005-08-18,24.1,2005,30.7,0.0,85.1,4.0,18,0.5,8,22.5,0.9,203,0.0,20050818
230,2005-08-19,22.2,2005,24.5,0.0,86.5,0.0,19,15.5,8,19.7,2.1,203,0.0,20050819
231,2005-08-20,22.5,2005,27.5,0.0,71.9,4.2,20,0.5,8,18.8,2.4,203,0.0,20050820
232,2005-08-21,23.9,2005,29.2,0.0,68.5,7.1,21,0.0,8,20.2,1.8,203,0.0,20050821
233,2005-08-22,21.4,2005,25.2,0.0,83.9,1.3,22,36.5,8,19.6,1.1,203,0.0,20050822
234,2005-08-23,22.5,2005,29.6,0.0,64.6,11.7,23,0.0,8,16.2,1.4,203,0.0,20050823
235,2005-08-24,19.8,2005,24.8,0.0,73.5,2.8,24,7.0,8,15.0,1.7,203,0.0,20050824
236,2005-08-25,18.7,2005,19.6,0.0,88.5,0.0,25,34.0,8,17.3,2.1,203,0.0,20050825
237,2005-08-26,21.9,2005,27.0,0.0,74.8,8.9,26,0.0,8,16.5,1.3,203,0.0,20050826
238,2005-08-27,23.1,2005,29.6,0.0,73.3,7.9,27,0.0,8,18.7,0.8,203,0.0,20050827
239,2005-08-28,22.2,2005,28.1,0.0,78.5,5.2,28,0.0,8,17.2,0.9,203,0.0,20050828
240,2005-08-29,24.1,2005,29.7,0.0,75.9,7.3,29,0.0,8,18.7,0.7,203,0.0,20050829
241,2005-08-30,23.7,2005,27.8,0.0,80.4,1.9,30,0.0,8,20.8,0.8,203,0.0,20050830
242,2005-08-31,24.3,2005,31.3,0.0,78.3,6.7,31,0.0,8,18.7,0.4,203,0.0,20050831
243,2005-09-01,27.2,2005,32.9,0.0,76.0,7.0,1,0.0,9,22.1,1.3,203,0.0,20050901
244,2005-09-02,25.8,2005,28.3,0.0,81.1,1.9,2,1.0,9,23.3,1.4,203,0.0,20050902
245,2005-09-03,23.4,2005,27.3,0.0,76.8,4.0,3,0.5,9,20.2,1.0,203,0.0,20050903
246,2005-09-04,22.0,2005,27.0,0.0,69.5,5.0,4,0.0,9,18.2,2.0,203,0.0,20050904
247,2005-09-05,21.6,2005,27.6,0.0,55.8,11.5,5,0.0,9,15.6,3.1,203,0.0,20050905
248,2005-09-06,22.0,2005,25.0,0.0,57.5,5.0,6,0.0,9,18.8,4.6,203,0.0,20050906
249,2005-09-07,23.7,2005,29.0,0.0,62.4,8.2,7,0.0,9,19.2,1.7,203,0.0,20050907
250,2005-09-08,23.5,2005,29.7,0.0,73.4,8.7,8,0.0,9,17.7,0.4,203,0.0,20050908
251,2005-09-09,22.0,2005,25.1,0.0,80.9,0.2,9,3.0,9,19.8,1.0,203,0.0,20050909
252,2005-09-10,23.1,2005,28.7,0.0,80.6,6.9,10,9.0,9,19.2,0.8,203,0.0,20050910
253,2005-09-11,25.1,2005,31.7,0.0,75.8,7.8,11,0.0,9,20.2,0.5,203,0.0,20050911
254,2005-09-12,25.6,2005,30.7,0.0,76.8,5.0,12,0.0,9,21.7,0.3,203,0.0,20050912
255,2005-09-13,21.8,2005,27.8,0.0,82.3,1.0,13,77.0,9,17.3,2.3,203,0.0,20050913
256,2005-09-14,20.4,2005,25.7,0.0,73.3,8.2,14,0.5,9,16.2,1.1,203,0.0,20050914
257,2005-09-15,19.7,2005,26.7,0.0,70.8,10.7,15,0.0,9,14.1,1.0,203,0.0,20050915
258,2005-09-16,21.3,2005,27.3,0.0,71.8,9.0,16,0.0,9,15.3,1.0,203,0.0,20050916
259,2005-09-17,22.5,2005,24.2,0.0,83.6,0.0,17,25.5,9,20.0,1.3,203,0.0,20050917
260,2005-09-18,23.0,2005,28.5,0.0,77.3,7.4,18,15.0,9,20.2,1.0,203,0.0,20050918
261,2005-09-19,20.5,2005,23.2,0.0,84.3,0.0,19,0.5,9,18.0,0.7,203,0.0,20050919
262,2005-09-20,19.5,2005,23.2,0.0,81.4,1.7,20,0.0,9,15.8,0.7,203,0.0,20050920
263,2005-09-21,15.6,2005,19.7,0.0,88.5,0.0,21,75.0,9,13.8,2.3,203,0.0,20050921
264,2005-09-22,17.3,2005,19.3,0.0,87.5,0.0,22,14.0,9,15.1,1.1,203,0.0,20050922
265,2005-09-23,19.7,2005,25.1,0.0,78.4,5.3,23,6.0,9,16.2,0.8,203,0.0,20050923
266,2005-09-24,20.1,2005,26.2,0.0,73.4,9.1,24,0.0,9,14.6,1.0,203,0.0,20050924
267,2005-09-25,19.5,2005,25.5,0.0,70.6,8.1,25,0.0,9,14.8,0.8,203,0.0,20050925
268,2005-09-26,20.1,2005,26.3,0.0,71.5,8.8,26,0.0,9,16.2,0.6,203,0.0,20050926
269,2005-09-27,18.8,2005,25.7,0.0,75.3,7.9,27,0.0,9,14.8,0.6,203,0.0,20050927
270,2005-09-28,17.6,2005,26.1,0.0,73.4,7.6,28,0.0,9,12.3,0.6,203,0.0,20050928
271,2005-09-29,18.5,2005,25.8,0.0,73.5,5.6,29,0.0,9,11.5,0.8,203,0.0,20050929
272,2005-09-30,17.5,2005,20.3,0.0,90.0,0.0,30,47.5,9,15.8,0.9,203,0.0,20050930
273,2005-10-01,21.0,2005,23.3,0.0,86.3,0.1,1,18.0,10,19.5,0.7,203,0.0,20051001
274,2005-10-02,20.0,2005,25.7,0.0,65.9,4.9,2,0.0,10,14.6,1.2,203,0.0,20051002
275,2005-10-03,16.2,2005,21.6,0.0,71.9,3.1,3,0.5,10,12.6,0.8,203,0.0,20051003
276,2005-10-04,14.4,2005,20.2,0.0,79.1,6.3,4,0.0,10,10.3,0.8,203,0.0,20051004
277,2005-10-05,12.8,2005,21.7,0.0,82.9,5.4,5,0.5,10,9.1,0.5,203,0.0,20051005
278,2005-10-06,14.2,2005,23.2,0.0,77.9,7.4,6,0.0,10,7.3,0.5,203,0.0,20051006
279,2005-10-07,14.0,2005,14.6,0.0,91.6,0.0,7,12.0,10,13.1,0.4,203,0.0,20051007
280,2005-10-08,15.7,2005,21.7,0.0,79.3,5.0,8,0.0,10,11.3,0.7,203,0.0,20051008
281,2005-10-09,14.2,2005,21.2,0.0,84.6,5.8,9,0.0,10,10.8,0.6,203,0.0,20051009
282,2005-10-10,15.3,2005,23.2,0.0,77.5,7.0,10,0.0,10,9.8,0.5,203,0.0,20051010
283,2005-10-11,14.6,2005,22.7,0.0,76.4,7.8,11,0.0,10,9.6,0.6,203,0.0,20051011
284,2005-10-12,14.6,2005,23.2,0.0,77.3,7.8,12,0.0,10,9.0,0.7,203,0.0,20051012
285,2005-10-13,15.8,2005,22.2,0.0,78.4,5.3,13,0.0,10,8.8,0.6,203,0.0,20051013
286,2005-10-14,14.5,2005,20.1,0.0,62.4,7.4,14,0.5,10,7.0,1.4,203,0.0,20051014
287,2005-10-15,12.6,2005,20.3,0.0,67.1,7.8,15,0.0,10,6.8,1.1,203,0.0,20051015
288,2005-10-16,11.4,2005,20.7,0.0,74.3,7.0,16,0.0,10,5.1,0.7,203,0.0,20051016
289,2005-10-17,12.8,2005,21.6,0.0,77.6,7.6,17,0.0,10,4.6,0.6,203,0.0,20051017
290,2005-10-18,14.3,2005,20.3,0.0,78.6,5.1,18,0.0,10,10.1,0.5,203,0.0,20051018
291,2005-10-19,13.9,2005,22.2,0.0,78.8,7.0,19,0.0,10,8.3,0.5,203,0.0,20051019
292,2005-10-20,13.3,2005,21.7,0.0,77.9,6.4,20,0.0,10,8.8,0.4,203,0.0,20051020
293,2005-10-21,10.9,2005,13.8,0.0,89.5,0.0,21,15.5,10,8.5,1.0,203,0.0,20051021
294,2005-10-22,7.9,2005,13.3,0.0,59.4,9.6,22,0.0,10,3.0,1.5,203,0.0,20051022
295,2005-10-23,6.7,2005,16.2,0.0,71.9,7.4,23,0.0,10,-0.6,0.7,203,0.0,20051023
296,2005-10-24,9.6,2005,19.3,0.0,76.9,7.6,24,0.0,10,1.1,0.6,203,0.0,20051024
297,2005-10-25,11.0,2005,18.7,0.0,77.6,6.6,25,0.0,10,5.6,0.3,203,0.0,20051025
298,2005-10-26,12.4,2005,21.2,0.0,77.6,7.7,26,0.0,10,4.9,0.4,203,0.0,20051026
299,2005-10-27,11.5,2005,19.7,0.0,84.1,4.4,27,0.0,10,6.6,0.4,203,0.0,20051027
300,2005-10-28,11.7,2005,18.2,0.0,72.6,4.5,28,0.0,10,8.5,1.3,203,0.0,20051028
301,2005-10-29,9.3,2005,14.8,0.0,63.9,8.6,29,0.0,10,3.4,1.2,203,0.0,20051029
302,2005-10-30,6.8,2005,12.6,0.0,72.5,4.3,30,0.0,10,2.2,0.8,203,0.0,20051030
303,2005-10-31,6.7,2005,16.5,0.0,72.1,7.2,31,0.0,10,-1.2,0.7,203,0.0,20051031
304,2005-11-01,9.3,2005,17.2,0.0,76.5,4.1,1,0.0,11,2.5,0.5,203,0.0,20051101
305,2005-11-02,12.5,2005,19.2,0.0,70.8,5.6,2,0.0,11,7.5,0.7,203,0.0,20051102
306,2005-11-03,14.2,2005,21.6,0.0,73.1,5.8,3,0.0,11,8.3,0.5,203,0.0,20051103
307,2005-11-04,13.1,2005,20.6,0.0,80.5,5.2,4,0.0,11,7.3,0.3,203,0.0,20051104
308,2005-11-05,13.9,2005,19.7,0.0,80.5,3.1,5,7.0,11,7.5,0.3,203,0.0,20051105
309,2005-11-06,14.5,2005,19.8,0.0,79.8,1.6,6,22.5,11,8.6,1.5,203,0.0,20051106
310,2005-11-07,10.1,2005,16.5,0.0,56.1,8.6,7,0.0,11,2.4,1.1,203,0.0,20051107
311,2005-11-08,9.4,2005,14.8,0.0,48.4,7.5,8,0.0,11,3.7,2.1,203,0.0,20051108
312,2005-11-09,8.1,2005,16.2,0.0,65.3,8.4,9,0.0,11,0.2,0.8,203,0.0,20051109
313,2005-11-10,11.2,2005,19.1,0.0,76.8,3.3,10,0.0,11,3.0,0.9,203,0.0,20051110
314,2005-11-11,12.1,2005,17.0,0.0,57.4,0.7,11,0.0,11,4.6,1.1,203,0.0,20051111
315,2005-11-12,8.1,2005,15.6,0.0,46.1,8.4,12,0.0,11,2.0,1.0,203,0.0,20051112
316,2005-11-13,7.3,2005,12.6,0.0,62.3,2.9,13,0.0,11,-0.1,0.6,203,0.0,20051113
317,2005-11-14,6.7,2005,12.3,0.0,43.6,8.0,14,0.0,11,2.2,1.3,203,0.0,20051114
318,2005-11-15,2.9,2005,9.5,0.0,49.1,8.8,15,0.0,11,-3.9,1.3,203,0.0,20051115
319,2005-11-16,1.0,2005,9.6,0.0,60.8,8.3,16,0.0,11,-5.3,0.7,203,0.0,20051116
320,2005-11-17,1.8,2005,10.0,0.0,59.5,8.2,17,0.0,11,-6.3,1.0,203,0.0,20051117
321,2005-11-18,3.4,2005,9.8,0.0,47.6,8.7,18,0.0,11,-1.7,1.4,203,0.0,20051118
322,2005-11-19,0.5,2005,8.0,0.0,62.8,8.0,19,0.0,11,-5.4,0.7,203,0.0,20051119
323,2005-11-20,0.9,2005,9.8,0.0,68.5,8.0,20,0.0,11,-6.5,0.6,203,0.0,20051120
324,2005-11-21,3.6,2005,11.3,0.0,74.0,4.9,21,1.0,11,-2.4,1.2,203,0.0,20051121
325,2005-11-22,3.5,2005,10.3,0.0,59.0,8.4,22,0.0,11,-3.2,1.1,203,0.0,20051122
326,2005-11-23,6.7,2005,13.8,0.0,68.9,4.6,23,0.0,11,0.1,1.1,203,0.0,20051123
327,2005-11-24,4.4,2005,11.3,0.0,85.5,2.5,24,0.0,11,0.0,0.5,203,0.0,20051124
328,2005-11-25,3.9,2005,13.1,0.0,79.6,4.4,25,0.0,11,-3.0,0.6,203,0.0,20051125
329,2005-11-26,4.0,2005,12.0,0.0,88.5,4.9,26,0.5,11,-3.2,0.4,203,0.0,20051126
330,2005-11-27,6.2,2005,13.3,0.0,84.8,2.0,27,4.0,11,1.7,0.8,203,0.0,20051127
331,2005-11-28,5.1,2005,12.3,0.0,80.1,1.8,28,6.0,11,-0.3,1.7,203,0.0,20051128
332,2005-11-29,3.4,2005,7.9,0.0,63.8,6.0,29,0.0,11,-1.5,1.7,203,0.0,20051129
333,2005-11-30,2.2,2005,8.8,0.0,61.3,8.5,30,0.0,11,-2.2,0.8,203,0.0,20051130
334,2005-12-01,2.2,2005,8.1,0.0,83.9,3.5,1,0.0,12,-3.4,0.5,203,0.0,20051201
335,2005-12-02,1.7,2005,6.3,0.0,56.3,7.9,2,0.0,12,-2.4,1.9,203,0.0,20051202
336,2005-12-03,-0.3,2005,5.0,0.5,56.1,6.0,3,0.2,12,-6.3,1.1,203,0.0,20051203
337,2005-12-04,-3.7,2005,-0.8,4.7,65.4,8.0,4,4.0,12,-8.6,2.2,203,0.0,20051204
338,2005-12-05,-6.2,2005,-0.8,0.0,69.3,7.9,5,0.0,12,-11.3,1.0,203,0.0,20051205
339,2005-12-06,-5.0,2005,2.2,0.0,79.0,5.2,6,0.0,12,-12.1,0.5,203,0.0,20051206
340,2005-12-07,-3.6,2005,2.4,0.0,81.5,4.5,7,0.0,12,-10.3,0.9,203,0.0,20051207
341,2005-12-08,-3.6,2005,2.0,0.0,71.1,7.5,8,0.0,12,-9.8,1.1,203,0.0,20051208
342,2005-12-09,-3.7,2005,3.2,0.0,74.5,5.8,9,0.0,12,-10.6,0.6,203,0.0,20051209
343,2005-12-10,-1.7,2005,4.1,0.0,57.0,5.4,10,0.0,12,-6.3,1.4,203,0.0,20051210
344,2005-12-11,-5.5,2005,-0.8,0.0,51.0,7.6,11,0.0,12,-8.6,1.6,203,0.0,20051211
345,2005-12-12,-7.2,2005,-3.2,0.0,57.1,8.2,12,0.0,12,-10.6,1.9,203,0.0,20051212
346,2005-12-13,-7.8,2005,-2.9,0.0,58.8,8.2,13,0.0,12,-12.6,1.5,203,0.0,20051213
347,2005-12-14,-6.4,2005,0.2,0.0,68.0,8.0,14,0.0,12,-13.0,1.3,203,0.0,20051214
348,2005-12-15,-5.2,2005,1.2,0.0,73.0,7.7,15,0.0,12,-13.1,1.2,203,0.0,20051215
349,2005-12-16,-4.6,2005,1.7,0.0,69.5,5.3,16,0.0,12,-11.8,0.9,203,0.0,20051216
350,2005-12-17,-8.8,2005,-4.5,0.0,43.9,6.8,17,0.0,12,-13.3,2.8,203,0.0,20051217
351,2005-12-18,-12.9,2005,-7.4,1.0,84.6,0.5,18,0.6,12,-17.5,0.7,203,0.0,20051218
352,2005-12-19,-9.0,2005,-0.8,0.3,86.3,6.1,19,0.1,12,-16.2,0.3,203,0.0,20051219
353,2005-12-20,-5.8,2005,1.3,0.0,72.6,5.9,20,0.0,12,-14.1,0.4,203,0.0,20051220
354,2005-12-21,-6.0,2005,-1.3,2.5,70.1,5.7,21,1.6,12,-10.0,1.9,203,0.0,20051221
355,2005-12-22,-6.3,2005,-1.2,1.2,69.6,7.0,22,0.7,12,-12.1,1.4,203,0.0,20051222
356,2005-12-23,-2.7,2005,2.4,0.3,73.9,2.8,23,0.1,12,-5.8,1.3,203,0.0,20051223
357,2005-12-24,-4.5,2005,0.6,0.0,55.1,8.1,24,0.0,12,-9.8,1.4,203,0.0,20051224
358,2005-12-25,-2.7,2005,4.8,0.3,61.0,3.9,25,0.1,12,-6.3,1.5,203,0.0,20051225
359,2005-12-26,-6.4,2005,-2.0,0.0,51.4,8.3,26,0.0,12,-9.6,1.8,203,0.0,20051226
360,2005-12-27,-7.6,2005,0.1,0.0,62.5,8.2,27,0.0,12,-14.8,1.1,203,0.0,20051227
361,2005-12-28,-7.4,2005,0.6,0.0,72.4,7.5,28,0.0,12,-15.3,0.6,203,0.0,20051228
362,2005-12-29,-6.9,2005,1.1,0.0,76.9,5.4,29,0.0,12,-13.1,0.2,203,0.0,20051229
363,2005-12-30,-4.2,2005,1.2,0.4,89.4,0.9,30,0.2,12,-9.5,0.3,203,0.0,20051230
364,2005-12-31,-1.7,2005,6.4,0.0,78.6,3.9,31,0.0,12,-9.8,0.5,203,0.0,20051231
