,tmin,cloud,sunshine,tavg,wind,day,rainfall,date,humid,tmax,year,snow,Date,station_id,month
0,-8.5,5.3,1.1,-4.2,1.6,1,0.5,20210101,79.8,-1.0,2021,0.0,2021-01-01,137,1
1,-5.5,1.6,7.5,-3.1,2.1,2,0.0,20210102,56.5,0.5,2021,0.0,2021-01-02,137,1
2,-7.0,4.8,7.0,-3.2,2.6,3,0.0,20210103,47.8,1.0,2021,0.0,2021-01-03,137,1
3,-7.4,3.4,8.0,-2.0,1.5,4,0.0,20210104,59.8,4.0,2021,0.0,2021-01-04,137,1
4,-7.6,3.1,6.1,-2.7,2.4,5,0.0,20210105,51.8,1.3,2021,0.0,2021-01-05,137,1
5,-10.1,1.1,8.0,-5.6,2.0,6,0.3,20210106,57.0,-0.3,2021,0.0,2021-01-06,137,1
6,-15.4,1.9,7.9,-11.8,4.3,7,2.0,20210107,42.3,-4.0,2021,0.0,2021-01-07,137,1
7,-16.3,0.9,8.1,-12.8,2.8,8,0.0,20210108,45.0,-7.8,2021,0.0,2021-01-08,137,1
8,-14.7,1.3,8.1,-10.6,2.7,9,0.0,20210109,51.0,-5.7,2021,0.0,2021-01-09,137,1
9,-10.9,1.0,7.8,-6.9,2.3,10,0.0,20210110,48.9,-0.4,2021,0.0,2021-01-10,137,1
10,-11.1,7.9,0.2,-6.8,0.9,11,0.0,20210111,65.5,-3.0,2021,0.0,2021-01-11,137,1
11,-9.0,4.0,6.4,-2.3,1.2,12,0.0,20210112,64.1,2.9,2021,0.0,2021-01-12,137,1
12,-6.1,1.1,7.9,2.6,1.3,13,0.0,20210113,71.9,10.6,2021,0.0,2021-01-13,137,1
13,-2.6,0.0,8.2,3.2,1.3,14,0.0,20210114,46.6,9.8,2021,0.0,2021-01-14,137,1
14,-4.4,6.9,3.5,3.7,1.4,15,0.0,20210115,59.8,12.7,2021,0.0,2021-01-15,137,1
15,-5.2,2.8,6.0,-1.2,3.3,16,0.0,20210116,52.9,3.9,2021,0.0,2021-01-16,137,1
16,-8.0,3.5,8.3,-3.7,1.9,17,0.1,20210117,50.4,0.2,2021,0.0,2021-01-17,137,1
17,-6.2,5.1,1.9,-2.6,2.5,18,1.7,20210118,67.6,2.8,2021,0.0,2021-01-18,137,1
18,-10.2,0.6,8.4,-5.1,1.4,19,0.0,20210119,50.1,1.6,2021,0.0,2021-01-19,137,1
19,-11.9,0.8,8.3,-4.1,0.6,20,0.0,20210120,57.6,5.2,2021,0.0,2021-01-20,137,1
20,-5.5,9.5,4.0,2.0,0.5,21,3.4,20210121,67.0,8.0,2021,0.0,2021-01-21,137,1
21,2.4,6.8,1.5,5.3,0.3,22,2.7,20210122,96.3,9.3,2021,0.0,2021-01-22,137,1
22,4.8,8.1,0.0,7.5,1.5,23,0.0,20210123,81.1,10.5,2021,0.0,2021-01-23,137,1
23,-0.7,4.3,6.9,5.6,1.0,24,0.0,20210124,75.3,12.1,2021,0.0,2021-01-24,137,1
24,-1.2,7.1,7.3,4.8,1.1,25,0.0,20210125,76.5,11.5,2021,0.0,2021-01-25,137,1
25,1.5,8.8,0.7,4.2,1.4,26,3.9,20210126,88.9,7.1,2021,0.0,2021-01-26,137,1
26,-1.0,6.5,7.9,3.5,2.0,27,0.0,20210127,52.6,9.4,2021,0.0,2021-01-27,137,1
27,-7.0,5.8,3.6,-1.9,3.5,28,1.9,20210128,60.6,8.3,2021,0.0,2021-01-28,137,1
28,-9.7,0.8,8.7,-6.3,4.1,29,0.0,20210129,39.5,-2.0,2021,0.0,2021-01-29,137,1
29,-9.2,4.1,4.3,-1.2,1.7,30,0.0,20210130,47.8,7.8,2021,0.0,2021-01-30,137,1
30,-7.2,3.3,8.5,0.3,0.9,31,0.0,20210131,55.9,8.6,2021,0.0,2021-01-31,137,1
31,-1.0,7.1,2.9,4.7,1.8,1,7.9,20210201,79.4,12.5,2021,0.0,2021-02-01,137,2
32,-5.1,1.0,8.8,-2.9,4.1,2,0.0,20210202,39.1,3.8,2021,0.0,2021-02-02,137,2
33,-8.2,2.1,8.8,-2.6,2.3,3,0.0,20210203,45.8,3.1,2021,0.0,2021-02-03,137,2
34,-3.0,0.8,8.9,-0.2,3.2,4,0.2,20210204,40.6,3.0,2021,0.0,2021-02-04,137,2
35,-6.9,5.9,5.9,0.8,1.4,5,0.0,20210205,44.8,8.2,2021,0.0,2021-02-05,137,2
36,-3.0,3.6,5.0,4.0,1.4,6,0.0,20210206,65.4,11.9,2021,0.0,2021-02-06,137,2
37,0.9,1.0,8.6,6.9,2.8,7,0.0,20210207,53.3,12.0,2021,0.0,2021-02-07,137,2
38,-4.0,0.0,9.0,-1.5,3.3,8,0.0,20210208,40.1,3.2,2021,0.0,2021-02-08,137,2
39,-5.5,0.0,9.0,0.2,2.6,9,0.0,20210209,38.8,7.0,2021,0.0,2021-02-09,137,2
40,-5.3,0.8,8.7,2.7,1.9,10,0.0,20210210,60.0,8.9,2021,0.0,2021-02-10,137,2
41,-2.5,6.0,7.3,3.7,0.9,11,0.0,20210211,67.3,10.6,2021,0.0,2021-02-11,137,2
42,-2.1,5.0,8.0,5.7,0.9,12,0.0,20210212,56.1,16.1,2021,0.0,2021-02-12,137,2
43,-2.8,0.5,9.0,6.4,0.7,13,0.0,20210213,49.0,17.6,2021,0.0,2021-02-13,137,2
44,0.6,8.6,2.3,6.8,0.5,14,0.5,20210214,62.3,13.5,2021,0.0,2021-02-14,137,2
45,-3.0,5.9,4.6,3.1,4.1,15,0.4,20210215,65.8,8.3,2021,0.0,2021-02-15,137,2
46,-5.9,2.8,6.8,-2.8,3.3,16,0.4,20210216,54.1,2.9,2021,0.0,2021-02-16,137,2
47,-8.5,4.0,8.1,-7.1,6.0,17,0.0,20210217,49.8,-4.8,2021,0.0,2021-02-17,137,2
48,-9.7,2.1,9.0,-5.3,3.4,18,0.0,20210218,49.1,-0.6,2021,0.0,2021-02-18,137,2
49,-4.9,0.4,9.2,3.1,2.9,19,0.0,20210219,54.4,10.5,2021,0.0,2021-02-19,137,2
50,4.6,1.3,9.0,10.7,2.4,20,0.0,20210220,53.8,16.7,2021,0.0,2021-02-20,137,2
51,0.3,0.3,9.4,13.1,2.2,21,0.0,20210221,45.3,24.0,2021,0.0,2021-02-21,137,2
52,3.0,0.9,9.4,11.7,2.8,22,0.0,20210222,41.1,20.2,2021,0.0,2021-02-22,137,2
53,-1.5,2.6,9.6,2.7,2.9,23,0.0,20210223,31.3,8.9,2021,0.0,2021-02-23,137,2
54,-1.4,6.8,8.4,3.4,1.1,24,0.0,20210224,37.0,10.6,2021,0.0,2021-02-24,137,2
55,-2.5,9.8,0.0,3.3,0.5,25,0.1,20210225,70.3,7.7,2021,0.0,2021-02-25,137,2
56,-0.7,7.8,9.0,6.9,1.6,26,0.0,20210226,62.1,13.9,2021,0.0,2021-02-26,137,2
57,2.7,6.5,3.6,6.3,2.1,27,0.0,20210227,57.9,10.3,2021,0.0,2021-02-27,137,2
58,-1.3,6.8,3.9,5.4,0.9,28,0.2,20210228,72.0,10.0,2021,0.0,2021-02-28,137,2
59,1.9,9.4,0.0,6.4,1.4,1,44.1,20210301,97.0,9.6,2021,0.0,2021-03-01,137,3
60,-2.3,6.4,1.6,1.9,1.0,2,2.8,20210302,85.3,5.6,2021,0.0,2021-03-02,137,3
61,-3.8,8.5,5.6,1.9,0.8,3,0.0,20210303,79.8,7.8,2021,0.0,2021-03-03,137,3
62,-1.7,8.8,0.2,3.6,0.7,4,2.2,20210304,87.0,9.3,2021,0.0,2021-03-04,137,3
63,2.2,6.1,6.2,8.9,1.0,5,0.0,20210305,78.1,17.2,2021,0.0,2021-03-05,137,3
64,2.9,4.6,1.9,5.9,2.0,6,0.0,20210306,71.0,10.1,2021,0.0,2021-03-06,137,3
65,2.2,7.8,3.8,4.7,1.0,7,0.0,20210307,73.4,9.1,2021,0.0,2021-03-07,137,3
66,-1.2,1.3,8.6,5.9,1.1,8,0.0,20210308,70.9,14.2,2021,0.0,2021-03-08,137,3
67,1.0,6.6,6.8,7.7,1.7,9,0.0,20210309,59.1,15.2,2021,0.0,2021-03-09,137,3
68,2.4,0.0,9.8,8.6,1.7,10,0.0,20210310,53.6,16.7,2021,0.0,2021-03-10,137,3
69,-0.5,5.8,8.2,8.8,0.9,11,0.0,20210311,59.9,18.5,2021,0.0,2021-03-11,137,3
70,5.9,7.5,0.0,7.2,0.9,12,20.5,20210312,93.4,9.3,2021,0.0,2021-03-12,137,3
71,2.2,5.9,7.7,8.6,1.5,13,0.0,20210313,72.5,16.2,2021,0.0,2021-03-13,137,3
72,6.0,4.9,8.0,9.7,1.7,14,0.0,20210314,65.0,16.0,2021,0.0,2021-03-14,137,3
73,2.0,6.1,8.3,11.0,1.2,15,0.0,20210315,64.8,18.9,2021,0.0,2021-03-15,137,3
74,6.3,2.4,9.5,12.0,3.2,16,0.3,20210316,51.8,17.6,2021,0.0,2021-03-16,137,3
75,1.4,0.0,10.3,9.5,1.5,17,0.0,20210317,49.1,17.7,2021,0.0,2021-03-17,137,3
76,3.0,5.6,9.4,10.2,1.5,18,0.0,20210318,69.3,17.0,2021,0.0,2021-03-18,137,3
77,7.4,6.0,7.5,11.3,1.9,19,0.0,20210319,62.4,17.0,2021,0.0,2021-03-19,137,3
78,6.5,8.3,0.0,8.2,1.2,20,2.1,20210320,87.5,10.1,2021,0.0,2021-03-20,137,3
79,3.5,7.0,5.0,6.6,4.0,21,0.0,20210321,62.4,10.3,2021,0.0,2021-03-21,137,3
80,1.4,1.6,10.4,6.6,0.0,22,0.0,20210322,45.3,11.8,2021,0.0,2021-03-22,137,3
81,1.3,0.0,11.0,10.2,2.5,23,0.0,20210323,46.6,18.4,2021,0.0,2021-03-23,137,3
82,1.7,5.3,9.3,11.0,1.4,24,0.0,20210324,44.0,19.6,2021,0.0,2021-03-24,137,3
83,4.0,0.4,11.0,14.0,1.6,25,0.0,20210325,47.5,21.7,2021,0.0,2021-03-25,137,3
84,4.6,4.1,10.8,14.6,1.2,26,0.0,20210326,45.3,23.8,2021,0.0,2021-03-26,137,3
85,6.5,9.9,0.1,10.4,1.2,27,23.3,20210327,81.9,15.1,2021,0.0,2021-03-27,137,3
86,8.8,7.3,0.8,11.0,2.1,28,3.1,20210328,85.4,14.6,2021,0.0,2021-03-28,137,3
87,8.8,5.1,9.1,13.0,2.9,29,0.0,20210329,50.3,17.8,2021,0.0,2021-03-29,137,3
88,6.7,1.8,11.2,13.5,1.7,30,0.0,20210330,33.4,21.6,2021,0.0,2021-03-30,137,3
89,2.2,4.1,10.9,13.1,1.2,31,0.0,20210331,47.6,22.9,2021,0.0,2021-03-31,137,3
90,6.0,6.3,9.1,13.1,2.2,1,0.0,20210401,52.4,19.8,2021,0.0,2021-04-01,137,4
91,10.3,8.5,5.9,15.7,1.7,2,0.0,20210402,57.4,21.8,2021,0.0,2021-04-02,137,4
92,12.0,8.6,0.0,13.4,1.1,3,27.5,20210403,88.3,14.8,2021,0.0,2021-04-03,137,4
93,5.8,8.7,0.0,9.5,1.4,4,19.2,20210404,91.5,13.3,2021,0.0,2021-04-04,137,4
94,1.7,1.7,9.7,9.0,1.0,5,0.0,20210405,67.3,17.4,2021,0.0,2021-04-05,137,4
95,2.2,0.0,8.9,12.4,1.7,6,0.0,20210406,51.5,21.7,2021,0.0,2021-04-06,137,4
96,9.0,1.5,11.0,15.9,2.1,7,0.0,20210407,34.4,23.5,2021,0.0,2021-04-07,137,4
97,9.1,1.4,11.0,14.4,2.2,8,0.0,20210408,32.0,20.1,2021,0.0,2021-04-08,137,4
98,3.1,4.1,8.2,9.8,1.9,9,0.0,20210409,56.4,15.8,2021,0.0,2021-04-09,137,4
99,1.6,0.9,10.8,10.0,0.9,10,0.0,20210410,59.5,18.9,2021,0.0,2021-04-10,137,4
100,2.9,2.1,10.9,12.7,0.9,11,0.0,20210411,58.1,22.2,2021,0.0,2021-04-11,137,4
101,9.3,9.8,0.0,10.8,1.0,12,22.3,20210412,79.1,12.8,2021,0.0,2021-04-12,137,4
102,6.0,6.5,5.9,12.0,2.4,13,0.8,20210413,71.6,18.2,2021,0.0,2021-04-13,137,4
103,3.5,2.3,11.1,10.1,2.8,14,0.0,20210414,44.5,17.2,2021,0.0,2021-04-14,137,4
104,2.0,5.1,10.6,10.3,1.1,15,0.0,20210415,47.0,18.3,2021,0.0,2021-04-15,137,4
105,4.9,7.3,1.7,11.4,1.3,16,0.0,20210416,66.8,18.0,2021,0.0,2021-04-16,137,4
106,5.5,3.3,8.9,10.7,2.2,17,0.0,20210417,54.4,17.6,2021,0.0,2021-04-17,137,4
107,6.2,3.3,8.6,11.2,2.5,18,0.0,20210418,50.5,17.6,2021,0.0,2021-04-18,137,4
108,6.0,0.1,11.8,14.6,2.6,19,0.0,20210419,43.1,22.1,2021,0.0,2021-04-19,137,4
109,8.5,2.9,11.2,18.5,1.5,20,0.0,20210420,38.5,26.7,2021,0.0,2021-04-20,137,4
110,9.3,4.9,11.0,19.3,0.9,21,0.0,20210421,48.9,29.0,2021,0.0,2021-04-21,137,4
111,14.1,8.4,8.0,20.8,1.4,22,0.0,20210422,42.6,28.5,2021,0.0,2021-04-22,137,4
112,14.1,9.6,0.8,16.6,1.5,23,0.0,20210423,40.9,20.4,2021,0.0,2021-04-23,137,4
113,10.3,8.0,6.4,16.5,0.9,24,0.0,20210424,52.8,22.8,2021,0.0,2021-04-24,137,4
114,8.3,1.8,11.2,15.3,1.3,25,0.0,20210425,54.3,23.1,2021,0.0,2021-04-25,137,4
115,4.5,3.4,11.8,13.0,1.0,26,0.0,20210426,54.8,21.2,2021,0.0,2021-04-26,137,4
116,7.6,8.4,4.2,15.0,0.8,27,0.0,20210427,59.3,21.6,2021,0.0,2021-04-27,137,4
117,12.8,7.5,5.9,16.9,1.6,28,0.0,20210428,51.4,22.0,2021,0.0,2021-04-28,137,4
118,10.9,7.3,7.9,15.6,1.4,29,0.6,20210429,53.1,22.2,2021,0.0,2021-04-29,137,4
119,11.1,7.6,4.8,14.2,2.6,30,0.1,20210430,57.9,19.1,2021,0.0,2021-04-30,137,4
120,8.6,8.3,2.7,10.3,1.9,1,2.0,20210501,76.4,14.9,2021,0.0,2021-05-01,137,5
121,7.3,4.9,9.0,12.9,1.8,2,2.4,20210502,64.3,19.7,2021,0.0,2021-05-02,137,5
122,5.9,2.5,11.6,15.9,1.6,3,0.0,20210503,50.4,23.8,2021,0.0,2021-05-03,137,5
123,10.1,9.4,0.0,15.2,1.0,4,7.4,20210504,81.3,20.9,2021,0.0,2021-05-04,137,5
124,11.3,2.0,12.2,16.1,2.6,5,2.2,20210505,50.5,21.6,2021,0.0,2021-05-05,137,5
125,4.6,5.6,9.4,14.7,0.9,6,0.0,20210506,54.4,23.7,2021,0.0,2021-05-06,137,5
126,7.9,4.0,8.4,14.4,1.7,7,0.8,20210507,63.6,21.3,2021,0.0,2021-05-07,137,5
127,6.1,1.1,10.8,16.3,2.2,8,0.0,20210508,54.1,25.2,2021,0.0,2021-05-08,137,5
128,10.9,0.0,12.4,16.9,2.7,9,0.0,20210509,44.0,23.3,2021,0.0,2021-05-09,137,5
129,9.0,8.0,0.0,10.6,0.7,10,15.1,20210510,88.1,13.1,2021,0.0,2021-05-10,137,5
130,10.5,9.4,0.3,13.5,0.7,11,6.2,20210511,82.5,18.5,2021,0.0,2021-05-11,137,5
131,8.0,2.0,12.0,16.7,1.0,12,0.0,20210512,61.0,24.5,2021,0.0,2021-05-12,137,5
132,9.7,2.1,12.3,19.8,0.7,13,0.0,20210513,67.8,29.2,2021,0.0,2021-05-13,137,5
133,13.8,6.6,11.3,22.3,0.9,14,0.0,20210514,69.1,29.8,2021,0.0,2021-05-14,137,5
134,16.6,8.8,0.0,19.4,0.7,15,3.9,20210515,90.5,21.4,2021,0.0,2021-05-15,137,5
135,18.7,9.8,0.0,20.6,0.5,16,53.0,20210516,99.8,22.9,2021,0.0,2021-05-16,137,5
136,14.6,9.4,0.0,15.9,1.0,17,8.6,20210517,98.0,18.7,2021,0.0,2021-05-17,137,5
137,14.0,6.4,6.2,18.4,1.0,18,0.0,20210518,79.8,24.1,2021,0.0,2021-05-18,137,5
138,14.5,5.1,11.5,21.2,1.3,19,0.0,20210519,62.8,28.9,2021,0.0,2021-05-19,137,5
139,14.5,9.6,0.0,15.4,0.9,20,25.2,20210520,93.6,17.7,2021,0.0,2021-05-20,137,5
140,13.8,8.0,0.0,15.0,1.6,21,0.8,20210521,91.8,16.7,2021,0.0,2021-05-21,137,5
141,13.3,0.1,12.3,19.7,1.9,22,0.0,20210522,68.4,26.7,2021,0.0,2021-05-22,137,5
142,15.5,6.4,8.9,21.7,1.4,23,0.0,20210523,61.9,27.8,2021,0.0,2021-05-23,137,5
143,16.6,5.9,6.7,20.9,1.8,24,0.0,20210524,51.8,26.2,2021,0.0,2021-05-24,137,5
144,11.0,3.1,8.2,15.8,2.1,25,0.6,20210525,57.1,22.3,2021,0.0,2021-05-25,137,5
145,9.7,9.4,1.5,14.7,0.6,26,0.0,20210526,77.4,19.8,2021,0.0,2021-05-26,137,5
146,12.8,5.6,5.1,16.3,1.2,27,1.3,20210527,80.4,22.1,2021,0.0,2021-05-27,137,5
147,9.0,6.4,4.1,13.3,1.1,28,25.5,20210528,90.0,21.6,2021,0.0,2021-05-28,137,5
148,13.6,4.5,8.4,17.9,1.8,29,0.0,20210529,68.5,25.1,2021,0.0,2021-05-29,137,5
149,10.0,3.1,11.3,18.7,0.8,30,5.0,20210530,72.8,27.0,2021,0.0,2021-05-30,137,5
150,14.3,6.4,4.4,18.4,0.9,31,6.5,20210531,85.8,24.4,2021,0.0,2021-05-31,137,5
151,14.6,7.0,9.7,20.7,0.8,1,0.0,20210601,75.9,27.8,2021,0.0,2021-06-01,137,6
152,16.7,3.6,11.5,22.8,0.8,2,0.0,20210602,68.6,30.0,2021,0.0,2021-06-02,137,6
153,14.5,9.3,0.3,17.4,0.6,3,26.6,20210603,96.3,18.7,2021,0.0,2021-06-03,137,6
154,14.1,4.9,9.2,19.0,1.8,4,1.0,20210604,66.4,25.3,2021,0.0,2021-06-04,137,6
155,12.1,1.9,11.8,21.6,1.2,5,0.0,20210605,65.5,28.8,2021,0.0,2021-06-05,137,6
156,17.2,2.6,10.0,22.9,1.1,6,0.0,20210606,72.6,28.8,2021,0.0,2021-06-06,137,6
157,15.3,4.6,7.9,22.2,0.6,7,0.0,20210607,73.3,28.7,2021,0.0,2021-06-07,137,6
158,17.3,4.8,11.0,24.3,0.7,8,0.0,20210608,67.3,31.5,2021,0.0,2021-06-08,137,6
159,18.6,4.3,11.5,24.5,0.9,9,0.0,20210609,68.8,31.7,2021,0.0,2021-06-09,137,6
160,18.2,8.6,5.9,23.1,1.0,10,1.8,20210610,74.4,29.7,2021,0.0,2021-06-10,137,6
161,18.7,8.0,4.3,22.1,0.7,11,18.1,20210611,90.5,27.6,2021,0.0,2021-06-11,137,6
162,19.5,6.5,7.2,24.4,0.6,12,0.0,20210612,81.9,29.7,2021,0.0,2021-06-12,137,6
163,20.0,4.0,11.6,25.4,0.7,13,0.0,20210613,74.3,31.7,2021,0.0,2021-06-13,137,6
164,21.0,7.8,3.4,23.9,0.8,14,0.0,20210614,80.9,28.3,2021,0.0,2021-06-14,137,6
165,18.8,8.1,0.0,21.1,0.9,15,1.4,20210615,88.1,23.0,2021,0.0,2021-06-15,137,6
166,18.8,6.8,4.0,21.3,1.2,16,0.0,20210616,79.8,25.9,2021,0.0,2021-06-16,137,6
167,18.2,9.6,0.0,20.1,0.5,17,0.0,20210617,82.3,22.2,2021,0.0,2021-06-17,137,6
168,18.2,8.0,0.4,21.3,0.9,18,0.6,20210618,88.1,25.1,2021,0.0,2021-06-18,137,6
169,17.8,3.6,11.6,23.3,1.2,19,0.0,20210619,68.0,29.7,2021,0.0,2021-06-19,137,6
170,16.3,5.1,10.9,24.3,1.3,20,0.0,20210620,60.9,32.0,2021,0.0,2021-06-20,137,6
171,19.8,2.5,8.9,24.2,1.6,21,0.0,20210621,64.8,30.4,2021,0.0,2021-06-21,137,6
172,16.0,8.0,5.0,20.2,0.8,22,5.9,20210622,85.4,25.5,2021,0.0,2021-06-22,137,6
173,17.2,8.5,0.0,19.0,0.8,23,0.0,20210623,90.1,21.6,2021,0.0,2021-06-23,137,6
174,18.1,7.4,8.3,22.2,0.8,24,0.0,20210624,77.6,28.2,2021,0.0,2021-06-24,137,6
175,17.8,5.3,11.1,23.9,0.8,25,0.0,20210625,76.3,29.8,2021,0.0,2021-06-25,137,6
176,19.7,8.3,5.1,22.9,0.9,26,1.6,20210626,82.4,27.7,2021,0.0,2021-06-26,137,6
177,19.3,5.5,8.1,23.7,0.8,27,0.0,20210627,74.8,28.4,2021,0.0,2021-06-27,137,6
178,18.8,6.8,8.1,23.8,0.8,28,0.0,20210628,75.1,29.3,2021,0.0,2021-06-28,137,6
179,18.2,6.3,9.3,24.1,0.9,29,0.0,20210629,75.8,30.2,2021,0.0,2021-06-29,137,6
180,21.3,7.1,4.7,23.9,0.7,30,0.0,20210630,81.4,28.2,2021,0.0,2021-06-30,137,6
181,19.6,4.9,10.2,25.6,0.8,1,0.0,20210701,69.3,31.5,2021,0.0,2021-07-01,137,7
182,19.0,5.6,6.3,24.5,0.9,2,0.0,20210702,72.8,30.2,2021,0.0,2021-07-02,137,7
183,20.2,8.4,0.3,21.5,1.2,3,33.7,20210703,90.6,25.0,2021,0.0,2021-07-03,137,7
184,20.2,7.8,4.1,24.3,1.5,4,6.1,20210704,83.0,29.5,2021,0.0,2021-07-04,137,7
185,20.5,9.9,0.0,22.8,1.0,5,5.5,20210705,84.6,25.8,2021,0.0,2021-07-05,137,7
186,20.5,9.4,0.6,23.3,0.7,6,13.6,20210706,94.5,28.3,2021,0.0,2021-07-06,137,7
187,21.8,9.9,0.4,24.3,0.5,7,4.7,20210707,95.5,27.3,2021,0.0,2021-07-07,137,7
188,20.8,9.0,5.7,25.1,0.8,8,47.1,20210708,88.9,29.8,2021,0.0,2021-07-08,137,7
189,21.5,5.9,5.7,25.1,0.8,9,1.3,20210709,86.8,29.9,2021,0.0,2021-07-09,137,7
190,21.7,6.9,7.3,25.2,0.9,10,22.2,20210710,85.9,32.0,2021,0.0,2021-07-10,137,7
191,21.0,7.4,5.5,24.6,0.9,11,17.6,20210711,89.8,31.2,2021,0.0,2021-07-11,137,7
192,21.1,4.6,7.8,26.3,0.5,12,0.0,20210712,88.1,32.9,2021,0.0,2021-07-12,137,7
193,22.7,5.9,9.4,27.5,0.5,13,0.0,20210713,85.0,33.4,2021,0.0,2021-07-13,137,7
194,24.0,5.0,9.5,28.8,0.6,14,0.0,20210714,81.1,34.1,2021,0.0,2021-07-14,137,7
195,22.2,6.5,3.6,25.8,0.6,15,2.7,20210715,90.5,33.2,2021,0.0,2021-07-15,137,7
196,22.3,5.0,8.2,26.8,0.7,16,0.0,20210716,81.0,32.7,2021,0.0,2021-07-16,137,7
197,22.6,7.1,4.9,26.0,0.9,17,0.5,20210717,81.9,29.8,2021,0.0,2021-07-17,137,7
198,21.7,7.5,8.2,25.7,0.8,18,2.8,20210718,84.3,32.4,2021,0.0,2021-07-18,137,7
199,22.6,9.3,3.7,26.0,0.4,19,0.0,20210719,87.8,30.5,2021,0.0,2021-07-19,137,7
200,23.7,8.8,5.9,27.1,0.5,20,0.0,20210720,84.9,31.8,2021,0.0,2021-07-20,137,7
201,22.2,6.6,11.1,27.6,0.9,21,0.0,20210721,74.8,33.2,2021,0.0,2021-07-21,137,7
202,21.2,6.6,8.9,26.9,0.7,22,0.0,20210722,79.5,32.6,2021,0.0,2021-07-22,137,7
203,22.1,6.6,10.7,27.2,0.8,23,0.0,20210723,79.9,32.9,2021,0.0,2021-07-23,137,7
204,23.2,6.6,9.6,27.4,0.7,24,0.0,20210724,80.4,33.0,2021,0.0,2021-07-24,137,7
205,22.0,7.0,8.1,27.0,0.7,25,0.0,20210725,81.1,31.5,2021,0.0,2021-07-25,137,7
206,22.6,3.4,10.9,27.5,0.9,26,0.0,20210726,77.3,33.2,2021,0.0,2021-07-26,137,7
207,21.3,3.4,12.1,27.1,0.7,27,51.2,20210727,81.8,34.0,2021,0.0,2021-07-27,137,7
208,22.7,3.3,10.7,27.8,0.6,28,0.0,20210728,79.1,33.5,2021,0.0,2021-07-28,137,7
209,22.8,5.5,10.4,28.0,0.6,29,0.0,20210729,80.6,33.7,2021,0.0,2021-07-29,137,7
210,24.2,5.4,9.8,28.7,0.6,30,0.0,20210730,80.9,34.5,2021,0.0,2021-07-30,137,7
211,24.0,6.1,10.3,29.2,0.8,31,7.1,20210731,78.6,34.7,2021,0.0,2021-07-31,137,7
212,23.7,8.3,6.3,27.6,1.0,1,47.8,20210801,84.9,34.2,2021,0.0,2021-08-01,137,8
213,23.6,8.9,2.1,25.3,0.7,2,38.1,20210802,95.0,30.5,2021,0.0,2021-08-02,137,8
214,23.2,7.8,5.4,26.6,0.5,3,0.3,20210803,91.6,31.5,2021,0.0,2021-08-03,137,8
215,23.8,4.7,8.4,28.2,0.6,4,0.0,20210804,83.5,33.7,2021,0.0,2021-08-04,137,8
216,24.2,4.3,11.2,29.1,0.8,5,0.0,20210805,79.3,34.4,2021,0.0,2021-08-05,137,8
217,24.3,4.3,11.3,28.6,0.9,6,0.0,20210806,80.3,34.5,2021,0.0,2021-08-06,137,8
218,22.8,5.1,9.6,27.9,0.8,7,0.0,20210807,78.0,34.5,2021,0.0,2021-08-07,137,8
219,22.7,9.5,0.2,24.1,0.6,8,15.0,20210808,94.9,28.5,2021,0.0,2021-08-08,137,8
220,22.1,5.7,7.4,26.2,0.8,9,0.0,20210809,80.3,32.3,2021,0.0,2021-08-09,137,8
221,20.0,7.6,1.6,23.6,0.9,10,43.8,20210810,87.1,26.2,2021,0.0,2021-08-10,137,8
222,20.5,2.8,10.6,25.3,0.7,11,0.0,20210811,84.0,31.3,2021,0.0,2021-08-11,137,8
223,20.7,7.8,6.9,25.5,0.7,12,12.3,20210812,85.8,30.8,2021,0.0,2021-08-12,137,8
224,21.7,9.0,2.6,24.5,0.7,13,0.3,20210813,87.3,28.6,2021,0.0,2021-08-13,137,8
225,21.0,9.1,2.8,23.1,0.6,14,1.4,20210814,90.6,27.9,2021,0.0,2021-08-14,137,8
226,19.2,7.0,5.4,23.4,0.7,15,0.0,20210815,85.4,28.2,2021,0.0,2021-08-15,137,8
227,20.7,7.3,3.5,23.8,0.8,16,0.0,20210816,79.4,27.8,2021,0.0,2021-08-16,137,8
228,20.2,8.2,3.2,23.5,0.7,17,0.0,20210817,80.3,28.2,2021,0.0,2021-08-17,137,8
229,19.8,7.6,3.3,22.7,0.7,18,0.3,20210818,86.3,28.5,2021,0.0,2021-08-18,137,8
230,19.5,7.1,3.7,22.9,0.6,19,2.6,20210819,88.3,26.6,2021,0.0,2021-08-19,137,8
231,20.7,4.9,5.1,24.4,0.6,20,0.0,20210820,84.4,30.1,2021,0.0,2021-08-20,137,8
232,21.7,9.0,0.0,23.2,1.1,21,24.8,20210821,95.8,24.8,2021,0.0,2021-08-21,137,8
233,21.7,8.3,3.1,25.0,1.3,22,0.0,20210822,82.0,29.0,2021,0.0,2021-08-22,137,8
234,20.2,9.9,0.0,21.5,0.9,23,56.5,20210823,99.3,23.2,2021,0.0,2021-08-23,137,8
235,20.2,9.3,0.5,23.0,1.0,24,32.1,20210824,95.0,26.1,2021,0.0,2021-08-24,137,8
236,20.8,8.1,0.0,22.9,0.6,25,14.7,20210825,97.5,25.6,2021,0.0,2021-08-25,137,8
237,19.9,7.1,7.6,24.9,0.8,26,0.0,20210826,87.0,30.7,2021,0.0,2021-08-26,137,8
238,20.0,8.6,0.3,21.3,0.6,27,17.6,20210827,98.6,24.4,2021,0.0,2021-08-27,137,8
239,19.0,8.1,6.0,23.3,1.0,28,0.0,20210828,83.5,28.7,2021,0.0,2021-08-28,137,8
240,18.8,8.5,0.7,21.3,0.8,29,16.1,20210829,93.9,23.7,2021,0.0,2021-08-29,137,8
241,19.5,7.6,0.8,22.2,0.5,30,0.0,20210830,90.0,25.7,2021,0.0,2021-08-30,137,8
242,19.2,8.4,1.6,21.5,0.6,31,1.2,20210831,92.9,26.1,2021,0.0,2021-08-31,137,8
243,19.0,9.4,0.0,20.0,0.8,1,51.8,20210901,99.9,20.9,2021,0.0,2021-09-01,137,9
244,19.7,7.8,1.5,21.3,0.5,2,0.0,20210902,90.6,23.6,2021,0.0,2021-09-02,137,9
245,18.1,6.9,4.5,21.6,0.7,3,0.0,20210903,83.4,26.2,2021,0.0,2021-09-03,137,9
246,15.3,7.1,9.5,20.8,0.7,4,0.0,20210904,81.8,27.1,2021,0.0,2021-09-04,137,9
247,15.6,8.4,2.8,20.1,0.6,5,0.6,20210905,89.4,25.4,2021,0.0,2021-09-05,137,9
248,18.1,9.6,0.5,20.4,0.7,6,18.7,20210906,89.9,25.0,2021,0.0,2021-09-06,137,9
249,17.7,9.9,0.0,19.0,0.7,7,15.6,20210907,100.0,20.6,2021,0.0,2021-09-07,137,9
250,18.2,3.6,7.6,22.3,1.4,8,0.0,20210908,83.5,26.2,2021,0.0,2021-09-08,137,9
251,16.1,6.8,6.8,21.0,0.5,9,0.0,20210909,87.4,27.4,2021,0.0,2021-09-09,137,9
252,18.0,7.1,3.8,22.2,0.7,10,0.0,20210910,87.5,27.3,2021,0.0,2021-09-10,137,9
253,17.5,0.9,10.0,22.5,0.8,11,0.0,20210911,81.5,29.4,2021,0.0,2021-09-11,137,9
254,16.6,5.3,7.6,22.5,0.7,12,0.0,20210912,85.9,29.1,2021,0.0,2021-09-12,137,9
255,18.5,8.8,4.3,21.7,0.8,13,0.0,20210913,83.0,26.6,2021,0.0,2021-09-13,137,9
256,17.2,7.4,0.4,20.6,1.0,14,0.0,20210914,80.6,24.7,2021,0.0,2021-09-14,137,9
257,15.6,3.4,7.2,20.8,1.2,15,0.0,20210915,74.8,27.6,2021,0.0,2021-09-15,137,9
258,14.5,7.9,3.1,20.2,0.8,16,0.5,20210916,81.6,26.1,2021,0.0,2021-09-16,137,9
259,17.2,7.8,0.1,18.3,0.9,17,54.7,20210917,97.9,19.6,2021,0.0,2021-09-17,137,9
260,15.6,3.9,7.6,20.0,0.5,18,0.0,20210918,87.8,26.7,2021,0.0,2021-09-18,137,9
261,16.4,2.8,7.6,20.3,0.6,19,0.0,20210919,85.8,26.7,2021,0.0,2021-09-19,137,9
262,15.1,6.9,5.0,21.0,0.9,20,0.0,20210920,83.0,25.4,2021,0.0,2021-09-20,137,9
263,18.7,6.1,2.8,21.5,1.0,21,12.6,20210921,89.8,27.0,2021,0.0,2021-09-21,137,9
264,17.6,3.9,6.0,21.3,1.3,22,0.4,20210922,79.6,27.8,2021,0.0,2021-09-22,137,9
265,16.2,5.4,6.2,20.0,1.5,23,0.0,20210923,75.1,25.6,2021,0.0,2021-09-23,137,9
266,13.3,3.4,7.8,19.3,0.7,24,0.0,20210924,83.0,25.9,2021,0.0,2021-09-24,137,9
267,15.2,7.0,0.3,19.1,0.7,25,0.0,20210925,87.6,23.2,2021,0.0,2021-09-25,137,9
268,15.6,9.0,3.8,19.6,0.6,26,0.0,20210926,81.4,24.7,2021,0.0,2021-09-26,137,9
269,15.5,9.0,4.3,19.7,0.6,27,0.2,20210927,82.5,24.6,2021,0.0,2021-09-27,137,9
270,17.1,7.1,0.3,20.0,0.6,28,0.8,20210928,89.6,23.8,2021,0.0,2021-09-28,137,9
271,18.8,9.8,0.0,20.1,0.5,29,32.6,20210929,99.6,21.7,2021,0.0,2021-09-29,137,9
272,16.7,1.4,9.1,21.2,0.7,30,0.3,20210930,85.9,27.0,2021,0.0,2021-09-30,137,9
273,15.8,0.0,6.8,20.6,0.8,1,0.0,20211001,83.9,27.6,2021,0.0,2021-10-01,137,10
274,16.1,1.9,8.7,20.6,1.1,2,0.0,20211002,75.8,27.5,2021,0.0,2021-10-02,137,10
275,13.6,4.1,5.3,19.3,0.5,3,0.0,20211003,91.6,27.0,2021,0.0,2021-10-03,137,10
276,15.3,5.3,5.5,20.6,0.5,4,0.0,20211004,90.0,28.3,2021,0.0,2021-10-04,137,10
277,16.6,2.9,8.0,21.9,1.1,5,0.0,20211005,81.4,29.1,2021,0.0,2021-10-05,137,10
278,16.1,8.3,1.6,19.8,0.7,6,0.0,20211006,89.6,24.3,2021,0.0,2021-10-06,137,10
279,16.7,7.9,4.4,20.2,0.7,7,0.0,20211007,87.3,26.7,2021,0.0,2021-10-07,137,10
280,16.2,8.8,0.0,18.9,0.5,8,0.4,20211008,96.1,21.1,2021,0.0,2021-10-08,137,10
281,18.6,7.1,4.3,21.9,0.7,9,0.1,20211009,88.3,28.0,2021,0.0,2021-10-09,137,10
282,18.2,6.5,6.9,23.1,1.0,10,0.0,20211010,83.4,29.2,2021,0.0,2021-10-10,137,10
283,12.7,9.8,0.0,14.5,1.1,11,17.7,20211011,97.1,21.2,2021,0.0,2021-10-11,137,10
284,13.6,6.8,0.0,14.2,0.8,12,5.3,20211012,99.4,14.9,2021,0.0,2021-10-12,137,10
285,13.8,8.6,0.6,16.9,0.4,13,0.0,20211013,90.9,20.8,2021,0.0,2021-10-13,137,10
286,14.3,5.4,5.7,18.2,0.6,14,0.0,20211014,85.6,25.1,2021,0.0,2021-10-14,137,10
287,15.8,8.8,0.1,17.7,0.7,15,7.1,20211015,91.4,21.0,2021,0.0,2021-10-15,137,10
288,5.7,9.8,0.0,12.5,1.7,16,9.5,20211016,66.4,16.5,2021,0.0,2021-10-16,137,10
289,1.0,0.0,8.6,6.4,1.6,17,0.0,20211017,50.5,12.9,2021,0.0,2021-10-17,137,10
290,-0.4,2.3,8.6,7.8,0.7,18,0.0,20211018,70.4,16.7,2021,0.0,2021-10-18,137,10
291,6.4,4.8,4.6,10.1,1.3,19,1.3,20211019,80.6,16.8,2021,0.0,2021-10-19,137,10
292,3.0,1.3,8.7,8.7,0.7,20,0.0,20211020,75.8,16.0,2021,0.0,2021-10-20,137,10
293,1.8,4.6,7.6,9.0,0.7,21,0.0,20211021,78.9,17.2,2021,0.0,2021-10-21,137,10
294,5.7,1.1,8.5,10.4,1.3,22,0.0,20211022,71.3,17.2,2021,0.0,2021-10-22,137,10
295,2.4,2.5,8.4,9.0,0.5,23,0.0,20211023,76.1,18.4,2021,0.0,2021-10-23,137,10
296,2.2,4.5,8.4,9.0,0.6,24,0.0,20211024,75.0,18.6,2021,0.0,2021-10-24,137,10
297,2.7,3.1,8.2,9.6,0.6,25,0.0,20211025,77.3,18.7,2021,0.0,2021-10-25,137,10
298,2.7,6.8,8.4,11.0,0.9,26,0.0,20211026,76.1,19.3,2021,0.0,2021-10-26,137,10
299,9.0,2.0,7.9,13.8,1.8,27,0.0,20211027,62.5,19.7,2021,0.0,2021-10-27,137,10
300,7.3,0.9,8.4,12.1,1.0,28,0.0,20211028,62.3,19.6,2021,0.0,2021-10-28,137,10
301,4.5,4.0,7.9,10.8,0.6,29,0.0,20211029,77.1,18.8,2021,0.0,2021-10-29,137,10
302,5.3,6.9,2.6,10.1,0.3,30,0.0,20211030,84.4,16.1,2021,0.0,2021-10-30,137,10
303,4.0,4.5,6.5,10.7,0.5,31,0.0,20211031,83.0,20.2,2021,0.0,2021-10-31,137,10
304,7.1,2.9,7.0,13.0,1.2,1,0.0,20211101,75.0,19.1,2021,0.0,2021-11-01,137,11
305,6.5,2.9,7.5,12.2,1.2,2,0.0,20211102,67.6,18.3,2021,0.0,2021-11-02,137,11
306,7.4,0.9,8.4,12.3,1.3,3,0.0,20211103,65.5,18.7,2021,0.0,2021-11-03,137,11
307,5.5,2.3,7.5,11.8,0.7,4,0.0,20211104,72.3,18.8,2021,0.0,2021-11-04,137,11
308,4.1,5.0,7.9,10.7,0.6,5,0.0,20211105,82.9,18.7,2021,0.0,2021-11-05,137,11
309,4.0,3.6,7.9,10.9,0.6,6,0.0,20211106,81.5,19.6,2021,0.0,2021-11-06,137,11
310,5.0,5.9,6.9,12.1,0.9,7,0.0,20211107,75.1,20.6,2021,0.0,2021-11-07,137,11
311,6.9,8.1,0.7,9.4,2.0,8,18.5,20211108,81.9,13.1,2021,0.0,2021-11-08,137,11
312,5.1,6.3,2.7,7.4,1.8,9,1.0,20211109,75.4,10.8,2021,0.0,2021-11-09,137,11
313,3.2,5.5,0.3,5.5,1.7,10,2.2,20211110,83.0,7.1,2021,0.0,2021-11-10,137,11
314,4.4,3.8,4.5,6.5,2.5,11,1.0,20211111,68.6,10.4,2021,0.0,2021-11-11,137,11
315,3.4,0.0,5.3,5.8,2.5,12,0.2,20211112,65.0,10.3,2021,0.0,2021-11-12,137,11
316,-0.3,1.4,7.9,7.9,1.5,13,0.0,20211113,70.1,14.4,2021,0.0,2021-11-13,137,11
317,1.7,2.0,6.9,8.8,1.1,14,0.0,20211114,73.0,17.8,2021,0.0,2021-11-14,137,11
318,3.7,3.3,7.6,9.2,0.9,15,0.0,20211115,70.9,16.7,2021,0.0,2021-11-15,137,11
319,1.5,0.6,8.2,8.2,1.0,16,0.0,20211116,64.8,16.8,2021,0.0,2021-11-16,137,11
320,-0.2,2.9,8.2,7.2,1.1,17,0.0,20211117,63.3,14.3,2021,0.0,2021-11-17,137,11
321,3.5,5.3,5.4,10.3,1.5,18,0.0,20211118,70.1,16.8,2021,0.0,2021-11-18,137,11
322,5.7,5.8,6.5,11.7,1.4,19,0.0,20211119,78.0,17.7,2021,0.0,2021-11-19,137,11
323,4.0,4.1,4.3,8.3,0.6,20,0.0,20211120,89.5,16.3,2021,0.0,2021-11-20,137,11
324,4.0,9.6,0.5,8.0,0.5,21,0.0,20211121,87.4,12.6,2021,0.0,2021-11-21,137,11
325,1.9,7.8,2.1,5.1,3.2,22,0.1,20211122,67.6,12.8,2021,0.0,2021-11-22,137,11
326,-1.4,3.4,6.7,2.3,2.9,23,0.0,20211123,61.9,5.0,2021,0.0,2021-11-23,137,11
327,0.5,2.9,7.4,5.9,2.6,24,0.0,20211124,53.0,11.9,2021,0.0,2021-11-24,137,11
328,2.5,1.9,6.8,8.9,2.4,25,0.0,20211125,56.6,14.1,2021,0.0,2021-11-25,137,11
329,1.8,0.1,8.0,6.4,2.2,26,0.0,20211126,50.0,11.7,2021,0.0,2021-11-26,137,11
330,-1.7,0.0,8.2,3.7,0.9,27,0.0,20211127,58.5,10.7,2021,0.0,2021-11-27,137,11
331,-4.9,3.8,7.1,2.8,0.5,28,0.0,20211128,64.4,11.8,2021,0.0,2021-11-28,137,11
332,-2.8,5.6,7.3,4.3,0.7,29,0.0,20211129,69.9,13.6,2021,0.0,2021-11-29,137,11
333,0.2,8.4,0.0,3.7,1.9,30,16.8,20211130,86.1,9.6,2021,0.0,2021-11-30,137,11
334,-2.3,0.4,8.1,0.6,4.9,1,0.2,20211201,45.4,3.4,2021,0.0,2021-12-01,137,12
335,-3.3,1.1,7.0,1.4,2.0,2,0.0,20211202,57.0,6.9,2021,0.0,2021-12-02,137,12
336,0.3,2.8,7.6,3.9,2.8,3,0.4,20211203,58.8,8.4,2021,0.0,2021-12-03,137,12
337,-0.9,1.8,4.5,2.1,2.2,4,0.0,20211204,59.6,7.3,2021,0.0,2021-12-04,137,12
338,-4.5,0.3,8.0,1.0,0.6,5,0.0,20211205,77.4,9.2,2021,0.0,2021-12-05,137,12
339,-2.8,4.4,6.2,3.4,0.5,6,0.0,20211206,78.6,11.3,2021,0.0,2021-12-06,137,12
340,-1.3,1.6,7.9,5.5,0.7,7,0.0,20211207,72.0,13.8,2021,0.0,2021-12-07,137,12
341,-1.8,1.0,8.0,4.0,0.5,8,0.0,20211208,78.4,12.2,2021,0.0,2021-12-08,137,12
342,-2.5,7.0,2.8,3.4,0.5,9,0.0,20211209,85.0,9.3,2021,0.0,2021-12-09,137,12
343,0.0,8.3,0.0,0.0,1.0,10,0.0,20211210,88.0,0.0,2021,0.0,2021-12-10,137,12
344,6.0,7.8,6.5,8.8,2.1,11,0.0,20211211,72.5,12.1,2021,0.0,2021-12-11,137,12
345,-2.5,3.1,7.7,4.4,3.7,12,0.0,20211212,54.6,9.8,2021,0.0,2021-12-12,137,12
346,-5.3,0.0,8.0,-1.5,2.9,13,0.0,20211213,40.1,3.4,2021,0.0,2021-12-13,137,12
347,-4.1,5.6,5.1,3.1,1.5,14,0.0,20211214,61.9,8.5,2021,0.0,2021-12-14,137,12
348,3.2,4.3,4.5,7.5,1.3,15,0.0,20211215,73.6,12.8,2021,0.0,2021-12-15,137,12
349,2.5,9.6,1.9,6.4,1.3,16,0.0,20211216,71.9,12.1,2021,0.0,2021-12-16,137,12
350,-8.4,2.3,6.6,-1.8,5.2,17,0.0,20211217,40.1,7.0,2021,0.0,2021-12-17,137,12
351,-10.2,2.6,7.9,-4.1,2.2,18,0.0,20211218,50.1,1.1,2021,0.0,2021-12-18,137,12
352,-2.6,1.3,7.9,1.2,2.6,19,0.1,20211219,59.1,5.0,2021,0.0,2021-12-19,137,12
353,-3.5,5.8,2.3,4.6,1.0,20,0.0,20211220,67.9,11.1,2021,0.0,2021-12-20,137,12
354,4.1,3.1,5.4,8.2,1.7,21,0.0,20211221,63.8,13.9,2021,0.0,2021-12-21,137,12
355,-0.6,0.0,8.0,4.7,1.5,22,0.0,20211222,40.3,11.2,2021,0.0,2021-12-22,137,12
356,-4.9,2.1,7.9,1.8,0.6,23,0.0,20211223,59.9,10.2,2021,0.0,2021-12-23,137,12
357,-2.5,7.5,3.4,1.8,1.6,24,0.0,20211224,68.8,9.1,2021,0.0,2021-12-24,137,12
358,-10.7,0.0,8.0,-7.3,3.6,25,0.0,20211225,41.4,-1.4,2021,0.0,2021-12-25,137,12
359,-13.0,0.0,8.0,-9.2,2.8,26,0.0,20211226,41.0,-4.2,2021,0.0,2021-12-26,137,12
360,-10.7,2.1,7.2,-4.3,3.0,27,0.0,20211227,51.9,0.0,2021,0.0,2021-12-27,137,12
361,-4.0,5.6,1.3,0.8,1.6,28,0.0,20211228,69.8,4.8,2021,0.0,2021-12-28,137,12
362,-3.6,4.5,1.6,1.6,1.5,29,0.1,20211229,71.6,7.3,2021,0.0,2021-12-29,137,12
363,-3.5,2.9,6.3,-1.3,3.9,30,0.4,20211230,52.0,2.5,2021,0.0,2021-12-30,137,12
364,-6.8,0.0,8.0,-4.7,3.4,31,0.0,20211231,39.5,-0.6,2021,0.0,2021-12-31,137,12
