,cloud,station_id,month,humid,date,snow,Date,wind,rainfall,tmin,sunshine,year,tmax,tavg,day
0,1.9,137,1,41.6,20220101,0.0,2022-01-01,1.6,0.0,-8.2,8.0,2022,2.4,-3.3,1
1,2.4,137,1,57.3,20220102,0.0,2022-01-02,1.8,0.0,-8.2,5.3,2022,6.5,-1.3,2
2,1.3,137,1,55.3,20220103,0.0,2022-01-03,2.1,0.0,-5.5,8.0,2022,3.6,-1.1,3
3,1.5,137,1,42.0,20220104,0.0,2022-01-04,2.4,0.0,-3.1,8.1,2022,5.1,0.9,4
4,9.3,137,1,53.5,20220105,0.0,2022-01-05,0.6,0.0,-6.9,2.8,2022,2.9,-1.7,5
5,0.1,137,1,45.6,20220106,0.0,2022-01-06,2.0,0.0,-4.0,7.9,2022,6.7,0.8,6
6,0.0,137,1,48.1,20220107,0.0,2022-01-07,1.2,0.0,-8.7,8.0,2022,7.3,-0.9,7
7,4.0,137,1,46.1,20220108,0.0,2022-01-08,2.1,0.0,-3.7,7.9,2022,6.8,2.2,8
8,5.1,137,1,67.8,20220109,0.0,2022-01-09,1.4,0.0,-3.0,4.9,2022,7.0,2.6,9
9,5.0,137,1,61.6,20220110,0.0,2022-01-10,1.4,0.0,-6.5,7.4,2022,8.5,0.9,10
10,0.0,137,1,53.8,20220111,0.0,2022-01-11,3.4,0.1,-7.4,8.2,2022,1.7,-3.8,11
11,2.1,137,1,45.4,20220112,0.0,2022-01-12,3.0,0.0,-9.7,8.2,2022,-0.8,-5.5,12
12,2.0,137,1,47.8,20220113,0.0,2022-01-13,4.0,0.0,-7.1,8.1,2022,-0.7,-4.7,13
13,1.8,137,1,37.4,20220114,0.0,2022-01-14,2.5,0.0,-8.4,8.1,2022,2.1,-3.6,14
14,7.9,137,1,44.6,20220115,0.0,2022-01-15,1.1,0.0,-6.1,5.0,2022,7.4,0.5,15
15,2.1,137,1,50.1,20220116,0.0,2022-01-16,2.7,0.0,-4.3,6.4,2022,4.1,1.1,16
16,4.4,137,1,53.6,20220117,0.0,2022-01-17,3.2,0.1,-6.2,7.2,2022,2.7,-2.6,17
17,0.0,137,1,39.4,20220118,0.0,2022-01-18,2.7,0.0,-8.3,8.2,2022,1.1,-4.1,18
18,5.1,137,1,51.0,20220119,0.0,2022-01-19,1.9,0.0,-7.3,6.5,2022,5.1,-2.0,19
19,0.0,137,1,54.1,20220120,0.0,2022-01-20,1.4,0.0,-8.2,8.3,2022,3.5,-3.2,20
20,2.1,137,1,54.5,20220121,0.0,2022-01-21,0.7,0.0,-11.7,8.2,2022,4.7,-4.2,21
21,8.6,137,1,55.1,20220122,0.0,2022-01-22,0.7,0.0,-7.4,3.1,2022,6.5,0.2,22
22,7.4,137,1,59.5,20220123,0.0,2022-01-23,0.8,0.0,0.5,6.3,2022,11.6,4.9,23
23,4.8,137,1,62.6,20220124,0.0,2022-01-24,1.4,0.0,0.1,0.9,2022,7.2,3.8,24
24,8.1,137,1,87.1,20220125,0.0,2022-01-25,0.7,1.4,-0.5,0.0,2022,3.2,1.3,25
25,6.1,137,1,61.5,20220126,0.0,2022-01-26,2.0,0.0,-1.4,7.4,2022,6.2,2.6,26
26,1.9,137,1,45.9,20220127,0.0,2022-01-27,1.9,0.0,-2.6,8.2,2022,6.9,1.4,27
27,3.8,137,1,42.8,20220128,0.0,2022-01-28,3.0,0.0,-3.6,8.3,2022,4.7,-0.3,28
28,4.5,137,1,43.9,20220129,0.0,2022-01-29,3.1,0.0,-5.0,8.4,2022,3.9,-1.5,29
29,2.3,137,1,42.8,20220130,0.0,2022-01-30,2.3,0.0,-5.1,8.4,2022,5.3,-1.0,30
30,1.6,137,1,42.1,20220131,0.0,2022-01-31,2.5,0.0,-4.2,8.6,2022,5.7,-0.1,31
31,5.1,137,2,62.5,20220201,0.0,2022-02-01,3.2,0.1,-2.7,7.1,2022,3.0,0.3,1
32,4.4,137,2,46.1,20220202,0.0,2022-02-02,2.5,0.0,-3.3,7.5,2022,4.2,-0.4,2
33,2.9,137,2,44.1,20220203,0.0,2022-02-03,2.4,0.0,-3.8,8.7,2022,4.4,-1.0,3
34,4.1,137,2,51.4,20220204,0.0,2022-02-04,3.5,0.1,-5.2,8.5,2022,2.5,-2.6,4
35,2.9,137,2,52.3,20220205,0.0,2022-02-05,3.9,0.0,-8.4,7.8,2022,0.4,-5.1,5
36,1.9,137,2,47.6,20220206,0.0,2022-02-06,2.9,0.0,-6.9,7.1,2022,2.1,-2.6,6
37,6.6,137,2,41.3,20220207,0.0,2022-02-07,2.1,0.0,-5.7,4.3,2022,3.6,-1.2,7
38,3.8,137,2,44.3,20220208,0.0,2022-02-08,1.6,0.0,-5.8,6.3,2022,7.3,0.7,8
39,5.1,137,2,48.4,20220209,0.0,2022-02-09,0.7,0.0,-9.0,8.3,2022,7.8,0.1,9
40,3.3,137,2,40.6,20220210,0.0,2022-02-10,1.8,0.0,-1.3,8.8,2022,9.0,3.2,10
41,2.9,137,2,46.8,20220211,0.0,2022-02-11,1.2,0.0,-4.9,8.8,2022,11.4,2.6,11
42,4.3,137,2,46.1,20220212,0.0,2022-02-12,1.0,0.0,-2.5,8.7,2022,11.8,4.2,12
43,6.1,137,2,66.5,20220213,0.0,2022-02-13,0.9,0.0,-2.3,7.5,2022,11.4,3.6,13
44,6.9,137,2,61.0,20220214,0.0,2022-02-14,2.2,0.0,-2.0,8.5,2022,12.2,4.5,14
45,5.4,137,2,54.1,20220215,0.0,2022-02-15,4.2,0.0,-6.0,7.5,2022,1.6,-2.3,15
46,2.9,137,2,50.0,20220216,0.0,2022-02-16,4.2,0.0,-7.9,7.9,2022,-1.8,-5.7,16
47,0.8,137,2,37.0,20220217,0.0,2022-02-17,2.3,0.0,-9.9,9.2,2022,1.1,-5.3,17
48,4.0,137,2,46.5,20220218,0.0,2022-02-18,0.8,0.0,-12.2,9.0,2022,5.6,-3.2,18
49,7.3,137,2,44.5,20220219,0.0,2022-02-19,2.1,0.0,-3.6,4.4,2022,5.6,0.4,19
50,1.1,137,2,37.9,20220220,0.0,2022-02-20,3.6,0.0,-6.7,9.3,2022,1.2,-3.7,20
51,3.1,137,2,52.6,20220221,0.0,2022-02-21,3.0,0.0,-7.3,7.6,2022,5.6,-0.7,21
52,3.3,137,2,41.3,20220222,0.0,2022-02-22,3.4,0.1,-5.1,9.4,2022,2.8,-1.8,22
53,3.3,137,2,37.5,20220223,0.0,2022-02-23,3.1,0.0,-8.2,9.2,2022,1.6,-4.2,23
54,0.9,137,2,36.9,20220224,0.0,2022-02-24,3.1,0.0,-7.0,9.6,2022,4.6,-1.4,24
55,1.3,137,2,53.9,20220225,0.0,2022-02-25,2.7,0.0,-1.8,7.8,2022,10.4,4.1,25
56,3.8,137,2,49.9,20220226,0.0,2022-02-26,2.5,1.8,0.6,8.1,2022,13.7,6.8,26
57,0.0,137,2,39.0,20220227,0.0,2022-02-27,2.7,0.0,-0.3,9.7,2022,11.1,5.4,27
58,5.4,137,2,44.4,20220228,0.0,2022-02-28,0.9,0.0,-2.8,8.7,2022,15.0,5.4,28
59,5.3,137,3,61.4,20220301,0.0,2022-03-01,1.8,0.6,0.8,4.0,2022,13.6,5.9,1
60,1.0,137,3,45.3,20220302,0.0,2022-03-02,2.9,0.0,-1.1,9.8,2022,10.7,4.2,2
61,0.1,137,3,46.8,20220303,0.0,2022-03-03,2.1,0.0,1.1,9.7,2022,14.5,7.1,3
62,4.9,137,3,47.4,20220304,0.0,2022-03-04,1.7,0.0,-2.8,8.1,2022,18.0,7.7,4
63,0.8,137,3,33.9,20220305,0.0,2022-03-05,5.1,0.0,0.0,9.9,2022,10.5,4.2,5
64,2.0,137,3,27.6,20220306,0.0,2022-03-06,2.5,0.0,-2.1,10.0,2022,9.9,2.9,6
65,5.1,137,3,31.6,20220307,0.0,2022-03-07,1.3,0.0,-4.5,9.3,2022,12.4,3.6,7
66,1.4,137,3,41.4,20220308,0.0,2022-03-08,1.4,0.0,-2.7,9.9,2022,14.4,6.4,8
67,0.8,137,3,46.6,20220309,0.0,2022-03-09,1.3,0.0,0.9,9.8,2022,17.3,8.2,9
68,6.5,137,3,41.1,20220310,0.0,2022-03-10,1.2,0.0,-0.7,6.9,2022,18.5,8.3,10
69,4.3,137,3,51.6,20220311,0.0,2022-03-11,1.1,0.0,1.2,5.6,2022,19.8,11.1,11
70,7.9,137,3,65.5,20220312,0.0,2022-03-12,1.0,0.0,8.3,6.0,2022,21.0,14.5,12
71,9.1,137,3,92.8,20220313,0.0,2022-03-13,0.7,37.3,11.3,0.0,2022,15.9,12.5,13
72,8.8,137,3,88.1,20220314,0.0,2022-03-14,2.1,2.2,7.4,0.0,2022,12.1,9.6,14
73,1.6,137,3,59.8,20220315,0.0,2022-03-15,1.6,0.0,4.3,10.1,2022,16.5,10.0,15
74,4.1,137,3,49.1,20220316,0.0,2022-03-16,1.5,0.0,3.5,9.3,2022,21.0,13.5,16
75,10.0,137,3,85.6,20220317,0.0,2022-03-17,1.5,9.0,4.6,0.0,2022,11.3,7.6,17
76,8.9,137,3,83.9,20220318,0.0,2022-03-18,1.9,7.5,3.4,0.0,2022,8.0,4.9,18
77,9.8,137,3,90.4,20220319,0.0,2022-03-19,0.7,11.1,0.0,0.9,2022,5.9,2.7,19
78,8.3,137,3,71.4,20220320,0.0,2022-03-20,1.5,0.0,2.2,1.1,2022,10.1,5.4,20
79,7.9,137,3,52.5,20220321,0.0,2022-03-21,1.1,0.0,-0.2,9.4,2022,12.4,6.6,21
80,4.0,137,3,42.4,20220322,0.0,2022-03-22,1.4,0.0,2.8,9.6,2022,14.1,7.9,22
81,5.3,137,3,64.9,20220323,0.0,2022-03-23,1.2,0.0,1.0,3.2,2022,10.7,4.7,23
82,3.4,137,3,65.6,20220324,0.0,2022-03-24,1.1,0.0,-0.5,5.0,2022,14.4,6.9,24
83,8.1,137,3,74.3,20220325,0.0,2022-03-25,1.3,10.9,2.7,3.5,2022,17.8,10.5,25
84,8.4,137,3,85.8,20220326,0.0,2022-03-26,2.1,16.2,10.8,0.0,2022,14.5,12.0,26
85,4.0,137,3,43.1,20220327,0.0,2022-03-27,3.1,0.0,4.4,10.5,2022,17.9,10.2,27
86,1.6,137,3,42.6,20220328,0.0,2022-03-28,1.1,0.0,-0.4,11.0,2022,14.7,7.3,28
87,0.1,137,3,52.9,20220329,0.0,2022-03-29,1.2,0.0,-0.5,11.0,2022,19.7,9.7,29
88,6.8,137,3,66.4,20220330,0.0,2022-03-30,1.1,0.5,2.7,4.8,2022,19.6,12.1,30
89,9.6,137,3,74.4,20220331,0.0,2022-03-31,1.9,0.4,4.9,0.0,2022,15.1,10.8,31
90,6.0,137,4,66.0,20220401,0.0,2022-04-01,1.0,0.0,1.1,8.0,2022,14.5,7.1,1
91,0.0,137,4,49.1,20220402,0.0,2022-04-02,1.6,0.0,0.2,10.7,2022,16.7,8.6,2
92,0.0,137,4,37.3,20220403,0.0,2022-04-03,1.3,0.0,1.5,10.7,2022,18.0,10.3,3
93,0.0,137,4,41.1,20220404,0.0,2022-04-04,1.4,0.0,1.8,10.8,2022,20.3,11.4,4
94,6.1,137,4,31.1,20220405,0.0,2022-04-05,2.0,0.0,3.5,9.5,2022,19.8,12.3,5
95,0.6,137,4,24.9,20220406,0.0,2022-04-06,1.9,0.0,8.1,10.9,2022,22.6,14.9,6
96,3.5,137,4,34.3,20220407,0.0,2022-04-07,2.5,0.0,9.3,7.8,2022,19.6,13.4,7
97,0.0,137,4,34.8,20220408,0.0,2022-04-08,1.5,0.0,2.9,11.3,2022,23.5,14.2,8
98,0.4,137,4,44.4,20220409,0.0,2022-04-09,1.5,0.0,6.6,10.8,2022,28.4,17.9,9
99,4.0,137,4,44.5,20220410,0.0,2022-04-10,1.2,0.0,8.6,10.4,2022,28.7,19.4,10
100,2.9,137,4,53.1,20220411,0.0,2022-04-11,1.3,0.0,11.1,10.6,2022,28.3,20.8,11
101,3.3,137,4,57.6,20220412,0.0,2022-04-12,1.5,0.0,12.3,10.1,2022,30.1,21.5,12
102,9.3,137,4,87.9,20220413,0.0,2022-04-13,1.5,16.1,7.0,0.0,2022,20.1,12.4,13
103,9.3,137,4,78.1,20220414,0.0,2022-04-14,1.4,2.2,7.0,0.0,2022,12.2,9.5,14
104,6.5,137,4,58.6,20220415,0.0,2022-04-15,1.1,0.0,7.4,7.2,2022,19.6,12.1,15
105,1.1,137,4,44.5,20220416,0.0,2022-04-16,1.5,0.0,3.4,11.3,2022,20.6,12.6,16
106,1.6,137,4,27.5,20220417,0.0,2022-04-17,1.5,0.0,8.1,11.3,2022,23.2,15.3,17
107,7.5,137,4,36.4,20220418,0.0,2022-04-18,1.2,0.0,9.6,6.4,2022,24.1,16.1,18
108,1.3,137,4,32.4,20220419,0.0,2022-04-19,1.6,0.0,6.5,10.9,2022,24.7,16.8,19
109,0.4,137,4,29.1,20220420,0.0,2022-04-20,1.7,0.0,7.3,11.7,2022,25.3,17.4,20
110,5.9,137,4,54.4,20220421,0.0,2022-04-21,0.8,0.0,6.7,2.7,2022,20.2,12.9,21
111,5.4,137,4,63.9,20220422,0.0,2022-04-22,1.8,0.0,6.3,9.6,2022,26.8,16.9,22
112,8.0,137,4,53.9,20220423,0.0,2022-04-23,1.2,0.0,13.3,9.9,2022,26.1,18.8,23
113,3.4,137,4,58.0,20220424,0.0,2022-04-24,1.6,0.0,10.8,9.8,2022,28.8,20.0,24
114,8.8,137,4,65.4,20220425,0.0,2022-04-25,1.2,2.6,15.5,6.3,2022,27.1,20.3,25
115,8.5,137,4,85.8,20220426,0.0,2022-04-26,1.2,24.1,14.3,1.2,2022,22.0,17.9,26
116,3.8,137,4,51.6,20220427,0.0,2022-04-27,1.5,0.0,13.1,11.5,2022,24.1,17.5,27
117,5.4,137,4,61.9,20220428,0.0,2022-04-28,1.2,0.0,9.1,10.1,2022,23.6,16.2,28
118,9.6,137,4,73.0,20220429,0.0,2022-04-29,1.1,10.0,8.1,0.7,2022,14.4,11.4,29
119,8.1,137,4,64.6,20220430,0.0,2022-04-30,1.1,0.0,9.1,3.4,2022,18.6,13.0,30
120,1.9,137,5,44.0,20220501,0.0,2022-05-01,2.2,0.0,7.8,10.9,2022,20.0,13.7,1
121,3.6,137,5,54.8,20220502,0.0,2022-05-02,1.5,0.0,7.9,8.9,2022,19.8,13.5,2
122,1.6,137,5,51.6,20220503,0.0,2022-05-03,1.4,0.0,4.0,12.0,2022,22.8,14.1,3
123,0.8,137,5,43.0,20220504,0.0,2022-05-04,1.5,0.0,6.9,12.3,2022,27.2,18.4,4
124,0.0,137,5,46.6,20220505,0.0,2022-05-05,1.0,0.0,9.1,12.3,2022,28.0,19.2,5
125,1.0,137,5,57.1,20220506,0.0,2022-05-06,1.2,0.0,10.8,11.7,2022,27.7,20.0,6
126,4.8,137,5,61.0,20220507,0.0,2022-05-07,1.7,0.0,14.1,8.8,2022,24.7,18.6,7
127,7.6,137,5,58.4,20220508,0.0,2022-05-08,1.2,0.2,11.6,9.2,2022,22.0,16.1,8
128,5.8,137,5,54.0,20220509,0.0,2022-05-09,1.3,0.7,10.4,10.7,2022,24.2,16.2,9
129,7.3,137,5,48.3,20220510,0.0,2022-05-10,0.9,0.0,7.6,9.4,2022,25.2,16.6,10
130,7.5,137,5,50.1,20220511,0.0,2022-05-11,0.9,0.0,12.1,7.9,2022,25.8,19.2,11
131,9.0,137,5,57.8,20220512,0.0,2022-05-12,0.8,0.0,16.1,4.0,2022,26.7,21.0,12
132,8.5,137,5,73.9,20220513,0.0,2022-05-13,0.8,0.8,13.7,1.0,2022,19.6,16.6,13
133,4.6,137,5,40.0,20220514,0.0,2022-05-14,2.4,0.0,11.4,11.4,2022,23.1,16.6,14
134,3.8,137,5,37.3,20220515,0.0,2022-05-15,1.7,0.0,9.8,11.1,2022,22.8,16.0,15
135,0.7,137,5,35.4,20220516,0.0,2022-05-16,1.9,0.0,8.3,12.3,2022,24.8,17.4,16
136,2.3,137,5,47.1,20220517,0.0,2022-05-17,0.9,0.0,8.3,11.1,2022,28.6,19.0,17
137,1.3,137,5,45.6,20220518,0.0,2022-05-18,1.5,0.0,11.6,12.1,2022,29.4,21.4,18
138,7.5,137,5,33.3,20220519,0.0,2022-05-19,1.4,0.0,12.8,3.0,2022,25.2,20.6,19
139,5.3,137,5,44.0,20220520,0.0,2022-05-20,1.5,0.0,15.1,10.6,2022,27.9,21.6,20
140,0.6,137,5,58.1,20220521,0.0,2022-05-21,1.7,0.0,14.6,12.1,2022,28.7,21.9,21
141,0.8,137,5,54.9,20220522,0.0,2022-05-22,2.2,0.0,16.6,12.3,2022,29.8,22.9,22
142,3.0,137,5,58.3,20220523,0.0,2022-05-23,1.4,0.0,14.9,11.3,2022,31.5,23.8,23
143,0.9,137,5,43.8,20220524,0.0,2022-05-24,1.5,0.0,17.7,12.4,2022,32.4,24.7,24
144,4.8,137,5,50.0,20220525,0.0,2022-05-25,1.7,0.0,16.3,10.9,2022,31.6,23.8,25
145,2.6,137,5,52.1,20220526,0.0,2022-05-26,2.1,1.0,14.1,12.3,2022,26.6,19.8,26
146,2.1,137,5,44.0,20220527,0.0,2022-05-27,2.5,0.0,14.2,11.9,2022,27.8,21.6,27
147,3.3,137,5,43.6,20220528,0.0,2022-05-28,1.5,0.0,13.0,11.2,2022,30.4,22.5,28
148,3.9,137,5,41.1,20220529,0.0,2022-05-29,1.0,0.0,13.1,12.5,2022,31.1,23.5,29
149,0.0,137,5,60.5,20220530,0.0,2022-05-30,1.4,0.1,18.7,3.7,2022,27.2,21.9,30
150,1.4,137,5,39.1,20220531,0.0,2022-05-31,1.8,0.0,15.1,12.2,2022,29.5,22.5,31
151,1.9,137,6,36.4,20220601,0.0,2022-06-01,1.2,0.0,14.1,12.0,2022,33.0,23.6,1
152,1.4,137,6,45.5,20220602,0.0,2022-06-02,1.5,0.0,13.8,12.2,2022,31.6,23.7,2
153,1.1,137,6,53.8,20220603,0.0,2022-06-03,1.1,0.0,17.9,11.8,2022,33.1,24.4,3
154,5.6,137,6,60.4,20220604,0.0,2022-06-04,0.9,0.0,15.8,9.3,2022,29.6,22.6,4
155,9.6,137,6,90.3,20220605,0.0,2022-06-05,0.9,19.5,15.6,0.0,2022,19.7,16.8,5
156,7.4,137,6,87.1,20220606,0.0,2022-06-06,0.8,14.7,15.2,3.4,2022,24.1,17.6,6
157,6.6,137,6,80.8,20220607,0.0,2022-06-07,0.9,0.1,11.6,2.8,2022,20.4,16.3,7
158,6.5,137,6,72.3,20220608,0.0,2022-06-08,0.7,0.0,14.5,6.2,2022,23.8,17.9,8
159,5.9,137,6,73.9,20220609,0.0,2022-06-09,0.8,0.0,13.6,6.5,2022,26.9,19.6,9
160,5.8,137,6,70.9,20220610,0.0,2022-06-10,0.7,0.0,14.6,9.8,2022,28.2,21.8,10
161,7.1,137,6,77.5,20220611,0.0,2022-06-11,1.0,0.5,17.1,8.3,2022,29.9,21.8,11
162,5.8,137,6,67.4,20220612,0.0,2022-06-12,0.9,0.0,14.3,10.1,2022,27.7,21.6,12
163,7.4,137,6,63.8,20220613,0.0,2022-06-13,1.4,0.0,17.3,6.4,2022,27.1,20.6,13
164,6.8,137,6,87.6,20220614,0.0,2022-06-14,0.9,9.3,15.1,0.0,2022,18.3,16.4,14
165,7.1,137,6,88.9,20220615,0.0,2022-06-15,0.7,7.3,14.6,3.6,2022,24.0,18.4,15
166,4.8,137,6,70.8,20220616,0.0,2022-06-16,1.3,0.0,17.0,9.6,2022,27.1,21.3,16
167,3.0,137,6,70.0,20220617,0.0,2022-06-17,1.0,0.0,14.8,11.6,2022,30.8,24.1,17
168,4.9,137,6,67.5,20220618,0.0,2022-06-18,1.5,0.0,21.7,10.4,2022,31.3,26.0,18
169,4.4,137,6,69.3,20220619,0.0,2022-06-19,1.1,0.0,21.6,8.5,2022,31.6,26.0,19
170,2.6,137,6,67.9,20220620,0.0,2022-06-20,0.8,0.0,21.5,10.4,2022,33.4,27.5,20
171,1.5,137,6,63.3,20220621,0.0,2022-06-21,0.8,0.0,21.2,12.3,2022,36.1,28.8,21
172,2.8,137,6,55.8,20220622,0.0,2022-06-22,1.6,0.0,23.8,12.5,2022,35.4,29.3,22
173,7.8,137,6,83.6,20220623,0.0,2022-06-23,0.9,16.0,21.3,1.7,2022,28.3,25.2,23
174,6.0,137,6,73.8,20220624,0.0,2022-06-24,2.2,16.8,23.2,8.0,2022,30.7,26.2,24
175,3.9,137,6,76.4,20220625,0.0,2022-06-25,1.2,3.3,22.1,8.6,2022,33.8,26.3,25
176,7.4,137,6,87.0,20220626,0.0,2022-06-26,0.6,0.0,21.8,2.8,2022,30.7,26.0,26
177,9.5,137,6,84.0,20220627,0.0,2022-06-27,0.9,0.9,23.6,0.9,2022,31.0,26.5,27
178,8.3,137,6,74.9,20220628,0.0,2022-06-28,1.2,0.0,23.7,2.1,2022,33.9,28.0,28
179,9.3,137,6,74.1,20220629,0.0,2022-06-29,1.6,0.2,25.4,3.7,2022,33.7,28.2,29
180,6.6,137,6,78.0,20220630,0.0,2022-06-30,0.9,0.3,24.7,3.6,2022,32.9,28.0,30
181,2.6,137,7,74.4,20220701,0.0,2022-07-01,0.7,0.0,22.2,10.7,2022,34.2,28.3,1
182,3.9,137,7,68.6,20220702,0.0,2022-07-02,0.7,0.0,22.2,10.9,2022,35.9,28.8,2
183,6.8,137,7,67.3,20220703,0.0,2022-07-03,0.9,0.0,23.0,10.6,2022,36.0,29.1,3
184,7.0,137,7,71.1,20220704,0.0,2022-07-04,0.8,0.0,23.6,8.7,2022,35.1,28.9,4
185,7.4,137,7,74.6,20220705,0.0,2022-07-05,0.7,0.0,24.2,4.7,2022,35.0,28.8,5
186,7.5,137,7,79.4,20220706,0.0,2022-07-06,0.8,18.9,24.0,5.4,2022,33.2,28.3,6
187,7.5,137,7,78.3,20220707,0.0,2022-07-07,0.9,0.4,24.6,4.2,2022,34.5,28.8,7
188,6.9,137,7,75.6,20220708,0.0,2022-07-08,1.3,0.5,25.3,4.9,2022,33.2,28.2,8
189,6.1,137,7,73.6,20220709,0.0,2022-07-09,1.7,0.0,24.2,5.3,2022,32.6,27.5,9
190,6.4,137,7,76.4,20220710,0.0,2022-07-10,1.0,67.5,23.2,8.2,2022,35.8,28.4,10
191,8.1,137,7,93.1,20220711,0.0,2022-07-11,0.4,7.2,22.8,0.7,2022,27.5,24.6,11
192,8.0,137,7,85.4,20220712,0.0,2022-07-12,0.6,2.5,23.7,0.6,2022,29.1,25.9,12
193,9.3,137,7,90.4,20220713,0.0,2022-07-13,0.7,22.5,22.6,0.0,2022,24.6,23.3,13
194,7.0,137,7,82.1,20220714,0.0,2022-07-14,1.3,0.2,22.7,3.9,2022,31.2,26.4,14
195,3.1,137,7,72.5,20220715,0.0,2022-07-15,1.4,0.0,22.5,10.3,2022,31.7,26.4,15
196,5.5,137,7,80.0,20220716,0.0,2022-07-16,1.0,1.8,20.6,7.3,2022,31.2,24.8,16
197,6.6,137,7,75.0,20220717,0.0,2022-07-17,1.4,0.0,21.5,8.2,2022,30.9,25.8,17
198,7.8,137,7,96.1,20220718,0.0,2022-07-18,0.5,41.5,21.3,0.0,2022,23.7,22.0,18
199,7.3,137,7,80.5,20220719,0.0,2022-07-19,1.3,0.0,21.1,6.2,2022,31.6,25.8,19
200,7.4,137,7,74.0,20220720,0.0,2022-07-20,1.1,0.0,23.6,8.9,2022,32.8,27.4,20
201,8.4,137,7,91.5,20220721,0.0,2022-07-21,1.4,21.6,21.2,0.2,2022,25.0,23.1,21
202,7.8,137,7,78.5,20220722,0.0,2022-07-22,1.4,0.6,22.2,2.9,2022,30.2,24.9,22
203,9.1,137,7,83.3,20220723,0.0,2022-07-23,0.6,2.2,21.2,0.5,2022,28.6,24.4,23
204,5.4,137,7,92.0,20220724,0.0,2022-07-24,0.6,12.0,21.5,1.3,2022,28.4,24.3,24
205,3.3,137,7,77.1,20220725,0.0,2022-07-25,1.1,0.0,23.7,11.1,2022,33.3,27.6,25
206,3.3,137,7,77.4,20220726,0.0,2022-07-26,0.6,0.0,22.2,7.2,2022,33.3,27.3,26
207,5.4,137,7,74.9,20220727,0.0,2022-07-27,0.9,0.0,21.2,8.3,2022,31.1,26.0,27
208,7.5,137,7,82.6,20220728,0.0,2022-07-28,0.7,0.0,22.5,2.0,2022,30.7,26.0,28
209,5.3,137,7,74.9,20220729,0.0,2022-07-29,0.8,0.0,25.0,9.0,2022,34.3,29.1,29
210,7.3,137,7,78.3,20220730,0.0,2022-07-30,0.8,0.0,24.2,3.0,2022,30.3,27.8,30
211,10.0,137,7,91.8,20220731,0.0,2022-07-31,0.8,12.3,24.8,0.0,2022,28.5,25.9,31
212,8.0,137,8,91.0,20220801,0.0,2022-08-01,1.0,4.1,24.6,0.0,2022,29.7,26.4,1
213,7.9,137,8,87.3,20220802,0.0,2022-08-02,0.8,8.7,25.2,3.4,2022,31.7,27.6,2
214,4.9,137,8,80.1,20220803,0.0,2022-08-03,1.1,0.0,23.8,8.0,2022,33.9,28.8,3
215,4.5,137,8,75.1,20220804,0.0,2022-08-04,1.6,0.0,25.8,7.1,2022,33.7,29.3,4
216,4.9,137,8,79.4,20220805,0.0,2022-08-05,1.3,0.6,25.1,5.3,2022,33.7,28.8,5
217,4.3,137,8,76.4,20220806,0.0,2022-08-06,1.2,0.0,26.1,8.9,2022,34.6,29.7,6
218,5.9,137,8,79.6,20220807,0.0,2022-08-07,1.0,0.6,25.2,7.4,2022,35.0,29.1,7
219,9.6,137,8,77.8,20220808,0.0,2022-08-08,1.1,0.0,24.7,0.3,2022,31.0,28.2,8
220,10.0,137,8,78.9,20220809,0.0,2022-08-09,1.0,3.8,24.0,0.0,2022,30.2,27.8,9
221,10.0,137,8,92.8,20220810,0.0,2022-08-10,0.7,38.1,23.7,0.0,2022,28.3,25.6,10
222,9.0,137,8,97.5,20220811,0.0,2022-08-11,1.0,31.6,24.0,0.0,2022,25.7,24.4,11
223,3.8,137,8,82.3,20220812,0.0,2022-08-12,1.0,0.8,23.5,9.3,2022,32.7,27.4,12
224,7.9,137,8,93.8,20220813,0.0,2022-08-13,0.5,13.9,22.2,1.2,2022,29.6,25.1,13
225,8.9,137,8,92.3,20220814,0.0,2022-08-14,0.3,10.1,24.2,0.5,2022,31.0,26.9,14
226,9.4,137,8,77.3,20220815,0.0,2022-08-15,1.5,0.0,24.4,1.9,2022,31.6,28.4,15
227,8.3,137,8,89.6,20220816,0.0,2022-08-16,1.5,21.7,23.1,3.2,2022,29.2,25.1,16
228,6.5,137,8,86.9,20220817,0.0,2022-08-17,0.6,3.8,22.1,3.8,2022,30.6,25.4,17
229,5.4,137,8,78.3,20220818,0.0,2022-08-18,0.7,0.0,20.6,8.6,2022,30.4,25.0,18
230,8.5,137,8,81.3,20220819,0.0,2022-08-19,1.0,0.0,20.5,3.9,2022,30.5,26.3,19
231,7.0,137,8,86.6,20220820,0.0,2022-08-20,1.3,19.4,24.0,4.6,2022,30.2,26.8,20
232,3.6,137,8,75.5,20220821,0.0,2022-08-21,0.7,0.0,22.7,10.6,2022,31.6,26.2,21
233,5.1,137,8,76.6,20220822,0.0,2022-08-22,0.8,0.0,18.8,9.3,2022,32.2,26.1,22
234,8.5,137,8,92.3,20220823,0.0,2022-08-23,0.5,11.9,22.5,0.0,2022,26.7,23.9,23
235,7.0,137,8,89.3,20220824,0.0,2022-08-24,0.7,4.8,19.6,0.0,2022,24.1,21.8,24
236,9.1,137,8,81.5,20220825,0.0,2022-08-25,0.7,0.0,20.2,3.8,2022,29.5,23.2,25
237,3.3,137,8,70.8,20220826,0.0,2022-08-26,1.3,0.0,18.3,9.8,2022,29.3,23.6,26
238,4.4,137,8,65.9,20220827,0.0,2022-08-27,1.6,0.0,17.5,7.5,2022,27.5,22.4,27
239,2.9,137,8,68.6,20220828,0.0,2022-08-28,0.8,0.0,13.3,10.9,2022,27.7,20.8,28
240,9.9,137,8,87.6,20220829,0.0,2022-08-29,0.4,6.7,18.0,0.0,2022,20.7,18.9,29
241,9.9,137,8,97.1,20220830,0.0,2022-08-30,0.5,22.4,17.3,0.0,2022,19.8,18.9,30
242,8.8,137,8,95.6,20220831,0.0,2022-08-31,0.3,17.3,19.7,0.6,2022,24.3,21.0,31
243,8.5,137,9,91.4,20220901,0.0,2022-09-01,0.4,0.0,18.7,1.4,2022,25.0,21.2,1
244,7.6,137,9,81.3,20220902,0.0,2022-09-02,0.9,0.0,18.6,1.9,2022,26.7,22.1,2
245,5.1,137,9,83.1,20220903,0.0,2022-09-03,0.8,0.4,19.6,0.0,2022,24.7,21.5,3
246,9.5,137,9,90.3,20220904,0.0,2022-09-04,0.6,0.7,19.2,1.3,2022,26.3,22.5,4
247,10.0,137,9,100.0,20220905,0.0,2022-09-05,0.7,38.0,21.6,0.0,2022,25.0,23.4,5
248,5.4,137,9,80.6,20220906,0.0,2022-09-06,2.3,70.1,18.2,4.9,2022,26.0,21.1,6
249,2.0,137,9,65.6,20220907,0.0,2022-09-07,1.4,0.0,17.2,10.4,2022,28.8,22.1,7
250,3.1,137,9,73.4,20220908,0.0,2022-09-08,0.5,0.0,13.1,10.2,2022,28.6,20.5,8
251,5.6,137,9,74.3,20220909,0.0,2022-09-09,0.8,0.0,15.3,9.7,2022,27.7,21.1,9
252,9.3,137,9,76.9,20220910,0.0,2022-09-10,0.6,0.0,16.7,4.4,2022,25.6,20.3,10
253,7.9,137,9,79.1,20220911,0.0,2022-09-11,0.6,0.0,18.0,6.3,2022,28.1,22.3,11
254,9.9,137,9,85.5,20220912,0.0,2022-09-12,0.5,0.0,19.2,0.7,2022,25.0,22.0,12
255,9.8,137,9,75.5,20220913,0.0,2022-09-13,0.7,0.0,20.0,3.3,2022,28.2,23.5,13
256,8.0,137,9,63.6,20220914,0.0,2022-09-14,1.1,0.0,19.1,7.0,2022,29.3,23.3,14
257,6.3,137,9,72.6,20220915,0.0,2022-09-15,1.1,0.0,19.2,8.7,2022,29.4,23.5,15
258,7.4,137,9,83.3,20220916,0.0,2022-09-16,0.5,0.0,19.8,3.0,2022,27.6,22.9,16
259,6.6,137,9,82.4,20220917,0.0,2022-09-17,0.5,0.0,22.2,7.6,2022,32.0,25.9,17
260,9.1,137,9,81.3,20220918,0.0,2022-09-18,1.1,0.0,22.6,2.9,2022,31.2,26.2,18
261,6.3,137,9,64.3,20220919,0.0,2022-09-19,2.3,0.0,16.7,7.4,2022,30.7,25.1,19
262,5.1,137,9,71.1,20220920,0.0,2022-09-20,0.7,0.0,13.5,6.3,2022,24.0,18.0,20
263,1.6,137,9,69.6,20220921,0.0,2022-09-21,0.8,0.0,10.3,8.9,2022,23.8,16.6,21
264,7.6,137,9,75.5,20220922,0.0,2022-09-22,0.5,0.0,9.5,8.2,2022,23.6,16.6,22
265,6.1,137,9,69.8,20220923,0.0,2022-09-23,1.5,0.0,13.1,7.4,2022,24.7,18.0,23
266,5.8,137,9,60.3,20220924,0.0,2022-09-24,1.5,0.0,12.5,9.2,2022,24.6,17.9,24
267,9.4,137,9,78.4,20220925,0.0,2022-09-25,0.6,0.0,12.8,2.6,2022,22.8,17.2,25
268,8.6,137,9,82.1,20220926,0.0,2022-09-26,0.4,0.0,13.3,2.4,2022,23.2,17.5,26
269,2.6,137,9,82.6,20220927,0.0,2022-09-27,0.6,0.0,13.4,7.2,2022,26.2,18.1,27
270,5.3,137,9,83.3,20220928,0.0,2022-09-28,0.5,0.0,11.6,5.6,2022,24.3,17.3,28
271,2.9,137,9,83.1,20220929,0.0,2022-09-29,0.5,0.0,12.1,6.7,2022,27.5,18.3,29
272,3.9,137,9,76.9,20220930,0.0,2022-09-30,0.5,0.0,12.6,6.2,2022,28.7,18.3,30
273,5.9,137,10,73.4,20221001,0.0,2022-10-01,0.5,0.0,10.5,8.2,2022,28.7,18.9,1
274,8.4,137,10,82.3,20221002,0.0,2022-10-02,0.6,2.1,13.6,1.9,2022,23.4,18.5,2
275,9.0,137,10,94.9,20221003,0.0,2022-10-03,0.5,19.9,17.8,1.6,2022,24.9,21.1,3
276,9.3,137,10,90.0,20221004,0.0,2022-10-04,1.3,31.9,15.5,2.6,2022,24.4,20.2,4
277,8.1,137,10,79.1,20221005,0.0,2022-10-05,1.0,0.0,14.5,4.2,2022,21.1,16.2,5
278,9.3,137,10,77.1,20221006,0.0,2022-10-06,0.8,0.1,13.5,3.5,2022,21.9,16.9,6
279,7.8,137,10,80.3,20221007,0.0,2022-10-07,1.3,1.4,11.6,2.9,2022,20.8,14.9,7
280,4.6,137,10,76.1,20221008,0.0,2022-10-08,0.9,0.0,9.6,7.1,2022,20.8,14.2,8
281,9.6,137,10,88.9,20221009,0.0,2022-10-09,0.6,4.5,10.6,0.0,2022,14.0,12.2,9
282,5.5,137,10,71.9,20221010,0.0,2022-10-10,2.9,2.0,8.0,5.9,2022,14.9,10.8,10
283,3.3,137,10,68.4,20221011,0.0,2022-10-11,1.8,0.1,8.6,7.7,2022,18.0,12.1,11
284,2.5,137,10,81.8,20221012,0.0,2022-10-12,0.8,0.0,4.0,8.0,2022,20.6,11.5,12
285,3.6,137,10,81.1,20221013,0.0,2022-10-13,0.7,0.0,7.2,8.8,2022,21.6,13.6,13
286,6.6,137,10,85.1,20221014,0.0,2022-10-14,0.6,0.0,8.1,5.5,2022,21.4,14.0,14
287,6.8,137,10,77.8,20221015,0.0,2022-10-15,0.5,0.0,11.5,8.5,2022,23.8,16.9,15
288,9.3,137,10,76.8,20221016,0.0,2022-10-16,0.8,0.0,13.5,4.9,2022,23.9,18.3,16
289,4.0,137,10,52.3,20221017,0.0,2022-10-17,2.6,0.0,6.8,6.8,2022,17.5,13.5,17
290,0.0,137,10,54.3,20221018,0.0,2022-10-18,1.6,0.0,3.7,8.7,2022,15.6,9.2,18
291,0.0,137,10,58.3,20221019,0.0,2022-10-19,1.2,0.0,2.7,8.6,2022,17.7,9.2,19
292,1.8,137,10,65.9,20221020,0.0,2022-10-20,0.9,0.0,1.2,8.7,2022,21.3,10.7,20
293,8.0,137,10,65.0,20221021,0.0,2022-10-21,1.0,0.0,5.5,1.3,2022,17.7,12.6,21
294,4.0,137,10,61.1,20221022,0.0,2022-10-22,1.7,0.0,11.3,6.9,2022,21.8,15.6,22
295,3.1,137,10,65.9,20221023,0.0,2022-10-23,1.4,0.0,8.8,7.6,2022,20.7,14.7,23
296,2.8,137,10,55.4,20221024,0.0,2022-10-24,1.5,0.0,5.5,5.4,2022,16.2,10.7,24
297,1.3,137,10,70.0,20221025,0.0,2022-10-25,0.7,0.0,1.2,7.5,2022,16.9,8.5,25
298,3.9,137,10,75.0,20221026,0.0,2022-10-26,0.5,0.0,1.2,8.4,2022,17.9,9.5,26
299,2.1,137,10,66.1,20221027,0.0,2022-10-27,0.9,0.0,5.6,8.3,2022,21.7,13.5,27
300,3.8,137,10,73.8,20221028,0.0,2022-10-28,0.7,0.0,4.9,8.3,2022,20.5,12.6,28
301,6.1,137,10,73.9,20221029,0.0,2022-10-29,0.6,0.0,9.6,6.4,2022,19.8,13.6,29
302,5.5,137,10,77.1,20221030,0.0,2022-10-30,0.6,0.0,5.8,8.1,2022,19.5,12.0,30
303,6.6,137,10,77.0,20221031,0.0,2022-10-31,0.5,0.0,5.9,7.5,2022,18.9,11.2,31
304,1.5,137,11,71.9,20221101,0.0,2022-11-01,0.7,0.0,4.7,8.2,2022,20.4,11.8,1
305,2.3,137,11,61.8,20221102,0.0,2022-11-02,0.9,0.0,4.5,8.4,2022,20.6,11.1,2
306,0.0,137,11,56.6,20221103,0.0,2022-11-03,1.4,0.0,2.9,3.7,2022,17.4,10.2,3
307,0.8,137,11,40.8,20221104,0.0,2022-11-04,2.3,0.0,3.9,8.5,2022,11.6,6.9,4
308,0.0,137,11,39.6,20221105,0.0,2022-11-05,1.5,0.0,0.9,8.5,2022,15.2,7.1,5
309,0.8,137,11,65.0,20221106,0.0,2022-11-06,0.7,0.0,-0.9,8.4,2022,16.3,6.8,6
310,3.8,137,11,65.3,20221107,0.0,2022-11-07,0.5,0.0,0.6,7.2,2022,17.3,8.4,7
311,1.4,137,11,63.3,20221108,0.0,2022-11-08,0.9,0.0,4.0,8.3,2022,19.1,10.9,8
312,4.8,137,11,65.4,20221109,0.0,2022-11-09,1.0,0.0,2.5,7.9,2022,18.9,10.1,9
313,3.1,137,11,67.9,20221110,0.0,2022-11-10,0.7,0.0,4.0,8.3,2022,20.3,11.6,10
314,2.6,137,11,75.3,20221111,0.0,2022-11-11,0.6,0.0,5.0,8.1,2022,20.3,11.6,11
315,8.0,137,11,80.8,20221112,0.0,2022-11-12,0.6,0.1,5.8,5.6,2022,20.0,13.5,12
316,8.1,137,11,76.1,20221113,0.0,2022-11-13,1.9,5.7,10.3,3.5,2022,18.7,13.2,13
317,6.0,137,11,71.9,20221114,0.0,2022-11-14,1.2,0.0,6.8,2.5,2022,14.4,9.8,14
318,3.5,137,11,71.8,20221115,0.0,2022-11-15,1.3,0.0,2.5,6.0,2022,13.7,7.9,15
319,3.8,137,11,68.5,20221116,0.0,2022-11-16,1.5,0.1,3.7,7.6,2022,15.2,8.9,16
320,3.3,137,11,68.6,20221117,0.0,2022-11-17,0.6,0.0,1.7,8.2,2022,16.3,7.6,17
321,0.0,137,11,67.1,20221118,0.0,2022-11-18,0.6,0.0,-0.2,8.2,2022,18.2,7.0,18
322,4.4,137,11,73.4,20221119,0.0,2022-11-19,0.7,0.0,0.6,7.8,2022,17.5,8.6,19
323,4.5,137,11,76.4,20221120,0.0,2022-11-20,0.6,0.0,5.5,7.0,2022,18.2,10.7,20
324,4.5,137,11,68.8,20221121,0.0,2022-11-21,0.7,0.0,3.2,8.2,2022,20.3,10.3,21
325,9.3,137,11,79.8,20221122,0.0,2022-11-22,0.6,0.4,6.5,0.7,2022,12.6,9.7,22
326,5.0,137,11,67.4,20221123,0.0,2022-11-23,1.3,0.3,7.9,5.7,2022,18.2,11.8,23
327,4.3,137,11,56.8,20221124,0.0,2022-11-24,1.2,0.0,3.2,4.8,2022,15.6,8.7,24
328,2.6,137,11,74.1,20221125,0.0,2022-11-25,0.5,0.0,-0.9,8.1,2022,14.3,6.1,25
329,1.3,137,11,45.9,20221126,0.0,2022-11-26,2.3,0.0,3.2,8.1,2022,16.1,9.9,26
330,3.5,137,11,50.6,20221127,0.0,2022-11-27,0.9,0.0,-2.3,7.9,2022,12.1,4.5,27
331,7.9,137,11,75.4,20221128,0.0,2022-11-28,0.5,12.6,-1.8,1.4,2022,9.1,4.7,28
332,9.0,137,11,67.3,20221129,0.0,2022-11-29,2.4,10.6,3.4,0.0,2022,14.5,9.2,29
333,6.8,137,11,36.0,20221130,0.0,2022-11-30,3.0,0.0,-5.1,7.6,2022,3.4,-2.3,30
334,4.6,137,12,39.0,20221201,0.0,2022-12-01,1.4,0.0,-6.6,6.8,2022,2.3,-3.2,1
335,2.3,137,12,57.8,20221202,0.0,2022-12-02,1.2,0.0,-7.9,8.0,2022,4.8,-2.3,2
336,9.5,137,12,69.8,20221203,0.0,2022-12-03,0.8,0.0,-4.7,0.9,2022,4.1,0.2,3
337,9.8,137,12,32.6,20221204,0.0,2022-12-04,2.5,0.0,-2.3,1.4,2022,4.0,0.3,4
338,4.5,137,12,30.6,20221205,0.0,2022-12-05,2.5,0.0,-3.1,6.1,2022,5.2,-0.7,5
339,5.4,137,12,61.0,20221206,0.0,2022-12-06,1.8,0.0,-5.5,0.0,2022,4.2,0.6,6
340,4.6,137,12,56.0,20221207,0.0,2022-12-07,2.2,0.0,2.2,4.4,2022,9.6,5.5,7
341,1.8,137,12,52.5,20221208,0.0,2022-12-08,1.6,0.0,-0.9,9.0,2022,11.3,5.1,8
342,1.6,137,12,65.3,20221209,0.0,2022-12-09,0.7,0.0,-4.4,7.9,2022,8.6,1.5,9
343,4.8,137,12,68.1,20221210,0.0,2022-12-10,1.0,0.0,-3.8,3.6,2022,7.4,2.2,10
344,0.0,137,12,43.6,20221211,0.0,2022-12-11,1.4,0.0,-2.5,8.7,2022,10.2,3.2,11
345,8.0,137,12,59.5,20221212,0.0,2022-12-12,1.1,0.0,-3.6,4.5,2022,7.6,1.8,12
346,5.0,137,12,70.5,20221213,0.0,2022-12-13,2.8,3.9,-1.3,2.5,2022,5.9,2.5,13
347,0.6,137,12,54.5,20221214,0.0,2022-12-14,2.6,0.0,-8.7,8.7,2022,-1.3,-6.4,14
348,5.6,137,12,74.0,20221215,0.0,2022-12-15,1.1,0.7,-10.7,4.6,2022,1.6,-4.0,15
349,8.1,137,12,48.3,20221216,0.0,2022-12-16,2.5,0.0,-5.9,3.6,2022,1.0,-3.1,16
350,5.6,137,12,53.9,20221217,0.0,2022-12-17,2.1,0.3,-8.4,3.0,2022,-0.6,-4.9,17
351,0.3,137,12,46.9,20221218,0.0,2022-12-18,2.5,0.0,-10.7,8.6,2022,-3.4,-7.9,18
352,1.3,137,12,55.8,20221219,0.0,2022-12-19,1.7,0.0,-11.0,8.6,2022,0.6,-5.0,19
353,2.8,137,12,64.8,20221220,0.0,2022-12-20,0.9,0.0,-10.2,8.3,2022,4.4,-3.3,20
354,8.4,137,12,86.0,20221221,0.0,2022-12-21,0.7,6.5,-4.0,0.0,2022,1.7,-1.7,21
355,2.1,137,12,58.9,20221222,0.0,2022-12-22,4.4,0.4,-9.0,6.8,2022,1.2,-5.1,22
356,3.4,137,12,60.8,20221223,0.0,2022-12-23,4.2,0.3,-10.2,6.0,2022,-5.8,-8.4,23
357,0.5,137,12,49.1,20221224,0.0,2022-12-24,2.3,0.0,-12.4,8.7,2022,-1.9,-7.3,24
358,0.8,137,12,56.9,20221225,0.0,2022-12-25,3.1,0.0,-6.9,8.5,2022,1.1,-3.1,25
359,5.2,137,12,57.1,20221226,0.0,2022-12-26,2.6,0.0,-4.4,7.0,2022,2.1,-1.7,26
360,2.3,137,12,54.0,20221227,0.0,2022-12-27,2.0,0.0,-5.5,8.6,2022,3.9,-0.5,27
361,3.3,137,12,58.5,20221228,0.0,2022-12-28,2.4,0.0,-3.6,5.3,2022,2.7,-0.7,28
362,2.4,137,12,55.3,20221229,0.0,2022-12-29,1.7,0.0,-5.9,7.9,2022,3.2,-2.2,29
363,5.8,137,12,62.5,20221230,0.0,2022-12-30,2.0,0.0,-6.0,2.8,2022,3.2,-0.3,30
364,2.3,137,12,58.3,20221231,0.0,2022-12-31,2.7,0.0,-3.8,6.8,2022,4.9,-0.1,31
