,Date,tavg,year,tmax,snow,humid,sunshine,day,rainfall,month,tmin,wind,station_id,cloud,date
0,2023-01-01,1.9,2023,6.9,0.0,44.9,7.5,1,0.0,1,-1.4,2.5,137,3.3,20230101
1,2023-01-02,-2.3,2023,2.1,0.0,36.9,8.6,2,0.0,1,-5.5,3.0,137,0.0,20230102
2,2023-01-03,-2.3,2023,2.7,0.0,45.1,8.7,3,0.0,1,-5.7,3.0,137,0.5,20230103
3,2023-01-04,-0.4,2023,5.0,0.0,43.9,8.3,4,0.0,1,-5.5,2.2,137,1.1,20230104
4,2023-01-05,-1.2,2023,6.1,0.0,65.1,7.3,5,0.0,1,-7.7,1.1,137,2.0,20230105
5,2023-01-06,0.0,2023,8.0,0.0,66.9,7.6,6,0.0,1,-6.5,1.0,137,2.6,20230106
6,2023-01-07,2.0,2023,6.1,0.0,67.9,3.2,7,1.8,1,-2.3,2.4,137,4.4,20230107
7,2023-01-08,0.6,2023,8.7,0.0,62.8,8.4,8,0.0,1,-5.6,0.9,137,0.9,20230108
8,2023-01-09,1.7,2023,10.0,0.0,64.0,3.5,9,0.0,1,-3.5,1.1,137,3.4,20230109
9,2023-01-10,0.6,2023,8.6,0.0,65.9,8.6,10,0.0,1,-6.0,0.9,137,1.5,20230110
10,2023-01-11,1.7,2023,11.6,0.0,56.1,8.7,11,0.0,1,-5.4,1.0,137,1.0,20230111
11,2023-01-12,2.0,2023,11.1,0.0,57.0,8.8,12,1.3,1,-5.5,0.7,137,2.0,20230112
12,2023-01-13,5.6,2023,10.3,0.0,95.1,0.0,13,18.0,1,2.2,0.6,137,9.0,20230113
13,2023-01-14,6.9,2023,8.6,0.0,93.4,0.0,14,2.3,1,4.4,1.0,137,8.4,20230114
14,2023-01-15,1.7,2023,4.9,0.0,84.0,0.0,15,2.0,1,-2.0,1.7,137,8.6,20230115
15,2023-01-16,-2.5,2023,0.7,0.0,58.3,7.8,16,0.0,1,-5.0,2.7,137,2.9,20230116
16,2023-01-17,-2.0,2023,3.7,0.0,51.8,6.3,17,0.0,1,-5.6,2.1,137,4.9,20230117
17,2023-01-18,-0.2,2023,5.2,0.0,59.5,5.3,18,0.0,1,-4.0,1.8,137,4.4,20230118
18,2023-01-19,-1.0,2023,5.7,0.0,61.4,8.4,19,0.0,1,-7.5,1.1,137,2.4,20230119
19,2023-01-20,-0.8,2023,3.2,0.0,45.6,7.9,20,0.0,1,-6.0,3.2,137,2.3,20230120
20,2023-01-21,-3.6,2023,2.7,0.0,47.0,9.1,21,0.0,1,-8.1,1.8,137,1.3,20230121
21,2023-01-22,-1.9,2023,2.9,0.0,52.5,0.8,22,0.0,1,-6.0,0.7,137,8.0,20230122
22,2023-01-23,0.9,2023,9.0,0.0,57.3,7.7,23,0.0,1,-5.7,1.5,137,5.1,20230123
23,2023-01-24,-10.6,2023,-1.4,0.0,37.1,9.0,24,0.2,1,-14.0,5.7,137,1.4,20230124
24,2023-01-25,-11.5,2023,-5.0,0.0,38.1,9.2,25,0.0,1,-16.8,2.4,137,0.9,20230125
25,2023-01-26,-8.7,2023,-4.6,0.0,71.1,0.9,26,0.9,1,-14.4,0.7,137,8.8,20230126
26,2023-01-27,-5.7,2023,-1.8,0.0,49.8,9.3,27,0.0,1,-8.7,3.2,137,0.9,20230127
27,2023-01-28,-5.2,2023,0.1,0.0,47.5,9.1,28,0.0,1,-10.7,2.5,137,2.0,20230128
28,2023-01-29,-0.4,2023,4.9,0.0,58.6,6.4,29,0.0,1,-8.0,2.0,137,0.0,20230129
29,2023-01-30,-0.3,2023,4.6,0.0,38.5,9.4,30,0.0,1,-3.5,2.3,137,0.0,20230130
30,2023-01-31,0.1,2023,10.1,0.0,53.4,9.3,31,0.0,1,-9.0,1.0,137,0.1,20230131
31,2023-02-01,4.0,2023,9.0,0.0,49.1,8.7,1,0.0,2,-2.3,2.9,137,2.3,20230201
32,2023-02-02,-0.1,2023,5.5,0.0,42.1,7.1,2,0.0,2,-4.0,1.8,137,7.4,20230202
33,2023-02-03,0.3,2023,6.1,0.0,36.9,7.2,3,0.0,2,-2.8,1.8,137,5.1,20230203
34,2023-02-04,-0.1,2023,6.6,0.0,49.1,9.5,4,0.0,2,-4.1,2.2,137,0.8,20230204
35,2023-02-05,0.4,2023,8.1,0.0,55.1,9.6,5,0.0,2,-6.7,1.4,137,0.1,20230205
36,2023-02-06,1.3,2023,10.6,0.0,55.1,8.0,6,0.0,2,-7.2,0.7,137,4.6,20230206
37,2023-02-07,2.6,2023,11.8,0.0,49.9,6.5,7,0.0,2,-4.5,0.6,137,4.6,20230207
38,2023-02-08,3.6,2023,10.5,0.0,46.5,9.3,8,0.0,2,-1.8,1.9,137,0.0,20230208
39,2023-02-09,2.2,2023,9.8,0.0,58.6,6.9,9,0.7,2,-6.1,1.4,137,6.8,20230209
40,2023-02-10,2.7,2023,7.3,0.0,86.4,0.9,10,6.1,2,-0.2,1.3,137,6.8,20230210
41,2023-02-11,0.6,2023,6.0,0.0,86.1,1.9,11,0.0,2,-3.5,0.9,137,4.9,20230211
42,2023-02-12,0.0,2023,3.5,0.0,86.5,0.7,12,0.0,2,-4.4,0.6,137,9.6,20230212
43,2023-02-13,5.1,2023,9.9,0.0,71.9,0.5,13,0.0,2,2.0,0.8,137,8.6,20230213
44,2023-02-14,3.4,2023,8.8,0.0,64.0,6.8,14,0.0,2,-0.2,1.3,137,5.9,20230214
45,2023-02-15,2.6,2023,6.0,0.0,62.4,0.2,15,0.0,2,0.2,1.3,137,6.5,20230215
46,2023-02-16,3.2,2023,8.2,0.0,63.1,2.6,16,0.0,2,0.2,1.4,137,3.5,20230216
47,2023-02-17,4.0,2023,10.8,0.0,58.0,6.1,17,0.0,2,-2.2,1.0,137,3.9,20230217
48,2023-02-18,5.8,2023,7.8,0.0,59.9,0.0,18,0.0,2,3.6,0.6,137,9.3,20230218
49,2023-02-19,4.7,2023,9.0,0.0,52.4,4.7,19,0.0,2,0.0,3.1,137,4.0,20230219
50,2023-02-20,0.5,2023,6.3,0.0,42.9,9.7,20,0.0,2,-3.0,3.3,137,0.0,20230220
51,2023-02-21,-1.0,2023,5.6,0.0,36.0,10.2,21,0.0,2,-6.0,1.2,137,0.0,20230221
52,2023-02-22,1.8,2023,10.3,0.0,52.3,9.2,22,0.0,2,-8.0,1.2,137,4.6,20230222
53,2023-02-23,5.0,2023,11.4,0.0,45.6,9.4,23,0.0,2,-1.0,2.5,137,4.1,20230223
54,2023-02-24,5.2,2023,11.9,0.0,39.9,8.1,24,0.0,2,1.2,2.6,137,3.4,20230224
55,2023-02-25,1.8,2023,8.1,0.0,40.9,10.2,25,0.0,2,-2.0,2.6,137,0.3,20230225
56,2023-02-26,3.3,2023,11.3,0.0,33.6,10.3,26,0.0,2,-3.4,1.7,137,0.0,20230226
57,2023-02-27,6.2,2023,16.6,0.0,33.8,10.4,27,0.0,2,-4.9,1.4,137,0.0,20230227
58,2023-02-28,8.0,2023,15.8,0.0,40.9,10.4,28,0.0,2,-1.4,2.0,137,0.9,20230228
59,2023-03-01,7.3,2023,12.8,0.0,52.9,2.2,1,0.0,3,4.0,2.3,137,4.4,20230301
60,2023-03-02,3.1,2023,8.1,0.0,26.6,10.5,2,0.0,3,-0.9,2.6,137,0.8,20230302
61,2023-03-03,5.8,2023,13.3,0.0,37.5,10.5,3,0.0,3,-1.4,2.7,137,0.8,20230303
62,2023-03-04,6.7,2023,15.1,0.0,56.3,5.1,4,0.0,3,-1.3,1.0,137,4.8,20230304
63,2023-03-05,7.6,2023,16.8,0.0,53.4,9.8,5,0.0,3,-1.3,0.8,137,0.8,20230305
64,2023-03-06,8.9,2023,18.6,0.0,37.3,10.4,6,0.0,3,-0.9,1.6,137,1.3,20230306
65,2023-03-07,11.9,2023,22.3,0.0,37.3,9.3,7,0.0,3,0.6,1.5,137,1.8,20230307
66,2023-03-08,13.8,2023,23.6,0.0,33.3,10.2,8,0.0,3,4.8,1.1,137,2.3,20230308
67,2023-03-09,13.0,2023,22.3,0.0,47.9,7.2,9,0.0,3,4.5,1.4,137,2.8,20230309
68,2023-03-10,13.4,2023,23.8,0.0,42.9,10.3,10,0.0,3,2.7,0.9,137,0.5,20230310
69,2023-03-11,15.8,2023,25.5,0.0,41.3,8.6,11,0.0,3,5.3,1.0,137,5.5,20230311
70,2023-03-12,7.7,2023,16.5,0.0,56.0,0.9,12,8.1,3,0.8,2.4,137,7.5,20230312
71,2023-03-13,4.1,2023,10.0,0.0,30.8,10.7,13,0.1,3,-1.2,2.9,137,3.8,20230313
72,2023-03-14,8.9,2023,19.6,0.0,42.4,9.8,14,0.0,3,-1.3,1.2,137,3.6,20230314
73,2023-03-15,11.4,2023,21.9,0.0,60.4,10.2,15,0.0,3,0.2,2.2,137,3.3,20230315
74,2023-03-16,7.5,2023,14.9,0.0,24.4,5.3,16,0.0,3,1.8,2.3,137,8.0,20230316
75,2023-03-17,8.1,2023,12.6,0.0,42.0,0.7,17,0.0,3,2.3,1.0,137,9.4,20230317
76,2023-03-18,10.1,2023,17.3,0.0,42.9,8.7,18,0.0,3,3.5,1.8,137,4.6,20230318
77,2023-03-19,10.0,2023,18.2,0.0,38.5,11.1,19,0.0,3,2.1,1.6,137,0.0,20230319
78,2023-03-20,11.1,2023,20.5,0.0,38.6,10.1,20,0.0,3,0.4,1.2,137,5.8,20230320
79,2023-03-21,14.0,2023,23.2,0.0,37.3,10.5,21,0.0,3,3.9,1.1,137,1.4,20230321
80,2023-03-22,15.5,2023,23.7,0.0,59.8,9.2,22,0.1,3,4.6,1.2,137,5.4,20230322
81,2023-03-23,14.9,2023,17.1,0.0,97.0,0.1,23,23.4,3,13.0,0.9,137,9.1,20230323
82,2023-03-24,10.9,2023,13.6,0.0,79.0,0.0,24,0.0,3,8.6,1.1,137,9.0,20230324
83,2023-03-25,9.4,2023,12.3,0.0,76.1,0.0,25,0.0,3,7.5,1.0,137,9.1,20230325
84,2023-03-26,10.6,2023,17.5,0.0,49.3,7.4,26,0.0,3,5.8,1.7,137,4.4,20230326
85,2023-03-27,8.3,2023,15.8,0.0,33.0,11.2,27,0.0,3,1.2,1.6,137,0.0,20230327
86,2023-03-28,9.2,2023,17.9,0.0,48.9,9.0,28,0.0,3,-0.4,1.4,137,1.0,20230328
87,2023-03-29,11.8,2023,21.4,0.0,45.1,11.1,29,0.0,3,1.6,0.9,137,0.3,20230329
88,2023-03-30,13.9,2023,24.2,0.0,36.9,10.7,30,0.0,3,3.5,0.9,137,4.4,20230330
89,2023-03-31,16.0,2023,25.2,0.0,33.9,11.4,31,0.0,3,5.0,1.1,137,0.9,20230331
90,2023-04-01,15.5,2023,25.2,0.0,42.6,11.2,1,0.0,4,5.0,1.0,137,0.8,20230401
91,2023-04-02,14.8,2023,22.8,0.0,44.0,11.6,2,0.0,4,6.8,1.7,137,0.8,20230402
92,2023-04-03,14.0,2023,23.4,0.0,40.5,11.2,3,0.0,4,3.5,1.6,137,3.0,20230403
93,2023-04-04,13.8,2023,21.8,0.0,62.9,4.4,4,6.8,4,7.5,1.3,137,9.8,20230404
94,2023-04-05,13.8,2023,16.5,0.0,90.4,0.0,5,12.6,4,11.3,1.5,137,9.6,20230405
95,2023-04-06,10.3,2023,12.7,0.0,80.8,0.0,6,1.5,4,8.3,1.7,137,9.8,20230406
96,2023-04-07,0.0,2023,0.0,0.0,54.6,9.1,7,1.0,4,0.0,2.8,137,2.3,20230407
97,2023-04-08,9.2,2023,15.9,0.0,37.0,11.9,8,0.0,4,1.8,3.3,137,0.0,20230408
98,2023-04-09,12.1,2023,20.7,0.0,37.0,12.0,9,0.0,4,3.2,1.9,137,0.5,20230409
99,2023-04-10,13.1,2023,24.3,0.0,42.3,11.3,10,0.0,4,1.8,1.0,137,2.4,20230410
100,2023-04-11,14.1,2023,23.5,0.0,68.5,1.7,11,2.2,4,5.5,1.8,137,7.6,20230411
101,2023-04-12,12.7,2023,18.8,0.0,24.6,11.4,12,0.0,4,6.0,2.3,137,0.1,20230412
102,2023-04-13,14.0,2023,25.1,0.0,31.0,10.1,13,0.0,4,1.5,1.1,137,1.9,20230413
103,2023-04-14,14.6,2023,22.1,0.0,50.3,3.3,14,0.0,4,7.0,0.8,137,0.0,20230414
104,2023-04-15,12.5,2023,17.2,0.0,80.5,1.2,15,1.0,4,8.3,0.8,137,7.5,20230415
105,2023-04-16,11.2,2023,17.5,0.0,62.9,4.2,16,0.4,4,6.4,1.4,137,6.3,20230416
106,2023-04-17,14.4,2023,21.8,0.0,46.9,11.2,17,0.0,4,4.5,0.9,137,2.1,20230417
107,2023-04-18,12.5,2023,13.8,0.0,80.9,0.0,18,5.0,4,10.1,0.6,137,8.8,20230418
108,2023-04-19,17.0,2023,25.7,0.0,80.1,6.6,19,0.0,4,10.8,1.1,137,5.1,20230419
109,2023-04-20,20.9,2023,28.1,0.0,71.0,6.4,20,0.0,4,15.1,1.3,137,5.8,20230420
110,2023-04-21,16.2,2023,21.4,0.0,61.9,3.0,21,0.0,4,11.0,1.4,137,4.8,20230421
111,2023-04-22,13.9,2023,21.9,0.0,49.5,8.2,22,0.0,4,6.5,1.2,137,5.6,20230422
112,2023-04-23,13.5,2023,20.7,0.0,52.5,6.3,23,0.0,4,6.0,0.9,137,6.8,20230423
113,2023-04-24,13.1,2023,18.2,0.0,54.1,1.7,24,0.0,4,7.6,1.3,137,7.1,20230424
114,2023-04-25,7.9,2023,9.6,0.0,87.3,0.0,25,3.8,4,6.0,0.7,137,9.8,20230425
115,2023-04-26,10.5,2023,17.4,0.0,65.9,6.8,26,0.0,4,6.0,2.0,137,3.3,20230426
116,2023-04-27,12.6,2023,23.2,0.0,59.1,11.7,27,0.0,4,1.1,0.9,137,1.3,20230427
117,2023-04-28,17.0,2023,26.0,0.0,53.3,11.4,28,0.0,4,5.5,1.3,137,3.8,20230428
118,2023-04-29,14.1,2023,18.1,0.0,82.9,0.0,29,11.3,4,9.8,1.3,137,9.6,20230429
119,2023-04-30,14.4,2023,21.6,0.0,51.1,11.9,30,0.0,4,8.1,2.4,137,0.1,20230430
120,2023-05-01,15.3,2023,21.6,0.0,47.4,12.4,1,0.0,5,9.0,1.9,137,1.6,20230501
121,2023-05-02,15.3,2023,26.0,0.0,54.9,10.5,2,0.0,5,3.5,0.7,137,6.1,20230502
122,2023-05-03,19.1,2023,27.4,0.0,51.5,9.4,3,0.0,5,11.3,1.1,137,7.1,20230503
123,2023-05-04,18.7,2023,25.0,0.0,69.3,6.6,4,0.0,5,12.3,1.2,137,7.9,20230504
124,2023-05-05,18.7,2023,20.8,0.0,97.0,0.0,5,38.5,5,16.6,0.5,137,9.8,20230505
125,2023-05-06,13.7,2023,19.6,0.0,97.8,0.0,6,32.6,5,10.3,1.2,137,8.6,20230506
126,2023-05-07,10.9,2023,14.5,0.0,81.1,0.0,7,0.3,5,6.9,0.8,137,7.5,20230507
127,2023-05-08,12.9,2023,22.4,0.0,65.4,9.9,8,0.0,5,3.5,0.7,137,4.1,20230508
128,2023-05-09,17.9,2023,27.3,0.0,51.8,12.3,9,0.0,5,6.8,1.2,137,2.0,20230509
129,2023-05-10,19.0,2023,26.2,0.0,46.3,12.0,10,0.0,5,11.4,1.0,137,3.6,20230510
130,2023-05-11,17.7,2023,26.3,0.0,57.0,11.7,11,0.0,5,8.6,0.9,137,4.0,20230511
131,2023-05-12,17.9,2023,24.8,0.0,57.5,6.1,12,0.0,5,10.1,1.0,137,8.0,20230512
132,2023-05-13,18.9,2023,25.6,0.0,56.3,10.2,13,0.0,5,12.3,0.9,137,4.4,20230513
133,2023-05-14,19.1,2023,27.0,0.0,55.3,12.9,14,0.0,5,11.1,1.0,137,1.6,20230514
134,2023-05-15,20.3,2023,29.0,0.0,57.8,12.2,15,0.0,5,9.6,0.8,137,0.9,20230515
135,2023-05-16,24.1,2023,33.0,0.0,48.8,11.7,16,0.0,5,13.9,1.4,137,1.6,20230516
136,2023-05-17,23.9,2023,32.8,0.0,48.0,12.3,17,0.0,5,13.6,1.2,137,6.0,20230517
137,2023-05-18,17.9,2023,22.1,0.0,76.4,0.0,18,0.8,5,16.2,0.8,137,9.5,20230518
138,2023-05-19,19.8,2023,25.4,0.0,71.5,2.5,19,0.0,5,15.8,0.9,137,6.5,20230519
139,2023-05-20,20.5,2023,28.8,0.0,68.1,9.4,20,0.0,5,12.3,1.3,137,2.0,20230520
140,2023-05-21,20.1,2023,25.5,0.0,63.8,9.3,21,0.0,5,16.2,2.0,137,5.6,20230521
141,2023-05-22,17.7,2023,21.7,0.0,69.1,2.4,22,0.0,5,14.1,0.9,137,7.9,20230522
142,2023-05-23,18.5,2023,26.1,0.0,60.5,12.3,23,0.0,5,11.1,0.9,137,1.0,20230523
143,2023-05-24,18.3,2023,26.2,0.0,60.5,6.6,24,0.0,5,10.1,0.6,137,6.1,20230524
144,2023-05-25,21.8,2023,28.6,0.0,48.5,9.0,25,0.0,5,16.0,1.1,137,5.6,20230525
145,2023-05-26,22.3,2023,28.1,0.0,54.4,7.4,26,0.0,5,17.1,1.0,137,7.0,20230526
146,2023-05-27,21.1,2023,24.4,0.0,78.9,0.1,27,0.0,5,18.5,0.6,137,9.6,20230527
147,2023-05-28,19.8,2023,20.7,0.0,96.9,0.0,28,29.2,5,18.2,0.3,137,9.9,20230528
148,2023-05-29,20.3,2023,22.0,0.0,98.3,0.0,29,46.8,5,19.1,0.4,137,9.0,20230529
149,2023-05-30,20.1,2023,24.9,0.0,82.8,0.5,30,0.0,5,17.0,0.7,137,7.3,20230530
150,2023-05-31,20.3,2023,27.5,0.0,62.3,13.0,31,0.0,5,12.8,1.0,137,3.9,20230531
151,2023-06-01,20.1,2023,25.5,0.0,71.0,2.4,1,0.0,6,14.3,0.7,137,8.0,20230601
152,2023-06-02,23.0,2023,29.2,0.0,67.1,7.6,2,0.0,6,19.2,1.7,137,4.9,20230602
153,2023-06-03,22.8,2023,29.2,0.0,53.3,12.2,3,0.0,6,16.9,1.8,137,2.3,20230603
154,2023-06-04,23.6,2023,29.3,0.0,43.6,12.3,4,0.0,6,18.1,2.0,137,5.9,20230604
155,2023-06-05,22.9,2023,27.8,0.0,53.8,9.9,5,0.0,6,18.5,2.0,137,6.8,20230605
156,2023-06-06,22.6,2023,28.8,0.0,60.1,11.8,6,0.0,6,16.3,1.4,137,4.0,20230606
157,2023-06-07,22.4,2023,27.3,0.0,68.5,5.8,7,0.0,6,17.5,1.2,137,6.9,20230607
158,2023-06-08,22.9,2023,30.2,0.0,73.0,4.0,8,0.0,6,18.3,0.7,137,7.8,20230608
159,2023-06-09,23.3,2023,30.1,0.0,61.5,11.5,9,0.4,6,17.5,1.3,137,3.5,20230609
160,2023-06-10,21.2,2023,31.3,0.0,77.4,5.6,10,4.3,6,16.2,0.8,137,6.9,20230610
161,2023-06-11,22.1,2023,30.0,0.0,83.3,4.9,11,7.8,6,17.7,0.7,137,6.1,20230611
162,2023-06-12,23.5,2023,30.2,0.0,70.1,8.3,12,0.0,6,19.0,0.7,137,5.0,20230612
163,2023-06-13,23.2,2023,29.8,0.0,67.9,10.7,13,0.0,6,17.2,1.0,137,4.9,20230613
164,2023-06-14,20.3,2023,28.7,0.0,79.8,6.9,14,1.3,6,16.1,0.7,137,6.3,20230614
165,2023-06-15,21.2,2023,28.2,0.0,79.0,5.8,15,0.0,6,17.1,0.8,137,5.1,20230615
166,2023-06-16,24.6,2023,32.1,0.0,66.6,13.3,16,0.0,6,16.8,1.0,137,2.1,20230616
167,2023-06-17,26.9,2023,33.4,0.0,53.3,11.4,17,0.0,6,20.8,1.7,137,5.1,20230617
168,2023-06-18,27.0,2023,34.2,0.0,51.5,8.7,18,0.0,6,22.2,1.3,137,4.5,20230618
169,2023-06-19,25.9,2023,33.5,0.0,61.5,9.7,19,0.0,6,18.7,0.9,137,3.3,20230619
170,2023-06-20,23.0,2023,27.6,0.0,69.6,3.5,20,0.6,6,19.0,0.9,137,5.9,20230620
171,2023-06-21,19.8,2023,21.6,0.0,96.9,0.0,21,20.9,6,18.1,0.7,137,7.6,20230621
172,2023-06-22,23.1,2023,28.4,0.0,75.3,4.3,22,0.7,6,19.9,1.6,137,7.3,20230622
173,2023-06-23,25.2,2023,31.6,0.0,67.4,11.3,23,0.0,6,19.3,1.0,137,3.0,20230623
174,2023-06-24,25.5,2023,32.0,0.0,70.1,11.4,24,0.0,6,18.7,0.7,137,4.3,20230624
175,2023-06-25,25.2,2023,30.9,0.0,71.6,5.6,25,0.0,6,19.2,0.9,137,6.9,20230625
176,2023-06-26,22.4,2023,24.7,0.0,97.9,0.0,26,61.9,6,20.7,0.5,137,9.9,20230626
177,2023-06-27,26.6,2023,31.5,0.0,75.4,9.4,27,5.3,6,23.2,1.6,137,4.9,20230627
178,2023-06-28,24.5,2023,30.0,0.0,80.9,5.4,28,5.4,6,18.7,1.3,137,8.3,20230628
179,2023-06-29,24.7,2023,26.7,0.0,92.8,0.0,29,40.3,6,22.7,1.0,137,9.1,20230629
180,2023-06-30,24.4,2023,26.1,0.0,97.8,0.0,30,25.9,6,23.3,0.6,137,9.0,20230630
181,2023-07-01,26.5,2023,32.0,0.0,82.6,7.8,1,0.4,7,22.2,0.6,137,2.8,20230701
182,2023-07-02,27.8,2023,32.7,0.0,79.1,5.5,2,0.0,7,23.3,0.9,137,6.5,20230702
183,2023-07-03,27.3,2023,33.0,0.0,74.6,9.8,3,0.0,7,22.6,0.8,137,4.9,20230703
184,2023-07-04,24.4,2023,27.2,0.0,88.0,0.0,4,61.3,7,22.7,0.8,137,9.0,20230704
185,2023-07-05,25.1,2023,29.5,0.0,80.4,5.9,5,21.0,7,21.2,1.9,137,4.6,20230705
186,2023-07-06,25.7,2023,33.2,0.0,74.0,7.5,6,0.0,7,19.2,0.7,137,7.3,20230706
187,2023-07-07,20.6,2023,25.1,0.0,93.8,0.0,7,67.5,7,17.4,0.7,137,9.1,20230707
188,2023-07-08,23.5,2023,28.8,0.0,90.3,2.1,8,4.6,7,18.3,0.4,137,7.5,20230708
189,2023-07-09,25.1,2023,28.8,0.0,92.6,0.5,9,13.5,7,23.0,0.5,137,7.5,20230709
190,2023-07-10,26.0,2023,31.8,0.0,85.0,7.1,10,19.7,7,21.0,0.8,137,6.1,20230710
191,2023-07-11,23.5,2023,26.3,0.0,95.0,0.0,11,50.7,7,22.2,0.6,137,8.8,20230711
192,2023-07-12,26.5,2023,32.4,0.0,86.0,4.4,12,1.8,7,22.1,0.6,137,7.8,20230712
193,2023-07-13,25.3,2023,26.8,0.0,96.9,0.0,13,10.0,7,24.5,0.3,137,10.0,20230713
194,2023-07-14,24.6,2023,25.2,0.0,98.9,0.0,14,121.1,7,24.2,1.2,137,9.8,20230714
195,2023-07-15,23.9,2023,26.6,0.0,98.1,0.0,15,38.3,7,21.3,0.6,137,9.9,20230715
196,2023-07-16,24.7,2023,28.2,0.0,92.1,0.7,16,2.0,7,21.2,0.4,137,9.0,20230716
197,2023-07-17,26.5,2023,32.2,0.0,90.4,3.7,17,7.5,7,23.6,0.5,137,8.8,20230717
198,2023-07-18,23.4,2023,25.4,0.0,99.5,0.0,18,66.7,7,22.2,0.6,137,8.8,20230718
199,2023-07-19,26.1,2023,32.5,0.0,83.0,9.8,19,0.0,7,21.5,0.6,137,2.5,20230719
200,2023-07-20,27.3,2023,32.7,0.0,80.8,10.7,20,0.9,7,22.0,0.8,137,4.1,20230720
201,2023-07-21,26.6,2023,33.1,0.0,84.3,6.2,21,0.0,7,22.6,0.6,137,3.9,20230721
202,2023-07-22,25.3,2023,30.4,0.0,82.3,5.5,22,0.0,7,21.7,0.9,137,6.6,20230722
203,2023-07-23,26.4,2023,29.2,0.0,88.0,0.0,23,0.6,7,23.8,0.6,137,9.9,20230723
204,2023-07-24,26.0,2023,28.8,0.0,92.3,0.7,24,13.3,7,24.3,0.4,137,8.8,20230724
205,2023-07-25,25.1,2023,31.5,0.0,92.3,2.0,25,6.1,7,22.8,0.8,137,9.8,20230725
206,2023-07-26,25.2,2023,32.7,0.0,91.6,5.8,26,10.5,7,22.3,0.6,137,8.4,20230726
207,2023-07-27,26.7,2023,33.2,0.0,87.3,6.6,27,0.0,7,22.3,0.8,137,5.3,20230727
208,2023-07-28,27.7,2023,33.7,0.0,84.9,6.2,28,0.0,7,23.7,0.5,137,3.9,20230728
209,2023-07-29,28.7,2023,34.5,0.0,81.9,7.8,29,0.0,7,24.1,0.5,137,2.6,20230729
210,2023-07-30,29.0,2023,34.4,0.0,77.4,9.7,30,0.0,7,24.2,0.8,137,4.0,20230730
211,2023-07-31,28.4,2023,33.3,0.0,79.4,7.9,31,0.0,7,24.1,0.9,137,5.5,20230731
212,2023-08-01,28.8,2023,34.2,0.0,80.9,8.6,1,0.0,8,24.1,0.4,137,5.4,20230801
213,2023-08-02,29.1,2023,35.0,0.0,80.0,8.3,2,0.0,8,24.1,0.7,137,6.3,20230802
214,2023-08-03,30.2,2023,35.4,0.0,73.6,11.6,3,0.0,8,25.3,1.0,137,5.0,20230803
215,2023-08-04,30.0,2023,35.2,0.0,76.0,9.9,4,0.0,8,25.6,0.8,137,4.6,20230804
216,2023-08-05,30.0,2023,35.7,0.0,78.3,9.6,5,0.0,8,25.7,0.5,137,3.5,20230805
217,2023-08-06,30.0,2023,35.7,0.0,77.0,11.0,6,0.0,8,24.8,0.6,137,5.3,20230806
218,2023-08-07,29.3,2023,36.0,0.0,77.3,9.2,7,0.0,8,25.2,0.6,137,5.9,20230807
219,2023-08-08,29.0,2023,33.9,0.0,76.5,6.2,8,6.7,8,26.1,0.9,137,6.0,20230808
220,2023-08-09,25.6,2023,29.3,0.0,89.8,0.0,9,32.9,8,23.7,1.1,137,8.8,20230809
221,2023-08-10,22.0,2023,23.7,0.0,96.5,0.0,10,136.2,8,21.1,2.3,137,8.6,20230810
222,2023-08-11,26.2,2023,32.6,0.0,81.4,6.4,11,3.6,8,21.8,1.2,137,6.1,20230811
223,2023-08-12,25.1,2023,28.6,0.0,86.8,1.9,12,0.5,8,22.6,0.4,137,8.1,20230812
224,2023-08-13,26.4,2023,31.1,0.0,84.1,4.0,13,0.0,8,21.7,0.6,137,7.3,20230813
225,2023-08-14,27.9,2023,32.4,0.0,74.8,11.0,14,0.0,8,23.7,0.7,137,4.4,20230814
226,2023-08-15,28.3,2023,33.7,0.0,75.5,10.8,15,0.0,8,23.5,0.6,137,4.0,20230815
227,2023-08-16,27.9,2023,32.5,0.0,76.9,8.6,16,0.0,8,24.2,0.7,137,6.1,20230816
228,2023-08-17,25.6,2023,30.0,0.0,86.8,2.7,17,0.0,8,23.8,0.6,137,5.8,20230817
229,2023-08-18,26.1,2023,32.1,0.0,88.0,3.9,18,5.1,8,23.6,0.6,137,6.6,20230818
230,2023-08-19,27.8,2023,32.9,0.0,84.6,7.1,19,0.0,8,24.2,0.5,137,5.0,20230819
231,2023-08-20,27.4,2023,34.1,0.0,86.6,6.4,20,0.6,8,24.0,0.6,137,6.5,20230820
232,2023-08-21,27.4,2023,32.8,0.0,86.5,4.4,21,0.0,8,23.7,0.5,137,6.0,20230821
233,2023-08-22,28.2,2023,33.8,0.0,79.3,6.1,22,0.0,8,23.7,0.7,137,5.5,20230822
234,2023-08-23,28.0,2023,33.4,0.0,80.6,5.0,23,2.5,8,24.3,0.8,137,8.1,20230823
235,2023-08-24,24.6,2023,25.6,0.0,97.9,0.0,24,39.4,8,24.0,0.6,137,9.5,20230824
236,2023-08-25,26.7,2023,31.6,0.0,74.3,11.1,25,0.5,8,22.4,1.5,137,2.9,20230825
237,2023-08-26,25.4,2023,31.4,0.0,79.1,11.5,26,0.0,8,20.3,0.7,137,3.4,20230826
238,2023-08-27,25.5,2023,30.6,0.0,79.4,8.8,27,0.0,8,20.5,0.7,137,6.9,20230827
239,2023-08-28,25.5,2023,28.6,0.0,82.6,0.9,28,0.0,8,23.1,0.8,137,9.1,20230828
240,2023-08-29,25.4,2023,27.7,0.0,92.9,0.2,29,51.5,8,23.8,0.7,137,9.4,20230829
241,2023-08-30,21.9,2023,24.5,0.0,97.8,0.0,30,53.7,8,20.8,0.9,137,8.5,20230830
242,2023-08-31,24.1,2023,28.8,0.0,82.3,5.3,31,0.0,8,20.5,0.7,137,6.9,20230831
243,2023-09-01,23.3,2023,29.6,0.0,81.1,7.6,1,0.0,9,18.6,0.5,137,5.4,20230901
244,2023-09-02,22.6,2023,30.4,0.0,88.4,7.0,2,7.0,9,17.0,0.7,137,3.1,20230902
245,2023-09-03,25.4,2023,31.0,0.0,87.3,4.2,3,0.0,9,22.2,0.5,137,6.6,20230903
246,2023-09-04,26.8,2023,31.7,0.0,80.0,6.5,4,0.0,9,23.0,0.7,137,6.9,20230904
247,2023-09-05,25.3,2023,30.4,0.0,79.3,9.5,5,0.0,9,21.7,0.6,137,7.0,20230905
248,2023-09-06,24.7,2023,31.0,0.0,76.1,11.5,6,0.0,9,19.5,0.6,137,1.3,20230906
249,2023-09-07,22.6,2023,29.5,0.0,77.1,9.4,7,0.0,9,17.7,0.7,137,1.9,20230907
250,2023-09-08,22.2,2023,29.1,0.0,75.1,11.9,8,0.0,9,15.8,0.6,137,0.6,20230908
251,2023-09-09,22.6,2023,30.0,0.0,74.8,11.4,9,0.0,9,16.7,0.5,137,1.1,20230909
252,2023-09-10,22.9,2023,30.1,0.0,80.8,10.4,10,0.0,9,16.7,0.6,137,2.8,20230910
253,2023-09-11,24.4,2023,30.6,0.0,79.3,9.5,11,0.0,9,19.0,0.6,137,4.5,20230911
254,2023-09-12,25.0,2023,30.5,0.0,80.6,4.6,12,0.0,9,20.7,0.4,137,8.5,20230912
255,2023-09-13,22.8,2023,24.6,0.0,94.5,0.0,13,4.8,9,21.6,0.4,137,10.0,20230913
256,2023-09-14,21.7,2023,24.0,0.0,97.1,0.0,14,7.9,9,20.6,0.8,137,9.5,20230914
257,2023-09-15,21.8,2023,22.7,0.0,100.0,0.0,15,17.4,9,21.0,0.6,137,9.1,20230915
258,2023-09-16,22.9,2023,26.1,0.0,98.0,0.0,16,22.1,9,21.6,0.4,137,8.4,20230916
259,2023-09-17,24.6,2023,28.7,0.0,90.1,1.2,17,0.0,9,22.2,0.4,137,9.4,20230917
260,2023-09-18,25.1,2023,31.2,0.0,83.9,7.7,18,21.3,9,21.3,0.6,137,4.1,20230918
261,2023-09-19,23.9,2023,28.2,0.0,82.8,5.9,19,0.0,9,20.1,0.8,137,6.5,20230919
262,2023-09-20,20.7,2023,22.1,0.0,97.9,0.0,20,88.7,9,19.6,1.0,137,9.0,20230920
263,2023-09-21,19.2,2023,20.7,0.0,95.0,0.0,21,9.5,9,18.2,0.6,137,8.1,20230921
264,2023-09-22,19.9,2023,25.7,0.0,83.8,8.1,22,0.0,9,15.8,0.5,137,5.3,20230922
265,2023-09-23,19.0,2023,25.4,0.0,81.1,7.5,23,0.0,9,13.5,0.7,137,6.3,20230923
266,2023-09-24,19.4,2023,25.7,0.0,73.4,9.1,24,0.0,9,13.8,1.0,137,4.8,20230924
267,2023-09-25,20.8,2023,26.4,0.0,80.6,3.0,25,1.3,9,16.7,0.5,137,8.5,20230925
268,2023-09-26,19.7,2023,20.2,0.0,100.0,0.0,26,40.5,9,19.0,0.5,137,8.5,20230926
269,2023-09-27,22.0,2023,26.5,0.0,90.9,1.2,27,1.2,9,20.0,0.8,137,9.1,20230927
270,2023-09-28,22.6,2023,27.2,0.0,77.0,8.2,28,0.0,9,19.1,1.6,137,3.4,20230928
271,2023-09-29,20.7,2023,25.8,0.0,78.3,3.5,29,0.0,9,16.6,0.8,137,8.0,20230929
272,2023-09-30,19.3,2023,24.8,0.0,77.4,0.0,30,3.4,9,14.8,1.2,137,4.4,20230930
273,2023-10-01,18.1,2023,24.0,0.0,63.8,10.8,1,0.0,10,12.6,1.6,137,0.9,20231001
274,2023-10-02,16.2,2023,24.3,0.0,68.5,10.9,2,0.0,10,10.0,0.8,137,3.6,20231002
275,2023-10-03,13.6,2023,17.7,0.0,86.9,0.2,3,0.0,10,9.8,0.4,137,6.6,20231003
276,2023-10-04,17.0,2023,24.7,0.0,76.5,7.6,4,0.0,10,9.6,0.9,137,7.5,20231004
277,2023-10-05,15.3,2023,19.7,0.0,43.6,10.6,5,0.0,10,12.0,1.8,137,2.1,20231005
278,2023-10-06,15.2,2023,22.0,0.0,61.0,9.1,6,0.0,10,9.1,0.8,137,6.6,20231006
279,2023-10-07,15.5,2023,20.3,0.0,76.4,2.4,7,0.0,10,9.6,0.6,137,8.9,20231007
280,2023-10-08,16.8,2023,21.7,0.0,72.8,3.3,8,0.0,10,13.6,0.8,137,8.5,20231008
281,2023-10-09,16.5,2023,22.5,0.0,78.1,2.8,9,0.3,10,11.0,0.6,137,7.3,20231009
282,2023-10-10,17.1,2023,23.5,0.0,71.1,9.9,10,0.0,10,13.1,0.8,137,3.0,20231010
283,2023-10-11,14.9,2023,22.6,0.0,77.8,10.4,11,0.0,10,9.5,0.5,137,2.6,20231011
284,2023-10-12,14.7,2023,23.3,0.0,73.8,10.4,12,0.0,10,8.1,0.5,137,4.0,20231012
285,2023-10-13,16.0,2023,23.3,0.0,75.5,6.3,13,0.0,10,10.6,0.5,137,8.0,20231013
286,2023-10-14,14.5,2023,21.7,0.0,82.5,4.1,14,2.4,10,9.8,0.6,137,5.4,20231014
287,2023-10-15,16.3,2023,21.5,0.0,70.6,6.9,15,0.0,10,11.8,1.8,137,2.6,20231015
288,2023-10-16,15.7,2023,21.0,0.0,67.4,8.2,16,0.0,10,11.3,1.5,137,1.4,20231016
289,2023-10-17,13.6,2023,21.2,0.0,59.6,10.3,17,0.0,10,6.6,1.4,137,0.0,20231017
290,2023-10-18,14.0,2023,24.2,0.0,69.5,10.2,18,0.0,10,5.0,0.7,137,4.3,20231018
291,2023-10-19,15.1,2023,20.4,0.0,82.0,0.8,19,2.0,10,9.8,0.7,137,8.1,20231019
292,2023-10-20,12.8,2023,17.1,0.0,51.8,9.0,20,0.5,10,8.5,2.4,137,0.0,20231020
293,2023-10-21,11.0,2023,17.5,0.0,54.8,7.7,21,0.0,10,3.2,1.6,137,1.8,20231021
294,2023-10-22,12.9,2023,19.6,0.0,60.0,8.0,22,0.0,10,6.5,1.7,137,4.9,20231022
295,2023-10-23,13.2,2023,21.5,0.0,76.3,7.9,23,0.0,10,7.0,0.7,137,3.0,20231023
296,2023-10-24,13.3,2023,22.2,0.0,78.8,6.1,24,0.0,10,6.5,0.6,137,3.9,20231024
297,2023-10-25,14.8,2023,23.5,0.0,76.1,9.6,25,0.0,10,8.0,0.8,137,1.5,20231025
298,2023-10-26,16.0,2023,23.2,0.0,75.9,7.7,26,0.0,10,9.1,1.1,137,3.3,20231026
299,2023-10-27,15.2,2023,20.2,0.0,70.9,5.2,27,0.0,10,9.6,1.5,137,3.6,20231027
300,2023-10-28,11.6,2023,20.9,0.0,74.6,6.3,28,0.0,10,6.8,0.7,137,2.5,20231028
301,2023-10-29,11.2,2023,19.9,0.0,78.3,9.7,29,0.0,10,4.9,0.5,137,1.0,20231029
302,2023-10-30,12.5,2023,22.3,0.0,75.3,9.5,30,0.0,10,5.1,0.5,137,2.4,20231030
303,2023-10-31,13.5,2023,23.6,0.0,65.3,9.4,31,0.0,10,6.1,0.9,137,2.0,20231031
304,2023-11-01,14.4,2023,23.2,0.0,72.6,6.0,1,0.0,11,6.5,0.6,137,2.3,20231101
305,2023-11-02,15.7,2023,27.5,0.0,69.9,6.2,2,0.0,11,9.1,0.8,137,2.4,20231102
306,2023-11-03,16.6,2023,25.7,0.0,69.0,8.7,3,0.0,11,7.5,1.0,137,5.0,20231103
307,2023-11-04,16.9,2023,20.3,0.0,87.5,0.0,4,2.6,11,14.8,0.9,137,8.4,20231104
308,2023-11-05,18.2,2023,23.2,0.0,87.1,0.5,5,5.0,11,15.5,1.0,137,8.3,20231105
309,2023-11-06,16.2,2023,19.6,0.0,68.4,2.4,6,8.6,11,10.8,3.2,137,6.3,20231106
310,2023-11-07,9.3,2023,13.3,0.0,48.1,7.8,7,0.1,11,5.0,2.9,137,0.8,20231107
311,2023-11-08,6.8,2023,15.2,0.0,65.5,9.6,8,0.0,11,-0.5,0.8,137,0.3,20231108
312,2023-11-09,10.1,2023,16.8,0.0,76.5,4.6,9,5.6,11,1.3,0.6,137,6.1,20231109
313,2023-11-10,7.8,2023,12.6,0.0,52.6,5.6,10,5.0,11,2.4,2.3,137,5.4,20231110
314,2023-11-11,3.5,2023,7.9,0.0,49.3,4.5,11,0.0,11,0.0,1.8,137,4.9,20231111
315,2023-11-12,2.8,2023,6.9,0.0,52.4,9.2,12,0.0,11,-1.0,2.5,137,0.6,20231112
316,2023-11-13,3.5,2023,8.6,0.0,47.9,9.4,13,0.0,11,-1.0,2.2,137,0.0,20231113
317,2023-11-14,5.8,2023,12.3,0.0,62.9,9.3,14,0.0,11,2.2,1.8,137,1.8,20231114
318,2023-11-15,5.6,2023,14.4,0.0,70.9,9.2,15,0.0,11,-0.5,0.9,137,1.0,20231115
319,2023-11-16,3.8,2023,6.3,0.0,90.5,0.0,16,5.6,11,1.3,0.6,137,7.5,20231116
320,2023-11-17,3.9,2023,8.5,0.0,62.5,6.6,17,0.1,11,-0.3,2.5,137,5.4,20231117
321,2023-11-18,2.1,2023,6.1,0.0,54.9,8.1,18,0.0,11,-2.8,3.2,137,1.9,20231118
322,2023-11-19,8.8,2023,13.3,0.0,62.6,3.0,19,0.0,11,3.0,2.5,137,2.4,20231119
323,2023-11-20,7.2,2023,14.2,0.0,50.4,9.0,20,0.0,11,1.2,1.6,137,0.0,20231120
324,2023-11-21,5.4,2023,16.7,0.0,58.8,9.1,21,0.0,11,-2.8,0.8,137,0.4,20231121
325,2023-11-22,7.2,2023,17.5,0.0,65.1,9.1,22,0.0,11,-1.6,0.7,137,2.6,20231122
326,2023-11-23,11.7,2023,19.3,0.0,56.5,7.1,23,0.0,11,6.0,2.1,137,2.3,20231123
327,2023-11-24,1.5,2023,6.0,0.0,41.9,9.0,24,0.0,11,-2.2,3.9,137,0.3,20231124
328,2023-11-25,-0.4,2023,6.0,0.0,38.4,9.0,25,0.0,11,-4.8,1.2,137,0.3,20231125
329,2023-11-26,4.0,2023,10.5,0.0,48.5,7.1,26,0.3,11,-3.6,0.8,137,6.8,20231126
330,2023-11-27,5.1,2023,8.6,0.0,88.8,0.1,27,2.9,11,2.9,0.7,137,7.0,20231127
331,2023-11-28,4.2,2023,7.4,0.0,54.0,8.2,28,0.0,11,1.1,2.7,137,2.5,20231128
332,2023-11-29,2.7,2023,7.4,0.0,62.4,3.1,29,0.1,11,-1.8,2.2,137,4.8,20231129
333,2023-11-30,-2.1,2023,1.1,0.0,46.3,8.8,30,0.0,11,-5.1,3.1,137,0.1,20231130
334,2023-12-01,-0.7,2023,4.0,0.0,51.0,8.8,1,0.0,12,-4.1,2.6,137,0.4,20231201
335,2023-12-02,2.8,2023,7.8,0.0,62.4,1.2,2,0.0,12,-2.8,1.5,137,6.1,20231202
336,2023-12-03,3.2,2023,8.3,0.0,44.5,8.7,3,0.0,12,-2.2,2.0,137,0.1,20231203
337,2023-12-04,2.0,2023,10.3,0.0,55.5,8.6,4,0.0,12,-5.5,1.1,137,2.8,20231204
338,2023-12-05,2.8,2023,11.0,0.0,63.3,7.2,5,0.0,12,-2.8,0.5,137,3.0,20231205
339,2023-12-06,3.5,2023,9.1,0.0,77.8,2.5,6,2.6,12,-2.8,1.0,137,5.3,20231206
340,2023-12-07,6.1,2023,12.2,0.0,52.8,8.5,7,0.0,12,0.6,2.6,137,0.3,20231207
341,2023-12-08,4.4,2023,12.8,0.0,75.1,8.4,8,0.0,12,-2.5,0.6,137,0.9,20231208
342,2023-12-09,7.9,2023,17.6,0.0,80.6,8.4,9,0.0,12,0.6,0.5,137,2.5,20231209
343,2023-12-10,10.1,2023,16.3,0.0,78.3,6.9,10,0.0,12,3.4,0.8,137,8.1,20231210
344,2023-12-11,10.9,2023,12.1,0.0,90.1,0.0,11,45.9,12,9.5,1.9,137,8.0,20231211
345,2023-12-12,8.2,2023,10.3,0.0,74.4,0.6,12,0.1,12,6.7,1.1,137,5.9,20231212
346,2023-12-13,7.4,2023,11.8,0.0,75.4,5.2,13,0.0,12,4.3,0.9,137,6.6,20231213
347,2023-12-14,7.6,2023,8.6,0.0,88.6,0.0,14,26.0,12,6.3,0.8,137,8.5,20231214
348,2023-12-15,8.7,2023,10.1,0.0,97.0,0.0,15,39.6,12,6.6,1.4,137,8.8,20231215
349,2023-12-16,-0.6,2023,6.6,0.0,72.4,1.5,16,3.6,12,-6.7,4.2,137,6.9,20231216
350,2023-12-17,-7.3,2023,-4.0,0.0,49.5,8.6,17,0.0,12,-9.7,2.3,137,2.3,20231217
351,2023-12-18,-4.9,2023,0.2,0.0,47.5,6.4,18,0.0,12,-9.7,1.7,137,6.6,20231218
352,2023-12-19,-1.8,2023,2.3,0.0,47.1,2.2,19,0.0,12,-6.2,1.2,137,7.6,20231219
353,2023-12-20,-4.4,2023,-0.3,0.0,56.5,4.4,20,0.0,12,-8.9,3.0,137,4.4,20231220
354,2023-12-21,-8.8,2023,-5.1,0.0,49.8,8.6,21,0.0,12,-11.4,2.3,137,0.5,20231221
355,2023-12-22,-8.6,2023,-5.3,0.0,45.5,8.6,22,0.0,12,-11.9,3.0,137,0.3,20231222
356,2023-12-23,-4.6,2023,1.6,0.0,50.4,8.0,23,0.0,12,-9.4,1.8,137,3.5,20231223
357,2023-12-24,-2.7,2023,2.9,0.0,73.3,4.5,24,0.3,12,-5.6,1.0,137,4.0,20231224
358,2023-12-25,-0.2,2023,3.4,0.0,72.0,2.7,25,0.0,12,-3.5,1.6,137,2.4,20231225
359,2023-12-26,2.7,2023,6.8,0.0,64.8,2.5,26,0.0,12,-1.7,1.5,137,5.1,20231226
360,2023-12-27,1.4,2023,7.6,0.0,73.3,8.1,27,0.0,12,-2.3,0.7,137,2.6,20231227
361,2023-12-28,0.8,2023,6.7,0.0,72.4,7.8,28,0.0,12,-4.7,1.6,137,0.3,20231228
362,2023-12-29,1.3,2023,7.3,0.0,71.8,8.1,29,0.0,12,-4.2,1.3,137,1.8,20231229
363,2023-12-30,0.4,2023,3.2,0.0,83.0,0.4,30,0.4,12,-3.2,0.7,137,5.9,20231230
364,2023-12-31,2.5,2023,6.0,0.0,85.9,0.1,31,1.6,12,0.0,1.7,137,3.6,20231231
