,Date,rainfall,tmin,station_id,humid,snow,sunshine,date,cloud,month,day,tavg,wind,tmax,year
0,2014-01-01,0.0,1.7,137,45.3,0.0,7.9,20140101,0.0,1,1,5.3,3.8,8.7,2014
1,2014-01-02,0.0,-2.4,137,38.1,0.0,8.4,20140102,0.0,1,2,3.3,2.4,8.8,2014
2,2014-01-03,0.0,-5.9,137,52.8,0.0,5.9,20140103,0.0,1,3,0.4,0.8,8.7,2014
3,2014-01-04,0.0,-2.9,137,55.8,0.0,8.1,20140104,0.0,1,4,1.5,1.4,7.2,2014
4,2014-01-05,0.0,-4.2,137,48.4,0.0,7.8,20140105,0.0,1,5,0.7,1.8,6.5,2014
5,2014-01-06,0.0,-6.1,137,51.6,0.0,8.3,20140106,0.0,1,6,-0.6,0.9,7.0,2014
6,2014-01-07,0.0,-7.5,137,62.1,0.0,3.2,20140107,0.0,1,7,-0.1,0.9,6.7,2014
7,2014-01-08,0.0,-2.6,137,57.1,0.0,0.0,20140108,0.0,1,8,1.9,2.2,5.4,2014
8,2014-01-09,0.0,-8.5,137,26.1,0.0,8.4,20140109,0.0,1,9,-5.6,3.3,-1.7,2014
9,2014-01-10,0.0,-11.0,137,48.9,0.0,8.2,20140110,0.0,1,10,-4.0,2.1,1.0,2014
10,2014-01-11,0.0,-5.2,137,54.5,0.0,8.1,20140111,0.0,1,11,-0.8,2.1,3.7,2014
11,2014-01-12,0.0,-4.6,137,49.8,0.0,3.1,20140112,0.0,1,12,0.2,3.2,4.3,2014
12,2014-01-13,0.0,-8.9,137,26.1,0.0,8.4,20140113,0.0,1,13,-4.3,2.5,0.7,2014
13,2014-01-14,0.0,-8.0,137,29.6,0.0,8.4,20140114,0.0,1,14,-2.9,1.9,4.0,2014
14,2014-01-15,0.0,-9.1,137,42.9,0.0,8.4,20140115,0.0,1,15,-2.2,2.1,4.0,2014
15,2014-01-16,0.0,-7.9,137,58.0,0.0,7.0,20140116,0.0,1,16,-1.0,1.4,5.0,2014
16,2014-01-17,0.0,-5.6,137,54.6,0.0,6.8,20140117,0.0,1,17,0.2,1.5,5.9,2014
17,2014-01-18,0.0,-4.1,137,43.1,0.0,7.0,20140118,0.0,1,18,-0.6,2.8,3.7,2014
18,2014-01-19,0.0,-8.9,137,41.8,0.0,8.5,20140119,0.0,1,19,-2.6,1.4,3.0,2014
19,2014-01-20,4.7,-4.3,137,72.4,0.0,1.6,20140120,0.0,1,20,-1.3,1.6,3.6,2014
20,2014-01-21,0.0,-5.2,137,61.6,0.0,7.7,20140121,0.0,1,21,-3.8,2.8,-1.7,2014
21,2014-01-22,0.0,-7.1,137,52.5,0.0,8.6,20140122,0.0,1,22,-2.7,2.5,2.1,2014
22,2014-01-23,0.0,-8.9,137,56.8,0.0,8.7,20140123,0.0,1,23,-1.4,1.3,6.9,2014
23,2014-01-24,0.0,-5.2,137,65.9,0.0,5.9,20140124,0.0,1,24,1.5,0.9,10.4,2014
24,2014-01-25,1.8,-0.5,137,79.8,0.0,0.0,20140125,0.0,1,25,3.6,1.3,8.1,2014
25,2014-01-26,0.0,-3.8,137,48.3,0.0,8.8,20140126,0.0,1,26,0.3,2.6,5.7,2014
26,2014-01-27,0.0,-9.5,137,48.6,0.0,8.7,20140127,0.0,1,27,-0.4,1.2,8.7,2014
27,2014-01-28,0.0,-2.0,137,39.0,0.0,7.5,20140128,0.0,1,28,3.9,2.5,9.5,2014
28,2014-01-29,0.0,-8.6,137,43.6,0.0,6.6,20140129,0.0,1,29,0.7,0.9,8.5,2014
29,2014-01-30,1.2,0.5,137,70.0,0.0,0.6,20140130,0.0,1,30,5.0,2.6,10.5,2014
30,2014-01-31,0.0,-2.9,137,38.8,0.0,8.8,20140131,0.0,1,31,2.4,1.6,9.4,2014
31,2014-02-01,0.0,-2.1,137,47.9,0.0,3.1,20140201,0.0,2,1,5.2,0.9,11.0,2014
32,2014-02-02,0.2,5.3,137,74.0,0.0,0.9,20140202,0.0,2,2,8.7,1.9,12.2,2014
33,2014-02-03,0.0,-6.3,137,48.0,0.0,4.3,20140203,0.0,2,3,1.2,3.7,7.9,2014
34,2014-02-04,0.0,-9.4,137,29.0,0.0,9.0,20140204,0.0,2,4,-6.2,3.4,-0.7,2014
35,2014-02-05,0.0,-8.8,137,31.6,0.0,5.1,20140205,0.0,2,5,-4.9,1.5,0.4,2014
36,2014-02-06,0.0,-7.3,137,46.1,0.0,1.7,20140206,0.0,2,6,-2.4,0.7,2.5,2014
37,2014-02-07,0.8,-5.5,137,68.4,0.0,0.5,20140207,0.0,2,7,0.0,1.6,5.4,2014
38,2014-02-08,4.0,-0.3,137,81.6,0.0,0.6,20140208,0.0,2,8,1.6,1.3,5.1,2014
39,2014-02-09,1.2,-1.7,137,79.3,0.0,1.6,20140209,0.0,2,9,-0.3,1.3,2.0,2014
40,2014-02-10,0.7,-4.0,137,74.4,0.0,3.4,20140210,0.0,2,10,-1.0,1.1,3.1,2014
41,2014-02-11,0.0,-6.6,137,61.1,0.0,8.3,20140211,0.0,2,11,-1.3,1.4,4.4,2014
42,2014-02-12,0.0,-5.0,137,59.6,0.0,8.5,20140212,0.0,2,12,0.0,1.0,6.2,2014
43,2014-02-13,0.0,-4.6,137,65.6,0.0,3.8,20140213,0.0,2,13,0.3,1.3,5.6,2014
44,2014-02-14,0.0,-4.1,137,65.4,0.0,2.7,20140214,0.0,2,14,0.1,1.3,5.0,2014
45,2014-02-15,0.0,-6.1,137,56.4,0.0,9.2,20140215,0.0,2,15,1.2,1.1,9.7,2014
46,2014-02-16,0.0,-5.7,137,63.5,0.0,2.1,20140216,0.0,2,16,0.5,0.7,7.3,2014
47,2014-02-17,0.0,-1.5,137,63.4,0.0,0.6,20140217,0.0,2,17,2.7,1.4,7.4,2014
48,2014-02-18,0.0,-2.8,137,54.0,0.0,5.1,20140218,0.0,2,18,1.4,2.1,6.4,2014
49,2014-02-19,0.0,-5.5,137,60.6,0.0,8.4,20140219,0.0,2,19,0.0,1.0,7.2,2014
50,2014-02-20,0.0,-5.9,137,59.6,0.0,8.7,20140220,0.0,2,20,0.6,1.9,8.0,2014
51,2014-02-21,0.0,-4.0,137,48.9,0.0,9.1,20140221,0.0,2,21,1.4,1.8,8.2,2014
52,2014-02-22,0.0,-5.7,137,43.5,0.0,9.3,20140222,0.0,2,22,1.9,1.2,9.7,2014
53,2014-02-23,0.0,-4.9,137,49.6,0.0,8.5,20140223,0.0,2,23,2.5,0.9,10.2,2014
54,2014-02-24,0.0,-3.8,137,50.4,0.0,8.0,20140224,0.0,2,24,4.3,1.5,12.5,2014
55,2014-02-25,0.0,-1.6,137,49.0,0.0,8.0,20140225,0.0,2,25,6.8,1.2,14.6,2014
56,2014-02-26,0.5,-1.4,137,75.0,0.0,0.0,20140226,0.0,2,26,3.8,0.7,8.9,2014
57,2014-02-27,0.0,5.0,137,62.5,0.0,8.5,20140227,0.0,2,27,10.1,2.3,16.4,2014
58,2014-02-28,0.0,3.9,137,58.8,0.0,1.6,20140228,0.0,2,28,7.7,1.8,12.0,2014
59,2014-03-01,0.7,5.4,137,71.0,0.0,0.0,20140301,0.0,3,1,7.0,1.1,10.0,2014
60,2014-03-02,0.0,0.3,137,42.5,0.0,8.4,20140302,0.0,3,2,5.4,2.4,11.1,2014
61,2014-03-03,0.0,-5.1,137,48.8,0.0,10.0,20140303,0.0,3,3,2.9,1.1,11.9,2014
62,2014-03-04,0.0,-3.6,137,51.5,0.0,4.1,20140304,0.0,3,4,3.3,1.0,9.6,2014
63,2014-03-05,0.0,-0.7,137,39.5,0.0,9.7,20140305,0.0,3,5,3.1,3.7,8.7,2014
64,2014-03-06,0.0,-4.7,137,32.9,0.0,9.5,20140306,0.0,3,6,1.4,2.9,6.4,2014
65,2014-03-07,0.0,-3.9,137,26.8,0.0,10.1,20140307,0.0,3,7,0.9,3.8,6.0,2014
66,2014-03-08,0.0,-4.1,137,37.0,0.0,6.5,20140308,0.0,3,8,2.2,2.5,8.4,2014
67,2014-03-09,1.2,-1.4,137,54.1,0.0,7.4,20140309,0.0,3,9,1.8,3.5,6.4,2014
68,2014-03-10,0.0,-3.2,137,33.6,0.0,10.4,20140310,0.0,3,10,2.6,2.7,8.9,2014
69,2014-03-11,0.0,-2.1,137,31.9,0.0,9.6,20140311,0.0,3,11,6.2,2.2,14.7,2014
70,2014-03-12,21.5,-2.3,137,76.5,0.0,0.0,20140312,0.0,3,12,1.5,0.6,4.4,2014
71,2014-03-13,16.9,-0.2,137,90.4,0.0,0.0,20140313,0.0,3,13,2.0,1.3,4.6,2014
72,2014-03-14,0.0,-1.9,137,69.6,0.0,6.6,20140314,0.0,3,14,2.2,1.5,7.2,2014
73,2014-03-15,0.0,-2.0,137,46.5,0.0,9.6,20140315,0.0,3,15,7.2,2.5,14.7,2014
74,2014-03-16,0.0,7.0,137,45.8,0.0,9.5,20140316,0.0,3,16,12.4,1.9,19.8,2014
75,2014-03-17,0.0,1.7,137,61.1,0.0,8.9,20140317,0.0,3,17,12.1,1.4,22.0,2014
76,2014-03-18,0.0,8.1,137,53.4,0.0,8.1,20140318,0.0,3,18,14.0,3.2,18.7,2014
77,2014-03-19,0.0,6.1,137,54.5,0.0,1.9,20140319,0.0,3,19,9.5,1.8,13.4,2014
78,2014-03-20,4.8,1.2,137,74.1,0.0,3.5,20140320,0.0,3,20,5.2,2.3,10.9,2014
79,2014-03-21,0.0,0.3,137,55.4,0.0,9.0,20140321,0.0,3,21,4.6,2.2,10.3,2014
80,2014-03-22,0.0,-2.3,137,45.5,0.0,10.8,20140322,0.0,3,22,8.1,2.2,16.3,2014
81,2014-03-23,0.0,5.0,137,36.1,0.0,10.0,20140323,0.0,3,23,12.0,2.9,18.7,2014
82,2014-03-24,0.0,0.3,137,37.8,0.0,10.2,20140324,0.0,3,24,10.7,2.3,18.4,2014
83,2014-03-25,6.5,8.6,137,64.0,0.0,2.0,20140325,0.0,3,25,13.8,1.2,19.9,2014
84,2014-03-26,10.0,11.8,137,73.9,0.0,1.0,20140326,0.0,3,26,14.5,1.3,18.9,2014
85,2014-03-27,0.0,8.4,137,49.4,0.0,9.8,20140327,0.0,3,27,15.5,2.3,22.4,2014
86,2014-03-28,0.0,5.8,137,52.1,0.0,7.6,20140328,0.0,3,28,15.8,1.2,25.5,2014
87,2014-03-29,19.7,12.2,137,80.1,0.0,0.0,20140329,0.0,3,29,12.8,1.3,16.8,2014
88,2014-03-30,6.9,9.4,137,68.0,0.0,7.3,20140330,0.0,3,30,13.8,1.6,18.3,2014
89,2014-03-31,0.0,5.5,137,52.9,0.0,9.5,20140331,0.0,3,31,13.1,1.5,20.4,2014
90,2014-04-01,0.0,4.0,137,48.0,0.0,10.6,20140401,0.0,4,1,13.0,1.1,23.0,2014
91,2014-04-02,0.0,5.0,137,43.8,0.0,10.4,20140402,0.0,4,2,14.7,1.2,24.4,2014
92,2014-04-03,0.7,5.7,137,42.8,0.0,7.6,20140403,0.0,4,3,12.6,2.5,21.8,2014
93,2014-04-04,0.0,2.1,137,45.5,0.0,10.1,20140404,0.0,4,4,7.0,2.6,12.6,2014
94,2014-04-05,0.0,-0.6,137,51.8,0.0,9.4,20140405,0.0,4,5,5.3,2.3,12.3,2014
95,2014-04-06,0.0,2.4,137,37.3,0.0,11.7,20140406,0.0,4,6,7.8,3.4,13.9,2014
96,2014-04-07,0.0,5.5,137,39.3,0.0,10.4,20140407,0.0,4,7,12.2,3.4,19.2,2014
97,2014-04-08,0.0,6.0,137,23.1,0.0,11.2,20140408,0.0,4,8,14.4,2.0,22.1,2014
98,2014-04-09,0.0,7.5,137,40.1,0.0,11.0,20140409,0.0,4,9,16.0,1.8,23.9,2014
99,2014-04-10,0.0,9.3,137,43.5,0.0,10.1,20140410,0.0,4,10,14.6,1.9,24.3,2014
100,2014-04-11,0.0,7.8,137,56.6,0.0,0.2,20140411,0.0,4,11,10.9,0.8,15.5,2014
101,2014-04-12,0.1,8.4,137,72.9,0.0,0.0,20140412,0.0,4,12,10.9,0.6,14.6,2014
102,2014-04-13,0.1,7.7,137,51.4,0.0,5.7,20140413,0.0,4,13,13.1,1.1,20.7,2014
103,2014-04-14,0.0,1.7,137,40.6,0.0,11.2,20140414,0.0,4,14,14.4,1.4,24.1,2014
104,2014-04-15,0.0,12.0,137,44.3,0.0,9.6,20140415,0.0,4,15,17.9,3.0,25.3,2014
105,2014-04-16,0.0,14.5,137,45.6,0.0,8.4,20140416,0.0,4,16,18.6,2.2,25.2,2014
106,2014-04-17,10.2,7.5,137,51.8,0.0,5.3,20140417,0.0,4,17,14.2,1.3,21.8,2014
107,2014-04-18,0.2,10.0,137,78.3,0.0,4.4,20140418,0.0,4,18,13.0,0.8,19.2,2014
108,2014-04-19,0.0,8.4,137,56.6,0.0,2.7,20140419,0.0,4,19,11.8,1.8,16.3,2014
109,2014-04-20,0.0,6.8,137,51.0,0.0,11.4,20140420,0.0,4,20,13.7,1.2,20.7,2014
110,2014-04-21,0.0,10.3,137,39.6,0.0,10.2,20140421,0.0,4,21,16.3,1.8,23.3,2014
111,2014-04-22,0.0,9.7,137,33.4,0.0,8.7,20140422,0.0,4,22,15.6,1.5,22.3,2014
112,2014-04-23,0.0,5.4,137,41.0,0.0,11.5,20140423,0.0,4,23,15.5,1.1,25.2,2014
113,2014-04-24,0.0,6.7,137,41.0,0.0,8.5,20140424,0.0,4,24,16.9,1.1,26.0,2014
114,2014-04-25,0.0,8.6,137,41.1,0.0,10.9,20140425,0.0,4,25,17.7,0.9,27.2,2014
115,2014-04-26,0.0,8.4,137,48.9,0.0,3.3,20140426,0.0,4,26,16.3,0.6,24.2,2014
116,2014-04-27,5.7,12.5,137,72.1,0.0,0.0,20140427,0.0,4,27,14.9,0.7,19.1,2014
117,2014-04-28,34.9,11.2,137,90.5,0.0,0.0,20140428,0.0,4,28,11.9,1.8,13.2,2014
118,2014-04-29,21.4,11.3,137,86.8,0.0,0.5,20140429,0.0,4,29,13.2,1.5,17.0,2014
119,2014-04-30,0.0,9.8,137,77.0,0.0,2.2,20140430,0.0,4,30,14.7,0.7,20.8,2014
120,2014-05-01,0.0,11.1,137,56.5,0.0,11.8,20140501,0.0,5,1,17.4,2.1,23.7,2014
121,2014-05-02,0.0,9.4,137,49.5,0.0,10.2,20140502,0.0,5,2,18.3,2.0,26.9,2014
122,2014-05-03,0.0,9.1,137,40.6,0.0,12.7,20140503,0.0,5,3,14.3,2.5,22.0,2014
123,2014-05-04,0.6,6.3,137,56.1,0.0,3.9,20140504,0.0,5,4,12.3,1.7,21.1,2014
124,2014-05-05,0.0,5.3,137,40.5,0.0,12.6,20140505,0.0,5,5,11.2,2.6,17.2,2014
125,2014-05-06,0.0,6.7,137,40.3,0.0,12.6,20140506,0.0,5,6,13.2,1.8,20.3,2014
126,2014-05-07,0.0,3.7,137,45.8,0.0,12.5,20140507,0.0,5,7,14.9,1.3,24.9,2014
127,2014-05-08,1.5,11.0,137,57.9,0.0,10.9,20140508,0.0,5,8,15.6,2.1,21.2,2014
128,2014-05-09,0.0,8.6,137,48.8,0.0,12.0,20140509,0.0,5,9,16.6,1.3,24.9,2014
129,2014-05-10,0.0,6.8,137,45.3,0.0,12.4,20140510,0.0,5,10,16.5,1.4,25.0,2014
130,2014-05-11,9.3,8.2,137,57.3,0.0,5.4,20140511,0.0,5,11,17.0,1.9,24.0,2014
131,2014-05-12,10.8,14.1,137,62.3,0.0,11.1,20140512,0.0,5,12,17.7,2.3,22.2,2014
132,2014-05-13,0.0,13.0,137,47.8,0.0,11.9,20140513,0.0,5,13,21.3,2.0,29.2,2014
133,2014-05-14,0.0,14.3,137,57.5,0.0,7.5,20140514,0.0,5,14,19.3,1.1,26.5,2014
134,2014-05-15,0.0,15.1,137,42.9,0.0,9.9,20140515,0.0,5,15,19.3,2.6,25.2,2014
135,2014-05-16,0.0,13.5,137,39.4,0.0,12.0,20140516,0.0,5,16,20.0,2.2,26.3,2014
136,2014-05-17,0.0,13.5,137,43.0,0.0,12.0,20140517,0.0,5,17,20.1,1.5,27.2,2014
137,2014-05-18,0.0,11.4,137,45.9,0.0,11.8,20140518,0.0,5,18,19.5,1.0,28.4,2014
138,2014-05-19,0.0,11.3,137,43.0,0.0,9.8,20140519,0.0,5,19,20.2,1.0,29.2,2014
139,2014-05-20,0.0,14.4,137,58.6,0.0,2.0,20140520,0.0,5,20,18.9,0.7,24.1,2014
140,2014-05-21,0.0,15.4,137,54.0,0.0,10.1,20140521,0.0,5,21,19.9,2.1,25.1,2014
141,2014-05-22,0.0,14.4,137,51.6,0.0,12.9,20140522,0.0,5,22,21.2,1.7,29.3,2014
142,2014-05-23,0.0,15.2,137,67.0,0.0,5.3,20140523,0.0,5,23,19.1,1.0,25.1,2014
143,2014-05-24,0.0,18.6,137,56.6,0.0,8.8,20140524,0.0,5,24,24.5,1.8,31.1,2014
144,2014-05-25,1.0,17.5,137,64.4,0.0,4.5,20140525,0.0,5,25,21.3,1.5,26.9,2014
145,2014-05-26,2.3,16.5,137,50.0,0.0,10.5,20140526,0.0,5,26,20.8,2.5,25.9,2014
146,2014-05-27,0.0,10.4,137,42.1,0.0,12.3,20140527,0.0,5,27,21.3,1.5,30.7,2014
147,2014-05-28,0.1,13.9,137,55.1,0.0,9.3,20140528,0.0,5,28,21.8,1.3,30.1,2014
148,2014-05-29,0.0,16.3,137,41.5,0.0,13.0,20140529,0.0,5,29,24.9,1.7,32.8,2014
149,2014-05-30,0.0,15.1,137,42.1,0.0,12.7,20140530,0.0,5,30,24.5,1.1,33.6,2014
150,2014-05-31,0.0,16.8,137,41.9,0.0,11.8,20140531,0.0,5,31,26.2,1.2,35.8,2014
151,2014-06-01,0.0,19.0,137,48.6,0.0,3.2,20140601,0.0,6,1,24.7,1.4,29.4,2014
152,2014-06-02,0.8,16.7,137,66.0,0.0,0.2,20140602,0.0,6,2,20.8,1.6,24.1,2014
153,2014-06-03,2.2,16.2,137,82.5,0.0,0.0,20140603,0.0,6,3,18.4,1.2,20.9,2014
154,2014-06-04,0.0,18.3,137,66.1,0.0,1.6,20140604,0.0,6,4,20.9,1.4,26.0,2014
155,2014-06-05,0.0,18.7,137,63.1,0.0,0.6,20140605,0.0,6,5,20.8,1.1,24.1,2014
156,2014-06-06,0.0,16.3,137,60.1,0.0,10.2,20140606,0.0,6,6,21.9,0.9,29.1,2014
157,2014-06-07,0.3,15.2,137,66.1,0.0,7.4,20140607,0.0,6,7,21.7,0.9,29.9,2014
158,2014-06-08,0.4,17.1,137,70.3,0.0,4.5,20140608,0.0,6,8,21.2,1.0,27.9,2014
159,2014-06-09,0.0,18.3,137,70.5,0.0,1.2,20140609,0.0,6,9,21.0,1.0,25.8,2014
160,2014-06-10,0.0,18.1,137,67.5,0.0,0.5,20140610,0.0,6,10,20.8,1.2,24.1,2014
161,2014-06-11,9.0,16.4,137,73.5,0.0,5.6,20140611,0.0,6,11,19.8,1.0,25.6,2014
162,2014-06-12,14.5,14.8,137,75.3,0.0,3.9,20140612,0.0,6,12,18.7,0.9,27.0,2014
163,2014-06-13,0.0,15.6,137,73.1,0.0,6.7,20140613,0.0,6,13,20.1,1.2,25.5,2014
164,2014-06-14,0.0,17.1,137,57.1,0.0,11.8,20140614,0.0,6,14,22.9,2.0,28.9,2014
165,2014-06-15,0.0,17.2,137,54.1,0.0,13.1,20140615,0.0,6,15,23.1,2.1,29.5,2014
166,2014-06-16,0.0,17.7,137,50.8,0.0,9.1,20140616,0.0,6,16,24.2,1.7,30.5,2014
167,2014-06-17,0.0,20.4,137,60.0,0.0,2.7,20140617,0.0,6,17,23.2,1.2,28.4,2014
168,2014-06-18,0.0,16.2,137,57.6,0.0,10.7,20140618,0.0,6,18,23.2,0.9,30.1,2014
169,2014-06-19,0.0,19.6,137,60.8,0.0,6.1,20140619,0.0,6,19,23.4,1.4,28.8,2014
170,2014-06-20,0.3,17.4,137,69.3,0.0,0.3,20140620,0.0,6,20,22.1,1.0,28.6,2014
171,2014-06-21,0.0,18.2,137,69.0,0.0,0.0,20140621,0.0,6,21,20.7,0.9,24.8,2014
172,2014-06-22,18.4,16.8,137,66.0,0.0,12.0,20140622,0.0,6,22,21.9,1.1,29.5,2014
173,2014-06-23,26.1,17.3,137,83.0,0.0,1.9,20140623,0.0,6,23,19.4,0.7,26.2,2014
174,2014-06-24,0.2,16.6,137,78.8,0.0,5.3,20140624,0.0,6,24,20.8,0.7,28.4,2014
175,2014-06-25,0.0,17.1,137,68.1,0.0,8.4,20140625,0.0,6,25,23.4,0.9,29.7,2014
176,2014-06-26,0.0,20.6,137,56.9,0.0,10.4,20140626,0.0,6,26,25.8,1.0,31.9,2014
177,2014-06-27,0.0,19.7,137,57.1,0.0,11.3,20140627,0.0,6,27,25.5,1.1,31.7,2014
178,2014-06-28,0.0,20.8,137,55.1,0.0,10.3,20140628,0.0,6,28,24.6,2.1,30.0,2014
179,2014-06-29,0.0,19.0,137,61.8,0.0,7.2,20140629,0.0,6,29,23.7,1.0,29.1,2014
180,2014-06-30,7.7,19.6,137,65.4,0.0,8.4,20140630,0.0,6,30,24.1,0.8,31.4,2014
181,2014-07-01,18.2,18.3,137,71.1,0.0,10.5,20140701,0.0,7,1,24.2,0.9,32.7,2014
182,2014-07-02,2.1,20.1,137,82.3,0.0,0.1,20140702,0.0,7,2,22.9,0.7,28.1,2014
183,2014-07-03,22.6,19.2,137,88.9,0.0,0.1,20140703,0.0,7,3,20.3,1.1,23.4,2014
184,2014-07-04,0.0,19.3,137,70.8,0.0,9.4,20140704,0.0,7,4,23.7,0.7,30.5,2014
185,2014-07-05,0.0,19.2,137,75.8,0.0,0.0,20140705,0.0,7,5,23.3,0.6,28.0,2014
186,2014-07-06,1.2,19.3,137,80.1,0.0,0.0,20140706,0.0,7,6,20.8,0.7,23.8,2014
187,2014-07-07,0.0,18.0,137,75.4,0.0,6.2,20140707,0.0,7,7,23.0,0.9,28.5,2014
188,2014-07-08,0.0,21.5,137,74.9,0.0,4.8,20140708,0.0,7,8,25.2,0.8,29.8,2014
189,2014-07-09,3.4,23.3,137,83.3,0.0,0.1,20140709,0.0,7,9,25.1,1.1,27.8,2014
190,2014-07-10,0.0,23.3,137,59.3,0.0,11.8,20140710,0.0,7,10,27.8,1.7,33.2,2014
191,2014-07-11,0.0,23.2,137,50.4,0.0,11.2,20140711,0.0,7,11,26.7,2.4,32.5,2014
192,2014-07-12,0.0,19.3,137,64.0,0.0,2.4,20140712,0.0,7,12,23.8,0.8,28.3,2014
193,2014-07-13,2.5,19.3,137,73.1,0.0,5.3,20140713,0.0,7,13,23.9,1.3,29.6,2014
194,2014-07-14,0.0,20.6,137,58.6,0.0,11.6,20140714,0.0,7,14,26.0,1.8,32.0,2014
195,2014-07-15,0.0,20.0,137,73.4,0.0,0.1,20140715,0.0,7,15,23.7,0.6,27.8,2014
196,2014-07-16,0.3,21.7,137,68.5,0.0,6.2,20140716,0.0,7,16,25.5,1.2,30.6,2014
197,2014-07-17,3.5,20.3,137,74.4,0.0,2.9,20140717,0.0,7,17,24.0,1.1,29.1,2014
198,2014-07-18,46.0,19.9,137,79.6,0.0,6.3,20140718,0.0,7,18,24.0,1.0,29.9,2014
199,2014-07-19,0.2,21.9,137,74.1,0.0,6.5,20140719,0.0,7,19,25.9,1.1,31.5,2014
200,2014-07-20,0.0,23.3,137,65.1,0.0,10.9,20140720,0.0,7,20,27.4,1.0,33.5,2014
201,2014-07-21,0.0,22.2,137,68.3,0.0,9.0,20140721,0.0,7,21,27.4,1.2,32.3,2014
202,2014-07-22,0.0,24.0,137,67.5,0.0,6.8,20140722,0.0,7,22,26.6,1.7,30.7,2014
203,2014-07-23,0.5,24.7,137,69.4,0.0,2.4,20140723,0.0,7,23,26.3,1.5,29.9,2014
204,2014-07-24,4.2,23.4,137,75.5,0.0,6.6,20140724,0.0,7,24,27.2,1.1,31.4,2014
205,2014-07-25,0.0,24.5,137,69.6,0.0,10.4,20140725,0.0,7,25,29.0,1.6,34.4,2014
206,2014-07-26,0.3,21.4,137,63.3,0.0,3.3,20140726,0.0,7,26,25.4,2.6,29.0,2014
207,2014-07-27,0.0,19.4,137,62.9,0.0,12.4,20140727,0.0,7,27,24.3,1.3,31.1,2014
208,2014-07-28,0.0,17.5,137,67.1,0.0,8.4,20140728,0.0,7,28,23.8,0.8,29.8,2014
209,2014-07-29,2.0,19.6,137,76.9,0.0,6.0,20140729,0.0,7,29,23.4,0.9,29.4,2014
210,2014-07-30,0.0,20.3,137,71.6,0.0,9.5,20140730,0.0,7,30,26.8,0.7,34.2,2014
211,2014-07-31,0.1,22.7,137,74.1,0.0,8.1,20140731,0.0,7,31,26.9,0.9,34.5,2014
212,2014-08-01,0.0,22.4,137,69.8,0.0,4.4,20140801,0.0,8,1,27.2,1.1,33.0,2014
213,2014-08-02,22.3,22.5,137,68.5,0.0,4.4,20140802,0.0,8,2,27.0,1.9,31.5,2014
214,2014-08-03,35.4,22.3,137,86.9,0.0,0.0,20140803,0.0,8,3,24.3,2.0,25.7,2014
215,2014-08-04,4.5,23.3,137,88.3,0.0,0.0,20140804,0.0,8,4,24.6,0.8,26.8,2014
216,2014-08-05,0.0,24.1,137,72.3,0.0,8.3,20140805,0.0,8,5,27.4,2.0,32.0,2014
217,2014-08-06,0.0,24.3,137,69.9,0.0,5.1,20140806,0.0,8,6,26.9,1.6,30.9,2014
218,2014-08-07,29.2,18.9,137,85.9,0.0,0.0,20140807,0.0,8,7,21.0,1.2,25.3,2014
219,2014-08-08,8.4,18.2,137,79.1,0.0,0.1,20140808,0.0,8,8,21.5,1.3,26.2,2014
220,2014-08-09,0.0,21.0,137,67.1,0.0,3.4,20140809,0.0,8,9,23.7,1.3,28.3,2014
221,2014-08-10,30.9,19.5,137,81.1,0.0,3.0,20140810,0.0,8,10,22.3,1.0,29.1,2014
222,2014-08-11,0.0,18.7,137,68.4,0.0,12.5,20140811,0.0,8,11,23.2,1.6,28.1,2014
223,2014-08-12,0.0,18.9,137,65.9,0.0,11.5,20140812,0.0,8,12,24.2,1.3,29.8,2014
224,2014-08-13,1.9,19.7,137,83.6,0.0,0.0,20140813,0.0,8,13,21.9,0.6,25.3,2014
225,2014-08-14,13.3,18.2,137,89.4,0.0,0.0,20140814,0.0,8,14,19.5,0.8,20.6,2014
226,2014-08-15,0.4,19.3,137,79.9,0.0,4.6,20140815,0.0,8,15,23.3,0.7,28.3,2014
227,2014-08-16,0.3,20.9,137,78.6,0.0,3.9,20140816,0.0,8,16,23.8,0.8,29.3,2014
228,2014-08-17,9.9,18.9,137,82.4,0.0,0.8,20140817,0.0,8,17,22.2,0.8,27.4,2014
229,2014-08-18,86.8,18.4,137,90.6,0.0,0.0,20140818,0.0,8,18,19.9,0.9,21.2,2014
230,2014-08-19,22.9,20.4,137,88.1,0.0,0.3,20140819,0.0,8,19,22.6,0.6,26.6,2014
231,2014-08-20,55.5,21.5,137,89.1,0.0,0.0,20140820,0.0,8,20,22.9,0.6,25.3,2014
232,2014-08-21,20.6,20.8,137,80.3,0.0,4.8,20140821,0.0,8,21,24.1,1.8,29.8,2014
233,2014-08-22,0.7,20.0,137,70.8,0.0,9.7,20140822,0.0,8,22,24.3,1.6,29.3,2014
234,2014-08-23,0.0,19.7,137,71.0,0.0,8.7,20140823,0.0,8,23,24.1,1.2,29.8,2014
235,2014-08-24,0.2,19.9,137,80.1,0.0,0.5,20140824,0.0,8,24,23.3,0.5,27.8,2014
236,2014-08-25,90.1,19.5,137,91.1,0.0,0.0,20140825,0.0,8,25,21.0,1.0,22.7,2014
237,2014-08-26,0.0,20.3,137,75.4,0.0,7.4,20140826,0.0,8,26,23.9,1.2,30.1,2014
238,2014-08-27,0.0,19.9,137,71.1,0.0,2.1,20140827,0.0,8,27,22.4,0.8,26.0,2014
239,2014-08-28,0.0,17.6,137,73.1,0.0,7.2,20140828,0.0,8,28,21.5,0.7,27.3,2014
240,2014-08-29,0.0,17.1,137,74.3,0.0,7.1,20140829,0.0,8,29,21.0,0.8,27.1,2014
241,2014-08-30,0.0,16.0,137,71.1,0.0,11.0,20140830,0.0,8,30,21.0,0.8,27.0,2014
242,2014-08-31,0.0,13.8,137,77.3,0.0,6.2,20140831,0.0,8,31,18.9,0.6,24.4,2014
243,2014-09-01,0.0,15.0,137,71.5,0.0,9.8,20140901,0.0,9,1,21.1,0.9,28.2,2014
244,2014-09-02,9.4,16.4,137,80.4,0.0,1.4,20140902,0.0,9,2,19.8,0.8,24.5,2014
245,2014-09-03,8.2,17.6,137,86.1,0.0,0.0,20140903,0.0,9,3,19.7,1.1,22.1,2014
246,2014-09-04,0.0,19.3,137,70.1,0.0,8.7,20140904,0.0,9,4,22.5,1.4,27.4,2014
247,2014-09-05,0.0,17.4,137,70.0,0.0,10.7,20140905,0.0,9,5,23.1,1.1,29.8,2014
248,2014-09-06,0.0,17.2,137,76.5,0.0,5.0,20140906,0.0,9,6,21.5,0.5,29.9,2014
249,2014-09-07,0.0,16.8,137,80.9,0.0,5.6,20140907,0.0,9,7,22.0,0.6,29.4,2014
250,2014-09-08,0.0,18.8,137,73.1,0.0,6.4,20140908,0.0,9,8,23.3,0.9,29.8,2014
251,2014-09-09,0.0,18.1,137,71.8,0.0,5.9,20140909,0.0,9,9,22.2,1.4,27.3,2014
252,2014-09-10,0.0,15.4,137,69.0,0.0,10.2,20140910,0.0,9,10,20.7,0.8,28.0,2014
253,2014-09-11,0.0,14.6,137,72.0,0.0,9.8,20140911,0.0,9,11,20.6,0.7,28.1,2014
254,2014-09-12,0.0,16.1,137,77.3,0.0,0.0,20140912,0.0,9,12,19.8,0.5,23.7,2014
255,2014-09-13,0.0,16.5,137,67.5,0.0,10.3,20140913,0.0,9,13,21.1,0.8,27.5,2014
256,2014-09-14,0.0,13.0,137,69.4,0.0,10.7,20140914,0.0,9,14,19.5,0.7,26.8,2014
257,2014-09-15,0.0,16.9,137,66.5,0.0,4.1,20140915,0.0,9,15,21.6,1.1,27.6,2014
258,2014-09-16,0.0,16.0,137,64.4,0.0,8.6,20140916,0.0,9,16,21.2,0.9,27.4,2014
259,2014-09-17,0.0,17.2,137,75.4,0.0,0.9,20140917,0.0,9,17,19.7,0.7,24.3,2014
260,2014-09-18,0.0,14.4,137,72.9,0.0,6.4,20140918,0.0,9,18,18.4,0.9,24.4,2014
261,2014-09-19,0.0,11.5,137,69.1,0.0,7.8,20140919,0.0,9,19,16.3,0.7,25.1,2014
262,2014-09-20,0.0,9.1,137,68.1,0.0,9.5,20140920,0.0,9,20,16.6,0.9,25.7,2014
263,2014-09-21,0.0,10.6,137,65.0,0.0,10.2,20140921,0.0,9,21,17.5,0.6,26.5,2014
264,2014-09-22,0.0,10.6,137,67.3,0.0,10.0,20140922,0.0,9,22,18.7,0.8,26.9,2014
265,2014-09-23,7.1,12.2,137,74.0,0.0,6.6,20140923,0.0,9,23,19.3,0.9,27.4,2014
266,2014-09-24,85.4,16.5,137,91.1,0.0,0.0,20140924,0.0,9,24,17.4,1.3,18.6,2014
267,2014-09-25,0.0,15.7,137,74.3,0.0,8.2,20140925,0.0,9,25,19.7,1.0,26.6,2014
268,2014-09-26,0.0,15.3,137,75.1,0.0,3.8,20140926,0.0,9,26,19.2,0.8,23.9,2014
269,2014-09-27,0.0,13.1,137,76.4,0.0,5.9,20140927,0.0,9,27,18.9,0.8,25.2,2014
270,2014-09-28,0.0,14.3,137,78.9,0.0,6.2,20140928,0.0,9,28,19.4,0.7,26.6,2014
271,2014-09-29,6.6,17.5,137,86.5,0.0,0.0,20140929,0.0,9,29,18.6,0.5,19.9,2014
272,2014-09-30,0.0,14.8,137,80.3,0.0,1.1,20140930,0.0,9,30,16.7,1.0,20.8,2014
273,2014-10-01,0.0,14.1,137,75.9,0.0,3.7,20141001,0.0,10,1,16.6,0.7,21.7,2014
274,2014-10-02,0.0,12.8,137,78.3,0.0,3.5,20141002,0.0,10,2,17.2,0.8,22.8,2014
275,2014-10-03,0.0,11.4,137,64.6,0.0,6.4,20141003,0.0,10,3,16.7,1.7,21.8,2014
276,2014-10-04,0.0,9.3,137,69.1,0.0,7.5,20141004,0.0,10,4,14.7,1.1,22.4,2014
277,2014-10-05,0.0,7.6,137,64.6,0.0,8.9,20141005,0.0,10,5,14.2,1.0,22.9,2014
278,2014-10-06,0.0,8.4,137,67.1,0.0,9.6,20141006,0.0,10,6,14.0,0.8,21.5,2014
279,2014-10-07,0.0,6.4,137,69.5,0.0,9.8,20141007,0.0,10,7,13.2,0.6,22.2,2014
280,2014-10-08,0.0,7.2,137,71.4,0.0,9.8,20141008,0.0,10,8,13.4,0.7,22.4,2014
281,2014-10-09,0.0,7.4,137,71.1,0.0,8.6,20141009,0.0,10,9,14.2,0.6,23.5,2014
282,2014-10-10,0.0,7.6,137,69.0,0.0,7.6,20141010,0.0,10,10,16.0,1.2,25.6,2014
283,2014-10-11,0.0,11.9,137,62.8,0.0,9.2,20141011,0.0,10,11,17.1,1.3,24.7,2014
284,2014-10-12,0.0,9.4,137,73.4,0.0,2.5,20141012,0.0,10,12,15.8,0.8,20.4,2014
285,2014-10-13,15.2,8.7,137,76.8,0.0,2.4,20141013,0.0,10,13,14.6,1.7,18.8,2014
286,2014-10-14,0.0,5.8,137,72.9,0.0,9.6,20141014,0.0,10,14,10.8,0.6,18.8,2014
287,2014-10-15,0.0,4.9,137,69.9,0.0,7.3,20141015,0.0,10,15,10.9,0.7,19.8,2014
288,2014-10-16,0.1,5.7,137,54.6,0.0,7.9,20141016,0.0,10,16,11.8,1.9,19.1,2014
289,2014-10-17,0.0,2.9,137,54.9,0.0,9.3,20141017,0.0,10,17,10.8,1.0,21.3,2014
290,2014-10-18,0.0,2.3,137,65.4,0.0,9.3,20141018,0.0,10,18,10.8,0.5,22.1,2014
291,2014-10-19,0.0,3.9,137,73.9,0.0,7.0,20141019,0.0,10,19,11.7,0.6,19.8,2014
292,2014-10-20,18.4,11.3,137,91.4,0.0,0.0,20141020,0.0,10,20,12.6,0.3,13.6,2014
293,2014-10-21,78.8,11.4,137,91.5,0.0,0.0,20141021,0.0,10,21,13.3,1.3,14.8,2014
294,2014-10-22,8.4,8.3,137,81.5,0.0,1.8,20141022,0.0,10,22,12.1,0.8,18.4,2014
295,2014-10-23,0.0,5.9,137,80.1,0.0,6.2,20141023,0.0,10,23,10.4,0.5,19.3,2014
296,2014-10-24,0.0,6.4,137,78.6,0.0,6.0,20141024,0.0,10,24,11.6,0.7,21.8,2014
297,2014-10-25,0.0,7.6,137,79.6,0.0,5.0,20141025,0.0,10,25,11.7,0.7,22.9,2014
298,2014-10-26,0.0,4.6,137,67.9,0.0,8.9,20141026,0.0,10,26,14.4,1.4,22.5,2014
299,2014-10-27,0.0,9.5,137,51.0,0.0,9.0,20141027,0.0,10,27,13.9,2.2,19.4,2014
300,2014-10-28,0.0,1.8,137,59.8,0.0,9.0,20141028,0.0,10,28,8.8,0.8,18.8,2014
301,2014-10-29,0.0,1.4,137,69.5,0.0,8.9,20141029,0.0,10,29,9.1,0.5,20.2,2014
302,2014-10-30,0.0,2.9,137,74.1,0.0,5.5,20141030,0.0,10,30,10.2,0.4,18.0,2014
303,2014-10-31,40.5,9.8,137,90.4,0.0,0.0,20141031,0.0,10,31,11.0,1.0,12.2,2014
304,2014-11-01,12.5,12.1,137,86.5,0.0,0.0,20141101,0.0,11,1,14.4,0.9,16.8,2014
305,2014-11-02,1.2,8.6,137,59.0,0.0,3.9,20141102,0.0,11,2,12.0,2.9,15.2,2014
306,2014-11-03,0.0,4.8,137,36.9,0.0,9.0,20141103,0.0,11,3,9.2,2.9,13.3,2014
307,2014-11-04,0.0,2.6,137,62.3,0.0,9.1,20141104,0.0,11,4,9.5,0.9,18.5,2014
308,2014-11-05,0.0,1.1,137,62.9,0.0,8.8,20141105,0.0,11,5,9.5,0.9,19.7,2014
309,2014-11-06,0.0,7.4,137,63.4,0.0,4.5,20141106,0.0,11,6,13.0,1.1,19.2,2014
310,2014-11-07,0.0,5.5,137,74.3,0.0,6.8,20141107,0.0,11,7,11.3,1.0,16.3,2014
311,2014-11-08,0.0,9.3,137,80.4,0.0,0.0,20141108,0.0,11,8,12.2,0.5,15.5,2014
312,2014-11-09,0.0,7.7,137,50.1,0.0,8.9,20141109,0.0,11,9,11.8,2.0,17.2,2014
313,2014-11-10,0.0,0.8,137,61.1,0.0,8.8,20141110,0.0,11,10,7.4,0.8,17.4,2014
314,2014-11-11,0.0,0.4,137,61.5,0.0,8.6,20141111,0.0,11,11,8.8,1.3,16.6,2014
315,2014-11-12,0.7,3.1,137,53.5,0.0,6.6,20141112,0.0,11,12,8.6,4.3,12.3,2014
316,2014-11-13,0.0,-0.7,137,40.1,0.0,8.8,20141113,0.0,11,13,2.3,3.6,6.4,2014
317,2014-11-14,0.0,-1.3,137,49.3,0.0,8.4,20141114,0.0,11,14,5.6,2.2,11.1,2014
318,2014-11-15,0.0,2.0,137,47.4,0.0,8.1,20141115,0.0,11,15,7.0,2.1,12.3,2014
319,2014-11-16,0.0,3.4,137,36.4,0.0,5.6,20141116,0.0,11,16,8.7,1.5,14.6,2014
320,2014-11-17,0.0,3.4,137,51.8,0.0,7.4,20141117,0.0,11,17,7.5,1.9,12.0,2014
321,2014-11-18,0.0,1.4,137,48.0,0.0,8.7,20141118,0.0,11,18,6.0,1.7,12.0,2014
322,2014-11-19,0.0,-2.7,137,53.5,0.0,8.7,20141119,0.0,11,19,4.3,0.9,13.6,2014
323,2014-11-20,0.0,-2.3,137,55.6,0.0,8.7,20141120,0.0,11,20,5.3,0.7,15.1,2014
324,2014-11-21,0.0,-1.3,137,67.1,0.0,7.2,20141121,0.0,11,21,4.7,0.5,13.7,2014
325,2014-11-22,0.1,-0.6,137,74.0,0.0,3.7,20141122,0.0,11,22,6.4,0.7,13.4,2014
326,2014-11-23,0.0,0.9,137,83.0,0.0,1.2,20141123,0.0,11,23,5.9,0.4,10.5,2014
327,2014-11-24,36.2,7.0,137,91.3,0.0,0.0,20141124,0.0,11,24,7.8,0.7,8.3,2014
328,2014-11-25,0.1,7.7,137,77.5,0.0,0.7,20141125,0.0,11,25,9.5,1.4,12.6,2014
329,2014-11-26,0.0,4.0,137,75.6,0.0,2.6,20141126,0.0,11,26,7.9,0.6,13.5,2014
330,2014-11-27,0.0,1.5,137,86.4,0.0,5.1,20141127,0.0,11,27,5.6,0.7,13.1,2014
331,2014-11-28,4.2,2.8,137,92.0,0.0,0.0,20141128,0.0,11,28,5.6,0.6,8.5,2014
332,2014-11-29,0.1,5.3,137,68.6,0.0,8.4,20141129,0.0,11,29,10.7,1.7,16.2,2014
333,2014-11-30,9.4,5.4,137,88.4,0.0,0.0,20141130,0.0,11,30,8.7,1.1,11.0,2014
334,2014-12-01,1.4,-3.7,137,57.1,0.0,6.4,20141201,0.0,12,1,2.2,6.3,10.7,2014
335,2014-12-02,0.2,-5.2,137,38.0,0.0,8.4,20141202,0.0,12,2,-3.3,5.2,-0.4,2014
336,2014-12-03,2.3,-4.7,137,73.0,0.0,3.3,20141203,0.0,12,3,0.0,2.5,2.9,2014
337,2014-12-04,0.0,-3.3,137,61.1,0.0,6.8,20141204,0.0,12,4,-1.0,2.0,2.0,2014
338,2014-12-05,0.0,-6.2,137,46.8,0.0,8.5,20141205,0.0,12,5,-3.4,3.2,0.6,2014
339,2014-12-06,0.0,-6.2,137,49.1,0.0,8.5,20141206,0.0,12,6,-2.1,3.4,1.6,2014
340,2014-12-07,0.0,-4.4,137,58.1,0.0,3.9,20141207,0.0,12,7,-1.8,1.7,3.1,2014
341,2014-12-08,2.0,-4.5,137,65.9,0.0,7.3,20141208,0.0,12,8,-0.5,1.9,4.5,2014
342,2014-12-09,0.0,-4.8,137,47.4,0.0,8.6,20141209,0.0,12,9,-1.0,1.7,5.6,2014
343,2014-12-10,0.0,-4.4,137,65.0,0.0,2.7,20141210,0.0,12,10,1.1,1.7,5.0,2014
344,2014-12-11,0.2,-2.3,137,54.9,0.0,6.6,20141211,0.0,12,11,2.2,3.6,5.2,2014
345,2014-12-12,0.4,-3.4,137,54.5,0.0,7.8,20141212,0.0,12,12,-0.2,2.8,3.5,2014
346,2014-12-13,0.0,-4.6,137,46.6,0.0,8.6,20141213,0.0,12,13,-2.6,3.4,-0.2,2014
347,2014-12-14,0.0,-5.8,137,49.8,0.0,8.4,20141214,0.0,12,14,-1.0,2.6,3.2,2014
348,2014-12-15,0.2,-2.1,137,73.3,0.0,0.0,20141215,0.0,12,15,0.3,0.8,2.9,2014
349,2014-12-16,9.2,-7.3,137,57.0,0.0,7.8,20141216,0.0,12,16,-2.1,4.5,2.4,2014
350,2014-12-17,0.0,-9.2,137,36.5,0.0,8.3,20141217,0.0,12,17,-6.7,5.1,-4.3,2014
351,2014-12-18,0.0,-8.7,137,37.1,0.0,8.6,20141218,0.0,12,18,-5.5,3.3,-0.1,2014
352,2014-12-19,0.0,-11.7,137,59.3,0.0,2.5,20141219,0.0,12,19,-6.1,0.5,-2.4,2014
353,2014-12-20,1.4,-3.8,137,55.1,0.0,5.8,20141220,0.0,12,20,-1.0,2.8,3.6,2014
354,2014-12-21,0.0,-6.0,137,48.5,0.0,6.7,20141221,0.0,12,21,-3.1,2.2,0.8,2014
355,2014-12-22,0.2,-8.3,137,60.3,0.0,3.9,20141222,0.0,12,22,-2.1,2.8,1.9,2014
356,2014-12-23,0.0,-7.6,137,66.9,0.0,3.5,20141223,0.0,12,23,-0.8,1.0,5.6,2014
357,2014-12-24,0.7,-0.8,137,65.9,0.0,3.9,20141224,0.0,12,24,2.6,2.1,6.1,2014
358,2014-12-25,0.0,-2.9,137,41.8,0.0,8.7,20141225,0.0,12,25,-0.2,2.9,4.5,2014
359,2014-12-26,0.0,-5.3,137,44.1,0.0,8.6,20141226,0.0,12,26,-1.9,2.2,3.4,2014
360,2014-12-27,0.0,-8.4,137,60.0,0.0,7.7,20141227,0.0,12,27,-3.2,0.6,4.4,2014
361,2014-12-28,0.0,-7.7,137,64.1,0.0,2.7,20141228,0.0,12,28,-1.0,0.9,4.9,2014
362,2014-12-29,0.0,-2.7,137,66.4,0.0,5.9,20141229,0.0,12,29,3.1,1.3,7.6,2014
363,2014-12-30,0.0,-0.4,137,50.8,0.0,7.7,20141230,0.0,12,30,5.1,2.6,9.2,2014
364,2014-12-31,1.7,-4.0,137,67.5,0.0,3.8,20141231,0.0,12,31,-1.1,2.7,3.0,2014
