,tmin,cloud,sunshine,tavg,wind,day,rainfall,date,humid,tmax,year,snow,Date,station_id,month
0,-9.9,2.5,7.0,-5.2,3.3,1,0.0,20110101,50.0,0.5,2011,0.0,2011-01-01,137,1
1,-9.3,0.6,7.3,-3.3,2.2,2,0.0,20110102,53.9,3.6,2011,0.0,2011-01-02,137,1
2,-7.7,6.3,1.4,-3.2,1.7,3,0.4,20110103,68.1,0.2,2011,1.0,2011-01-03,137,1
3,-4.8,4.5,4.1,-1.6,2.8,4,0.0,20110104,60.8,1.4,2011,0.0,2011-01-04,137,1
4,-3.6,6.4,3.9,-0.8,3.8,5,0.0,20110105,54.0,2.0,2011,0.0,2011-01-05,137,1
5,-7.7,0.6,8.3,-5.0,3.4,6,0.0,20110106,49.0,-1.7,2011,0.0,2011-01-06,137,1
6,-9.6,0.0,8.5,-5.6,3.4,7,0.0,20110107,42.1,-0.8,2011,0.0,2011-01-07,137,1
7,-6.9,3.0,6.6,-1.2,2.6,8,0.0,20110108,55.5,2.9,2011,0.0,2011-01-08,137,1
8,-8.9,2.0,8.0,-3.4,3.2,9,0.0,20110109,42.0,0.5,2011,0.0,2011-01-09,137,1
9,-10.8,1.1,7.9,-6.7,3.3,10,0.0,20110110,36.0,-1.8,2011,0.0,2011-01-10,137,1
10,-9.3,6.5,5.8,-3.8,2.2,11,0.2,20110111,51.1,0.7,2011,0.8,2011-01-11,137,1
11,-8.5,0.8,8.4,-6.0,3.5,12,0.3,20110112,37.5,-2.5,2011,0.9,2011-01-12,137,1
12,-9.3,0.3,8.4,-5.2,2.2,13,0.0,20110113,37.8,1.2,2011,0.0,2011-01-13,137,1
13,-12.6,4.5,4.7,-4.7,1.9,14,0.0,20110114,51.9,2.4,2011,0.0,2011-01-14,137,1
14,-14.8,3.0,6.7,-9.1,5.2,15,0.0,20110115,34.0,-2.3,2011,0.0,2011-01-15,137,1
15,-15.8,0.1,8.4,-11.8,3.5,16,0.0,20110116,45.5,-6.7,2011,0.0,2011-01-16,137,1
16,-12.4,0.0,8.5,-7.5,4.0,17,0.0,20110117,39.0,-2.1,2011,0.0,2011-01-17,137,1
17,-9.0,2.6,7.9,-4.9,3.0,18,0.0,20110118,44.4,-0.3,2011,0.0,2011-01-18,137,1
18,-7.8,1.5,8.4,-4.2,2.6,19,0.0,20110119,45.6,-0.2,2011,0.0,2011-01-19,137,1
19,-8.0,1.4,8.6,-5.6,3.1,20,0.0,20110120,40.9,-1.8,2011,0.0,2011-01-20,137,1
20,-8.7,4.1,6.1,-5.3,3.3,21,0.0,20110121,38.0,-0.4,2011,0.0,2011-01-21,137,1
21,-7.0,2.9,5.9,-2.8,2.9,22,0.0,20110122,41.3,1.7,2011,0.0,2011-01-22,137,1
22,-6.5,7.9,1.7,-2.6,1.5,23,1.2,20110123,56.4,1.9,2011,2.0,2011-01-23,137,1
23,-8.4,2.4,7.6,-5.5,3.3,24,0.0,20110124,52.4,-2.6,2011,0.0,2011-01-24,137,1
24,-9.2,0.6,8.6,-6.0,2.6,25,0.0,20110125,54.6,-1.9,2011,0.0,2011-01-25,137,1
25,-8.5,0.3,8.6,-5.8,3.3,26,0.0,20110126,44.4,-1.8,2011,0.0,2011-01-26,137,1
26,-10.4,2.9,8.7,-6.4,3.7,27,0.0,20110127,35.9,-0.9,2011,0.0,2011-01-27,137,1
27,-8.1,3.9,6.1,-5.2,3.1,28,0.0,20110128,31.6,-0.5,2011,0.0,2011-01-28,137,1
28,-9.3,0.3,7.8,-6.8,3.8,29,0.0,20110129,35.3,-3.3,2011,0.0,2011-01-29,137,1
29,-11.7,0.0,8.8,-7.7,4.0,30,0.0,20110130,36.1,-3.9,2011,0.0,2011-01-30,137,1
30,-10.4,0.5,8.3,-5.0,3.4,31,0.0,20110131,41.8,1.0,2011,0.0,2011-01-31,137,1
31,-4.0,0.8,8.5,1.0,2.8,1,0.0,20110201,48.3,6.7,2011,0.0,2011-02-01,137,2
32,-2.2,2.5,8.3,2.4,2.3,2,0.0,20110202,42.3,8.2,2011,0.0,2011-02-02,137,2
33,-7.1,0.0,8.3,0.7,1.4,3,0.0,20110203,54.0,8.3,2011,0.0,2011-02-03,137,2
34,-6.4,1.8,8.1,1.4,1.6,4,0.0,20110204,56.1,8.3,2011,0.0,2011-02-04,137,2
35,-2.5,0.4,8.1,2.2,1.8,5,0.0,20110205,52.9,9.1,2011,0.0,2011-02-05,137,2
36,-4.8,6.4,1.6,2.4,1.8,6,0.0,20110206,55.8,8.0,2011,0.0,2011-02-06,137,2
37,-2.3,3.5,5.3,2.3,1.7,7,0.0,20110207,49.9,8.0,2011,0.0,2011-02-07,137,2
38,-1.3,8.1,0.0,1.6,1.0,8,0.0,20110208,66.8,4.5,2011,0.0,2011-02-08,137,2
39,-2.2,0.9,8.8,1.2,3.4,9,0.0,20110209,41.6,5.4,2011,0.0,2011-02-09,137,2
40,-5.6,5.6,0.0,-1.5,1.2,10,0.0,20110210,43.1,2.9,2011,0.0,2011-02-10,137,2
41,-4.6,4.6,2.8,-0.4,2.6,11,0.0,20110211,38.0,4.7,2011,0.0,2011-02-11,137,2
42,-6.6,1.3,8.2,-3.7,3.4,12,0.0,20110212,32.9,0.9,2011,0.0,2011-02-12,137,2
43,-9.8,3.4,6.5,-3.8,0.9,13,0.0,20110213,38.5,2.2,2011,0.0,2011-02-13,137,2
44,-3.6,6.9,0.0,-2.4,2.0,14,0.0,20110214,50.6,0.3,2011,0.0,2011-02-14,137,2
45,-7.3,0.0,9.0,-0.5,1.8,15,0.0,20110215,47.6,5.7,2011,0.0,2011-02-15,137,2
46,-7.1,5.8,4.6,1.9,1.1,16,0.0,20110216,50.4,9.5,2011,0.0,2011-02-16,137,2
47,-0.7,8.8,0.0,1.0,1.8,17,2.5,20110217,84.5,3.4,2011,0.4,2011-02-17,137,2
48,-4.5,0.0,8.9,1.1,1.2,18,0.0,20110218,61.5,8.1,2011,0.0,2011-02-18,137,2
49,-5.0,3.8,8.7,2.2,1.8,19,0.0,20110219,48.3,9.9,2011,0.0,2011-02-19,137,2
50,-3.1,3.5,8.7,4.0,1.8,20,0.0,20110220,43.3,12.3,2011,0.0,2011-02-20,137,2
51,-4.8,0.5,9.5,2.9,1.3,21,0.0,20110221,58.0,10.3,2011,0.0,2011-02-21,137,2
52,-5.1,1.5,9.3,2.5,0.9,22,0.0,20110222,62.1,11.4,2011,0.0,2011-02-22,137,2
53,-3.6,1.1,8.1,4.9,1.0,23,0.0,20110223,54.6,15.6,2011,0.0,2011-02-23,137,2
54,-1.8,0.8,9.4,7.6,2.2,24,0.0,20110224,50.4,16.3,2011,0.0,2011-02-24,137,2
55,-1.5,3.9,8.2,5.8,2.7,25,0.0,20110225,38.9,11.2,2011,0.0,2011-02-25,137,2
56,-3.8,3.5,9.3,4.4,1.8,26,0.0,20110226,51.8,12.2,2011,0.0,2011-02-26,137,2
57,2.4,10.0,0.0,3.7,1.6,27,47.5,20110227,91.8,5.0,2011,0.0,2011-02-27,137,2
58,2.9,10.0,0.0,4.6,1.2,28,2.0,20110228,88.3,6.9,2011,0.0,2011-02-28,137,2
59,0.0,7.8,4.5,2.8,3.4,1,1.5,20110301,73.8,5.3,2011,0.0,2011-03-01,137,3
60,-3.3,0.3,10.0,-0.8,4.3,2,0.0,20110302,38.9,3.7,2011,0.0,2011-03-02,137,3
61,-5.3,0.5,9.8,-1.2,3.1,3,0.0,20110303,37.5,4.3,2011,0.0,2011-03-03,137,3
62,-3.9,0.0,10.2,0.9,3.4,4,0.0,20110304,37.6,7.1,2011,0.0,2011-03-04,137,3
63,-2.4,3.3,7.1,2.9,2.4,5,0.0,20110305,39.6,10.0,2011,0.0,2011-03-05,137,3
64,-2.1,5.8,8.1,5.4,1.9,6,0.0,20110306,40.5,12.3,2011,0.0,2011-03-06,137,3
65,-0.3,1.4,9.5,3.4,3.8,7,0.0,20110307,40.6,7.8,2011,0.0,2011-03-07,137,3
66,-1.9,1.1,9.8,2.8,3.5,8,0.0,20110308,34.6,8.4,2011,0.0,2011-03-08,137,3
67,-1.6,1.6,8.1,1.5,4.4,9,0.0,20110309,31.1,6.5,2011,0.0,2011-03-09,137,3
68,-2.6,1.0,10.0,2.6,3.1,10,0.0,20110310,41.9,8.0,2011,0.0,2011-03-10,137,3
69,1.1,0.6,9.8,5.9,3.5,11,0.0,20110311,30.4,11.4,2011,0.0,2011-03-11,137,3
70,-1.1,2.8,8.9,7.3,1.5,12,0.0,20110312,31.8,16.0,2011,0.0,2011-03-12,137,3
71,0.5,1.5,6.4,9.7,1.3,13,0.0,20110313,47.1,18.7,2011,0.0,2011-03-13,137,3
72,7.0,5.5,6.8,11.9,2.5,14,0.0,20110314,54.9,18.4,2011,0.0,2011-03-14,137,3
73,-2.1,2.8,7.6,3.8,4.6,15,0.0,20110315,40.3,8.6,2011,0.0,2011-03-15,137,3
74,-2.6,1.4,8.4,0.8,2.4,16,0.0,20110316,27.4,5.6,2011,0.0,2011-03-16,137,3
75,-3.1,0.0,10.4,2.6,3.2,17,0.0,20110317,29.3,8.9,2011,0.0,2011-03-17,137,3
76,-4.0,4.5,6.7,5.6,1.5,18,0.0,20110318,30.9,14.6,2011,0.0,2011-03-18,137,3
77,3.5,5.5,6.1,11.6,2.5,19,0.0,20110319,32.3,17.0,2011,0.0,2011-03-19,137,3
78,4.7,9.5,0.0,6.9,1.2,20,13.0,20110320,77.0,10.8,2011,0.0,2011-03-20,137,3
79,4.1,8.0,3.7,8.5,1.9,21,0.0,20110321,56.3,13.2,2011,0.0,2011-03-21,137,3
80,-0.4,3.6,9.3,3.5,3.9,22,0.0,20110322,30.4,8.2,2011,0.0,2011-03-22,137,3
81,-2.3,0.5,10.4,2.9,3.6,23,0.0,20110323,27.3,8.4,2011,0.0,2011-03-23,137,3
82,1.1,5.8,7.0,4.1,3.0,24,0.5,20110324,54.0,11.1,2011,0.0,2011-03-24,137,3
83,0.7,3.6,7.7,2.7,4.5,25,0.0,20110325,38.8,6.6,2011,0.0,2011-03-25,137,3
84,-1.3,0.4,9.7,4.0,2.9,26,0.0,20110326,32.5,9.7,2011,0.0,2011-03-26,137,3
85,-1.3,2.4,10.1,6.2,2.3,27,0.0,20110327,28.0,12.2,2011,0.0,2011-03-27,137,3
86,0.5,2.4,8.3,6.1,2.3,28,0.0,20110328,38.6,12.8,2011,0.0,2011-03-28,137,3
87,-0.7,0.6,10.3,6.1,3.0,29,0.0,20110329,35.0,11.5,2011,0.0,2011-03-29,137,3
88,2.2,0.0,10.7,9.0,3.6,30,0.0,20110330,37.6,16.4,2011,0.0,2011-03-30,137,3
89,4.6,0.1,10.7,12.4,2.2,31,0.0,20110331,29.9,21.2,2011,0.0,2011-03-31,137,3
90,4.2,0.0,10.9,12.9,2.9,1,0.0,20110401,24.3,20.9,2011,0.0,2011-04-01,137,4
91,5.1,0.0,0.8,9.3,2.1,2,0.5,20110402,45.6,13.5,2011,0.0,2011-04-02,137,4
92,4.2,0.0,3.0,7.1,1.6,3,3.0,20110403,70.3,12.6,2011,0.0,2011-04-03,137,4
93,-0.9,0.0,11.1,7.6,1.4,4,0.0,20110404,47.4,16.4,2011,0.0,2011-04-04,137,4
94,-1.4,0.0,11.3,9.1,1.2,5,0.0,20110405,38.3,19.8,2011,0.0,2011-04-05,137,4
95,0.5,0.0,8.5,11.7,1.7,6,0.0,20110406,37.6,21.4,2011,0.0,2011-04-06,137,4
96,8.5,0.0,0.0,10.7,1.2,7,9.0,20110407,90.4,12.7,2011,0.0,2011-04-07,137,4
97,8.5,0.0,9.6,13.4,2.5,8,1.5,20110408,50.5,19.3,2011,0.0,2011-04-08,137,4
98,2.2,0.0,10.6,11.7,2.4,9,0.0,20110409,33.8,19.2,2011,0.0,2011-04-09,137,4
99,3.0,0.0,8.7,12.7,2.5,10,0.0,20110410,33.9,22.1,2011,0.0,2011-04-10,137,4
100,7.7,0.0,7.9,10.8,3.7,11,3.5,20110411,42.9,15.3,2011,0.0,2011-04-11,137,4
101,4.9,0.0,11.5,11.8,3.1,12,0.0,20110412,18.9,19.1,2011,0.0,2011-04-12,137,4
102,6.5,0.0,11.2,13.3,3.5,13,0.0,20110413,22.4,20.3,2011,0.0,2011-04-13,137,4
103,7.2,0.0,7.5,15.3,2.5,14,0.0,20110414,19.1,22.6,2011,0.0,2011-04-14,137,4
104,8.9,0.0,7.5,17.7,2.9,15,0.0,20110415,46.9,26.4,2011,0.0,2011-04-15,137,4
105,7.0,0.0,11.1,12.9,2.2,16,0.0,20110416,43.4,21.4,2011,0.0,2011-04-16,137,4
106,4.0,0.0,11.4,12.1,2.0,17,0.0,20110417,41.4,20.3,2011,0.0,2011-04-17,137,4
107,6.1,0.0,1.4,8.2,2.6,18,0.4,20110418,57.1,11.0,2011,0.0,2011-04-18,137,4
108,4.8,0.0,7.6,9.8,2.7,19,0.0,20110419,38.5,16.7,2011,0.0,2011-04-19,137,4
109,1.6,0.0,10.8,11.8,2.2,20,0.0,20110420,41.0,20.0,2011,0.0,2011-04-20,137,4
110,4.9,0.0,4.3,13.6,1.5,21,0.0,20110421,32.3,21.3,2011,0.0,2011-04-21,137,4
111,8.7,0.0,0.0,10.0,1.8,22,27.5,20110422,89.5,12.7,2011,0.0,2011-04-22,137,4
112,7.5,0.0,9.1,10.8,3.7,23,0.0,20110423,48.9,15.8,2011,0.0,2011-04-23,137,4
113,5.8,0.0,7.9,10.1,3.7,24,0.1,20110424,45.4,14.8,2011,0.0,2011-04-24,137,4
114,7.4,0.0,8.7,12.4,3.8,25,1.0,20110425,46.4,18.2,2011,0.0,2011-04-25,137,4
115,7.9,0.0,0.0,9.2,1.3,26,6.5,20110426,94.0,10.4,2011,0.0,2011-04-26,137,4
116,8.0,0.0,2.9,12.2,2.1,27,0.0,20110427,72.5,18.3,2011,0.0,2011-04-27,137,4
117,6.3,0.0,4.8,10.5,2.5,28,0.0,20110428,49.8,16.6,2011,0.0,2011-04-28,137,4
118,3.3,0.0,6.4,12.7,1.2,29,0.1,20110429,45.0,20.7,2011,0.0,2011-04-29,137,4
119,11.5,0.0,0.0,14.1,1.3,30,22.0,20110430,92.9,18.9,2011,0.0,2011-04-30,137,4
120,11.3,0.0,8.7,15.2,3.4,1,4.0,20110501,56.9,18.5,2011,0.0,2011-05-01,137,5
121,9.8,0.0,9.0,16.5,1.8,2,0.0,20110502,46.6,23.8,2011,0.0,2011-05-02,137,5
122,13.0,0.0,7.5,17.8,2.4,3,0.0,20110503,35.8,23.4,2011,0.0,2011-05-03,137,5
123,8.9,0.0,9.1,16.3,2.0,4,0.0,20110504,40.0,23.6,2011,0.0,2011-05-04,137,5
124,7.5,0.0,11.9,15.4,1.9,5,0.0,20110505,51.4,23.4,2011,0.0,2011-05-05,137,5
125,7.6,0.0,0.8,14.2,1.5,6,0.0,20110506,63.9,21.6,2011,0.0,2011-05-06,137,5
126,14.0,0.0,6.2,18.4,1.8,7,0.0,20110507,67.1,24.6,2011,0.0,2011-05-07,137,5
127,14.5,0.0,6.3,20.6,1.7,8,0.0,20110508,47.3,28.3,2011,0.0,2011-05-08,137,5
128,12.9,0.0,2.8,21.1,1.5,9,0.0,20110509,66.1,26.9,2011,0.0,2011-05-09,137,5
129,12.4,0.0,0.1,18.3,1.7,10,82.5,20110510,91.8,24.5,2011,0.0,2011-05-10,137,5
130,12.3,0.0,0.0,13.7,1.6,11,41.0,20110511,92.1,15.0,2011,0.0,2011-05-11,137,5
131,11.6,0.0,0.1,14.3,1.7,12,2.5,20110512,77.9,18.0,2011,0.0,2011-05-12,137,5
132,11.1,0.0,11.6,16.5,4.2,13,0.0,20110513,34.1,21.9,2011,0.0,2011-05-13,137,5
133,12.7,0.0,12.1,17.9,4.4,14,0.0,20110514,27.5,24.0,2011,0.0,2011-05-14,137,5
134,9.2,0.0,9.3,18.8,2.2,15,0.0,20110515,37.0,27.2,2011,0.0,2011-05-15,137,5
135,12.4,0.0,8.6,18.0,2.2,16,0.0,20110516,39.4,23.8,2011,0.0,2011-05-16,137,5
136,7.5,0.0,12.4,16.8,1.6,17,0.0,20110517,39.5,24.5,2011,0.0,2011-05-17,137,5
137,8.2,0.0,10.9,18.4,1.4,18,0.0,20110518,56.0,27.8,2011,0.0,2011-05-18,137,5
138,12.6,0.0,9.5,20.3,1.4,19,0.0,20110519,63.5,28.8,2011,0.0,2011-05-19,137,5
139,14.7,0.0,1.2,19.2,1.2,20,3.0,20110520,83.6,25.4,2011,0.0,2011-05-20,137,5
140,14.4,0.0,0.0,17.0,1.0,21,1.5,20110521,90.6,20.6,2011,0.0,2011-05-21,137,5
141,13.8,0.0,3.7,17.4,1.0,22,0.1,20110522,69.0,23.0,2011,0.0,2011-05-22,137,5
142,11.4,0.0,3.5,15.7,1.1,23,0.0,20110523,72.6,22.0,2011,0.0,2011-05-23,137,5
143,7.9,0.0,8.2,16.6,0.8,24,0.0,20110524,67.4,25.9,2011,0.0,2011-05-24,137,5
144,13.0,0.0,1.6,18.7,1.0,25,0.0,20110525,61.0,25.0,2011,0.0,2011-05-25,137,5
145,13.0,0.0,0.0,15.1,1.5,26,9.0,20110526,80.8,17.4,2011,0.0,2011-05-26,137,5
146,13.0,0.0,0.0,15.6,0.7,27,0.4,20110527,87.9,18.1,2011,0.0,2011-05-27,137,5
147,13.1,0.0,4.7,18.4,0.8,28,0.0,20110528,74.1,26.4,2011,0.0,2011-05-28,137,5
148,12.4,0.0,9.1,18.6,1.2,29,0.0,20110529,66.6,26.2,2011,0.0,2011-05-29,137,5
149,12.3,0.0,6.9,19.8,1.3,30,0.0,20110530,65.9,27.4,2011,0.0,2011-05-30,137,5
150,14.8,0.0,0.0,17.0,1.3,31,0.4,20110531,83.0,20.4,2011,0.0,2011-05-31,137,5
151,14.8,0.0,0.2,16.1,0.9,1,14.0,20110601,91.9,19.4,2011,0.0,2011-06-01,137,6
152,15.2,0.0,7.9,20.1,0.9,2,0.0,20110602,70.6,26.7,2011,0.0,2011-06-02,137,6
153,14.9,0.0,10.8,20.4,1.5,3,0.0,20110603,54.4,27.4,2011,0.0,2011-06-03,137,6
154,15.7,0.0,7.5,21.4,2.6,4,0.0,20110604,60.0,26.0,2011,0.0,2011-06-04,137,6
155,17.2,0.0,10.8,22.8,2.0,5,0.0,20110605,49.5,29.1,2011,0.0,2011-06-05,137,6
156,15.0,0.0,7.8,22.2,1.4,6,0.0,20110606,50.4,29.0,2011,0.0,2011-06-06,137,6
157,15.5,0.0,10.5,23.3,1.3,7,0.0,20110607,44.4,30.8,2011,0.0,2011-06-07,137,6
158,16.9,0.0,10.9,23.6,1.6,8,0.0,20110608,50.3,30.0,2011,0.0,2011-06-08,137,6
159,17.9,0.0,5.8,22.1,2.0,9,0.0,20110609,64.8,26.6,2011,0.0,2011-06-09,137,6
160,17.2,0.0,0.0,20.9,0.9,10,0.0,20110610,81.5,24.7,2011,0.0,2011-06-10,137,6
161,16.6,0.0,10.1,24.3,1.3,11,0.0,20110611,58.3,32.6,2011,0.0,2011-06-11,137,6
162,18.2,0.0,7.9,23.8,1.3,12,0.0,20110612,51.8,31.6,2011,0.0,2011-06-12,137,6
163,18.7,0.0,6.8,22.2,1.6,13,0.0,20110613,53.1,27.6,2011,0.0,2011-06-13,137,6
164,15.3,0.0,11.4,22.7,1.0,14,0.0,20110614,58.6,30.0,2011,0.0,2011-06-14,137,6
165,17.3,0.0,4.0,22.9,1.0,15,0.0,20110615,64.1,29.1,2011,0.0,2011-06-15,137,6
166,17.2,0.0,9.4,22.6,1.5,16,0.0,20110616,55.5,30.9,2011,0.0,2011-06-16,137,6
167,14.2,0.0,7.7,22.4,1.1,17,0.0,20110617,60.1,29.7,2011,0.0,2011-06-17,137,6
168,18.0,0.0,6.0,22.4,1.1,18,10.5,20110618,73.5,28.5,2011,0.0,2011-06-18,137,6
169,17.0,0.0,13.2,23.6,1.2,19,0.0,20110619,58.0,30.2,2011,0.0,2011-06-19,137,6
170,16.3,0.0,6.5,23.8,0.9,20,0.0,20110620,63.6,30.8,2011,0.0,2011-06-20,137,6
171,20.0,0.0,12.2,26.1,2.2,21,0.0,20110621,50.3,32.5,2011,0.0,2011-06-21,137,6
172,21.3,0.0,2.7,23.9,1.0,22,33.5,20110622,80.1,29.0,2011,0.0,2011-06-22,137,6
173,23.0,0.0,0.2,26.2,2.0,23,9.0,20110623,77.6,31.1,2011,0.0,2011-06-23,137,6
174,17.5,0.0,0.0,20.8,1.7,24,128.5,20110624,93.6,25.4,2011,0.0,2011-06-24,137,6
175,16.8,0.0,0.0,17.5,1.6,25,48.5,20110625,95.0,18.5,2011,0.0,2011-06-25,137,6
176,16.7,0.0,0.0,19.7,2.0,26,26.0,20110626,90.9,22.8,2011,0.0,2011-06-26,137,6
177,18.8,0.0,1.1,22.7,1.6,27,0.0,20110627,74.4,27.6,2011,0.0,2011-06-27,137,6
178,17.4,0.0,9.6,24.6,1.3,28,0.5,20110628,71.8,32.6,2011,0.0,2011-06-28,137,6
179,22.1,0.0,6.3,26.6,1.1,29,0.0,20110629,75.6,32.9,2011,0.0,2011-06-29,137,6
180,22.3,0.0,0.0,25.0,0.6,30,0.5,20110630,83.0,28.1,2011,0.0,2011-06-30,137,6
181,21.9,0.0,4.9,25.5,1.7,1,0.0,20110701,78.4,30.3,2011,0.0,2011-07-01,137,7
182,22.8,0.0,5.9,27.0,1.4,2,0.0,20110702,76.3,32.7,2011,0.0,2011-07-02,137,7
183,23.5,0.0,0.0,24.4,1.4,3,29.5,20110703,93.8,25.9,2011,0.0,2011-07-03,137,7
184,22.6,0.0,8.5,24.9,2.5,4,0.5,20110704,72.3,28.9,2011,0.0,2011-07-04,137,7
185,20.4,0.0,10.8,24.7,1.7,5,0.0,20110705,69.0,30.0,2011,0.0,2011-07-05,137,7
186,19.0,0.0,0.0,22.5,0.8,6,0.3,20110706,85.0,26.7,2011,0.0,2011-07-06,137,7
187,21.4,0.0,0.0,22.4,0.6,7,7.0,20110707,92.6,25.9,2011,0.0,2011-07-07,137,7
188,21.6,0.0,0.0,23.0,0.8,8,68.0,20110708,95.6,24.6,2011,0.0,2011-07-08,137,7
189,21.4,0.0,0.0,22.6,0.8,9,47.0,20110709,96.0,24.0,2011,0.0,2011-07-09,137,7
190,19.7,0.0,0.0,20.6,1.0,10,99.0,20110710,97.6,22.6,2011,0.0,2011-07-10,137,7
191,19.4,0.0,0.6,22.9,1.0,11,2.5,20110711,92.3,27.2,2011,0.0,2011-07-11,137,7
192,22.5,0.0,0.0,23.8,0.7,12,8.0,20110712,96.5,26.9,2011,0.0,2011-07-12,137,7
193,22.5,0.0,0.0,24.7,0.8,13,2.5,20110713,93.0,28.3,2011,0.0,2011-07-13,137,7
194,23.2,0.0,0.8,25.6,0.7,14,1.0,20110714,90.8,29.7,2011,0.0,2011-07-14,137,7
195,23.8,0.0,3.3,27.2,1.0,15,0.1,20110715,82.6,32.8,2011,0.0,2011-07-15,137,7
196,22.3,0.0,4.4,27.0,0.8,16,0.1,20110716,85.3,32.2,2011,0.0,2011-07-16,137,7
197,23.2,0.0,8.5,27.4,1.0,17,0.0,20110717,78.1,33.7,2011,0.0,2011-07-17,137,7
198,23.6,0.0,5.2,26.9,1.5,18,0.0,20110718,75.9,32.4,2011,0.0,2011-07-18,137,7
199,23.1,0.0,6.4,26.9,2.3,19,0.0,20110719,70.3,31.7,2011,0.0,2011-07-19,137,7
200,22.0,0.0,11.5,27.1,1.2,20,0.0,20110720,60.5,32.9,2011,0.0,2011-07-20,137,7
201,19.2,0.0,9.9,24.9,1.1,21,0.0,20110721,71.1,31.8,2011,0.0,2011-07-21,137,7
202,19.7,0.0,0.6,22.2,0.9,22,0.2,20110722,84.8,25.6,2011,0.0,2011-07-22,137,7
203,21.4,0.0,1.1,25.4,0.7,23,0.5,20110723,84.8,29.3,2011,0.0,2011-07-23,137,7
204,21.7,0.0,0.0,23.6,0.9,24,6.5,20110724,94.3,25.2,2011,0.0,2011-07-24,137,7
205,20.4,0.0,0.0,22.5,1.2,25,4.5,20110725,93.1,25.4,2011,0.0,2011-07-25,137,7
206,21.7,0.0,1.5,25.2,1.1,26,1.0,20110726,88.6,30.6,2011,0.0,2011-07-26,137,7
207,23.8,0.0,0.8,26.1,0.7,27,2.0,20110727,92.6,30.5,2011,0.0,2011-07-27,137,7
208,22.9,0.0,3.0,26.6,0.9,28,2.5,20110728,84.3,32.1,2011,0.0,2011-07-28,137,7
209,23.0,0.0,3.9,26.7,1.0,29,0.0,20110729,83.4,32.0,2011,0.0,2011-07-29,137,7
210,23.0,0.0,1.4,25.7,0.8,30,0.2,20110730,88.5,31.8,2011,0.0,2011-07-30,137,7
211,23.5,0.0,0.1,25.8,0.8,31,0.5,20110731,90.1,30.5,2011,0.0,2011-07-31,137,7
212,23.3,0.0,0.4,25.3,1.0,1,13.5,20110801,91.1,29.8,2011,0.0,2011-08-01,137,8
213,23.3,0.0,1.0,24.6,1.1,2,11.0,20110802,94.3,29.1,2011,0.0,2011-08-02,137,8
214,22.5,0.0,3.0,26.1,1.1,3,5.0,20110803,87.5,32.7,2011,0.0,2011-08-03,137,8
215,23.6,0.0,5.8,26.7,0.8,4,0.0,20110804,85.1,32.0,2011,0.0,2011-08-04,137,8
216,23.8,0.0,9.4,27.7,1.1,5,0.0,20110805,75.9,33.2,2011,0.0,2011-08-05,137,8
217,22.9,0.0,1.9,26.6,1.2,6,0.0,20110806,84.9,31.5,2011,0.0,2011-08-06,137,8
218,24.4,0.0,3.5,27.4,2.3,7,6.0,20110807,78.6,32.2,2011,0.0,2011-08-07,137,8
219,23.5,0.0,4.4,27.4,2.4,8,27.0,20110808,76.1,31.7,2011,0.0,2011-08-08,137,8
220,21.8,0.0,0.0,22.7,0.7,9,49.0,20110809,98.8,23.6,2011,0.0,2011-08-09,137,8
221,22.5,0.0,1.3,24.9,1.6,10,34.5,20110810,93.6,28.4,2011,0.0,2011-08-10,137,8
222,23.4,0.0,4.3,27.0,1.9,11,0.0,20110811,82.4,31.6,2011,0.0,2011-08-11,137,8
223,23.3,0.0,0.5,25.6,0.9,12,9.5,20110812,91.1,30.7,2011,0.0,2011-08-12,137,8
224,22.8,0.0,4.5,26.5,1.2,13,0.0,20110813,82.0,31.9,2011,0.0,2011-08-13,137,8
225,22.5,0.0,3.1,24.8,0.8,14,5.0,20110814,91.8,32.4,2011,0.0,2011-08-14,137,8
226,21.9,0.0,5.4,26.0,0.9,15,0.0,20110815,85.5,30.8,2011,0.0,2011-08-15,137,8
227,22.6,0.0,3.2,26.5,1.0,16,12.0,20110816,86.8,32.5,2011,0.0,2011-08-16,137,8
228,24.4,0.0,0.0,25.7,0.7,17,1.5,20110817,96.9,27.9,2011,0.0,2011-08-17,137,8
229,22.9,0.0,2.6,25.8,0.9,18,12.0,20110818,87.5,30.4,2011,0.0,2011-08-18,137,8
230,20.5,0.0,0.0,22.3,1.1,19,0.4,20110819,87.9,23.8,2011,0.0,2011-08-19,137,8
231,18.5,0.0,0.0,20.1,1.0,20,11.5,20110820,94.4,22.6,2011,0.0,2011-08-20,137,8
232,18.2,0.0,6.4,22.5,0.9,21,0.0,20110821,83.1,29.0,2011,0.0,2011-08-21,137,8
233,17.5,0.0,0.3,20.5,0.7,22,0.0,20110822,89.6,24.8,2011,0.0,2011-08-22,137,8
234,16.8,0.0,0.6,20.9,1.0,23,0.0,20110823,84.9,27.3,2011,0.0,2011-08-23,137,8
235,18.0,0.0,0.0,21.1,0.6,24,0.5,20110824,88.4,25.3,2011,0.0,2011-08-24,137,8
236,19.8,0.0,0.2,22.7,0.6,25,0.0,20110825,87.0,27.0,2011,0.0,2011-08-25,137,8
237,19.7,0.0,0.0,22.7,0.9,26,0.4,20110826,88.6,24.9,2011,0.0,2011-08-26,137,8
238,21.8,0.0,0.0,24.1,0.8,27,0.0,20110827,85.1,28.1,2011,0.0,2011-08-27,137,8
239,19.2,0.0,3.3,23.7,0.8,28,0.0,20110828,84.1,29.9,2011,0.0,2011-08-28,137,8
240,21.3,0.0,7.4,25.6,0.6,29,0.0,20110829,81.8,30.7,2011,0.0,2011-08-29,137,8
241,21.4,0.0,3.2,25.8,0.7,30,0.0,20110830,85.4,30.5,2011,0.0,2011-08-30,137,8
242,22.5,0.0,8.6,26.4,0.7,31,0.0,20110831,78.0,32.5,2011,0.0,2011-08-31,137,8
243,21.5,0.0,9.8,25.8,0.9,1,0.0,20110901,74.6,32.8,2011,0.0,2011-09-01,137,9
244,18.3,0.0,8.0,24.5,0.9,2,0.0,20110902,74.3,31.5,2011,0.0,2011-09-02,137,9
245,18.9,0.0,4.1,23.5,1.2,3,0.0,20110903,73.4,28.5,2011,0.0,2011-09-03,137,9
246,17.6,0.0,5.9,22.6,1.5,4,0.0,20110904,67.4,27.5,2011,0.0,2011-09-04,137,9
247,16.8,0.0,4.7,20.8,0.8,5,0.4,20110905,82.6,26.9,2011,0.0,2011-09-05,137,9
248,16.0,0.0,10.6,21.6,1.6,6,0.0,20110906,66.1,27.6,2011,0.0,2011-09-06,137,9
249,14.1,0.0,6.4,20.8,1.4,7,0.0,20110907,67.3,26.5,2011,0.0,2011-09-07,137,9
250,17.8,0.0,0.1,20.2,0.7,8,0.1,20110908,80.0,22.7,2011,0.0,2011-09-08,137,9
251,17.1,0.0,0.0,18.5,0.8,9,0.5,20110909,88.9,21.3,2011,0.0,2011-09-09,137,9
252,16.3,0.0,0.0,17.7,1.0,10,31.0,20110910,97.6,18.6,2011,0.0,2011-09-10,137,9
253,17.7,0.0,0.1,20.1,1.0,11,8.0,20110911,95.4,22.3,2011,0.0,2011-09-11,137,9
254,20.4,0.0,0.6,23.1,0.5,12,8.0,20110912,94.1,27.8,2011,0.0,2011-09-12,137,9
255,21.6,0.0,3.3,24.9,0.7,13,0.0,20110913,86.6,29.5,2011,0.0,2011-09-13,137,9
256,21.8,0.0,4.4,25.3,0.6,14,0.0,20110914,84.9,31.3,2011,0.0,2011-09-14,137,9
257,20.1,0.0,5.7,24.2,0.7,15,0.0,20110915,85.0,30.8,2011,0.0,2011-09-15,137,9
258,19.7,0.0,6.9,24.1,0.7,16,0.0,20110916,85.1,31.6,2011,0.0,2011-09-16,137,9
259,19.8,0.0,3.4,24.2,1.0,17,0.0,20110917,82.6,30.0,2011,0.0,2011-09-17,137,9
260,18.5,0.0,0.1,21.3,1.2,18,0.1,20110918,81.9,25.0,2011,0.0,2011-09-18,137,9
261,13.9,0.0,0.0,16.9,1.6,19,0.4,20110919,66.5,21.0,2011,0.0,2011-09-19,137,9
262,12.4,0.0,2.5,15.8,1.2,20,0.0,20110920,72.9,20.7,2011,0.0,2011-09-20,137,9
263,9.1,0.0,6.8,15.6,1.0,21,0.0,20110921,69.0,22.7,2011,0.0,2011-09-21,137,9
264,7.9,0.0,9.7,15.7,1.2,22,0.0,20110922,61.4,23.1,2011,0.0,2011-09-22,137,9
265,9.6,0.0,8.0,16.1,0.9,23,0.0,20110923,67.1,25.1,2011,0.0,2011-09-23,137,9
266,9.3,0.0,9.0,16.2,0.6,24,0.0,20110924,75.1,25.2,2011,0.0,2011-09-24,137,9
267,10.2,0.0,9.0,16.4,0.6,25,0.0,20110925,73.4,25.7,2011,0.0,2011-09-25,137,9
268,9.1,0.0,9.3,16.0,0.7,26,0.0,20110926,73.9,25.9,2011,0.0,2011-09-26,137,9
269,7.2,0.0,9.1,15.9,0.9,27,0.0,20110927,72.8,25.7,2011,0.0,2011-09-27,137,9
270,10.9,0.0,0.2,15.9,0.5,28,0.0,20110928,85.3,21.4,2011,0.0,2011-09-28,137,9
271,14.2,0.0,0.0,15.6,0.9,29,10.5,20110929,99.0,17.0,2011,0.0,2011-09-29,137,9
272,11.5,0.0,7.8,16.3,2.6,30,0.0,20110930,53.9,20.5,2011,0.0,2011-09-30,137,9
273,8.2,0.0,9.0,12.3,2.4,1,0.0,20111001,57.4,17.6,2011,0.0,2011-10-01,137,10
274,8.3,0.0,5.0,12.2,1.7,2,0.0,20111002,52.1,18.0,2011,0.0,2011-10-02,137,10
275,3.2,0.0,9.3,10.2,0.8,3,0.0,20111003,66.4,19.1,2011,0.0,2011-10-03,137,10
276,3.2,0.0,9.2,11.7,0.7,4,0.0,20111004,73.3,21.0,2011,0.0,2011-10-04,137,10
277,9.8,0.0,6.9,14.6,1.0,5,0.0,20111005,61.0,22.6,2011,0.0,2011-10-05,137,10
278,9.0,0.0,5.4,15.4,2.3,6,0.0,20111006,56.4,21.2,2011,0.0,2011-10-06,137,10
279,7.8,0.0,9.4,13.7,1.2,7,0.0,20111007,68.5,21.1,2011,0.0,2011-10-07,137,10
280,6.1,0.0,8.1,12.2,0.7,8,0.0,20111008,73.9,22.1,2011,0.0,2011-10-08,137,10
281,5.9,0.0,2.4,12.3,0.5,9,0.0,20111009,84.0,20.9,2011,0.0,2011-10-09,137,10
282,7.6,0.0,7.1,14.5,0.8,10,0.0,20111010,79.1,23.9,2011,0.0,2011-10-10,137,10
283,9.4,0.0,9.2,15.1,1.3,11,0.0,20111011,68.1,23.7,2011,0.0,2011-10-11,137,10
284,5.7,0.0,3.7,13.2,1.0,12,0.0,20111012,70.6,20.0,2011,0.0,2011-10-12,137,10
285,9.3,0.0,8.6,15.5,0.9,13,0.0,20111013,64.3,24.2,2011,0.0,2011-10-13,137,10
286,10.4,0.0,0.0,12.5,0.6,14,5.5,20111014,96.0,14.4,2011,0.0,2011-10-14,137,10
287,11.8,0.0,2.7,15.5,1.9,15,5.0,20111015,74.6,20.6,2011,0.0,2011-10-15,137,10
288,11.4,0.0,4.3,15.3,2.4,16,0.2,20111016,56.8,19.4,2011,0.0,2011-10-16,137,10
289,7.0,0.0,8.5,13.0,2.8,17,0.0,20111017,42.3,18.0,2011,0.0,2011-10-17,137,10
290,2.8,0.0,8.9,8.6,1.1,18,0.0,20111018,57.5,17.2,2011,0.0,2011-10-18,137,10
291,1.1,0.0,8.8,10.4,0.8,19,0.0,20111019,73.9,19.8,2011,0.0,2011-10-19,137,10
292,6.7,0.0,6.2,13.5,1.0,20,0.0,20111020,72.3,20.6,2011,0.0,2011-10-20,137,10
293,9.6,0.0,0.3,13.7,0.6,21,4.5,20111021,85.8,17.9,2011,0.0,2011-10-21,137,10
294,10.4,0.0,1.5,13.3,0.8,22,37.5,20111022,98.5,16.8,2011,0.0,2011-10-22,137,10
295,7.5,0.0,0.9,12.2,0.8,23,0.0,20111023,94.3,17.1,2011,0.0,2011-10-23,137,10
296,10.4,0.0,0.0,13.8,1.7,24,0.4,20111024,80.1,17.5,2011,0.0,2011-10-24,137,10
297,4.0,0.0,8.9,7.7,2.5,25,0.0,20111025,39.3,12.7,2011,0.0,2011-10-25,137,10
298,-1.5,0.0,8.9,5.7,0.8,26,0.0,20111026,63.9,15.3,2011,0.0,2011-10-26,137,10
299,-0.3,0.0,8.8,7.6,0.7,27,0.0,20111027,77.3,17.7,2011,0.0,2011-10-27,137,10
300,4.8,0.0,5.0,10.9,0.5,28,0.0,20111028,79.4,20.7,2011,0.0,2011-10-28,137,10
301,9.0,0.0,0.0,13.1,0.7,29,0.0,20111029,82.9,17.6,2011,0.0,2011-10-29,137,10
302,10.3,0.0,3.8,14.6,0.6,30,0.0,20111030,80.4,20.7,2011,0.0,2011-10-30,137,10
303,4.8,0.0,6.5,11.0,0.7,31,0.0,20111031,77.9,20.4,2011,0.0,2011-10-31,137,10
304,4.9,0.0,7.7,12.7,0.7,1,0.0,20111101,77.8,21.5,2011,0.0,2011-11-01,137,11
305,10.7,0.0,4.8,15.3,0.7,2,0.0,20111102,82.8,22.3,2011,0.0,2011-11-02,137,11
306,12.7,0.0,7.5,17.4,0.9,3,0.0,20111103,77.6,23.8,2011,0.0,2011-11-03,137,11
307,15.0,0.0,5.0,18.8,1.1,4,0.0,20111104,72.9,24.0,2011,0.0,2011-11-04,137,11
308,15.7,0.0,4.2,18.9,1.0,5,13.5,20111105,89.0,25.2,2011,0.0,2011-11-05,137,11
309,13.2,0.0,0.0,15.1,1.1,6,9.5,20111106,99.9,18.6,2011,0.0,2011-11-06,137,11
310,12.7,0.0,2.1,14.7,0.6,7,0.0,20111107,91.3,18.4,2011,0.0,2011-11-07,137,11
311,12.0,0.0,0.0,13.7,1.1,8,0.0,20111108,82.3,16.0,2011,0.0,2011-11-08,137,11
312,11.5,0.0,0.0,12.9,1.4,9,0.0,20111109,75.4,15.0,2011,0.0,2011-11-09,137,11
313,8.0,0.0,3.4,12.3,1.3,10,0.0,20111110,67.6,17.0,2011,0.0,2011-11-10,137,11
314,8.1,0.0,1.0,11.4,0.7,11,0.4,20111111,81.9,16.3,2011,0.0,2011-11-11,137,11
315,5.2,0.0,5.8,10.7,1.6,12,0.0,20111112,71.8,16.1,2011,0.0,2011-11-12,137,11
316,7.0,0.0,2.5,11.8,2.1,13,0.0,20111113,53.9,15.6,2011,0.0,2011-11-13,137,11
317,5.0,0.0,8.8,8.0,2.6,14,0.0,20111114,38.1,12.6,2011,0.0,2011-11-14,137,11
318,2.0,0.0,8.8,6.9,1.4,15,0.0,20111115,41.4,13.6,2011,0.0,2011-11-15,137,11
319,-2.0,0.0,7.6,6.9,0.9,16,0.0,20111116,60.1,16.6,2011,0.0,2011-11-16,137,11
320,3.8,0.0,0.5,8.2,0.7,17,0.1,20111117,75.1,12.3,2011,0.0,2011-11-17,137,11
321,7.8,0.0,0.0,11.2,0.9,18,11.5,20111118,100.0,13.2,2011,0.0,2011-11-18,137,11
322,7.2,0.0,1.4,12.2,2.4,19,0.5,20111119,78.0,16.5,2011,0.0,2011-11-19,137,11
323,0.9,0.0,8.8,3.1,4.9,20,0.0,20111120,36.1,7.1,2011,0.0,2011-11-20,137,11
324,-2.0,0.0,8.8,1.8,2.3,21,0.0,20111121,33.3,7.7,2011,0.0,2011-11-21,137,11
325,-3.5,0.0,3.0,1.4,0.8,22,0.0,20111122,54.8,4.4,2011,0.0,2011-11-22,137,11
326,1.1,0.0,2.5,3.4,2.9,23,3.5,20111123,71.6,8.5,2011,0.0,2011-11-23,137,11
327,-1.0,0.0,8.7,1.0,3.4,24,0.0,20111124,40.9,5.3,2011,0.0,2011-11-24,137,11
328,-1.3,0.0,7.6,2.7,1.4,25,0.0,20111125,54.3,9.2,2011,0.0,2011-11-25,137,11
329,-4.0,0.0,5.6,2.5,0.9,26,0.0,20111126,75.1,9.2,2011,0.0,2011-11-26,137,11
330,-0.4,0.0,7.3,5.9,0.7,27,0.0,20111127,79.6,13.6,2011,0.0,2011-11-27,137,11
331,1.1,0.0,2.6,6.3,0.6,28,0.0,20111128,92.3,12.7,2011,0.0,2011-11-28,137,11
332,6.4,0.0,0.0,9.2,0.7,29,0.3,20111129,97.3,11.9,2011,0.0,2011-11-29,137,11
333,2.1,0.0,0.0,5.9,2.3,30,45.5,20111130,97.4,10.5,2011,0.0,2011-11-30,137,11
334,2.2,0.0,0.8,4.5,1.5,1,0.0,20111201,82.1,7.5,2011,0.0,2011-12-01,137,12
335,1.0,0.0,3.3,5.3,1.3,2,0.5,20111202,78.9,9.3,2011,0.0,2011-12-02,137,12
336,3.6,0.0,3.4,5.5,1.9,3,10.0,20111203,85.1,8.7,2011,0.0,2011-12-03,137,12
337,1.5,0.0,6.5,5.0,3.1,4,0.0,20111204,56.8,8.1,2011,0.0,2011-12-04,137,12
338,-1.0,0.0,7.3,1.7,1.6,5,0.0,20111205,44.5,7.1,2011,0.0,2011-12-05,137,12
339,-1.0,0.0,2.2,3.0,1.4,6,0.4,20111206,62.0,7.5,2011,0.0,2011-12-06,137,12
340,3.4,0.0,0.5,5.3,2.3,7,0.0,20111207,48.4,7.7,2011,0.0,2011-12-07,137,12
341,-0.6,0.0,4.6,3.0,3.7,8,0.0,20111208,51.5,6.1,2011,0.0,2011-12-08,137,12
342,-3.4,0.0,5.5,-1.4,2.7,9,0.0,20111209,51.0,1.6,2011,0.0,2011-12-09,137,12
343,-6.1,0.0,8.0,-1.1,2.6,10,0.0,20111210,51.5,3.0,2011,0.0,2011-12-10,137,12
344,-0.3,0.0,3.5,3.1,2.4,11,0.0,20111211,62.6,5.8,2011,0.0,2011-12-11,137,12
345,-0.5,0.0,2.9,5.3,2.5,12,0.0,20111212,50.0,9.4,2011,0.0,2011-12-12,137,12
346,-5.6,0.0,7.1,0.6,1.0,13,0.0,20111213,60.3,7.5,2011,0.0,2011-12-13,137,12
347,-4.8,0.0,6.0,3.3,1.4,14,0.0,20111214,61.6,9.4,2011,0.0,2011-12-14,137,12
348,-4.7,0.0,8.2,-1.1,3.2,15,0.0,20111215,37.1,6.2,2011,0.0,2011-12-15,137,12
349,-6.8,0.0,8.4,-4.6,3.1,16,0.0,20111216,40.5,-1.1,2011,0.0,2011-12-16,137,12
350,-8.1,0.0,8.5,-4.1,2.8,17,0.0,20111217,48.3,0.4,2011,0.0,2011-12-17,137,12
351,-3.7,0.0,6.5,-0.3,2.4,18,0.0,20111218,47.3,4.5,2011,0.0,2011-12-18,137,12
352,-4.0,0.0,8.2,-0.8,3.2,19,0.0,20111219,44.3,3.7,2011,0.0,2011-12-19,137,12
353,-6.3,0.0,7.8,-0.5,1.4,20,0.0,20111220,45.4,4.6,2011,0.0,2011-12-20,137,12
354,-2.5,0.0,4.3,1.8,1.4,21,0.0,20111221,59.4,6.7,2011,0.0,2011-12-21,137,12
355,-8.0,0.0,8.5,-2.6,4.3,22,0.0,20111222,35.4,3.3,2011,0.0,2011-12-22,137,12
356,-9.4,0.0,8.5,-5.3,2.8,23,0.0,20111223,32.6,-0.1,2011,0.0,2011-12-23,137,12
357,-7.9,0.0,8.4,-4.2,2.9,24,0.9,20111224,49.4,0.0,2011,0.0,2011-12-24,137,12
358,-7.5,0.0,8.5,-4.9,3.6,25,0.0,20111225,33.4,-1.7,2011,0.0,2011-12-25,137,12
359,-8.8,0.0,8.5,-5.3,3.5,26,0.0,20111226,27.9,-0.7,2011,0.0,2011-12-26,137,12
360,-7.1,0.0,7.9,-2.3,2.2,27,0.0,20111227,27.5,4.2,2011,0.0,2011-12-27,137,12
361,-7.9,0.0,7.8,-0.6,1.2,28,0.0,20111228,49.0,6.1,2011,0.0,2011-12-28,137,12
362,-3.9,0.0,7.6,1.0,2.4,29,0.0,20111229,52.8,4.8,2011,0.0,2011-12-29,137,12
363,-8.7,0.0,8.1,-1.8,1.5,30,0.0,20111230,53.1,4.4,2011,0.0,2011-12-30,137,12
364,-6.9,0.0,7.0,-0.6,2.3,31,0.0,20111231,50.9,2.6,2011,0.0,2011-12-31,137,12
