,Date,rainfall,tmin,station_id,humid,snow,sunshine,date,cloud,month,day,tavg,wind,tmax,year
0,2024-01-01,0.0,-1.7,137,80.8,0.0,6.2,20240101,2.1,1,1,2.7,0.6,8.3,2024
1,2024-01-02,0.0,2.5,137,70.1,0.0,0.3,20240102,7.3,1,2,4.8,1.3,7.9,2024
2,2024-01-03,0.0,1.1,137,71.6,0.0,2.3,20240103,6.3,1,3,2.9,2.0,5.9,2024
3,2024-01-04,0.0,-2.3,137,64.8,0.0,8.6,20240104,0.0,1,4,1.2,1.8,6.5,2024
4,2024-01-05,0.0,-3.0,137,74.4,0.0,0.1,20240105,4.3,1,5,4.2,1.1,9.6,2024
5,2024-01-06,0.0,0.1,137,54.1,0.0,8.7,20240106,1.1,1,6,2.7,2.4,6.6,2024
6,2024-01-07,0.0,-5.1,137,46.8,0.0,8.3,20240107,1.0,1,7,-1.7,3.7,0.8,2024
7,2024-01-08,0.0,-7.9,137,45.4,0.0,8.7,20240108,0.8,1,8,-2.9,1.9,2.7,2024
8,2024-01-09,1.8,-3.3,137,69.3,0.0,0.0,20240109,6.4,1,9,-0.7,1.0,1.4,2024
9,2024-01-10,0.1,-3.0,137,80.1,0.0,8.4,20240110,0.1,1,10,0.5,1.3,6.5,2024
10,2024-01-11,0.0,-2.8,137,69.6,0.0,1.3,20240111,3.4,1,11,1.2,2.0,3.9,2024
11,2024-01-12,0.0,0.0,137,46.4,0.0,8.4,20240112,0.1,1,12,4.3,2.3,8.2,2024
12,2024-01-13,0.0,-3.7,137,41.1,0.0,8.8,20240113,0.0,1,13,1.1,1.7,7.0,2024
13,2024-01-14,2.1,-7.1,137,70.9,0.0,5.7,20240114,1.8,1,14,1.0,1.4,9.1,2024
14,2024-01-15,0.0,-4.0,137,50.5,0.0,8.9,20240115,0.1,1,15,-0.9,3.1,2.9,2024
15,2024-01-16,0.0,-5.4,137,50.9,0.0,8.3,20240116,1.6,1,16,-1.1,1.3,4.8,2024
16,2024-01-17,5.8,-4.2,137,79.5,0.0,0.1,20240117,9.1,1,17,-0.6,0.4,2.7,2024
17,2024-01-18,4.3,0.4,137,91.4,0.0,0.0,20240118,9.6,1,18,3.9,0.9,6.5,2024
18,2024-01-19,0.0,3.5,137,74.9,0.0,0.0,20240119,7.1,1,19,4.5,1.5,5.6,2024
19,2024-01-20,14.8,2.2,137,86.6,0.0,0.0,20240120,9.6,1,20,3.5,1.5,5.3,2024
20,2024-01-21,0.0,1.2,137,82.4,0.0,0.4,20240121,4.5,1,21,3.8,1.0,7.4,2024
21,2024-01-22,0.3,-8.9,137,60.9,0.0,6.5,20240122,5.8,1,22,-4.6,3.9,2.2,2024
22,2024-01-25,0.0,-8.7,137,43.1,0.0,9.2,20240125,0.0,1,25,-4.1,2.9,0.8,2024
23,2024-01-26,0.0,-4.1,137,56.5,0.0,9.1,20240126,1.4,1,26,-0.2,2.9,4.8,2024
24,2024-01-27,0.0,-2.8,137,52.8,0.0,9.1,20240127,0.8,1,27,1.0,1.8,6.6,2024
25,2024-01-30,0.0,-7.4,137,65.6,0.0,9.2,20240130,1.9,1,30,-0.8,0.9,6.9,2024
26,2024-01-31,0.0,-2.5,137,51.9,0.0,6.6,20240131,5.4,1,31,5.7,1.1,13.6,2024
27,2024-02-01,0.0,2.7,137,56.3,0.0,0.0,20240201,10.0,2,1,5.2,1.3,8.0,2024
28,2024-02-02,0.0,0.5,137,68.5,0.0,4.1,20240202,6.8,2,2,3.5,1.2,8.1,2024
29,2024-02-03,0.5,1.0,137,78.6,0.0,0.0,20240203,9.4,2,3,3.9,1.0,7.6,2024
30,2024-02-04,0.9,1.7,137,85.1,0.0,0.0,20240204,9.5,2,4,4.6,1.1,8.0,2024
31,2024-02-05,17.6,1.2,137,84.8,0.0,0.0,20240205,10.0,2,5,3.4,2.0,6.8,2024
32,2024-02-06,0.5,-0.3,137,88.3,0.0,0.0,20240206,9.5,2,6,1.4,0.9,3.0,2024
33,2024-02-08,0.0,-4.0,137,65.6,0.0,9.4,20240208,2.9,2,8,1.1,1.3,7.3,2024
34,2024-02-09,0.0,-2.8,137,56.0,0.0,9.5,20240209,0.8,2,9,2.1,2.2,7.2,2024
35,2024-02-10,0.0,-3.2,137,62.8,0.0,6.8,20240210,2.1,2,10,2.1,1.9,7.6,2024
36,2024-02-11,0.0,-2.6,137,59.9,0.0,5.9,20240211,2.6,2,11,1.8,2.3,5.6,2024
37,2024-02-12,0.0,-3.5,137,55.8,0.0,9.6,20240212,0.0,2,12,3.4,1.0,12.3,2024
38,2024-02-13,0.0,-3.1,137,61.4,0.0,9.8,20240213,1.0,2,13,6.8,1.0,16.9,2024
39,2024-02-14,1.0,5.0,137,79.9,0.0,2.6,20240214,6.0,2,14,9.2,0.6,15.5,2024
40,2024-02-15,0.2,1.6,137,83.8,0.0,0.6,20240215,7.6,2,15,5.4,1.7,11.3,2024
41,2024-02-16,0.0,-1.2,137,63.5,0.0,9.6,20240216,2.5,2,16,2.9,0.9,8.9,2024
42,2024-02-17,0.0,-4.6,137,66.3,0.0,10.0,20240217,0.0,2,17,3.7,0.7,13.6,2024
43,2024-02-18,16.6,-3.3,137,80.1,0.0,3.5,20240218,6.6,2,18,5.3,0.9,12.5,2024
44,2024-02-19,24.1,8.8,137,93.4,0.0,0.0,20240219,8.8,2,19,11.2,1.7,16.2,2024
45,2024-02-20,6.8,3.8,137,92.3,0.0,0.0,20240220,9.6,2,20,5.6,1.7,9.1,2024
46,2024-02-21,13.3,1.6,137,94.3,0.0,0.0,20240221,9.9,2,21,3.0,1.6,4.0,2024
47,2024-02-22,5.7,0.0,137,90.0,0.0,0.0,20240222,9.9,2,22,1.1,1.3,3.1,2024
48,2024-02-23,0.5,-0.5,137,76.0,0.0,0.1,20240223,10.0,2,23,1.7,1.6,5.2,2024
49,2024-02-24,2.2,0.0,137,71.0,0.0,0.0,20240224,9.9,2,24,1.9,1.7,5.3,2024
50,2024-02-25,1.6,-0.1,137,84.1,0.0,0.0,20240225,9.1,2,25,2.6,0.9,6.4,2024
51,2024-02-26,0.0,0.3,137,65.8,0.0,5.4,20240226,5.4,2,26,4.4,1.3,9.4,2024
52,2024-02-27,0.0,-2.1,137,65.8,0.0,6.8,20240227,5.4,2,27,2.5,1.2,7.8,2024
53,2024-02-28,0.0,-3.0,137,67.6,0.0,8.4,20240228,3.3,2,28,3.5,0.9,10.1,2024
54,2024-02-29,1.6,0.8,137,83.4,0.0,0.0,20240229,9.4,2,29,3.1,0.8,4.8,2024
55,2024-03-01,0.0,-5.6,137,37.1,0.0,10.4,20240301,1.9,3,1,-1.9,4.1,3.7,2024
56,2024-03-02,0.0,-7.7,137,46.6,0.0,10.5,20240302,0.6,3,2,-0.9,2.4,5.7,2024
57,2024-03-03,1.3,0.0,137,66.9,0.0,6.8,20240303,3.3,3,3,5.6,2.4,10.7,2024
58,2024-03-04,0.0,4.0,137,61.1,0.0,7.0,20240304,6.3,3,4,8.1,1.3,13.5,2024
59,2024-03-05,10.0,4.1,137,92.5,0.0,0.0,20240305,10.0,3,5,5.2,1.3,7.9,2024
60,2024-03-06,0.0,0.8,137,76.9,0.0,5.0,20240306,7.4,3,6,5.6,1.0,11.7,2024
61,2024-03-07,0.2,1.8,137,67.1,0.0,3.3,20240307,5.6,3,7,3.9,1.5,8.3,2024
62,2024-03-08,0.0,0.0,137,45.6,0.0,8.3,20240308,0.5,3,8,3.1,3.9,8.5,2024
63,2024-03-09,0.0,-2.0,137,39.5,0.0,10.7,20240309,0.0,3,9,2.8,2.1,9.0,2024
64,2024-03-10,0.0,-2.3,137,42.3,0.0,10.8,20240310,1.0,3,10,4.9,1.5,13.0,2024
65,2024-03-11,0.0,-1.8,137,54.0,0.0,4.1,20240311,5.5,3,11,5.7,0.7,12.3,2024
66,2024-03-12,0.8,0.1,137,75.6,0.0,0.4,20240312,5.8,3,12,5.1,1.1,11.2,2024
67,2024-03-13,0.0,1.7,137,52.9,0.0,10.5,20240313,0.6,3,13,7.6,2.2,14.0,2024
68,2024-03-14,0.0,1.2,137,47.6,0.0,10.8,20240314,0.0,3,14,9.4,2.2,17.0,2024
69,2024-03-15,0.0,4.0,137,33.9,0.0,10.9,20240315,0.0,3,15,11.7,2.5,18.8,2024
70,2024-03-16,0.0,2.2,137,40.4,0.0,9.1,20240316,2.8,3,16,12.6,1.6,20.5,2024
71,2024-03-17,0.0,5.5,137,45.4,0.0,7.1,20240317,5.5,3,17,10.9,3.0,16.0,2024
72,2024-03-18,0.0,1.7,137,33.3,0.0,10.4,20240318,3.3,3,18,8.9,1.7,16.0,2024
73,2024-03-19,0.0,2.7,137,45.6,0.0,3.2,20240319,7.8,3,19,7.8,3.4,14.1,2024
74,2024-03-20,0.1,2.1,137,40.3,0.0,9.0,20240320,0.9,3,20,5.0,3.4,9.6,2024
75,2024-03-21,0.0,-0.7,137,47.8,0.0,11.2,20240321,1.5,3,21,5.2,1.9,13.1,2024
76,2024-03-22,2.2,0.6,137,65.6,0.0,7.4,20240322,7.4,3,22,8.9,1.5,17.4,2024
77,2024-03-23,0.3,9.0,137,61.1,0.0,10.2,20240323,5.9,3,23,14.7,1.4,22.7,2024
78,2024-03-24,0.0,9.0,137,56.5,0.0,2.5,20240324,9.0,3,24,12.1,1.6,18.9,2024
79,2024-03-25,10.0,5.4,137,76.6,0.0,0.0,20240325,9.5,3,25,8.7,1.7,13.2,2024
80,2024-03-26,19.8,4.1,137,84.0,0.0,0.8,20240326,8.3,3,26,6.5,1.1,10.2,2024
81,2024-03-27,0.0,1.3,137,80.3,0.0,5.8,20240327,5.9,3,27,8.4,0.8,16.0,2024
82,2024-03-28,27.6,7.6,137,92.6,0.0,0.0,20240328,8.5,3,28,8.4,1.0,9.8,2024
83,2024-03-29,0.0,4.4,137,63.9,0.0,5.6,20240329,2.1,3,29,11.2,2.5,17.2,2024
84,2024-03-30,0.0,1.6,137,62.0,0.0,5.5,20240330,2.6,3,30,10.4,1.6,15.7,2024
85,2024-03-31,0.0,4.0,137,47.4,0.0,11.2,20240331,2.6,3,31,12.0,1.2,19.6,2024
86,2024-04-01,0.0,6.0,137,35.0,0.0,11.7,20240401,0.4,4,1,14.4,1.6,21.7,2024
87,2024-04-02,1.4,4.8,137,53.4,0.0,8.4,20240402,7.4,4,2,14.5,1.1,23.7,2024
88,2024-04-03,22.4,10.8,137,96.3,0.0,0.0,20240403,10.0,4,3,12.3,1.0,13.8,2024
89,2024-04-04,0.0,9.6,137,70.0,0.0,0.0,20240404,8.6,4,4,12.4,1.0,14.8,2024
90,2024-04-05,0.0,8.7,137,61.6,0.0,6.1,20240405,6.4,4,5,13.4,1.0,19.1,2024
91,2024-04-06,0.0,7.9,137,57.6,0.0,5.6,20240406,6.5,4,6,14.6,1.3,21.8,2024
92,2024-04-07,0.0,7.3,137,48.3,0.0,11.0,20240407,4.1,4,7,16.5,0.9,25.0,2024
93,2024-04-08,0.0,9.3,137,48.0,0.0,4.6,20240408,7.3,4,8,17.8,0.9,24.8,2024
94,2024-04-09,0.0,7.5,137,48.3,0.0,9.5,20240409,2.0,4,9,13.6,1.7,19.9,2024
95,2024-04-10,0.0,5.4,137,57.8,0.0,10.7,20240410,6.6,4,10,12.4,1.0,19.3,2024
96,2024-04-11,0.0,9.1,137,60.6,0.0,5.9,20240411,5.4,4,11,15.2,0.8,23.0,2024
97,2024-04-12,0.0,7.9,137,58.6,0.0,11.5,20240412,2.4,4,12,16.9,0.8,26.2,2024
98,2024-04-13,0.0,10.1,137,53.4,0.0,11.8,20240413,0.0,4,13,19.2,0.8,28.5,2024
99,2024-04-14,0.0,10.1,137,50.5,0.0,10.8,20240414,4.4,4,14,19.3,1.1,27.3,2024
100,2024-04-15,20.5,13.3,137,86.1,0.0,0.0,20240415,6.1,4,15,14.9,0.8,17.0,2024
101,2024-04-16,0.8,11.8,137,69.3,0.0,6.8,20240416,2.4,4,16,15.7,1.7,21.4,2024
102,2024-04-17,0.0,10.0,137,58.1,0.0,10.9,20240417,4.4,4,17,16.7,1.0,24.1,2024
103,2024-04-18,0.0,9.0,137,48.4,0.0,11.5,20240418,0.0,4,18,18.3,1.0,26.0,2024
104,2024-04-19,0.0,10.2,137,36.9,0.0,11.5,20240419,3.1,4,19,20.3,1.5,27.5,2024
105,2024-04-20,14.4,12.8,137,85.9,0.0,0.0,20240420,8.3,4,20,13.8,1.0,19.2,2024
106,2024-04-21,3.1,12.8,137,88.4,0.0,0.0,20240421,9.8,4,21,14.7,1.1,17.2,2024
107,2024-04-22,0.0,11.7,137,64.5,0.0,5.9,20240422,6.5,4,22,15.8,1.1,21.2,2024
108,2024-04-23,0.3,8.5,137,68.3,0.0,7.0,20240423,7.4,4,23,14.6,1.3,22.1,2024
109,2024-04-24,4.6,10.5,137,82.0,0.0,0.3,20240424,7.1,4,24,13.1,1.0,16.5,2024
110,2024-04-25,0.0,10.6,137,64.8,0.0,10.1,20240425,2.6,4,25,16.5,1.6,25.0,2024
111,2024-04-26,0.0,9.1,137,64.5,0.0,6.3,20240426,5.3,4,26,18.2,0.8,26.5,2024
112,2024-04-27,0.0,12.3,137,49.9,0.0,12.3,20240427,0.0,4,27,20.9,1.3,29.4,2024
113,2024-04-28,0.0,9.6,137,58.4,0.0,10.9,20240428,5.8,4,28,19.5,0.8,28.4,2024
114,2024-04-29,3.8,13.6,137,85.6,0.0,0.0,20240429,9.6,4,29,15.0,0.6,17.7,2024
115,2024-04-30,1.9,12.5,137,81.8,0.0,1.9,20240430,9.1,4,30,17.0,0.9,21.7,2024
116,2024-05-01,3.4,8.6,137,67.0,0.0,6.6,20240501,5.9,5,1,13.7,0.9,20.8,2024
117,2024-05-02,0.0,5.8,137,60.0,0.0,12.6,20240502,0.0,5,2,15.7,0.8,25.0,2024
118,2024-05-03,0.0,10.0,137,49.1,0.0,12.8,20240503,0.0,5,3,19.0,0.8,27.5,2024
119,2024-05-04,0.0,9.1,137,58.9,0.0,12.5,20240504,1.6,5,4,19.2,0.8,28.5,2024
120,2024-05-05,29.8,15.8,137,89.0,0.0,0.0,20240505,10.0,5,5,17.4,0.8,17.8,2024
121,2024-05-06,5.9,14.6,137,81.9,0.0,1.5,20240506,8.6,5,6,16.6,1.6,20.7,2024
122,2024-05-07,7.3,10.5,137,92.6,0.0,0.0,20240507,9.9,5,7,12.7,0.5,15.1,2024
123,2024-05-08,0.0,8.8,137,73.1,0.0,9.4,20240508,4.1,5,8,13.4,0.7,20.0,2024
124,2024-05-09,0.0,7.3,137,58.5,0.0,12.4,20240509,0.0,5,9,16.0,1.4,23.8,2024
125,2024-05-10,0.0,10.3,137,52.0,0.0,12.1,20240510,1.8,5,10,19.3,1.3,28.0,2024
126,2024-05-11,11.8,10.8,137,71.9,0.0,7.4,20240511,5.4,5,11,18.8,1.0,26.6,2024
127,2024-05-12,3.0,13.1,137,60.5,0.0,11.1,20240512,5.6,5,12,17.8,1.7,23.5,2024
128,2024-05-13,0.0,10.8,137,50.3,0.0,13.1,20240513,0.0,5,13,18.5,1.3,26.5,2024
129,2024-05-14,0.0,9.1,137,51.9,0.0,13.1,20240514,0.0,5,14,19.2,1.2,26.8,2024
130,2024-05-15,13.4,8.8,137,59.6,0.0,9.9,20240515,3.8,5,15,16.3,1.9,26.0,2024
131,2024-05-16,2.7,7.5,137,60.3,0.0,10.4,20240516,3.5,5,16,14.1,2.5,20.9,2024
132,2024-05-17,0.0,12.1,137,57.1,0.0,10.4,20240517,2.3,5,17,19.1,1.2,27.7,2024
133,2024-05-18,0.0,10.6,137,55.0,0.0,12.6,20240518,0.0,5,18,20.4,0.8,29.0,2024
134,2024-05-19,0.0,14.3,137,57.0,0.0,12.8,20240519,0.4,5,19,22.7,1.2,30.5,2024
135,2024-05-20,0.0,15.3,137,65.5,0.0,5.7,20240520,3.8,5,20,20.4,1.4,26.1,2024
136,2024-05-21,0.0,14.6,137,80.8,0.0,3.8,20240521,4.9,5,21,17.7,0.8,23.2,2024
137,2024-05-22,0.0,12.3,137,72.1,0.0,9.0,20240522,4.4,5,22,20.6,0.8,29.6,2024
138,2024-05-23,0.0,17.2,137,59.6,0.0,12.7,20240523,1.9,5,23,23.2,1.7,29.9,2024
139,2024-05-24,0.0,16.2,137,56.8,0.0,9.9,20240524,3.9,5,24,22.1,1.3,30.1,2024
140,2024-05-25,0.0,16.2,137,58.0,0.0,1.2,20240525,8.6,5,25,19.0,0.9,23.6,2024
141,2024-05-26,18.7,13.1,137,74.6,0.0,6.6,20240526,8.1,5,26,19.2,0.9,27.0,2024
142,2024-05-27,0.1,15.3,137,59.1,0.0,8.4,20240527,7.1,5,27,19.3,2.3,23.3,2024
143,2024-05-28,0.0,12.4,137,66.1,0.0,8.9,20240528,5.3,5,28,17.8,1.0,24.8,2024
144,2024-05-29,0.0,10.3,137,62.4,0.0,13.1,20240529,1.8,5,29,20.0,0.9,28.3,2024
145,2024-05-30,0.0,16.0,137,67.6,0.0,1.4,20240530,9.8,5,30,20.6,0.8,25.4,2024
146,2024-05-31,0.0,18.7,137,51.0,0.0,12.2,20240531,3.8,5,31,22.4,1.9,27.7,2024
147,2024-06-01,0.0,16.5,137,53.9,0.0,9.7,20240601,3.6,6,1,20.8,1.8,26.2,2024
148,2024-06-02,0.0,15.3,137,59.4,0.0,8.9,20240602,3.3,6,2,20.2,1.5,26.3,2024
149,2024-06-03,0.0,12.6,137,66.9,0.0,11.4,20240603,2.9,6,3,19.6,0.7,26.2,2024
150,2024-06-04,0.0,12.8,137,62.0,0.0,13.8,20240604,0.0,6,4,19.7,0.8,26.4,2024
151,2024-06-05,0.0,12.1,137,61.5,0.0,11.1,20240605,5.3,6,5,21.4,0.7,29.5,2024
152,2024-06-06,0.0,15.1,137,63.9,0.0,8.1,20240606,4.3,6,6,21.5,0.6,28.0,2024
153,2024-06-07,0.0,15.1,137,61.6,0.0,9.4,20240607,7.0,6,7,22.9,0.8,29.2,2024
154,2024-06-08,10.4,18.7,137,84.1,0.0,0.0,20240608,8.4,6,8,20.0,0.5,22.8,2024
155,2024-06-09,0.0,18.1,137,74.4,0.0,8.1,20240609,5.4,6,9,23.0,0.8,29.3,2024
156,2024-06-10,0.0,18.7,137,61.5,0.0,12.2,20240610,0.5,6,10,25.6,1.5,32.0,2024
157,2024-06-11,0.0,19.6,137,58.3,0.0,12.0,20240611,1.1,6,11,26.4,1.5,32.6,2024
158,2024-06-12,0.0,21.0,137,52.6,0.0,12.9,20240612,1.8,6,12,26.6,1.1,33.1,2024
159,2024-06-13,0.0,19.7,137,49.9,0.0,12.5,20240613,1.4,6,13,27.3,1.0,35.0,2024
160,2024-06-14,0.1,18.9,137,58.3,0.0,11.4,20240614,3.9,6,14,26.8,0.8,33.5,2024
161,2024-06-15,5.6,20.3,137,73.0,0.0,6.1,20240615,6.6,6,15,24.5,1.1,31.5,2024
162,2024-06-16,0.0,19.3,137,58.9,0.0,11.7,20240616,2.5,6,16,24.6,1.7,30.2,2024
163,2024-06-17,0.0,18.1,137,58.9,0.0,4.2,20240617,7.5,6,17,23.9,1.4,29.2,2024
164,2024-06-18,0.0,20.1,137,44.6,0.0,13.5,20240618,0.4,6,18,27.4,1.6,35.2,2024
165,2024-06-19,0.0,20.2,137,54.4,0.0,11.9,20240619,5.3,6,19,28.0,0.9,35.5,2024
166,2024-06-20,0.0,19.2,137,62.4,0.0,5.0,20240620,7.1,6,20,24.1,0.8,30.4,2024
167,2024-06-21,0.0,16.8,137,66.9,0.0,10.5,20240621,6.4,6,21,25.2,0.6,32.0,2024
168,2024-06-22,13.7,21.8,137,92.3,0.0,0.0,20240622,9.8,6,22,22.9,0.4,24.6,2024
169,2024-06-23,2.4,22.2,137,85.5,0.0,3.7,20240623,7.6,6,23,24.6,1.4,28.4,2024
170,2024-06-24,0.2,21.8,137,66.4,0.0,8.3,20240624,7.1,6,24,26.3,1.8,32.0,2024
171,2024-06-25,0.0,18.7,137,58.4,0.0,9.1,20240625,7.5,6,25,23.6,1.9,28.2,2024
172,2024-06-26,0.0,18.5,137,61.4,0.0,13.6,20240626,3.5,6,26,24.2,0.8,30.7,2024
173,2024-06-27,0.0,16.8,137,74.8,0.0,0.3,20240627,6.4,6,27,21.8,0.4,26.8,2024
174,2024-06-28,0.0,16.0,137,61.3,0.0,13.1,20240628,2.0,6,28,25.1,0.5,33.5,2024
175,2024-06-29,42.9,20.5,137,76.8,0.0,5.5,20240629,8.3,6,29,24.7,0.9,31.5,2024
176,2024-06-30,40.9,22.7,137,89.1,0.0,1.3,20240630,9.0,6,30,24.6,1.6,27.4,2024
177,2024-07-01,0.0,21.6,137,71.6,0.0,11.1,20240701,3.9,7,1,26.4,1.0,31.8,2024
178,2024-07-02,42.6,21.3,137,96.8,0.0,0.0,20240702,9.9,7,2,22.2,0.9,23.7,2024
179,2024-07-03,21.1,22.3,137,80.6,0.0,4.3,20240703,5.9,7,3,26.1,1.4,30.7,2024
180,2024-07-04,0.0,21.4,137,73.6,0.0,7.8,20240704,2.1,7,4,27.3,0.9,33.7,2024
181,2024-07-05,2.7,23.1,137,72.9,0.0,9.8,20240705,6.5,7,5,26.3,1.9,30.5,2024
182,2024-07-06,0.0,22.7,137,77.0,0.0,1.5,20240706,8.3,7,6,27.7,0.9,32.0,2024
183,2024-07-07,74.7,23.5,137,91.4,0.0,0.0,20240707,9.6,7,7,26.0,1.1,29.6,2024
184,2024-07-08,196.1,23.0,137,99.0,0.0,0.0,20240708,10.0,7,8,23.8,1.0,25.0,2024
185,2024-07-09,13.8,22.2,137,96.8,0.0,0.0,20240709,9.5,7,9,23.6,0.8,25.5,2024
186,2024-07-10,69.4,20.6,137,93.6,0.0,0.7,20240710,8.1,7,10,23.1,1.1,26.6,2024
187,2024-07-11,0.0,22.6,137,83.1,0.0,2.5,20240711,7.4,7,11,25.7,1.0,29.8,2024
188,2024-07-12,0.0,21.7,137,78.9,0.0,10.8,20240712,1.8,7,12,26.7,0.8,31.8,2024
189,2024-07-13,0.0,22.6,137,78.6,0.0,7.0,20240713,3.9,7,13,26.6,0.6,31.3,2024
190,2024-07-14,0.5,23.1,137,88.1,0.0,0.1,20240714,8.8,7,14,24.2,0.7,26.6,2024
191,2024-07-15,0.0,22.5,137,82.1,0.0,2.5,20240715,6.8,7,15,25.5,0.7,29.0,2024
192,2024-07-16,63.9,22.2,137,91.9,0.0,0.2,20240716,9.0,7,16,24.1,0.6,28.0,2024
193,2024-07-17,0.6,22.2,137,91.6,0.0,0.5,20240717,9.8,7,17,25.6,0.5,29.7,2024
194,2024-07-18,21.1,24.2,137,90.8,0.0,0.0,20240718,9.5,7,18,26.1,0.9,28.7,2024
195,2024-07-19,1.2,24.2,137,84.4,0.0,2.9,20240719,6.1,7,19,26.4,0.9,30.7,2024
196,2024-07-20,6.9,22.5,137,90.8,0.0,3.9,20240720,7.0,7,20,25.7,0.5,29.3,2024
197,2024-07-21,10.8,24.6,137,80.0,0.0,7.7,20240721,5.6,7,21,28.3,1.6,32.9,2024
198,2024-07-22,0.0,24.7,137,78.0,0.0,7.3,20240722,6.5,7,22,29.1,0.9,33.4,2024
199,2024-07-23,0.2,25.3,137,81.9,0.0,1.3,20240723,9.3,7,23,27.8,1.3,30.0,2024
200,2024-07-24,6.7,24.5,137,88.9,0.0,3.5,20240724,5.4,7,24,27.4,0.7,31.6,2024
201,2024-07-25,0.0,24.2,137,86.9,0.0,7.9,20240725,7.3,7,25,27.6,0.8,33.9,2024
202,2024-07-26,0.4,24.8,137,84.0,0.0,4.6,20240726,8.1,7,26,28.2,1.0,33.2,2024
203,2024-07-27,1.9,25.5,137,88.0,0.0,3.1,20240727,8.9,7,27,28.1,0.7,33.4,2024
204,2024-07-28,0.0,25.7,137,78.1,0.0,9.3,20240728,4.4,7,28,29.6,0.8,34.7,2024
205,2024-07-29,0.0,26.2,137,72.9,0.0,8.4,20240729,1.3,7,29,29.1,1.8,33.2,2024
206,2024-07-30,0.0,26.6,137,73.3,0.0,6.4,20240730,2.4,7,30,29.2,1.6,32.7,2024
207,2024-07-31,0.0,25.7,137,75.3,0.0,8.4,20240731,1.3,7,31,29.5,1.0,34.0,2024
208,2024-08-01,0.0,26.0,137,77.3,0.0,9.2,20240801,2.9,8,1,29.9,0.9,34.3,2024
209,2024-08-02,0.0,26.2,137,77.8,0.0,8.2,20240802,3.0,8,2,30.4,1.0,35.1,2024
210,2024-08-03,0.0,27.6,137,77.0,0.0,5.8,20240803,2.6,8,3,30.8,1.0,35.5,2024
211,2024-08-04,0.0,25.3,137,79.3,0.0,10.0,20240804,3.0,8,4,29.9,0.6,35.7,2024
212,2024-08-05,16.5,23.2,137,83.5,0.0,5.9,20240805,6.8,8,5,28.1,0.9,34.9,2024
213,2024-08-06,0.0,23.3,137,82.9,0.0,8.6,20240806,4.9,8,6,27.6,0.6,33.9,2024
214,2024-08-07,0.0,23.7,137,80.0,0.0,10.0,20240807,4.8,8,7,28.6,0.5,34.6,2024
215,2024-08-08,0.0,25.2,137,80.5,0.0,3.7,20240808,7.0,8,8,28.0,1.1,32.1,2024
216,2024-08-09,0.0,23.7,137,76.5,0.0,12.3,20240809,0.3,8,9,28.2,0.8,34.0,2024
217,2024-08-10,0.0,23.2,137,78.9,0.0,9.0,20240810,2.8,8,10,28.2,0.5,33.7,2024
218,2024-08-11,0.0,25.2,137,76.9,0.0,9.1,20240811,4.5,8,11,28.9,0.7,33.9,2024
219,2024-08-12,0.0,23.8,137,73.0,0.0,11.5,20240812,1.8,8,12,29.2,0.8,34.9,2024
220,2024-08-13,0.0,23.4,137,69.5,0.0,12.4,20240813,2.4,8,13,28.7,0.7,34.6,2024
221,2024-08-14,0.0,23.0,137,71.3,0.0,12.2,20240814,2.9,8,14,28.2,0.6,34.5,2024
222,2024-08-15,0.0,22.8,137,70.6,0.0,12.3,20240815,3.4,8,15,28.6,0.6,33.9,2024
223,2024-08-16,0.0,23.2,137,75.3,0.0,9.8,20240816,5.0,8,16,28.1,0.7,33.1,2024
224,2024-08-17,0.0,23.2,137,75.6,0.0,12.0,20240817,3.8,8,17,28.3,0.7,35.3,2024
225,2024-08-18,0.0,23.2,137,75.6,0.0,8.7,20240818,4.0,8,18,28.2,0.6,34.5,2024
226,2024-08-19,0.0,24.3,137,72.9,0.0,10.0,20240819,4.3,8,19,29.1,0.7,34.6,2024
227,2024-08-20,6.3,26.1,137,84.3,0.0,4.4,20240820,8.1,8,20,28.5,0.7,34.4,2024
228,2024-08-21,23.6,25.6,137,91.8,0.0,0.1,20240821,7.9,8,21,27.5,0.6,30.8,2024
229,2024-08-22,1.8,25.3,137,88.5,0.0,2.7,20240822,6.6,8,22,27.8,1.0,32.7,2024
230,2024-08-23,0.0,24.2,137,77.0,0.0,10.0,20240823,2.6,8,23,28.0,1.1,33.5,2024
231,2024-08-24,0.0,23.5,137,79.5,0.0,9.6,20240824,2.9,8,24,28.4,0.6,34.2,2024
232,2024-08-25,0.0,23.7,137,77.5,0.0,10.0,20240825,3.1,8,25,28.4,0.6,33.5,2024
233,2024-08-26,11.3,23.5,137,84.3,0.0,2.0,20240826,9.0,8,26,27.4,0.5,32.0,2024
234,2024-08-27,0.0,22.7,137,89.3,0.0,0.0,20240827,8.9,8,27,24.9,0.6,29.0,2024
235,2024-08-28,0.0,20.1,137,79.0,0.0,3.0,20240828,5.5,8,28,25.2,0.7,29.7,2024
236,2024-08-29,2.2,22.3,137,80.8,0.0,9.3,20240829,3.9,8,29,26.0,1.1,32.1,2024
237,2024-08-30,0.0,21.7,137,74.4,0.0,11.1,20240830,0.9,8,30,27.6,0.9,34.4,2024
238,2024-08-31,0.0,23.0,137,69.6,0.0,11.4,20240831,1.5,8,31,27.2,1.0,32.5,2024
239,2024-09-01,0.0,22.5,137,70.8,0.0,10.0,20240901,3.6,9,1,26.5,0.8,33.2,2024
240,2024-09-02,0.0,21.2,137,82.1,0.0,3.0,20240902,7.6,9,2,25.1,0.5,28.3,2024
241,2024-09-03,0.0,22.2,137,66.6,0.0,6.7,20240903,5.5,9,3,25.7,0.7,30.1,2024
242,2024-09-04,0.0,19.0,137,70.6,0.0,11.8,20240904,4.0,9,4,24.7,0.7,31.8,2024
243,2024-09-05,0.0,19.2,137,69.8,0.0,10.1,20240905,5.5,9,5,26.8,1.1,34.2,2024
244,2024-09-06,0.2,22.7,137,83.1,0.0,0.0,20240906,9.8,9,6,25.3,0.6,27.0,2024
245,2024-09-07,0.7,20.8,137,90.4,0.0,3.1,20240907,7.5,9,7,23.7,0.6,28.0,2024
246,2024-09-08,0.0,23.3,137,78.4,0.0,7.6,20240908,4.5,9,8,27.6,0.5,33.2,2024
247,2024-09-09,0.0,24.2,137,72.0,0.0,7.4,20240909,3.3,9,9,28.2,0.7,33.7,2024
248,2024-09-10,0.0,22.1,137,74.4,0.0,11.6,20240910,0.0,9,10,27.7,0.6,34.8,2024
249,2024-09-11,78.4,23.2,137,83.3,0.0,1.8,20240911,9.3,9,11,26.7,0.6,32.4,2024
250,2024-09-12,1.3,23.9,137,95.8,0.0,0.0,20240912,9.9,9,12,25.5,0.4,28.0,2024
251,2024-09-13,0.0,24.3,137,84.6,0.0,5.6,20240913,7.8,9,13,28.0,0.4,33.5,2024
252,2024-09-14,0.0,23.8,137,75.3,0.0,10.3,20240914,4.6,9,14,28.9,0.7,34.3,2024
253,2024-09-15,0.0,24.5,137,77.4,0.0,4.9,20240915,6.4,9,15,27.9,0.9,33.5,2024
254,2024-09-16,0.0,24.2,137,81.3,0.0,0.0,20240916,8.8,9,16,26.2,0.7,28.7,2024
255,2024-09-17,0.0,24.7,137,79.6,0.0,10.7,20240917,5.0,9,17,28.9,0.5,34.5,2024
256,2024-09-18,4.9,24.2,137,87.3,0.0,6.8,20240918,6.6,9,18,27.1,0.7,33.9,2024
257,2024-09-19,0.0,24.3,137,92.0,0.0,0.9,20240919,8.5,9,19,26.2,0.3,29.6,2024
258,2024-09-20,18.9,24.2,137,97.4,0.0,0.0,20240920,10.0,9,20,25.4,0.3,27.3,2024
259,2024-09-22,0.0,19.0,137,82.4,0.0,4.7,20240922,7.9,9,22,21.5,0.8,26.7,2024
260,2024-09-23,0.0,14.1,137,69.4,0.0,9.1,20240923,3.8,9,23,19.5,0.8,25.2,2024
261,2024-09-24,0.0,12.3,137,78.0,0.0,9.8,20240924,4.0,9,24,18.9,0.6,26.4,2024
262,2024-09-25,0.0,16.7,137,81.6,0.0,9.0,20240925,4.6,9,25,21.6,0.5,27.8,2024
263,2024-09-26,0.0,18.7,137,81.9,0.0,6.9,20240926,4.5,9,26,23.0,0.6,29.3,2024
264,2024-09-27,0.0,18.7,137,80.4,0.0,9.3,20240927,2.6,9,27,23.0,0.6,29.0,2024
265,2024-09-28,0.0,17.8,137,79.1,0.0,2.9,20240928,5.1,9,28,22.0,0.7,26.5,2024
266,2024-09-29,0.0,16.2,137,74.9,0.0,8.4,20240929,2.8,9,29,20.9,0.8,27.1,2024
