,year,rainfall,cloud,sunshine,humid,snow,tmax,day,tmin,wind,month,Date,tavg,date,station_id
0,2016,0.0,0.0,8.2,62.5,0.0,6.5,1,-4.2,1.7,1,2016-01-01,2.2,20160101,137
1,2016,0.0,0.0,8.0,62.5,0.0,11.5,2,1.5,0.9,1,2016-01-02,5.3,20160102,137
2,2016,0.0,0.0,8.2,66.4,0.0,14.0,3,-0.7,1.0,1,2016-01-03,6.2,20160103,137
3,2016,0.0,0.0,7.1,42.3,0.0,10.1,4,1.5,2.8,1,2016-01-04,6.7,20160104,137
4,2016,0.0,0.0,4.4,33.5,0.0,3.7,5,-1.5,3.0,1,2016-01-05,0.9,20160105,137
5,2016,0.0,0.0,8.2,43.6,0.0,6.0,6,-3.6,2.7,1,2016-01-06,1.4,20160106,137
6,2016,0.0,0.0,7.0,45.6,0.0,3.7,7,-2.0,3.1,1,2016-01-07,0.5,20160107,137
7,2016,0.0,0.0,8.3,46.3,0.0,3.7,8,-3.2,3.1,1,2016-01-08,-0.4,20160108,137
8,2016,0.0,0.0,6.9,50.5,0.0,5.4,9,-3.6,2.0,1,2016-01-09,1.4,20160109,137
9,2016,0.0,0.0,2.9,46.9,0.0,5.4,10,-0.2,2.2,1,2016-01-10,2.6,20160110,137
10,2016,0.0,0.0,7.9,35.3,0.0,4.6,11,-3.2,2.5,1,2016-01-11,-0.3,20160111,137
11,2016,0.0,0.0,8.3,38.8,0.0,3.0,12,-6.0,2.6,1,2016-01-12,-1.8,20160112,137
12,2016,0.0,0.0,6.7,58.6,0.0,2.7,13,-3.8,2.3,1,2016-01-13,-1.0,20160113,137
13,2016,0.0,0.0,8.0,45.4,0.0,3.4,14,-4.5,2.2,1,2016-01-14,-0.8,20160114,137
14,2016,0.0,0.0,5.8,62.1,0.0,6.3,15,-5.6,0.8,1,2016-01-15,-0.6,20160115,137
15,2016,0.0,0.0,6.5,62.1,0.0,6.6,16,-5.2,0.6,1,2016-01-16,-0.1,20160116,137
16,2016,2.9,0.0,0.0,78.3,0.0,3.3,17,-2.9,0.6,1,2016-01-17,0.0,20160117,137
17,2016,0.3,0.0,3.3,61.1,0.0,2.8,18,-8.4,4.5,1,2016-01-18,-2.3,20160118,137
18,2016,0.3,0.0,7.5,47.6,0.0,-6.3,19,-10.4,5.9,1,2016-01-19,-8.4,20160119,137
19,2016,0.0,0.0,5.7,48.9,0.0,-4.7,20,-10.9,3.3,1,2016-01-20,-7.7,20160120,137
20,2016,0.0,0.0,3.2,41.5,0.0,-0.3,21,-7.7,2.9,1,2016-01-21,-4.8,20160121,137
21,2016,0.0,0.0,7.5,35.8,0.0,0.2,22,-6.9,3.2,1,2016-01-22,-3.8,20160122,137
22,2016,0.0,0.0,7.4,33.3,0.0,-4.3,23,-12.4,3.7,1,2016-01-23,-7.4,20160123,137
23,2016,0.0,0.0,8.6,48.5,0.0,-8.9,24,-15.1,3.1,1,2016-01-24,-11.9,20160124,137
24,2016,0.0,0.0,8.6,53.3,0.0,-1.4,25,-11.0,3.6,1,2016-01-25,-6.4,20160125,137
25,2016,0.0,0.0,3.3,60.1,0.0,2.5,26,-6.0,2.0,1,2016-01-26,-1.4,20160126,137
26,2016,0.0,0.0,8.3,49.6,0.0,6.0,27,-3.4,2.2,1,2016-01-27,1.1,20160127,137
27,2016,1.0,0.0,0.4,65.3,0.0,2.4,28,-5.5,0.7,1,2016-01-28,-1.0,20160128,137
28,2016,7.1,0.0,0.0,88.3,0.0,2.8,29,-1.1,0.4,1,2016-01-29,0.7,20160129,137
29,2016,0.1,0.0,0.5,83.5,0.0,6.6,30,0.1,0.6,1,2016-01-30,2.4,20160130,137
30,2016,0.0,0.0,8.2,42.1,0.0,3.0,31,-2.4,3.2,1,2016-01-31,-0.1,20160131,137
31,2016,0.0,0.0,8.8,38.3,0.0,1.5,1,-5.4,3.8,2,2016-02-01,-2.8,20160201,137
32,2016,0.0,0.0,8.7,36.6,0.0,2.9,2,-6.9,2.9,2,2016-02-02,-2.7,20160202,137
33,2016,0.0,0.0,8.8,43.5,0.0,5.1,3,-6.4,2.3,2,2016-02-03,-0.5,20160203,137
34,2016,0.0,0.0,7.4,42.4,0.0,6.1,4,-1.7,2.8,2,2016-02-04,1.5,20160204,137
35,2016,0.0,0.0,8.9,33.5,0.0,5.5,5,-2.7,3.4,2,2016-02-05,0.6,20160205,137
36,2016,0.0,0.0,8.9,36.5,0.0,4.0,6,-4.7,3.1,2,2016-02-06,-0.6,20160206,137
37,2016,0.0,0.0,9.1,35.0,0.0,5.3,7,-6.7,1.9,2,2016-02-07,-1.0,20160207,137
38,2016,0.0,0.0,7.7,43.0,0.0,8.4,8,-6.6,2.2,2,2016-02-08,2.5,20160208,137
39,2016,0.0,0.0,9.1,35.1,0.0,7.4,9,-0.9,4.2,2,2016-02-09,3.1,20160209,137
40,2016,0.0,0.0,9.1,46.4,0.0,10.7,10,-6.2,0.9,2,2016-02-10,1.7,20160210,137
41,2016,0.0,0.0,5.3,48.3,0.0,11.3,11,-4.5,0.9,2,2016-02-11,3.8,20160211,137
42,2016,19.1,0.0,0.0,86.6,0.0,8.0,12,4.1,1.0,2,2016-02-12,6.3,20160212,137
43,2016,4.9,0.0,0.0,91.3,0.0,14.1,13,6.4,0.6,2,2016-02-13,10.0,20160213,137
44,2016,0.1,0.0,2.3,65.9,0.0,14.2,14,-3.8,4.4,2,2016-02-14,0.9,20160214,137
45,2016,0.1,0.0,9.1,50.3,0.0,0.0,15,-6.6,3.7,2,2016-02-15,-3.6,20160215,137
46,2016,0.9,0.0,0.4,65.9,0.0,2.9,16,-3.8,2.6,2,2016-02-16,-0.5,20160216,137
47,2016,0.0,0.0,9.3,43.6,0.0,6.3,17,-4.0,2.4,2,2016-02-17,1.6,20160217,137
48,2016,0.0,0.0,7.3,53.8,0.0,10.5,18,-3.6,1.4,2,2016-02-18,3.1,20160218,137
49,2016,0.0,0.0,0.7,49.1,0.0,7.6,19,1.1,1.7,2,2016-02-19,4.8,20160219,137
50,2016,0.0,0.0,8.5,47.3,0.0,10.7,20,-1.1,2.3,2,2016-02-20,3.6,20160220,137
51,2016,0.0,0.0,9.4,32.8,0.0,6.1,21,-2.8,2.5,2,2016-02-21,1.2,20160221,137
52,2016,0.0,0.0,1.0,33.6,0.0,8.0,22,-1.4,1.1,2,2016-02-22,3.1,20160222,137
53,2016,0.0,0.0,6.9,38.3,0.0,9.1,23,-1.1,3.2,2,2016-02-23,3.6,20160223,137
54,2016,0.0,0.0,9.4,38.8,0.0,4.5,24,-4.3,3.4,2,2016-02-24,-0.6,20160224,137
55,2016,0.0,0.0,8.6,43.5,0.0,6.0,25,-5.1,2.5,2,2016-02-25,0.9,20160225,137
56,2016,2.3,0.0,1.4,75.9,0.0,5.5,26,-0.5,1.9,2,2016-02-26,2.5,20160226,137
57,2016,1.8,0.0,6.9,65.1,0.0,10.9,27,0.8,1.3,2,2016-02-27,4.5,20160227,137
58,2016,7.0,0.0,0.0,73.0,0.0,6.9,28,-0.2,1.6,2,2016-02-28,2.5,20160228,137
59,2016,0.4,0.0,5.7,51.3,0.0,0.5,29,-4.2,4.4,2,2016-02-29,-1.8,20160229,137
60,2016,0.0,0.0,10.0,45.4,0.0,3.5,1,-6.4,2.9,3,2016-03-01,-1.2,20160301,137
61,2016,0.0,0.0,9.3,50.9,0.0,12.1,2,-3.4,1.8,3,2016-03-02,3.8,20160302,137
62,2016,0.0,0.0,9.9,55.6,0.0,15.9,3,-2.7,1.0,3,2016-03-03,6.1,20160303,137
63,2016,9.2,0.0,0.3,74.5,0.0,11.8,4,1.5,0.7,3,2016-03-04,7.0,20160304,137
64,2016,36.7,0.0,0.3,90.9,0.0,11.9,5,7.8,1.3,3,2016-03-05,9.7,20160305,137
65,2016,0.2,0.0,6.4,61.8,0.0,16.5,6,5.9,2.1,3,2016-03-06,11.9,20160306,137
66,2016,0.0,0.0,4.7,58.3,0.0,14.6,7,2.4,1.2,3,2016-03-07,9.1,20160307,137
67,2016,0.0,0.0,0.0,32.3,0.0,10.0,8,4.0,2.5,3,2016-03-08,7.1,20160308,137
68,2016,0.0,0.0,6.9,35.9,0.0,10.7,9,0.9,2.5,3,2016-03-09,4.2,20160309,137
69,2016,0.0,0.0,9.1,34.8,0.0,7.0,10,-1.6,3.2,3,2016-03-10,1.4,20160310,137
70,2016,0.0,0.0,10.0,37.3,0.0,6.5,11,-3.2,2.6,3,2016-03-11,1.2,20160311,137
71,2016,0.0,0.0,10.1,40.4,0.0,9.6,12,-3.2,1.9,3,2016-03-12,3.3,20160312,137
72,2016,0.0,0.0,0.0,53.4,0.0,8.7,13,-0.3,0.9,3,2016-03-13,3.7,20160313,137
73,2016,0.0,0.0,7.7,52.4,0.0,10.9,14,-1.1,2.0,3,2016-03-14,5.2,20160314,137
74,2016,0.0,0.0,9.3,32.4,0.0,15.1,15,-1.0,2.1,3,2016-03-15,8.3,20160315,137
75,2016,0.0,0.0,7.0,24.0,0.0,17.4,16,4.5,2.3,3,2016-03-16,11.3,20160316,137
76,2016,0.0,0.0,9.2,32.1,0.0,21.3,17,-0.1,1.6,3,2016-03-17,11.7,20160317,137
77,2016,9.1,0.0,0.1,83.3,0.0,13.0,18,7.8,1.0,3,2016-03-18,9.7,20160318,137
78,2016,0.0,0.0,6.4,65.9,0.0,18.4,19,4.8,1.8,3,2016-03-19,11.4,20160319,137
79,2016,0.0,0.0,3.4,63.3,0.0,14.9,20,4.1,1.5,3,2016-03-20,9.0,20160320,137
80,2016,0.0,0.0,8.0,54.6,0.0,18.2,21,0.8,1.9,3,2016-03-21,9.4,20160321,137
81,2016,0.0,0.0,9.9,32.9,0.0,18.4,22,4.5,3.0,3,2016-03-22,12.0,20160322,137
82,2016,0.0,0.0,7.8,41.3,0.0,15.1,23,5.5,2.1,3,2016-03-23,9.7,20160323,137
83,2016,1.1,0.0,8.7,53.8,0.0,13.6,24,1.4,1.4,3,2016-03-24,7.5,20160324,137
84,2016,0.0,0.0,3.8,58.8,0.0,11.9,25,2.7,1.1,3,2016-03-25,7.0,20160325,137
85,2016,0.0,0.0,7.6,50.4,0.0,13.4,26,2.8,1.1,3,2016-03-26,7.5,20160326,137
86,2016,0.0,0.0,10.3,32.4,0.0,15.8,27,3.4,2.7,3,2016-03-27,9.1,20160327,137
87,2016,0.0,0.0,11.2,22.9,0.0,18.9,28,3.5,2.3,3,2016-03-28,11.9,20160328,137
88,2016,0.0,0.0,6.6,36.3,0.0,20.7,29,7.2,2.2,3,2016-03-29,13.9,20160329,137
89,2016,0.0,0.0,10.2,39.6,0.0,22.4,30,9.1,2.1,3,2016-03-30,14.9,20160330,137
90,2016,0.0,0.0,7.2,36.8,0.0,22.2,31,3.7,0.8,3,2016-03-31,12.6,20160331,137
91,2016,0.0,0.0,10.9,35.8,0.0,25.8,1,3.5,1.2,4,2016-04-01,14.9,20160401,137
92,2016,0.0,0.0,10.1,36.8,0.0,25.4,2,5.7,1.6,4,2016-04-02,16.4,20160402,137
93,2016,13.8,0.0,0.7,65.0,0.0,17.5,3,9.3,1.2,4,2016-04-03,12.8,20160403,137
94,2016,3.3,0.0,0.6,80.3,0.0,14.3,4,8.4,1.3,4,2016-04-04,10.7,20160404,137
95,2016,0.0,0.0,11.3,41.8,0.0,21.2,5,4.4,2.0,4,2016-04-05,13.3,20160405,137
96,2016,7.9,0.0,6.6,50.4,0.0,23.0,6,5.2,1.5,4,2016-04-06,13.2,20160406,137
97,2016,26.9,0.0,3.9,71.6,0.0,19.2,7,8.6,1.9,4,2016-04-07,13.6,20160407,137
98,2016,0.0,0.0,10.4,46.1,0.0,24.1,8,10.5,2.7,4,2016-04-08,17.2,20160408,137
99,2016,0.0,0.0,8.3,47.5,0.0,25.8,9,13.2,2.8,4,2016-04-09,18.4,20160409,137
100,2016,1.0,0.0,8.6,56.3,0.0,26.2,10,9.0,1.9,4,2016-04-10,16.2,20160410,137
101,2016,0.0,0.0,4.9,57.4,0.0,16.5,11,7.4,1.8,4,2016-04-11,10.6,20160411,137
102,2016,0.0,0.0,7.4,51.9,0.0,19.8,12,4.5,1.3,4,2016-04-12,12.1,20160412,137
103,2016,18.5,0.0,0.0,90.9,0.0,14.1,13,9.1,0.5,4,2016-04-13,11.8,20160413,137
104,2016,0.0,0.0,9.5,58.5,0.0,23.3,14,10.7,2.0,4,2016-04-14,16.3,20160414,137
105,2016,0.0,0.0,11.2,57.8,0.0,23.3,15,6.1,1.2,4,2016-04-15,14.6,20160415,137
106,2016,9.4,0.0,3.5,74.1,0.0,20.5,16,7.4,1.7,4,2016-04-16,14.1,20160416,137
107,2016,10.4,0.0,9.4,50.1,0.0,16.9,17,11.0,4.9,4,2016-04-17,13.6,20160417,137
108,2016,0.8,0.0,7.6,44.9,0.0,20.8,18,8.7,2.7,4,2016-04-18,13.4,20160418,137
109,2016,0.0,0.0,10.0,49.8,0.0,21.0,19,8.7,1.5,4,2016-04-19,13.2,20160419,137
110,2016,0.0,0.0,2.4,58.8,0.0,19.6,20,5.4,0.9,4,2016-04-20,12.9,20160420,137
111,2016,41.7,0.0,0.1,84.8,0.0,16.5,21,9.9,1.5,4,2016-04-21,13.6,20160421,137
112,2016,0.0,0.0,11.1,55.5,0.0,27.3,22,13.6,2.7,4,2016-04-22,19.7,20160422,137
113,2016,0.0,0.0,2.0,32.6,0.0,23.2,23,12.3,1.6,4,2016-04-23,17.2,20160423,137
114,2016,0.0,0.0,11.2,34.3,0.0,23.7,24,7.4,1.2,4,2016-04-24,15.3,20160424,137
115,2016,0.0,0.0,11.5,45.9,0.0,28.4,25,6.1,0.9,4,2016-04-25,17.1,20160425,137
116,2016,0.0,0.0,9.7,49.4,0.0,29.5,26,8.8,1.3,4,2016-04-26,18.6,20160426,137
117,2016,28.7,0.0,0.0,83.1,0.0,16.2,27,9.7,1.1,4,2016-04-27,11.3,20160427,137
118,2016,1.5,0.0,4.9,65.6,0.0,21.4,28,9.5,1.4,4,2016-04-28,14.9,20160428,137
119,2016,0.5,0.0,9.3,55.5,0.0,24.0,29,9.5,1.5,4,2016-04-29,15.9,20160429,137
120,2016,0.0,0.0,11.9,47.5,0.0,25.9,30,8.0,1.9,4,2016-04-30,17.7,20160430,137
121,2016,0.0,0.0,10.4,44.3,0.0,30.2,1,10.7,1.2,5,2016-05-01,20.3,20160501,137
122,2016,1.6,0.0,9.1,62.8,0.0,28.0,2,10.6,1.4,5,2016-05-02,19.3,20160502,137
123,2016,8.5,0.0,0.0,73.1,0.0,19.8,3,11.1,3.6,5,2016-05-03,15.9,20160503,137
124,2016,0.1,0.0,12.6,29.8,0.0,23.7,4,13.1,4.6,5,2016-05-04,18.2,20160504,137
125,2016,0.4,0.0,11.6,32.0,0.0,28.4,5,12.0,1.9,5,2016-05-05,20.3,20160505,137
126,2016,0.2,0.0,3.6,61.9,0.0,27.0,6,14.5,1.5,5,2016-05-06,20.0,20160506,137
127,2016,0.0,0.0,11.0,41.9,0.0,25.3,7,12.9,2.5,5,2016-05-07,18.4,20160507,137
128,2016,0.0,0.0,11.4,48.5,0.0,27.4,8,8.4,1.1,5,2016-05-08,18.5,20160508,137
129,2016,0.0,0.0,3.2,49.3,0.0,26.0,9,13.6,0.9,5,2016-05-09,19.8,20160509,137
130,2016,22.3,0.0,0.0,84.0,0.0,20.3,10,11.9,1.1,5,2016-05-10,13.9,20160510,137
131,2016,4.8,0.0,9.5,67.3,0.0,24.6,11,12.0,1.4,5,2016-05-11,17.4,20160511,137
132,2016,0.0,0.0,9.5,60.4,0.0,28.3,12,10.7,1.4,5,2016-05-12,19.6,20160512,137
133,2016,0.0,0.0,6.1,57.3,0.0,24.1,13,14.5,1.8,5,2016-05-13,18.3,20160513,137
134,2016,0.0,0.0,11.7,57.0,0.0,26.4,14,8.7,1.4,5,2016-05-14,17.6,20160514,137
135,2016,1.0,0.0,7.9,65.1,0.0,26.6,15,11.7,1.5,5,2016-05-15,19.0,20160515,137
136,2016,3.0,0.0,10.0,46.9,0.0,22.8,16,10.2,2.9,5,2016-05-16,16.4,20160516,137
137,2016,0.0,0.0,12.7,40.8,0.0,29.7,17,9.6,1.5,5,2016-05-17,20.5,20160517,137
138,2016,0.0,0.0,12.7,48.3,0.0,32.1,18,11.4,0.9,5,2016-05-18,21.7,20160518,137
139,2016,0.0,0.0,12.6,45.1,0.0,31.8,19,12.4,0.9,5,2016-05-19,21.0,20160519,137
140,2016,0.0,0.0,10.4,43.5,0.0,30.0,20,10.4,0.9,5,2016-05-20,20.6,20160520,137
141,2016,0.0,0.0,12.5,47.6,0.0,29.4,21,10.6,1.1,5,2016-05-21,20.4,20160521,137
142,2016,0.0,0.0,12.7,46.5,0.0,30.3,22,9.9,1.2,5,2016-05-22,20.2,20160522,137
143,2016,0.0,0.0,11.3,48.4,0.0,29.8,23,10.5,0.8,5,2016-05-23,20.5,20160523,137
144,2016,10.9,0.0,1.1,77.8,0.0,20.5,24,15.5,1.4,5,2016-05-24,17.9,20160524,137
145,2016,0.0,0.0,12.5,61.1,0.0,27.3,25,13.0,1.5,5,2016-05-25,20.2,20160525,137
146,2016,0.0,0.0,7.2,62.8,0.0,27.7,26,15.1,1.2,5,2016-05-26,21.5,20160526,137
147,2016,0.0,0.0,8.7,51.0,0.0,30.1,27,17.9,1.0,5,2016-05-27,23.4,20160527,137
148,2016,0.0,0.0,8.1,41.6,0.0,29.6,28,19.3,1.6,5,2016-05-28,23.2,20160528,137
149,2016,0.0,0.0,7.0,51.8,0.0,28.6,29,17.0,1.6,5,2016-05-29,22.0,20160529,137
150,2016,0.0,0.0,12.7,46.0,0.0,30.0,30,17.7,2.1,5,2016-05-30,24.1,20160530,137
151,2016,0.0,0.0,11.0,47.3,0.0,29.3,31,18.3,2.5,5,2016-05-31,23.7,20160531,137
152,2016,0.0,0.0,11.3,43.9,0.0,28.5,1,17.4,1.3,6,2016-06-01,22.2,20160601,137
153,2016,0.0,0.0,12.3,46.4,0.0,29.9,2,11.3,1.2,6,2016-06-02,21.5,20160602,137
154,2016,0.0,0.0,11.3,44.9,0.0,31.4,3,15.8,1.3,6,2016-06-03,23.7,20160603,137
155,2016,0.0,0.0,0.0,67.1,0.0,23.8,4,17.5,0.8,6,2016-06-04,20.5,20160604,137
156,2016,0.0,0.0,12.6,54.0,0.0,31.3,5,15.0,1.2,6,2016-06-05,22.8,20160605,137
157,2016,2.3,0.0,0.0,82.5,0.0,20.1,6,15.6,0.6,6,2016-06-06,18.1,20160606,137
158,2016,0.0,0.0,2.8,69.0,0.0,28.1,7,18.1,0.8,6,2016-06-07,22.5,20160607,137
159,2016,0.0,0.0,0.8,63.1,0.0,27.2,8,19.3,1.1,6,2016-06-08,22.7,20160608,137
160,2016,0.0,0.0,11.5,61.3,0.0,31.7,9,17.3,0.9,6,2016-06-09,24.1,20160609,137
161,2016,0.0,0.0,8.9,60.6,0.0,32.4,10,17.6,0.9,6,2016-06-10,24.9,20160610,137
162,2016,4.4,0.0,5.9,68.3,0.0,32.2,11,20.7,1.3,6,2016-06-11,25.1,20160611,137
163,2016,0.0,0.0,0.4,82.0,0.0,26.7,12,21.1,0.9,6,2016-06-12,23.8,20160612,137
164,2016,0.0,0.0,10.2,61.4,0.0,32.3,13,21.2,1.2,6,2016-06-13,25.9,20160613,137
165,2016,0.0,0.0,6.4,69.4,0.0,31.1,14,19.8,1.1,6,2016-06-14,24.2,20160614,137
166,2016,9.5,0.0,0.1,79.0,0.0,26.1,15,20.1,0.9,6,2016-06-15,22.1,20160615,137
167,2016,0.0,0.0,8.1,67.5,0.0,27.5,16,20.0,1.9,6,2016-06-16,22.9,20160616,137
168,2016,0.0,0.0,12.3,57.6,0.0,30.5,17,18.7,2.0,6,2016-06-17,24.1,20160617,137
169,2016,0.0,0.0,10.9,56.9,0.0,33.4,18,17.5,1.0,6,2016-06-18,25.5,20160618,137
170,2016,0.0,0.0,10.2,51.1,0.0,32.4,19,20.9,1.6,6,2016-06-19,26.3,20160619,137
171,2016,1.1,0.0,6.3,62.1,0.0,31.7,20,18.8,1.2,6,2016-06-20,24.6,20160620,137
172,2016,0.3,0.0,6.3,72.5,0.0,31.0,21,20.7,1.0,6,2016-06-21,24.8,20160621,137
173,2016,0.0,0.0,0.9,72.5,0.0,28.6,22,21.2,0.9,6,2016-06-22,24.6,20160622,137
174,2016,0.0,0.0,10.6,59.5,0.0,33.8,23,20.2,1.1,6,2016-06-23,27.4,20160623,137
175,2016,29.4,0.0,0.4,83.4,0.0,25.9,24,20.1,1.4,6,2016-06-24,22.2,20160624,137
176,2016,0.0,0.0,9.6,55.4,0.0,28.1,25,19.9,2.9,6,2016-06-25,23.5,20160625,137
177,2016,0.0,0.0,11.4,54.6,0.0,30.1,26,19.2,2.1,6,2016-06-26,24.7,20160626,137
178,2016,0.0,0.0,4.8,66.9,0.0,28.6,27,18.2,1.0,6,2016-06-27,23.6,20160627,137
179,2016,0.0,0.0,7.8,64.1,0.0,29.4,28,19.3,1.2,6,2016-06-28,23.8,20160628,137
180,2016,0.0,0.0,4.9,64.3,0.0,28.8,29,19.5,1.0,6,2016-06-29,24.1,20160629,137
181,2016,0.0,0.0,5.2,70.9,0.0,32.0,30,21.0,0.8,6,2016-06-30,25.8,20160630,137
182,2016,38.2,0.0,1.3,83.8,0.0,30.1,1,22.9,1.0,7,2016-07-01,24.8,20160701,137
183,2016,49.5,0.0,1.3,79.6,0.0,29.3,2,23.0,1.4,7,2016-07-02,24.6,20160702,137
184,2016,19.9,0.0,0.0,81.0,0.0,25.8,3,19.7,1.1,7,2016-07-03,23.2,20160703,137
185,2016,89.1,0.0,0.0,91.0,0.0,21.6,4,19.5,1.2,7,2016-07-04,20.5,20160704,137
186,2016,39.0,0.0,2.7,84.1,0.0,32.7,5,20.7,0.9,7,2016-07-05,25.1,20160705,137
187,2016,50.1,0.0,0.0,88.3,0.0,28.4,6,22.7,1.1,7,2016-07-06,24.6,20160706,137
188,2016,1.8,0.0,7.6,77.8,0.0,32.6,7,21.6,1.1,7,2016-07-07,25.9,20160707,137
189,2016,0.0,0.0,9.5,75.9,0.0,33.5,8,21.1,0.6,7,2016-07-08,26.1,20160708,137
190,2016,0.0,0.0,10.8,67.9,0.0,34.4,9,21.2,0.9,7,2016-07-09,27.6,20160709,137
191,2016,0.0,0.0,8.7,70.6,0.0,32.9,10,21.7,0.9,7,2016-07-10,27.3,20160710,137
192,2016,5.8,0.0,1.4,81.8,0.0,31.3,11,22.7,0.7,7,2016-07-11,26.1,20160711,137
193,2016,0.2,0.0,3.5,78.8,0.0,31.1,12,23.5,1.4,7,2016-07-12,26.1,20160712,137
194,2016,0.0,0.0,5.6,70.6,0.0,31.2,13,23.0,1.4,7,2016-07-13,26.7,20160713,137
195,2016,0.0,0.0,3.8,75.5,0.0,30.9,14,21.1,1.1,7,2016-07-14,24.8,20160714,137
196,2016,0.0,0.0,4.3,71.5,0.0,29.9,15,19.9,0.9,7,2016-07-15,24.7,20160715,137
197,2016,19.4,0.0,0.0,90.8,0.0,23.6,16,20.1,0.8,7,2016-07-16,20.6,20160716,137
198,2016,0.0,0.0,4.1,75.3,0.0,28.6,17,20.4,1.2,7,2016-07-17,24.1,20160717,137
199,2016,0.0,0.0,3.4,71.6,0.0,29.3,18,20.8,1.1,7,2016-07-18,24.1,20160718,137
200,2016,0.0,0.0,10.1,73.8,0.0,32.5,19,19.3,0.9,7,2016-07-19,25.7,20160719,137
201,2016,0.0,0.0,2.0,77.6,0.0,28.5,20,22.2,1.1,7,2016-07-20,24.3,20160720,137
202,2016,0.0,0.0,2.0,75.0,0.0,29.0,21,21.2,0.8,7,2016-07-21,24.2,20160721,137
203,2016,0.0,0.0,10.9,71.1,0.0,32.2,22,19.9,1.0,7,2016-07-22,25.7,20160722,137
204,2016,0.0,0.0,7.3,73.9,0.0,33.0,23,21.9,1.0,7,2016-07-23,26.3,20160723,137
205,2016,0.0,0.0,8.0,74.1,0.0,34.3,24,23.4,0.8,7,2016-07-24,28.4,20160724,137
206,2016,0.0,0.0,3.0,76.4,0.0,33.9,25,25.9,1.0,7,2016-07-25,29.0,20160725,137
207,2016,0.0,0.0,11.1,70.9,0.0,34.5,26,24.0,1.0,7,2016-07-26,28.6,20160726,137
208,2016,0.0,0.0,6.7,69.1,0.0,34.2,27,23.5,0.9,7,2016-07-27,28.6,20160727,137
209,2016,0.1,0.0,11.1,65.3,0.0,34.8,28,24.8,1.2,7,2016-07-28,29.2,20160728,137
210,2016,0.0,0.0,7.8,74.5,0.0,33.7,29,22.4,0.7,7,2016-07-29,27.9,20160729,137
211,2016,0.5,0.0,6.5,77.4,0.0,34.3,30,24.5,0.9,7,2016-07-30,28.4,20160730,137
212,2016,0.0,0.0,11.1,69.4,0.0,35.9,31,24.5,1.0,7,2016-07-31,29.5,20160731,137
213,2016,0.0,0.0,7.3,72.1,0.0,35.1,1,23.9,0.9,8,2016-08-01,28.7,20160801,137
214,2016,15.7,0.0,1.7,79.3,0.0,32.0,2,22.6,0.7,8,2016-08-02,26.9,20160802,137
215,2016,0.0,0.0,8.6,76.9,0.0,33.4,3,22.5,0.8,8,2016-08-03,26.8,20160803,137
216,2016,0.0,0.0,8.2,71.3,0.0,34.7,4,23.2,0.7,8,2016-08-04,28.2,20160804,137
217,2016,0.0,0.0,11.3,69.5,0.0,35.6,5,23.8,0.7,8,2016-08-05,28.8,20160805,137
218,2016,0.0,0.0,7.9,72.4,0.0,35.8,6,23.7,0.6,8,2016-08-06,28.8,20160806,137
219,2016,0.0,0.0,10.4,68.0,0.0,36.7,7,24.2,1.0,8,2016-08-07,29.5,20160807,137
220,2016,46.9,0.0,10.4,73.5,0.0,37.2,8,23.2,1.2,8,2016-08-08,27.9,20160808,137
221,2016,0.0,0.0,5.6,77.0,0.0,34.2,9,22.9,0.7,8,2016-08-09,27.8,20160809,137
222,2016,0.0,0.0,10.7,70.4,0.0,35.3,10,23.6,0.7,8,2016-08-10,28.8,20160810,137
223,2016,0.0,0.0,12.3,65.1,0.0,37.0,11,24.6,0.9,8,2016-08-11,30.4,20160811,137
224,2016,0.0,0.0,12.2,60.4,0.0,36.7,12,25.1,1.2,8,2016-08-12,30.6,20160812,137
225,2016,0.0,0.0,12.3,57.8,0.0,36.0,13,24.5,1.5,8,2016-08-13,30.5,20160813,137
226,2016,0.0,0.0,9.3,63.8,0.0,35.4,14,25.0,1.5,8,2016-08-14,30.1,20160814,137
227,2016,0.0,0.0,7.0,65.9,0.0,35.5,15,25.1,1.1,8,2016-08-15,29.3,20160815,137
228,2016,0.0,0.0,8.8,65.3,0.0,35.5,16,25.3,0.9,8,2016-08-16,29.1,20160816,137
229,2016,0.0,0.0,9.8,63.5,0.0,35.7,17,23.0,0.8,8,2016-08-17,28.7,20160817,137
230,2016,0.0,0.0,8.9,64.0,0.0,36.3,18,25.1,0.9,8,2016-08-18,29.1,20160818,137
231,2016,0.0,0.0,10.7,59.0,0.0,36.4,19,24.6,1.0,8,2016-08-19,29.5,20160819,137
232,2016,0.0,0.0,11.7,57.3,0.0,35.6,20,23.3,1.0,8,2016-08-20,28.9,20160820,137
233,2016,0.0,0.0,9.7,59.8,0.0,34.8,21,21.6,0.8,8,2016-08-21,27.8,20160821,137
234,2016,0.0,0.0,10.2,62.3,0.0,36.3,22,21.5,0.8,8,2016-08-22,28.3,20160822,137
235,2016,0.0,0.0,6.5,59.4,0.0,34.0,23,25.0,0.9,8,2016-08-23,28.6,20160823,137
236,2016,0.0,0.0,9.4,56.3,0.0,35.2,24,23.6,0.9,8,2016-08-24,27.8,20160824,137
237,2016,0.0,0.0,10.1,57.0,0.0,36.5,25,20.4,1.1,8,2016-08-25,28.4,20160825,137
238,2016,23.2,0.0,0.0,87.9,0.0,28.1,26,17.1,1.1,8,2016-08-26,20.0,20160826,137
239,2016,0.0,0.0,5.1,67.5,0.0,28.9,27,15.6,0.9,8,2016-08-27,21.4,20160827,137
240,2016,13.0,0.0,0.3,89.8,0.0,22.2,28,17.4,0.7,8,2016-08-28,19.0,20160828,137
241,2016,0.4,0.0,8.2,61.8,0.0,26.1,29,16.7,1.9,8,2016-08-29,20.8,20160829,137
242,2016,0.7,0.0,4.6,69.4,0.0,24.5,30,17.8,2.4,8,2016-08-30,20.2,20160830,137
243,2016,16.4,0.0,0.4,68.4,0.0,24.9,31,16.7,3.1,8,2016-08-31,20.8,20160831,137
244,2016,0.2,0.0,7.1,60.8,0.0,31.4,1,19.7,1.3,9,2016-09-01,25.6,20160901,137
245,2016,22.1,0.0,0.0,91.8,0.0,24.4,2,19.1,0.8,9,2016-09-02,20.0,20160902,137
246,2016,0.8,0.0,0.0,90.4,0.0,24.0,3,19.0,0.8,9,2016-09-03,21.7,20160903,137
247,2016,0.1,0.0,6.5,81.0,0.0,31.9,4,21.9,0.6,9,2016-09-04,25.7,20160904,137
248,2016,8.6,0.0,2.4,86.3,0.0,30.6,5,20.8,0.8,9,2016-09-05,23.7,20160905,137
249,2016,0.0,0.0,2.3,82.8,0.0,28.6,6,20.1,0.7,9,2016-09-06,23.5,20160906,137
250,2016,1.4,0.0,6.5,74.0,0.0,29.8,7,18.9,0.9,9,2016-09-07,23.5,20160907,137
251,2016,1.9,0.0,8.7,74.6,0.0,29.9,8,16.8,1.0,9,2016-09-08,22.8,20160908,137
252,2016,0.0,0.0,6.7,75.3,0.0,29.8,9,18.9,0.7,9,2016-09-09,23.5,20160909,137
253,2016,2.2,0.0,2.5,82.3,0.0,28.5,10,20.3,0.7,9,2016-09-10,22.6,20160910,137
254,2016,0.0,0.0,3.9,80.4,0.0,28.6,11,20.0,0.6,9,2016-09-11,23.1,20160911,137
255,2016,3.0,0.0,3.6,84.3,0.0,27.1,12,18.5,0.5,9,2016-09-12,21.3,20160912,137
256,2016,0.0,0.0,6.3,78.6,0.0,28.7,13,17.2,0.7,9,2016-09-13,21.6,20160913,137
257,2016,0.0,0.0,5.6,79.5,0.0,28.0,14,17.6,0.6,9,2016-09-14,22.4,20160914,137
258,2016,0.0,0.0,5.1,78.4,0.0,29.2,15,18.7,0.5,9,2016-09-15,22.7,20160915,137
259,2016,2.7,0.0,0.0,85.8,0.0,25.8,16,19.7,0.6,9,2016-09-16,21.8,20160916,137
260,2016,91.6,0.0,0.0,92.9,0.0,20.9,17,19.2,1.1,9,2016-09-17,19.8,20160917,137
261,2016,6.9,0.0,0.0,90.3,0.0,20.2,18,17.6,0.9,9,2016-09-18,18.7,20160918,137
262,2016,0.0,0.0,0.2,75.8,0.0,23.2,19,17.5,0.9,9,2016-09-19,19.5,20160919,137
263,2016,0.0,0.0,8.7,66.5,0.0,25.6,20,11.7,0.9,9,2016-09-20,17.8,20160920,137
264,2016,0.0,0.0,6.8,73.3,0.0,24.6,21,10.4,0.6,9,2016-09-21,17.3,20160921,137
265,2016,0.0,0.0,2.9,79.0,0.0,24.7,22,15.0,0.6,9,2016-09-22,18.6,20160922,137
266,2016,0.0,0.0,8.8,75.9,0.0,27.3,23,14.7,0.6,9,2016-09-23,19.8,20160923,137
267,2016,0.0,0.0,8.2,76.0,0.0,28.3,24,16.7,0.6,9,2016-09-24,20.8,20160924,137
268,2016,0.0,0.0,2.3,83.4,0.0,24.7,25,15.3,0.5,9,2016-09-25,19.7,20160925,137
269,2016,1.4,0.0,1.8,88.1,0.0,24.6,26,17.6,0.6,9,2016-09-26,20.4,20160926,137
270,2016,12.8,0.0,1.0,87.9,0.0,27.0,27,20.0,0.6,9,2016-09-27,22.7,20160927,137
271,2016,0.2,0.0,5.3,78.5,0.0,27.6,28,19.3,1.0,9,2016-09-28,22.7,20160928,137
272,2016,1.0,0.0,0.0,79.1,0.0,19.7,29,17.0,0.8,9,2016-09-29,18.5,20160929,137
273,2016,5.1,0.0,0.0,90.5,0.0,17.2,30,15.2,0.4,9,2016-09-30,16.2,20160930,137
274,2016,0.4,0.0,0.0,91.1,0.0,19.9,1,15.3,0.5,10,2016-10-01,17.3,20161001,137
275,2016,0.1,0.0,0.4,85.6,0.0,24.1,2,17.2,0.7,10,2016-10-02,20.2,20161002,137
276,2016,0.4,0.0,2.5,85.9,0.0,28.8,3,18.6,1.0,10,2016-10-03,22.2,20161003,137
277,2016,0.0,0.0,5.2,77.9,0.0,28.2,4,16.8,1.1,10,2016-10-04,20.6,20161004,137
278,2016,37.1,0.0,1.3,86.4,0.0,23.2,5,16.6,1.8,10,2016-10-05,19.0,20161005,137
279,2016,0.0,0.0,9.2,71.6,0.0,26.1,6,14.9,1.2,10,2016-10-06,19.2,20161006,137
280,2016,10.4,0.0,2.3,81.1,0.0,23.4,7,14.6,0.9,10,2016-10-07,18.2,20161007,137
281,2016,24.3,0.0,4.0,73.0,0.0,22.8,8,14.8,1.5,10,2016-10-08,17.2,20161008,137
282,2016,0.0,0.0,9.4,52.6,0.0,19.1,9,8.5,1.6,10,2016-10-09,13.1,20161009,137
283,2016,0.0,0.0,4.0,73.0,0.0,19.2,10,7.9,0.5,10,2016-10-10,12.9,20161010,137
284,2016,0.0,0.0,5.7,75.9,0.0,22.0,11,9.7,0.5,10,2016-10-11,14.5,20161011,137
285,2016,0.0,0.0,7.3,68.3,0.0,22.5,12,11.2,0.8,10,2016-10-12,15.2,20161012,137
286,2016,0.0,0.0,4.6,71.5,0.0,20.9,13,10.3,0.5,10,2016-10-13,14.2,20161013,137
287,2016,0.0,0.0,9.0,74.5,0.0,23.1,14,7.5,0.5,10,2016-10-14,13.9,20161014,137
288,2016,0.0,0.0,6.1,80.6,0.0,23.7,15,8.0,0.6,10,2016-10-15,14.7,20161015,137
289,2016,8.7,0.0,0.0,90.1,0.0,18.8,16,12.7,0.6,10,2016-10-16,15.3,20161016,137
290,2016,0.3,0.0,5.9,80.3,0.0,24.6,17,14.6,1.1,10,2016-10-17,17.8,20161017,137
291,2016,0.0,0.0,3.1,86.4,0.0,20.9,18,11.5,0.9,10,2016-10-18,15.5,20161018,137
292,2016,0.0,0.0,4.9,79.3,0.0,23.8,19,13.2,0.8,10,2016-10-19,16.8,20161019,137
293,2016,0.0,0.0,6.1,71.0,0.0,23.8,20,11.3,1.3,10,2016-10-20,17.6,20161020,137
294,2016,0.0,0.0,0.0,75.8,0.0,18.6,21,14.4,1.0,10,2016-10-21,15.9,20161021,137
295,2016,0.0,0.0,4.4,76.9,0.0,21.7,22,13.0,0.5,10,2016-10-22,16.2,20161022,137
296,2016,1.1,0.0,0.0,78.3,0.0,16.6,23,10.5,1.1,10,2016-10-23,13.8,20161023,137
297,2016,0.0,0.0,7.4,78.1,0.0,19.3,24,8.3,0.8,10,2016-10-24,12.9,20161024,137
298,2016,12.9,0.0,0.6,88.5,0.0,18.6,25,11.0,1.0,10,2016-10-25,13.2,20161025,137
299,2016,0.0,0.0,1.5,83.1,0.0,17.6,26,7.7,0.8,10,2016-10-26,12.9,20161026,137
300,2016,0.0,0.0,0.5,82.8,0.0,18.7,27,7.9,0.7,10,2016-10-27,13.0,20161027,137
301,2016,10.5,0.0,0.0,84.5,0.0,15.5,28,12.2,0.9,10,2016-10-28,13.7,20161028,137
302,2016,0.0,0.0,0.1,64.8,0.0,13.6,29,7.5,2.0,10,2016-10-29,10.8,20161029,137
303,2016,0.0,0.0,8.9,45.4,0.0,15.9,30,3.8,1.4,10,2016-10-30,8.1,20161030,137
304,2016,0.0,0.0,0.0,65.5,0.0,11.0,31,3.6,0.9,10,2016-10-31,8.2,20161031,137
305,2016,0.0,0.0,8.9,42.1,0.0,10.1,1,0.2,2.2,11,2016-11-01,4.5,20161101,137
306,2016,0.0,0.0,8.9,44.8,0.0,12.8,2,0.0,1.8,11,2016-11-02,5.7,20161102,137
307,2016,0.0,0.0,4.5,69.9,0.0,14.5,3,1.8,1.1,11,2016-11-03,7.3,20161103,137
308,2016,0.0,0.0,8.8,72.8,0.0,18.3,4,0.0,0.7,11,2016-11-04,8.2,20161104,137
309,2016,0.0,0.0,6.1,72.8,0.0,20.9,5,5.4,1.2,11,2016-11-05,12.5,20161105,137
310,2016,0.0,0.0,0.0,76.0,0.0,13.5,6,9.2,1.1,11,2016-11-06,11.8,20161106,137
311,2016,0.2,0.0,4.7,72.3,0.0,18.1,7,9.9,0.6,11,2016-11-07,13.2,20161107,137
312,2016,2.9,0.0,7.3,58.8,0.0,12.7,8,2.9,2.7,11,2016-11-08,8.2,20161108,137
313,2016,0.0,0.0,8.7,52.8,0.0,11.4,9,-0.8,1.4,11,2016-11-09,4.1,20161109,137
314,2016,1.2,0.0,1.0,75.0,0.0,10.8,10,1.4,0.8,11,2016-11-10,6.3,20161110,137
315,2016,0.2,0.0,6.0,70.9,0.0,15.0,11,4.7,1.6,11,2016-11-11,9.1,20161111,137
316,2016,0.0,0.0,8.0,73.0,0.0,16.4,12,0.6,0.6,11,2016-11-12,6.9,20161112,137
317,2016,0.0,0.0,2.2,78.8,0.0,15.2,13,3.1,0.5,11,2016-11-13,9.2,20161113,137
318,2016,0.0,0.0,6.2,77.4,0.0,20.5,14,7.3,0.8,11,2016-11-14,14.0,20161114,137
319,2016,0.0,0.0,8.6,40.5,0.0,16.4,15,5.2,3.0,11,2016-11-15,10.4,20161115,137
320,2016,0.0,0.0,7.2,42.4,0.0,16.3,16,-1.3,1.5,11,2016-11-16,7.7,20161116,137
321,2016,0.0,0.0,8.1,52.8,0.0,15.8,17,3.6,0.8,11,2016-11-17,8.3,20161117,137
322,2016,11.0,0.0,3.7,82.4,0.0,12.5,18,0.7,0.5,11,2016-11-18,7.2,20161118,137
323,2016,2.7,0.0,0.2,87.6,0.0,16.6,19,9.5,0.9,11,2016-11-19,12.8,20161119,137
324,2016,0.0,0.0,8.1,65.3,0.0,19.2,20,6.4,1.7,11,2016-11-20,13.1,20161120,137
325,2016,0.1,0.0,0.0,84.6,0.0,12.7,21,4.8,0.6,11,2016-11-21,9.0,20161121,137
326,2016,0.0,0.0,3.2,55.0,0.0,10.9,22,2.0,3.5,11,2016-11-22,6.0,20161122,137
327,2016,0.0,0.0,5.9,34.9,0.0,8.2,23,-0.3,3.1,11,2016-11-23,2.7,20161123,137
328,2016,0.0,0.0,8.5,36.3,0.0,4.4,24,-4.1,2.8,11,2016-11-24,0.2,20161124,137
329,2016,0.0,0.0,7.5,48.0,0.0,8.0,25,-2.9,1.4,11,2016-11-25,1.7,20161125,137
330,2016,3.9,0.0,0.0,82.6,0.0,1.5,26,-4.8,0.6,11,2016-11-26,-1.0,20161126,137
331,2016,0.0,0.0,0.0,91.9,0.0,3.7,27,-0.8,0.5,11,2016-11-27,0.8,20161127,137
332,2016,0.0,0.0,8.1,57.4,0.0,8.0,28,0.0,2.3,11,2016-11-28,3.6,20161128,137
333,2016,0.0,0.0,8.3,43.8,0.0,10.0,29,-0.3,1.6,11,2016-11-29,3.4,20161129,137
334,2016,0.7,0.0,0.5,70.5,0.0,8.5,30,0.3,0.9,11,2016-11-30,5.2,20161130,137
335,2016,0.0,0.0,5.0,50.4,0.0,10.8,1,1.4,3.3,12,2016-12-01,7.1,20161201,137
336,2016,0.0,0.0,8.3,38.0,0.0,9.7,2,-0.2,2.4,12,2016-12-02,3.8,20161202,137
337,2016,0.0,0.0,7.7,54.5,0.0,11.6,3,-3.5,0.8,12,2016-12-03,3.8,20161203,137
338,2016,0.0,0.0,0.1,60.0,0.0,10.4,4,-0.3,0.9,12,2016-12-04,4.4,20161204,137
339,2016,0.0,0.0,4.5,57.6,0.0,14.3,5,2.9,2.3,12,2016-12-05,7.6,20161205,137
340,2016,0.0,0.0,8.4,36.5,0.0,6.2,6,-3.6,3.1,12,2016-12-06,1.5,20161206,137
341,2016,0.0,0.0,1.7,64.9,0.0,2.6,7,-6.2,0.7,12,2016-12-07,-1.9,20161207,137
342,2016,1.1,0.0,6.9,70.9,0.0,10.0,8,-5.0,1.1,12,2016-12-08,2.1,20161208,137
343,2016,1.8,0.0,6.9,56.8,0.0,8.2,9,0.5,2.9,12,2016-12-09,4.7,20161209,137
344,2016,0.0,0.0,8.4,39.6,0.0,7.6,10,-2.7,2.2,12,2016-12-10,1.7,20161210,137
345,2016,0.0,0.0,8.4,46.9,0.0,7.5,11,-4.2,1.1,12,2016-12-11,-0.2,20161211,137
346,2016,0.2,0.0,5.7,57.0,0.0,8.3,12,-4.8,0.5,12,2016-12-12,1.6,20161212,137
347,2016,0.1,0.0,3.7,68.6,0.0,11.5,13,-0.2,1.0,12,2016-12-13,5.5,20161213,137
348,2016,0.0,0.0,0.6,62.3,0.0,4.5,14,0.6,3.1,12,2016-12-14,1.8,20161214,137
349,2016,0.0,0.0,8.4,41.5,0.0,2.6,15,-4.1,3.7,12,2016-12-15,-0.6,20161215,137
350,2016,0.0,0.0,8.4,35.8,0.0,2.2,16,-6.4,3.3,12,2016-12-16,-1.8,20161216,137
351,2016,0.0,0.0,6.6,57.3,0.0,10.4,17,-0.4,2.2,12,2016-12-17,4.3,20161217,137
352,2016,0.0,0.0,8.1,68.4,0.0,10.4,18,-3.1,1.3,12,2016-12-18,3.9,20161218,137
353,2016,3.0,0.0,0.0,85.0,0.0,7.1,19,2.7,0.5,12,2016-12-19,5.1,20161219,137
354,2016,0.0,0.0,0.0,89.1,0.0,8.1,20,2.6,0.7,12,2016-12-20,5.3,20161220,137
355,2016,22.0,0.0,0.0,92.1,0.0,6.6,21,1.9,0.4,12,2016-12-21,4.2,20161221,137
356,2016,5.2,0.0,0.0,76.6,0.0,14.4,22,4.6,3.0,12,2016-12-22,7.7,20161222,137
357,2016,0.0,0.0,0.5,62.4,0.0,4.7,23,-0.5,3.4,12,2016-12-23,1.7,20161223,137
358,2016,0.0,0.0,3.0,60.5,0.0,3.0,24,-2.2,1.4,12,2016-12-24,-0.2,20161224,137
359,2016,0.0,0.0,6.4,74.1,0.0,7.7,25,-4.8,0.6,12,2016-12-25,1.5,20161225,137
360,2016,13.0,0.0,0.0,88.3,0.0,4.5,26,2.1,0.7,12,2016-12-26,3.4,20161226,137
361,2016,0.0,0.0,5.2,57.5,0.0,3.7,27,-3.2,3.2,12,2016-12-27,1.2,20161227,137
362,2016,0.0,0.0,8.4,43.1,0.0,5.2,28,-6.0,2.2,12,2016-12-28,-0.8,20161228,137
363,2016,0.0,0.0,7.8,45.6,0.0,1.0,29,-3.3,3.1,12,2016-12-29,-1.3,20161229,137
364,2016,0.0,0.0,8.3,47.5,0.0,5.3,30,-4.9,2.4,12,2016-12-30,-0.5,20161230,137
365,2016,0.0,0.0,2.2,70.3,0.0,5.2,31,-2.9,2.0,12,2016-12-31,1.9,20161231,137
