,sunshine,station_id,day,humid,tmin,date,wind,snow,Date,tavg,cloud,year,tmax,month,rainfall
0,8.6,137,1,40.6,-7.7,20150101,4.3,0.0,2015-01-01,-5.5,0.0,2015,-2.3,1,0.0
1,8.5,137,2,47.8,-6.4,20150102,3.2,0.0,2015-01-02,-3.9,0.0,2015,-0.1,1,0.0
2,8.6,137,3,50.1,-6.4,20150103,2.7,0.0,2015-01-03,-1.5,0.0,2015,2.9,1,0.0
3,6.0,137,4,67.3,-2.7,20150104,1.1,0.0,2015-01-04,2.1,0.0,2015,9.9,1,0.0
4,2.7,137,5,78.0,-3.6,20150105,0.6,0.0,2015-01-05,1.4,0.0,2015,6.7,1,1.5
5,8.4,137,6,54.1,-4.4,20150106,3.5,0.0,2015-01-06,0.9,0.0,2015,4.6,1,7.6
6,8.4,137,7,33.9,-6.7,20150107,3.4,0.0,2015-01-07,-3.5,0.0,2015,1.2,1,0.0
7,8.5,137,8,43.9,-6.3,20150108,3.3,0.0,2015-01-08,-2.0,0.0,2015,2.7,1,0.0
8,8.3,137,9,57.5,-2.4,20150109,3.2,0.0,2015-01-09,0.8,0.0,2015,5.1,1,0.0
9,8.3,137,10,49.5,-1.3,20150110,2.7,0.0,2015-01-10,2.1,0.0,2015,6.3,1,0.0
10,7.9,137,11,49.5,-1.2,20150111,3.7,0.0,2015-01-11,1.8,0.0,2015,4.9,1,0.7
11,8.5,137,12,47.3,-6.0,20150112,1.0,0.0,2015-01-12,-1.5,0.0,2015,5.2,1,0.0
12,8.3,137,13,60.6,-8.7,20150113,0.5,0.0,2015-01-13,-1.3,0.0,2015,7.5,1,0.0
13,0.0,137,14,63.6,-1.3,20150114,0.7,0.0,2015-01-14,1.0,0.0,2015,4.1,1,0.0
14,4.1,137,15,58.0,-1.9,20150115,1.3,0.0,2015-01-15,3.5,0.0,2015,10.3,1,0.0
15,0.2,137,16,69.8,-2.0,20150116,2.6,0.0,2015-01-16,1.7,0.0,2015,3.7,1,0.2
16,8.5,137,17,41.1,-3.9,20150117,4.4,0.0,2015-01-17,-1.2,0.0,2015,2.7,1,0.0
17,8.3,137,18,52.0,-5.0,20150118,2.0,0.0,2015-01-18,0.4,0.0,2015,5.5,1,1.3
18,5.5,137,19,61.5,-1.0,20150119,3.3,0.0,2015-01-19,2.6,0.0,2015,5.6,1,1.4
19,8.6,137,20,59.5,-4.8,20150120,1.2,0.0,2015-01-20,0.4,0.0,2015,5.9,1,0.0
20,0.4,137,21,72.0,-2.3,20150121,0.5,0.0,2015-01-21,1.9,0.0,2015,5.8,1,2.3
21,0.0,137,22,85.5,1.1,20150122,0.9,0.0,2015-01-22,2.7,9.0,2015,5.1,1,3.8
22,2.2,137,23,80.1,-2.4,20150123,0.8,0.0,2015-01-23,0.5,6.8,2015,5.4,1,0.0
23,7.9,137,24,60.8,-2.2,20150124,1.9,0.0,2015-01-24,3.1,0.0,2015,8.0,1,0.0
24,1.2,137,25,78.9,-2.6,20150125,0.7,0.0,2015-01-25,1.1,0.0,2015,4.7,1,4.5
25,0.3,137,26,82.4,2.4,20150126,1.7,0.0,2015-01-26,5.0,8.0,2015,9.9,1,1.5
26,8.3,137,27,51.3,-4.3,20150127,3.4,0.0,2015-01-27,0.6,0.3,2015,3.8,1,0.0
27,7.8,137,28,54.6,-6.6,20150128,1.9,0.0,2015-01-28,-2.5,2.5,2015,3.7,1,0.0
28,0.0,137,29,83.1,-4.6,20150129,0.6,0.0,2015-01-29,-1.2,10.0,2015,1.8,1,1.0
29,8.8,137,30,51.9,-3.2,20150130,3.5,0.0,2015-01-30,0.0,1.3,2015,3.6,1,0.3
30,8.8,137,31,39.4,-6.6,20150131,2.8,0.0,2015-01-31,-2.6,0.0,2015,2.6,1,0.0
31,8.8,137,1,40.5,-6.3,20150201,2.0,0.0,2015-02-01,-0.7,0.0,2015,6.2,2,0.0
32,7.1,137,2,53.8,-6.9,20150202,0.8,0.0,2015-02-02,-1.3,3.3,2015,6.8,2,0.0
33,8.1,137,3,55.3,-6.7,20150203,1.0,0.0,2015-02-03,0.4,4.5,2015,8.4,2,0.0
34,8.1,137,4,52.8,-1.9,20150204,2.4,0.0,2015-02-04,1.6,2.8,2015,6.6,2,0.0
35,7.6,137,5,52.0,-0.7,20150205,3.1,0.0,2015-02-05,1.8,3.3,2015,6.3,2,0.0
36,9.0,137,6,47.8,-1.2,20150206,2.3,0.0,2015-02-06,2.5,0.3,2015,7.5,2,0.0
37,6.0,137,7,56.9,-1.0,20150207,2.5,0.0,2015-02-07,2.6,0.0,2015,6.4,2,0.0
38,9.3,137,8,37.9,-8.8,20150208,4.7,0.0,2015-02-08,-5.6,0.0,2015,3.1,2,0.0
39,7.7,137,9,38.4,-11.1,20150209,4.1,0.0,2015-02-09,-4.4,2.3,2015,1.1,2,0.0
40,8.4,137,10,48.1,-0.8,20150210,3.3,0.0,2015-02-10,4.0,4.0,2015,8.7,2,0.0
41,6.4,137,11,53.9,1.1,20150211,2.4,0.0,2015-02-11,5.7,6.0,2015,9.9,2,0.0
42,9.3,137,12,32.3,-2.8,20150212,2.4,0.0,2015-02-12,0.5,0.0,2015,5.1,2,0.0
43,9.3,137,13,29.0,-4.8,20150213,3.1,0.0,2015-02-13,-0.1,0.0,2015,5.1,2,0.0
44,7.6,137,14,55.6,-2.6,20150214,2.0,0.0,2015-02-14,3.2,0.0,2015,9.4,2,0.0
45,2.9,137,15,68.1,-1.9,20150215,1.0,0.0,2015-02-15,4.4,0.0,2015,9.5,2,0.9
46,0.0,137,16,90.1,2.1,20150216,1.3,0.0,2015-02-16,3.4,10.0,2015,5.4,2,28.7
47,5.5,137,17,68.0,2.1,20150217,2.6,0.0,2015-02-17,3.3,6.8,2015,6.5,2,0.2
48,3.0,137,18,65.0,0.7,20150218,2.7,0.0,2015-02-18,2.3,0.0,2015,5.1,2,0.0
49,8.6,137,19,61.3,-1.7,20150219,1.1,0.0,2015-02-19,2.6,0.0,2015,9.2,2,0.0
50,8.4,137,20,63.4,-4.6,20150220,1.0,0.0,2015-02-20,3.4,0.0,2015,10.8,2,0.0
51,0.0,137,21,78.8,3.8,20150221,1.2,0.0,2015-02-21,4.9,0.0,2015,6.0,2,8.4
52,5.2,137,22,68.5,1.2,20150222,2.6,0.0,2015-02-22,6.3,3.5,2015,12.2,2,0.4
53,7.2,137,23,52.3,0.4,20150223,3.0,0.0,2015-02-23,3.2,4.2,2015,8.2,2,0.0
54,8.8,137,24,53.4,-0.9,20150224,2.1,0.0,2015-02-24,3.2,1.3,2015,9.5,2,0.0
55,4.9,137,25,58.0,-1.6,20150225,0.9,0.0,2015-02-25,4.3,6.0,2015,11.0,2,0.0
56,7.5,137,26,45.9,-1.2,20150226,4.5,0.0,2015-02-26,3.5,4.0,2015,7.8,2,0.2
57,9.6,137,27,34.3,-3.5,20150227,2.5,0.0,2015-02-27,-0.3,2.8,2015,4.7,2,0.0
58,1.4,137,28,61.4,-5.7,20150228,0.8,0.0,2015-02-28,0.3,0.0,2015,5.7,2,0.1
59,7.2,137,1,61.8,0.5,20150301,2.8,0.0,2015-03-01,3.0,0.0,2015,7.8,3,0.9
60,10.1,137,2,39.1,-2.6,20150302,1.8,0.0,2015-03-02,4.5,0.0,2015,11.7,3,0.0
61,2.2,137,3,54.5,0.7,20150303,1.6,0.0,2015-03-03,4.1,9.5,2015,9.0,3,0.2
62,10.3,137,4,34.5,-2.9,20150304,5.9,0.0,2015-03-04,-0.2,0.0,2015,4.5,3,0.2
63,9.6,137,5,41.1,-6.4,20150305,1.4,0.0,2015-03-05,0.4,3.3,2015,7.0,3,0.0
64,10.3,137,6,48.1,-4.7,20150306,0.9,0.0,2015-03-06,3.2,0.0,2015,12.1,3,0.0
65,10.3,137,7,41.4,-3.0,20150307,1.3,0.0,2015-03-07,5.0,0.0,2015,13.7,3,0.0
66,9.0,137,8,43.0,-3.6,20150308,1.1,0.0,2015-03-08,6.5,0.0,2015,16.0,3,0.0
67,8.6,137,9,37.5,-4.6,20150309,4.5,0.0,2015-03-09,4.8,2.0,2015,12.2,3,0.0
68,10.7,137,10,27.6,-6.0,20150310,5.9,0.0,2015-03-10,-2.0,0.0,2015,2.0,3,0.0
69,9.9,137,11,39.1,-2.6,20150311,4.3,0.0,2015-03-11,2.3,2.0,2015,7.5,3,0.0
70,10.5,137,12,29.1,-1.7,20150312,3.7,0.0,2015-03-12,3.8,0.0,2015,9.7,3,0.0
71,7.2,137,13,48.4,0.8,20150313,2.5,0.0,2015-03-13,6.5,6.5,2015,12.5,3,1.7
72,9.6,137,14,29.5,-1.7,20150314,1.5,0.0,2015-03-14,6.4,0.0,2015,13.4,3,0.0
73,9.7,137,15,39.3,-2.0,20150315,1.3,0.0,2015-03-15,7.0,0.0,2015,16.7,3,0.0
74,9.5,137,16,37.3,-0.4,20150316,1.0,0.0,2015-03-16,9.4,4.5,2015,20.6,3,0.0
75,5.8,137,17,39.6,1.5,20150317,1.2,0.0,2015-03-17,11.9,7.0,2015,22.3,3,0.0
76,0.0,137,18,81.1,7.8,20150318,1.3,0.0,2015-03-18,8.7,10.0,2015,11.7,3,35.8
77,9.7,137,19,71.0,6.8,20150319,0.8,0.0,2015-03-19,12.9,0.8,2015,20.1,3,0.2
78,7.1,137,20,34.0,11.3,20150320,1.4,0.0,2015-03-20,15.4,3.5,2015,21.9,3,0.0
79,9.8,137,21,28.4,5.2,20150321,2.2,0.0,2015-03-21,13.8,0.0,2015,20.6,3,0.0
80,10.3,137,22,26.8,4.4,20150322,4.2,0.0,2015-03-22,11.4,0.0,2015,17.0,3,0.0
81,10.9,137,23,24.6,1.0,20150323,3.9,0.0,2015-03-23,6.0,0.0,2015,11.6,3,0.0
82,11.1,137,24,29.0,0.3,20150324,1.9,0.0,2015-03-24,6.5,0.0,2015,13.8,3,0.0
83,11.2,137,25,32.8,-2.3,20150325,1.3,0.0,2015-03-25,6.9,0.0,2015,16.1,3,0.0
84,11.3,137,26,21.3,0.9,20150326,2.2,0.0,2015-03-26,11.0,0.0,2015,19.2,3,0.0
85,9.8,137,27,23.1,5.0,20150327,2.2,0.0,2015-03-27,12.0,2.8,2015,18.5,3,0.0
86,10.4,137,28,27.4,1.3,20150328,2.6,0.0,2015-03-28,12.9,0.0,2015,20.7,3,0.0
87,7.0,137,29,36.0,8.8,20150329,2.4,0.0,2015-03-29,13.4,0.0,2015,20.6,3,0.0
88,10.1,137,30,49.6,4.1,20150330,1.7,0.0,2015-03-30,14.7,0.0,2015,24.9,3,0.0
89,0.0,137,31,82.1,7.9,20150331,0.9,0.0,2015-03-31,11.9,9.0,2015,15.6,3,4.5
90,0.0,137,1,88.1,8.5,20150401,1.2,0.0,2015-04-01,10.3,10.0,2015,13.0,4,3.6
91,0.0,137,2,79.0,7.7,20150402,1.5,0.0,2015-04-02,10.6,9.8,2015,13.3,4,0.3
92,4.0,137,3,73.3,10.9,20150403,2.5,0.0,2015-04-03,13.6,8.3,2015,17.2,4,6.7
93,6.0,137,4,67.1,7.3,20150404,2.3,0.0,2015-04-04,10.9,0.0,2015,18.9,4,14.4
94,0.0,137,5,89.5,7.1,20150405,0.9,0.0,2015-04-05,8.9,0.0,2015,10.5,4,4.9
95,0.0,137,6,79.1,8.3,20150406,1.0,0.0,2015-04-06,11.2,10.0,2015,14.0,4,1.3
96,0.0,137,7,70.6,6.1,20150407,1.5,0.0,2015-04-07,7.9,10.0,2015,9.7,4,0.0
97,4.0,137,8,75.9,5.0,20150408,1.2,0.0,2015-04-08,7.0,8.3,2015,12.2,4,0.5
98,9.8,137,9,63.6,2.6,20150409,1.1,0.0,2015-04-09,9.1,3.3,2015,16.8,4,0.0
99,10.9,137,10,55.9,2.7,20150410,1.0,0.0,2015-04-10,11.4,0.5,2015,19.6,4,0.0
100,11.3,137,11,49.9,3.6,20150411,1.1,0.0,2015-04-11,12.4,0.0,2015,22.0,4,0.0
101,2.4,137,12,50.0,3.8,20150412,1.8,0.0,2015-04-12,11.2,0.0,2015,18.5,4,0.0
102,0.0,137,13,80.3,7.1,20150413,1.5,0.0,2015-04-13,9.4,10.0,2015,12.0,4,7.0
103,3.4,137,14,79.4,6.7,20150414,1.4,0.0,2015-04-14,8.8,8.5,2015,15.3,4,13.9
104,8.6,137,15,58.8,6.5,20150415,2.6,0.0,2015-04-15,12.3,4.0,2015,20.0,4,1.2
105,7.5,137,16,67.0,4.8,20150416,2.4,0.0,2015-04-16,10.5,6.3,2015,24.2,4,4.7
106,11.4,137,17,32.1,5.1,20150417,2.4,0.0,2015-04-17,13.0,0.3,2015,20.6,4,0.0
107,6.8,137,18,46.3,2.9,20150418,1.1,0.0,2015-04-18,13.2,0.0,2015,21.0,4,0.0
108,0.0,137,19,88.0,10.7,20150419,0.8,0.0,2015-04-19,12.7,0.0,2015,14.1,4,3.3
109,0.0,137,20,90.8,8.4,20150420,1.2,0.0,2015-04-20,11.4,9.8,2015,14.1,4,18.9
110,7.7,137,21,58.5,6.3,20150421,1.4,0.0,2015-04-21,14.0,3.8,2015,23.5,4,0.0
111,9.5,137,22,35.3,8.6,20150422,2.2,0.0,2015-04-22,15.8,3.0,2015,21.9,4,0.0
112,12.0,137,23,31.0,9.5,20150423,2.1,0.0,2015-04-23,17.3,4.0,2015,24.6,4,0.0
113,11.3,137,24,24.6,12.0,20150424,2.4,0.0,2015-04-24,18.6,1.0,2015,25.4,4,0.0
114,12.6,137,25,24.0,7.8,20150425,1.9,0.0,2015-04-25,18.4,0.0,2015,26.2,4,0.0
115,12.4,137,26,27.6,8.0,20150426,2.6,0.0,2015-04-26,20.5,0.0,2015,28.9,4,0.0
116,12.3,137,27,23.6,12.7,20150427,2.1,0.0,2015-04-27,21.5,2.5,2015,28.5,4,0.0
117,7.3,137,28,55.6,9.4,20150428,1.0,0.0,2015-04-28,18.0,6.8,2015,25.7,4,0.2
118,0.0,137,29,87.5,14.9,20150429,0.9,0.0,2015-04-29,15.8,10.0,2015,17.5,4,9.1
119,8.1,137,30,69.4,13.6,20150430,0.8,0.0,2015-04-30,18.6,6.5,2015,25.7,4,0.0
120,10.7,137,1,63.5,12.2,20150501,1.0,0.0,2015-05-01,20.7,0.8,2015,29.6,5,0.0
121,7.1,137,2,62.1,15.0,20150502,1.1,0.0,2015-05-02,21.6,0.0,2015,28.6,5,0.0
122,0.0,137,3,89.9,16.5,20150503,0.9,0.0,2015-05-03,17.4,0.0,2015,20.5,5,5.5
123,11.7,137,4,42.3,12.0,20150504,3.1,0.0,2015-05-04,17.6,2.3,2015,22.4,5,0.0
124,12.8,137,5,34.8,8.6,20150505,2.3,0.0,2015-05-05,15.5,0.0,2015,23.4,5,0.0
125,7.6,137,6,43.3,6.1,20150506,0.9,0.0,2015-05-06,15.8,7.5,2015,23.6,5,0.0
126,12.2,137,7,42.1,8.3,20150507,1.6,0.0,2015-05-07,17.7,1.8,2015,26.7,5,0.0
127,7.0,137,8,39.8,11.3,20150508,1.3,0.0,2015-05-08,18.5,7.5,2015,25.0,5,0.0
128,9.7,137,9,47.0,15.2,20150509,1.4,0.0,2015-05-09,20.2,0.0,2015,26.5,5,0.0
129,12.1,137,10,57.8,10.5,20150510,1.5,0.0,2015-05-10,17.5,0.0,2015,27.2,5,0.0
130,5.2,137,11,64.9,13.3,20150511,2.1,0.0,2015-05-11,17.6,8.3,2015,23.0,5,5.4
131,10.8,137,12,55.5,12.6,20150512,3.2,0.0,2015-05-12,16.7,3.5,2015,21.2,5,4.2
132,12.8,137,13,40.0,13.9,20150513,3.6,0.0,2015-05-13,20.7,0.0,2015,27.4,5,0.0
133,12.2,137,14,51.6,11.0,20150514,1.2,0.0,2015-05-14,21.7,0.0,2015,30.7,5,0.0
134,0.2,137,15,64.8,18.5,20150515,1.5,0.0,2015-05-15,22.1,8.8,2015,24.8,5,0.0
135,12.8,137,16,41.8,13.9,20150516,2.0,0.0,2015-05-16,20.5,0.0,2015,27.5,5,0.0
136,12.5,137,17,40.5,10.3,20150517,1.1,0.0,2015-05-17,19.4,0.0,2015,28.0,5,0.0
137,2.9,137,18,61.0,12.9,20150518,0.7,0.0,2015-05-18,17.0,10.0,2015,22.5,5,0.0
138,7.7,137,19,59.6,13.8,20150519,1.9,0.0,2015-05-19,19.6,4.5,2015,26.7,5,0.3
139,13.0,137,20,43.9,12.2,20150520,2.3,0.0,2015-05-20,18.1,0.5,2015,24.5,5,0.0
140,13.0,137,21,39.4,13.4,20150521,2.5,0.0,2015-05-21,20.9,0.3,2015,27.3,5,0.0
141,11.1,137,22,30.4,16.0,20150522,2.2,0.0,2015-05-22,22.5,1.5,2015,28.6,5,0.0
142,12.9,137,23,36.8,14.8,20150523,1.4,0.0,2015-05-23,22.4,0.0,2015,29.9,5,0.0
143,13.3,137,24,30.3,13.8,20150524,1.5,0.0,2015-05-24,23.0,0.0,2015,30.4,5,0.0
144,13.3,137,25,25.9,16.3,20150525,2.1,0.0,2015-05-25,23.9,0.0,2015,31.1,5,0.0
145,13.3,137,26,29.6,18.0,20150526,1.6,0.0,2015-05-26,25.2,0.0,2015,33.7,5,0.0
146,13.0,137,27,31.9,13.8,20150527,0.9,0.0,2015-05-27,24.0,0.0,2015,33.5,5,0.0
147,10.5,137,28,45.5,16.4,20150528,0.9,0.0,2015-05-28,23.1,1.8,2015,32.2,5,0.0
148,10.2,137,29,45.6,14.7,20150529,1.0,0.0,2015-05-29,23.9,3.8,2015,31.8,5,0.0
149,3.7,137,30,63.9,16.3,20150530,1.5,0.0,2015-05-30,20.0,0.0,2015,24.0,5,2.7
150,12.7,137,31,54.3,15.3,20150531,1.0,0.0,2015-05-31,22.3,0.0,2015,30.9,5,0.0
151,12.9,137,1,48.8,15.1,20150601,1.2,0.0,2015-06-01,23.8,5.8,2015,31.8,6,0.0
152,5.0,137,2,43.9,19.2,20150602,1.5,0.0,2015-06-02,23.7,7.3,2015,30.1,6,0.0
153,11.0,137,3,34.0,19.3,20150603,2.6,0.0,2015-06-03,23.4,2.0,2015,29.6,6,0.0
154,10.2,137,4,33.4,13.6,20150604,1.1,0.0,2015-06-04,23.5,4.0,2015,31.3,6,0.0
155,1.8,137,5,65.0,11.6,20150605,1.0,0.0,2015-06-05,16.6,9.3,2015,22.7,6,0.8
156,9.4,137,6,62.3,9.9,20150606,1.0,0.0,2015-06-06,18.7,0.0,2015,28.1,6,0.0
157,12.7,137,7,51.0,14.7,20150607,1.2,0.0,2015-06-07,22.2,0.0,2015,30.8,6,0.0
158,2.5,137,8,61.1,15.3,20150608,0.7,0.0,2015-06-08,21.0,8.5,2015,25.5,6,0.0
159,9.4,137,9,53.9,16.8,20150609,1.3,0.0,2015-06-09,23.7,6.0,2015,31.1,6,0.0
160,11.7,137,10,48.3,17.1,20150610,1.1,0.0,2015-06-10,25.6,3.5,2015,34.3,6,0.0
161,0.0,137,11,61.6,17.3,20150611,0.6,0.0,2015-06-11,22.3,10.0,2015,26.2,6,0.0
162,12.1,137,12,47.1,18.7,20150612,1.8,0.0,2015-06-12,25.2,3.5,2015,32.6,6,0.0
163,4.8,137,13,67.1,17.2,20150613,1.0,0.0,2015-06-13,22.4,0.0,2015,31.7,6,0.0
164,8.9,137,14,65.6,17.0,20150614,1.2,0.0,2015-06-14,23.2,0.0,2015,30.6,6,0.0
165,7.6,137,15,58.6,21.4,20150615,1.1,0.0,2015-06-15,25.6,7.3,2015,31.4,6,0.0
166,7.6,137,16,65.6,21.1,20150616,1.2,0.0,2015-06-16,24.7,7.3,2015,33.0,6,4.4
167,3.3,137,17,68.4,19.6,20150617,1.1,0.0,2015-06-17,23.0,9.3,2015,28.3,6,0.0
168,11.6,137,18,59.9,18.9,20150618,1.1,0.0,2015-06-18,23.4,6.8,2015,29.6,6,0.0
169,10.7,137,19,64.0,17.3,20150619,1.0,0.0,2015-06-19,23.1,5.8,2015,30.8,6,0.6
170,0.0,137,20,82.6,17.0,20150620,0.7,0.0,2015-06-20,19.3,0.0,2015,22.7,6,50.0
171,8.4,137,21,70.4,17.3,20150621,0.7,0.0,2015-06-21,22.1,0.0,2015,29.0,6,0.0
172,9.7,137,22,65.3,18.2,20150622,1.0,0.0,2015-06-22,24.3,6.3,2015,30.6,6,0.0
173,11.9,137,23,56.9,20.1,20150623,1.3,0.0,2015-06-23,25.5,5.0,2015,31.7,6,0.0
174,0.6,137,24,68.1,21.0,20150624,1.0,0.0,2015-06-24,23.7,10.0,2015,27.8,6,0.0
175,0.2,137,25,75.3,18.6,20150625,0.9,0.0,2015-06-25,21.5,9.8,2015,26.0,6,7.5
176,0.7,137,26,81.9,18.3,20150626,1.3,0.0,2015-06-26,20.9,10.0,2015,25.7,6,50.3
177,8.8,137,27,70.8,18.7,20150627,0.7,0.0,2015-06-27,22.7,0.0,2015,28.8,6,0.0
178,9.5,137,28,73.1,18.9,20150628,0.8,0.0,2015-06-28,23.2,0.0,2015,28.7,6,0.0
179,10.3,137,29,70.6,19.0,20150629,1.0,0.0,2015-06-29,25.5,4.5,2015,32.6,6,5.8
180,0.0,137,30,79.9,18.3,20150630,1.1,0.0,2015-06-30,22.0,10.0,2015,27.0,6,5.8
181,11.8,137,1,66.5,18.4,20150701,2.1,0.0,2015-07-01,23.1,4.3,2015,28.9,7,0.6
182,11.9,137,2,57.4,16.7,20150702,1.6,0.0,2015-07-02,23.7,2.0,2015,30.2,7,0.0
183,9.5,137,3,56.3,19.0,20150703,1.6,0.0,2015-07-03,23.8,6.3,2015,29.1,7,0.0
184,11.3,137,4,60.8,15.2,20150704,0.9,0.0,2015-07-04,22.1,0.0,2015,28.8,7,0.0
185,12.8,137,5,63.3,17.0,20150705,0.9,0.0,2015-07-05,23.2,0.0,2015,30.0,7,6.4
186,6.5,137,6,71.1,18.9,20150706,0.8,0.0,2015-07-06,22.9,8.5,2015,29.2,7,0.1
187,0.0,137,7,83.3,17.2,20150707,0.9,0.0,2015-07-07,18.9,10.0,2015,21.7,7,15.2
188,0.0,137,8,90.4,17.5,20150708,1.2,0.0,2015-07-08,19.9,10.0,2015,21.7,7,46.3
189,0.0,137,9,88.5,19.3,20150709,0.7,0.0,2015-07-09,21.3,10.0,2015,23.4,7,31.2
190,6.0,137,10,79.3,20.2,20150710,0.8,0.0,2015-07-10,23.6,8.3,2015,29.3,7,0.0
191,7.0,137,11,75.8,21.2,20150711,0.9,0.0,2015-07-11,25.9,0.0,2015,32.1,7,0.3
192,0.0,137,12,86.4,23.4,20150712,2.0,0.0,2015-07-12,24.6,0.0,2015,26.4,7,10.9
193,1.8,137,13,71.5,23.7,20150713,1.9,0.0,2015-07-13,25.2,0.0,2015,28.1,7,0.8
194,11.1,137,14,63.9,23.3,20150714,1.8,0.0,2015-07-14,27.0,0.0,2015,31.8,7,0.0
195,7.9,137,15,66.5,21.6,20150715,1.0,0.0,2015-07-15,26.2,0.0,2015,32.7,7,0.0
196,13.3,137,16,60.4,18.5,20150716,1.1,0.0,2015-07-16,23.4,0.0,2015,29.4,7,0.0
197,1.1,137,17,73.9,16.9,20150717,0.7,0.0,2015-07-17,20.5,0.0,2015,24.7,7,1.1
198,3.8,137,18,74.6,20.8,20150718,0.5,0.0,2015-07-18,24.0,0.0,2015,29.4,7,0.0
199,7.9,137,19,69.9,22.1,20150719,0.9,0.0,2015-07-19,26.1,0.0,2015,32.0,7,0.0
200,0.0,137,20,80.9,20.6,20150720,0.5,0.0,2015-07-20,23.9,0.0,2015,27.1,7,2.7
201,3.3,137,21,81.8,22.6,20150721,0.5,0.0,2015-07-21,25.5,0.0,2015,30.3,7,0.0
202,6.6,137,22,75.0,24.2,20150722,0.7,0.0,2015-07-22,27.7,0.0,2015,33.7,7,0.0
203,3.2,137,23,85.6,24.6,20150723,0.8,0.0,2015-07-23,26.2,0.0,2015,31.1,7,10.7
204,3.6,137,24,83.0,24.4,20150724,0.8,0.0,2015-07-24,27.1,0.0,2015,31.4,7,2.9
205,8.4,137,25,73.3,24.2,20150725,1.1,0.0,2015-07-25,27.9,0.0,2015,32.4,7,0.0
206,13.1,137,26,67.6,22.4,20150726,0.8,0.0,2015-07-26,28.2,0.0,2015,34.6,7,0.0
207,5.0,137,27,71.4,25.1,20150727,1.7,0.0,2015-07-27,27.1,0.0,2015,30.4,7,0.3
208,10.7,137,28,66.8,25.0,20150728,1.3,0.0,2015-07-28,28.7,0.0,2015,33.2,7,0.0
209,3.2,137,29,83.6,24.3,20150729,0.8,0.0,2015-07-29,27.0,0.0,2015,31.3,7,21.2
210,10.5,137,30,72.8,24.4,20150730,0.9,0.0,2015-07-30,29.4,0.0,2015,35.2,7,0.0
211,12.3,137,31,67.8,24.7,20150731,1.0,0.0,2015-07-31,30.2,0.0,2015,36.3,7,0.0
212,12.2,137,1,66.8,24.1,20150801,1.0,0.0,2015-08-01,29.3,0.0,2015,35.0,8,0.0
213,6.1,137,2,73.9,24.2,20150802,1.1,0.0,2015-08-02,27.9,0.0,2015,32.3,8,0.0
214,11.3,137,3,66.8,24.3,20150803,1.0,0.0,2015-08-03,29.0,0.0,2015,35.4,8,0.0
215,12.9,137,4,65.3,21.8,20150804,1.0,0.0,2015-08-04,28.4,0.0,2015,35.1,8,0.0
216,12.9,137,5,68.4,21.8,20150805,1.0,0.0,2015-08-05,28.2,0.0,2015,34.7,8,0.0
217,12.6,137,6,66.1,23.8,20150806,0.6,0.0,2015-08-06,29.7,0.0,2015,36.6,8,0.0
218,12.4,137,7,64.3,23.4,20150807,0.8,0.0,2015-08-07,29.6,0.0,2015,36.2,8,0.0
219,7.7,137,8,75.3,23.4,20150808,1.0,0.0,2015-08-08,27.2,0.0,2015,35.8,8,2.3
220,7.3,137,9,71.4,22.8,20150809,1.1,0.0,2015-08-09,27.0,0.0,2015,32.3,8,0.0
221,6.0,137,10,68.9,23.7,20150810,1.5,0.0,2015-08-10,27.1,0.0,2015,32.2,8,0.0
222,0.0,137,11,71.1,22.5,20150811,1.0,0.0,2015-08-11,25.9,0.0,2015,29.9,8,0.0
223,1.0,137,12,77.0,20.3,20150812,0.6,0.0,2015-08-12,23.1,0.0,2015,27.4,8,0.4
224,9.8,137,13,77.1,20.1,20150813,0.8,0.0,2015-08-13,24.8,0.0,2015,30.8,8,4.2
225,9.4,137,14,72.6,20.5,20150814,0.9,0.0,2015-08-14,25.5,0.0,2015,32.9,8,0.0
226,11.0,137,15,68.9,20.2,20150815,0.7,0.0,2015-08-15,26.4,0.0,2015,33.4,8,0.0
227,0.2,137,16,79.5,21.8,20150816,0.6,0.0,2015-08-16,24.0,0.0,2015,29.7,8,0.0
228,9.1,137,17,74.4,20.7,20150817,0.9,0.0,2015-08-17,24.7,0.0,2015,32.6,8,9.2
229,8.6,137,18,72.4,19.4,20150818,0.8,0.0,2015-08-18,24.9,0.0,2015,31.9,8,0.0
230,2.4,137,19,75.4,19.9,20150819,0.7,0.0,2015-08-19,24.6,0.0,2015,29.1,8,0.0
231,0.3,137,20,82.5,21.7,20150820,0.8,0.0,2015-08-20,23.9,0.0,2015,27.3,8,1.6
232,5.5,137,21,79.5,20.6,20150821,0.9,0.0,2015-08-21,23.9,0.0,2015,29.7,8,3.9
233,4.1,137,22,71.6,22.0,20150822,1.3,0.0,2015-08-22,25.6,0.0,2015,29.9,8,0.0
234,5.9,137,23,70.3,22.1,20150823,0.8,0.0,2015-08-23,25.9,0.0,2015,31.2,8,0.0
235,0.4,137,24,74.0,22.4,20150824,1.0,0.0,2015-08-24,24.8,0.0,2015,27.3,8,0.4
236,0.0,137,25,87.8,19.8,20150825,1.5,0.0,2015-08-25,21.2,0.0,2015,22.6,8,22.0
237,9.5,137,26,65.5,20.0,20150826,1.7,0.0,2015-08-26,23.2,0.0,2015,28.3,8,0.0
238,7.6,137,27,70.3,19.7,20150827,1.5,0.0,2015-08-27,23.2,0.0,2015,27.5,8,1.0
239,8.0,137,28,75.4,18.2,20150828,0.9,0.0,2015-08-28,23.2,0.0,2015,30.5,8,0.0
240,8.3,137,29,74.4,18.2,20150829,0.7,0.0,2015-08-29,23.0,0.0,2015,29.8,8,0.0
241,10.4,137,30,69.6,17.6,20150830,0.8,0.0,2015-08-30,24.1,0.0,2015,30.8,8,0.0
242,6.9,137,31,70.4,20.0,20150831,0.9,0.0,2015-08-31,24.5,0.0,2015,30.8,8,0.0
243,3.4,137,1,69.5,20.8,20150901,1.0,0.0,2015-09-01,23.9,0.0,2015,28.7,9,0.0
244,2.5,137,2,84.3,19.4,20150902,1.0,0.0,2015-09-02,22.0,0.0,2015,27.7,9,20.0
245,6.2,137,3,73.3,19.4,20150903,1.0,0.0,2015-09-03,23.1,0.0,2015,28.9,9,0.0
246,10.1,137,4,67.3,20.2,20150904,1.1,0.0,2015-09-04,24.6,0.0,2015,30.2,9,0.0
247,0.0,137,5,81.0,19.5,20150905,0.8,0.0,2015-09-05,21.9,0.0,2015,25.8,9,5.8
248,0.4,137,6,81.5,16.4,20150906,1.1,0.0,2015-09-06,19.9,0.0,2015,23.2,9,2.2
249,10.7,137,7,67.1,13.5,20150907,0.8,0.0,2015-09-07,20.0,0.0,2015,28.1,9,0.0
250,11.0,137,8,65.4,12.0,20150908,0.9,0.0,2015-09-08,18.8,0.0,2015,27.2,9,0.0
251,11.2,137,9,60.1,10.8,20150909,0.9,0.0,2015-09-09,19.7,0.0,2015,29.2,9,0.0
252,10.5,137,10,61.4,12.3,20150910,0.9,0.0,2015-09-10,21.1,0.0,2015,28.7,9,0.0
253,8.2,137,11,67.9,15.2,20150911,1.3,0.0,2015-09-11,21.7,0.0,2015,28.7,9,0.0
254,0.0,137,12,76.4,16.0,20150912,1.2,0.0,2015-09-12,18.7,0.0,2015,21.7,9,2.6
255,10.7,137,13,61.6,14.0,20150913,1.6,0.0,2015-09-13,18.6,0.0,2015,25.6,9,0.0
256,10.5,137,14,63.5,10.4,20150914,0.7,0.0,2015-09-14,18.2,0.0,2015,27.5,9,0.0
257,10.3,137,15,61.8,10.9,20150915,0.9,0.0,2015-09-15,18.2,0.0,2015,26.4,9,0.0
258,7.5,137,16,64.1,10.6,20150916,0.8,0.0,2015-09-16,18.6,0.0,2015,26.1,9,0.0
259,2.6,137,17,70.0,15.2,20150917,0.7,0.0,2015-09-17,18.7,0.0,2015,24.0,9,0.0
260,9.6,137,18,67.5,13.5,20150918,0.7,0.0,2015-09-18,19.9,0.0,2015,27.4,9,0.0
261,8.6,137,19,69.3,14.1,20150919,0.6,0.0,2015-09-19,20.4,0.0,2015,28.8,9,0.0
262,9.5,137,20,64.8,13.1,20150920,0.7,0.0,2015-09-20,20.4,0.0,2015,28.7,9,0.0
263,10.0,137,21,61.6,14.0,20150921,0.7,0.0,2015-09-21,20.9,0.0,2015,29.8,9,0.0
264,10.0,137,22,64.9,13.5,20150922,0.8,0.0,2015-09-22,20.3,0.0,2015,29.3,9,0.0
265,0.4,137,23,76.8,14.2,20150923,0.6,0.0,2015-09-23,18.3,0.0,2015,22.0,9,0.0
266,0.9,137,24,74.9,17.4,20150924,0.6,0.0,2015-09-24,20.9,0.0,2015,25.8,9,0.3
267,5.6,137,25,74.3,14.1,20150925,0.6,0.0,2015-09-25,20.0,0.0,2015,26.5,9,0.0
268,6.8,137,26,72.5,14.6,20150926,0.7,0.0,2015-09-26,20.1,0.0,2015,27.6,9,0.0
269,9.6,137,27,67.9,12.5,20150927,0.7,0.0,2015-09-27,19.6,0.0,2015,28.8,9,0.0
270,9.2,137,28,59.1,11.4,20150928,0.7,0.0,2015-09-28,20.2,0.0,2015,29.9,9,0.0
271,9.5,137,29,58.0,13.5,20150929,0.9,0.0,2015-09-29,20.6,0.0,2015,28.6,9,0.0
272,2.2,137,30,58.6,15.7,20150930,0.8,0.0,2015-09-30,19.3,0.0,2015,24.3,9,0.0
273,0.0,137,1,80.0,14.8,20151001,2.0,0.0,2015-10-01,16.7,0.0,2015,21.3,10,37.9
274,9.7,137,2,45.0,10.0,20151002,2.4,0.0,2015-10-02,16.1,0.0,2015,22.5,10,0.0
275,9.2,137,3,55.1,13.9,20151003,2.1,0.0,2015-10-03,19.7,0.0,2015,25.5,10,0.0
276,7.1,137,4,44.4,12.3,20151004,1.2,0.0,2015-10-04,17.8,0.0,2015,25.2,10,0.0
277,9.6,137,5,59.6,10.3,20151005,0.5,0.0,2015-10-05,16.4,0.0,2015,25.0,10,0.0
278,9.5,137,6,60.0,8.4,20151006,0.6,0.0,2015-10-06,16.9,0.0,2015,27.3,10,0.0
279,7.9,137,7,68.3,9.8,20151007,0.6,0.0,2015-10-07,16.9,0.0,2015,25.8,10,0.0
280,9.0,137,8,66.4,10.3,20151008,1.2,0.0,2015-10-08,17.7,0.0,2015,25.9,10,0.9
281,7.9,137,9,51.0,10.1,20151009,2.0,0.0,2015-10-09,16.4,0.0,2015,21.5,10,0.1
282,8.5,137,10,66.9,5.2,20151010,1.3,0.0,2015-10-10,13.2,0.0,2015,23.5,10,1.4
283,6.3,137,11,72.4,8.5,20151011,2.0,0.0,2015-10-11,12.3,0.0,2015,16.8,10,4.8
284,7.6,137,12,58.4,11.0,20151012,2.3,0.0,2015-10-12,13.8,0.0,2015,18.4,10,0.3
285,9.4,137,13,54.1,7.2,20151013,2.0,0.0,2015-10-13,15.7,0.0,2015,22.5,10,0.0
286,9.3,137,14,61.6,10.0,20151014,1.1,0.0,2015-10-14,17.1,0.0,2015,24.9,10,0.0
287,8.9,137,15,71.4,7.5,20151015,0.5,0.0,2015-10-15,14.4,0.0,2015,24.6,10,0.0
288,9.1,137,16,71.8,7.8,20151016,0.6,0.0,2015-10-16,14.8,0.0,2015,24.0,10,0.0
289,8.4,137,17,67.6,8.7,20151017,0.5,0.0,2015-10-17,14.9,0.0,2015,26.3,10,0.0
290,9.1,137,18,60.9,7.4,20151018,0.7,0.0,2015-10-18,16.4,0.0,2015,27.2,10,0.0
291,8.7,137,19,74.3,8.6,20151019,0.5,0.0,2015-10-19,15.1,0.0,2015,23.2,10,0.0
292,8.0,137,20,70.4,10.3,20151020,0.7,0.0,2015-10-20,16.6,0.0,2015,25.2,10,0.0
293,7.8,137,21,74.3,9.8,20151021,0.6,0.0,2015-10-21,16.6,0.0,2015,25.5,10,0.0
294,3.7,137,22,73.8,12.1,20151022,0.8,0.0,2015-10-22,16.5,0.0,2015,22.8,10,0.0
295,6.1,137,23,73.5,11.9,20151023,0.8,0.0,2015-10-23,16.1,0.0,2015,23.1,10,0.0
296,5.0,137,24,70.3,12.1,20151024,1.9,0.0,2015-10-24,17.0,0.0,2015,22.8,10,0.0
297,9.0,137,25,59.4,8.9,20151025,0.8,0.0,2015-10-25,14.7,0.0,2015,21.9,10,0.0
298,6.8,137,26,62.0,6.8,20151026,0.7,0.0,2015-10-26,13.6,0.0,2015,20.8,10,0.0
299,2.8,137,27,71.1,10.2,20151027,1.6,0.0,2015-10-27,12.6,0.0,2015,15.9,10,23.7
300,8.9,137,28,48.4,6.4,20151028,2.0,0.0,2015-10-28,12.5,0.0,2015,17.5,10,0.0
301,8.2,137,29,41.1,8.3,20151029,1.6,0.0,2015-10-29,11.3,0.0,2015,15.9,10,0.0
302,9.0,137,30,40.3,2.8,20151030,2.0,0.0,2015-10-30,7.9,0.0,2015,12.4,10,0.0
303,9.0,137,31,45.6,-0.5,20151031,1.6,0.0,2015-10-31,6.7,0.0,2015,14.2,10,0.0
304,0.8,137,1,63.8,-1.0,20151101,0.4,0.0,2015-11-01,4.4,0.0,2015,8.3,11,0.0
305,7.6,137,2,51.9,3.9,20151102,1.9,0.0,2015-11-02,11.2,0.0,2015,16.2,11,0.0
306,9.0,137,3,60.9,5.8,20151103,1.0,0.0,2015-11-03,12.2,0.0,2015,20.0,11,0.0
307,9.0,137,4,65.9,1.8,20151104,0.5,0.0,2015-11-04,9.6,0.0,2015,20.8,11,0.0
308,6.5,137,5,60.6,5.1,20151105,1.1,0.0,2015-11-05,12.0,0.0,2015,21.4,11,0.0
309,6.9,137,6,72.8,5.1,20151106,1.2,0.0,2015-11-06,12.1,0.0,2015,20.8,11,1.5
310,0.0,137,7,90.9,10.8,20151107,1.1,0.0,2015-11-07,12.0,0.0,2015,12.9,11,21.4
311,0.0,137,8,91.8,11.7,20151108,0.9,0.0,2015-11-08,12.7,0.0,2015,13.3,11,19.4
312,2.6,137,9,77.4,11.3,20151109,1.4,0.0,2015-11-09,12.9,0.0,2015,15.9,11,4.1
313,5.4,137,10,66.8,8.1,20151110,1.2,0.0,2015-11-10,11.9,0.0,2015,17.3,11,0.0
314,6.5,137,11,73.1,7.2,20151111,0.7,0.0,2015-11-11,11.8,0.0,2015,18.1,11,0.0
315,0.0,137,12,85.5,7.6,20151112,0.9,0.0,2015-11-12,11.7,0.0,2015,15.2,11,0.9
316,0.0,137,13,86.1,10.7,20151113,1.3,0.0,2015-11-13,11.5,0.0,2015,12.1,11,26.3
317,0.5,137,14,84.6,11.7,20151114,0.9,0.0,2015-11-14,14.3,0.0,2015,17.2,11,7.3
318,1.8,137,15,71.6,9.5,20151115,1.5,0.0,2015-11-15,14.3,0.0,2015,17.6,11,0.0
319,0.0,137,16,88.5,7.4,20151116,0.5,0.0,2015-11-16,10.3,0.0,2015,12.5,11,19.5
320,0.0,137,17,87.6,11.9,20151117,0.6,0.0,2015-11-17,14.2,0.0,2015,16.8,11,0.7
321,0.0,137,18,83.6,9.0,20151118,1.6,0.0,2015-11-18,11.0,0.0,2015,13.9,11,4.8
322,0.0,137,19,84.9,8.3,20151119,0.9,0.0,2015-11-19,9.1,0.0,2015,9.7,11,1.5
323,4.7,137,20,78.4,8.0,20151120,0.9,0.0,2015-11-20,10.7,0.0,2015,16.6,11,0.0
324,0.0,137,21,88.1,5.3,20151121,0.5,0.0,2015-11-21,8.1,0.0,2015,10.2,11,0.0
325,1.4,137,22,79.5,9.6,20151122,0.7,0.0,2015-11-22,12.0,0.0,2015,14.7,11,0.0
326,0.0,137,23,84.8,10.3,20151123,1.2,0.0,2015-11-23,11.2,0.0,2015,12.2,11,7.0
327,0.5,137,24,66.5,6.2,20151124,2.1,0.0,2015-11-24,9.4,0.0,2015,11.7,11,0.1
328,0.0,137,25,85.6,4.0,20151125,1.5,0.0,2015-11-25,5.1,0.0,2015,6.2,11,5.9
329,6.3,137,26,61.4,-1.0,20151126,3.5,0.0,2015-11-26,1.4,0.0,2015,4.2,11,0.3
330,1.9,137,27,64.4,-1.8,20151127,2.5,0.0,2015-11-27,0.7,0.0,2015,2.0,11,0.0
331,2.3,137,28,71.5,0.0,20151128,1.0,0.0,2015-11-28,3.0,0.0,2015,7.1,11,0.0
332,0.8,137,29,76.1,2.0,20151129,0.9,0.0,2015-11-29,4.1,0.0,2015,7.8,11,0.0
333,7.5,137,30,67.4,0.5,20151130,1.4,0.0,2015-11-30,5.9,0.0,2015,11.6,11,0.0
334,8.3,137,1,72.8,-2.9,20151201,0.8,0.0,2015-12-01,2.8,0.0,2015,9.7,12,0.0
335,0.0,137,2,79.5,0.2,20151202,1.2,0.0,2015-12-02,4.1,0.0,2015,8.7,12,4.0
336,5.1,137,3,62.1,-1.2,20151203,3.9,0.0,2015-12-03,2.8,0.0,2015,7.1,12,2.6
337,5.3,137,4,63.6,-1.4,20151204,3.5,0.0,2015-12-04,2.2,0.0,2015,5.0,12,0.0
338,0.3,137,5,54.8,3.9,20151205,2.2,0.0,2015-12-05,6.1,0.0,2015,8.1,12,0.0
339,3.5,137,6,56.0,1.1,20151206,0.9,0.0,2015-12-06,3.8,0.0,2015,8.8,12,0.0
340,7.4,137,7,62.3,-2.7,20151207,1.0,0.0,2015-12-07,4.1,0.0,2015,10.3,12,0.0
341,8.4,137,8,46.0,0.2,20151208,1.3,0.0,2015-12-08,5.7,0.0,2015,12.1,12,0.0
342,5.1,137,9,71.5,-2.1,20151209,0.6,0.0,2015-12-09,3.8,0.0,2015,10.9,12,0.0
343,0.0,137,10,87.1,4.4,20151210,0.4,0.0,2015-12-10,6.5,0.0,2015,8.0,12,9.5
344,0.4,137,11,77.8,2.1,20151211,1.2,0.0,2015-12-11,7.8,0.0,2015,10.4,12,3.3
345,8.5,137,12,73.8,-2.0,20151212,1.0,0.0,2015-12-12,3.6,0.0,2015,10.6,12,0.0
346,6.2,137,13,71.4,2.2,20151213,0.9,0.0,2015-12-13,5.3,0.0,2015,11.6,12,0.0
347,0.0,137,14,88.4,2.2,20151214,0.5,0.0,2015-12-14,5.3,0.0,2015,6.8,12,8.3
348,1.4,137,15,67.5,5.8,20151215,2.2,0.0,2015-12-15,7.3,0.0,2015,9.4,12,0.5
349,4.1,137,16,63.9,-1.4,20151216,2.5,0.0,2015-12-16,1.4,0.0,2015,5.8,12,0.7
350,8.5,137,17,44.5,-4.1,20151217,3.6,0.0,2015-12-17,-2.0,0.0,2015,1.3,12,0.0
351,6.1,137,18,57.9,-3.8,20151218,2.6,0.0,2015-12-18,0.8,0.0,2015,6.6,12,0.0
352,6.5,137,19,68.9,-4.2,20151219,0.7,0.0,2015-12-19,0.4,0.0,2015,8.1,12,0.0
353,0.0,137,20,75.8,-4.6,20151220,0.5,0.0,2015-12-20,-0.8,0.0,2015,2.5,12,0.0
354,3.7,137,21,82.0,-0.6,20151221,0.7,0.0,2015-12-21,1.8,0.0,2015,8.5,12,1.3
355,0.0,137,22,90.0,-3.2,20151222,0.6,0.0,2015-12-22,-1.0,0.0,2015,1.2,12,0.0
356,0.0,137,23,88.8,1.0,20151223,0.8,0.0,2015-12-23,4.2,0.0,2015,7.7,12,0.4
357,5.4,137,24,64.3,1.8,20151224,2.2,0.0,2015-12-24,4.7,0.0,2015,8.9,12,0.0
358,8.7,137,25,36.4,-3.0,20151225,2.5,0.0,2015-12-25,1.2,0.0,2015,5.4,12,0.0
359,6.8,137,26,56.0,-2.8,20151226,1.7,0.0,2015-12-26,3.9,0.0,2015,10.4,12,0.0
360,8.7,137,27,34.3,-4.7,20151227,3.0,0.0,2015-12-27,-0.5,0.0,2015,3.5,12,0.0
361,8.6,137,28,36.8,-5.5,20151228,3.3,0.0,2015-12-28,-2.4,0.0,2015,1.5,12,0.0
362,8.5,137,29,43.4,-5.0,20151229,1.9,0.0,2015-12-29,-1.0,0.0,2015,4.9,12,0.0
363,5.9,137,30,63.8,-7.4,20151230,0.7,0.0,2015-12-30,-0.9,0.0,2015,6.3,12,4.5
364,4.4,137,31,71.3,-2.3,20151231,1.4,0.0,2015-12-31,1.1,0.0,2015,5.6,12,7.0
