,Date,rainfall,tmin,station_id,humid,snow,sunshine,date,cloud,month,day,tavg,wind,tmax,year
0,2004-01-01,0.0,1.5,137,58.5,0.0,3.5,20040101,2.3,1,1,4.8,2.0,8.9,2004
1,2004-01-02,0.4,0.6,137,69.5,0.0,2.7,20040102,5.0,1,2,2.9,2.4,7.9,2004
2,2004-01-03,0.0,-1.9,137,51.4,0.0,6.5,20040103,0.3,1,3,2.9,2.3,9.2,2004
3,2004-01-04,0.0,-5.3,137,56.5,0.0,8.1,20040104,0.0,1,4,0.7,0.9,9.3,2004
4,2004-01-05,0.0,-7.2,137,59.8,0.0,6.6,20040105,2.4,1,5,-1.0,0.2,8.6,2004
5,2004-01-06,0.0,-5.0,137,61.5,0.0,4.1,20040106,4.4,1,6,1.1,0.6,7.2,2004
6,2004-01-07,0.0,-2.1,137,59.1,0.0,6.2,20040107,1.5,1,7,2.7,2.9,8.3,2004
7,2004-01-08,0.0,-6.6,137,61.4,0.0,7.2,20040108,1.5,1,8,-1.4,0.6,5.4,2004
8,2004-01-09,0.0,-6.2,137,62.9,0.0,4.9,20040109,1.1,1,9,0.5,1.6,9.0,2004
9,2004-01-10,0.0,-1.9,137,43.0,0.0,6.7,20040110,3.6,1,10,2.2,3.2,7.2,2004
10,2004-01-11,0.0,-6.3,137,57.6,0.0,4.7,20040111,4.3,1,11,-0.9,0.6,5.6,2004
11,2004-01-12,2.7,-5.3,137,68.3,2.9,4.4,20040112,4.4,1,12,0.0,2.5,5.4,2004
12,2004-01-13,0.2,-5.4,137,61.9,0.2,6.3,20040113,2.1,1,13,-3.6,5.0,-0.6,2004
13,2004-01-14,0.0,-7.2,137,46.8,0.0,8.7,20040114,1.1,1,14,-3.2,2.8,2.2,2004
14,2004-01-15,0.0,-7.7,137,51.5,0.0,7.0,20040115,3.5,1,15,-1.2,1.6,5.2,2004
15,2004-01-16,0.0,-6.4,137,71.0,0.0,1.1,20040116,7.4,1,16,-0.3,0.7,4.8,2004
16,2004-01-17,2.5,-0.5,137,87.5,0.0,0.0,20040117,10.0,1,17,1.5,1.1,3.5,2004
17,2004-01-18,0.4,-0.5,137,79.5,0.0,0.8,20040118,9.6,1,18,0.8,2.1,4.7,2004
18,2004-01-19,0.3,-2.5,137,56.0,0.7,6.7,20040119,4.3,1,19,0.1,3.4,4.2,2004
19,2004-01-20,0.0,-4.9,137,44.0,0.0,8.6,20040120,2.1,1,20,-1.5,2.4,2.7,2004
20,2004-01-21,0.0,-14.0,137,38.3,0.0,8.3,20040121,3.0,1,21,-9.8,4.3,-2.6,2004
21,2004-01-22,0.0,-14.2,137,43.9,0.0,8.7,20040122,0.3,1,22,-10.0,5.0,-5.0,2004
22,2004-01-23,0.0,-9.8,137,44.1,0.0,8.7,20040123,0.8,1,23,-6.1,3.3,0.0,2004
23,2004-01-24,0.0,-8.9,137,44.9,0.0,8.9,20040124,0.0,1,24,-5.2,2.9,0.3,2004
24,2004-01-25,0.0,-8.8,137,53.3,0.0,7.5,20040125,1.1,1,25,-5.4,3.7,-0.6,2004
25,2004-01-26,0.0,-7.9,137,54.9,0.0,8.8,20040126,2.1,1,26,-3.4,2.9,2.4,2004
26,2004-01-27,0.0,-6.8,137,52.4,0.0,8.8,20040127,1.1,1,27,-2.6,3.6,3.2,2004
27,2004-01-28,0.0,-4.4,137,60.3,0.0,7.0,20040128,1.4,1,28,0.3,3.1,5.8,2004
28,2004-01-29,0.0,-3.1,137,61.1,0.0,5.8,20040129,2.1,1,29,1.5,1.7,8.4,2004
29,2004-01-30,0.0,-6.6,137,53.0,0.0,8.6,20040130,0.1,1,30,1.7,1.6,9.4,2004
30,2004-01-31,0.0,-7.1,137,49.5,0.0,8.9,20040131,0.0,1,31,1.1,0.8,11.4,2004
31,2004-02-01,0.0,-6.6,137,56.5,0.0,4.8,20040201,3.3,2,1,1.7,0.7,10.2,2004
32,2004-02-02,0.0,-4.0,137,45.4,0.0,5.9,20040202,3.3,2,2,0.6,3.5,5.1,2004
33,2004-02-03,0.0,-5.9,137,47.4,0.0,8.6,20040203,1.0,2,3,-2.7,3.6,1.8,2004
34,2004-02-04,6.0,-6.0,137,61.1,7.4,7.4,20040204,3.6,2,4,-1.6,2.6,3.2,2004
35,2004-02-05,1.0,-6.4,137,57.5,1.3,8.7,20040205,4.9,2,5,-3.5,3.8,0.4,2004
36,2004-02-06,1.5,-10.4,137,65.8,1.8,7.2,20040206,3.0,2,6,-3.8,2.7,1.4,2004
37,2004-02-07,0.2,-5.4,137,56.5,0.5,7.8,20040207,2.9,2,7,-2.5,3.4,0.7,2004
38,2004-02-08,0.0,-7.0,137,51.4,0.0,5.9,20040208,1.3,2,8,0.7,2.5,8.1,2004
39,2004-02-09,0.0,-5.4,137,46.3,0.0,9.3,20040209,0.0,2,9,-1.1,2.1,5.3,2004
40,2004-02-10,0.0,-8.8,137,46.5,0.0,9.3,20040210,0.0,2,10,-0.6,1.3,7.7,2004
41,2004-02-11,0.0,-6.3,137,53.3,0.0,7.4,20040211,2.1,2,11,2.2,2.2,10.8,2004
42,2004-02-12,0.0,-2.7,137,52.8,0.0,9.3,20040212,0.9,2,12,2.5,2.0,9.1,2004
43,2004-02-13,0.0,-5.0,137,53.8,0.0,5.9,20040213,3.5,2,13,1.2,0.6,9.4,2004
44,2004-02-14,2.5,-1.0,137,53.1,0.0,6.9,20040214,4.6,2,14,2.7,4.7,6.8,2004
45,2004-02-15,0.0,-0.2,137,37.4,0.0,9.5,20040215,0.0,2,15,4.2,3.9,10.6,2004
46,2004-02-16,0.0,-3.9,137,51.3,0.0,9.2,20040216,1.0,2,16,4.7,1.2,12.2,2004
47,2004-02-17,0.0,1.4,137,31.8,0.0,9.0,20040217,2.5,2,17,6.7,3.4,11.7,2004
48,2004-02-18,0.0,-4.9,137,40.4,0.0,9.3,20040218,0.0,2,18,4.3,1.3,15.3,2004
49,2004-02-19,0.0,-4.1,137,39.4,0.0,9.4,20040219,0.0,2,19,6.6,0.9,19.5,2004
50,2004-02-20,0.0,-2.6,137,50.3,0.0,9.2,20040220,0.6,2,20,6.9,0.5,17.6,2004
51,2004-02-21,1.5,4.7,137,75.3,0.0,2.2,20040221,9.8,2,21,8.9,1.0,13.4,2004
52,2004-02-22,8.5,2.1,137,83.9,0.0,0.0,20040222,10.0,2,22,7.0,3.5,13.1,2004
53,2004-02-23,0.0,-0.6,137,49.6,0.0,9.8,20040223,2.8,2,23,3.5,4.0,8.8,2004
54,2004-02-24,0.0,-2.8,137,52.1,0.0,8.8,20040224,4.0,2,24,4.5,2.0,12.4,2004
55,2004-02-25,0.0,-0.6,137,53.5,0.0,8.4,20040225,2.9,2,25,7.3,3.1,15.5,2004
56,2004-02-26,0.0,-0.1,137,43.6,0.0,6.3,20040226,2.5,2,26,2.4,4.0,6.7,2004
57,2004-02-27,0.0,-1.1,137,42.5,0.0,10.0,20040227,0.6,2,27,2.8,2.8,8.9,2004
58,2004-02-28,2.0,-4.0,137,72.6,0.0,1.1,20040228,7.4,2,28,1.4,0.7,5.6,2004
59,2004-02-29,0.0,2.8,137,51.0,0.0,8.1,20040229,6.6,2,29,6.9,2.6,12.6,2004
60,2004-03-01,0.0,0.0,137,28.6,0.0,9.7,20040301,1.6,3,1,4.9,2.7,13.0,2004
61,2004-03-02,0.0,-2.6,137,25.4,0.0,10.1,20040302,0.9,3,2,1.2,3.9,6.5,2004
62,2004-03-03,0.1,-4.5,137,52.5,0.0,2.0,20040303,5.0,3,3,-2.6,2.3,0.6,2004
63,2004-03-04,0.0,-5.3,137,42.1,0.0,9.8,20040304,3.4,3,4,0.5,2.6,5.6,2004
64,2004-03-05,25.5,-1.0,137,91.3,30.6,0.0,20040305,8.5,3,5,-0.3,0.3,3.8,2004
65,2004-03-06,0.5,-5.6,137,70.8,0.8,4.0,20040306,4.5,3,6,-3.6,2.5,-0.4,2004
66,2004-03-07,0.0,-7.9,137,53.6,0.0,10.3,20040307,0.0,3,7,-2.4,3.3,2.1,2004
67,2004-03-08,0.0,-5.6,137,63.6,0.0,6.6,20040308,3.4,3,8,2.3,2.2,7.9,2004
68,2004-03-09,0.0,-4.0,137,71.3,0.0,9.8,20040309,0.0,3,9,3.1,0.5,11.2,2004
69,2004-03-10,0.0,-1.9,137,70.3,0.0,5.0,20040310,5.4,3,10,8.6,1.8,18.7,2004
70,2004-03-11,0.0,3.3,137,30.0,0.0,2.7,20040311,6.0,3,11,7.0,3.0,11.3,2004
71,2004-03-12,0.0,1.0,137,24.4,0.0,10.1,20040312,2.6,3,12,8.2,1.9,15.8,2004
72,2004-03-13,0.0,0.8,137,32.6,0.0,8.7,20040313,2.1,3,13,9.1,1.8,16.5,2004
73,2004-03-14,0.0,1.6,137,58.0,0.0,7.6,20040314,1.1,3,14,8.7,1.9,16.1,2004
74,2004-03-15,0.0,-0.3,137,65.6,0.0,8.6,20040315,1.8,3,15,7.7,0.9,16.9,2004
75,2004-03-16,0.0,1.0,137,59.1,0.0,6.4,20040316,3.3,3,16,11.8,1.3,20.3,2004
76,2004-03-17,3.0,0.6,137,69.3,0.0,0.0,20040317,9.0,3,17,7.8,3.2,14.9,2004
77,2004-03-18,0.0,-2.3,137,39.1,0.0,11.1,20040318,0.0,3,18,3.1,3.3,10.4,2004
78,2004-03-19,0.0,-2.2,137,34.4,0.0,10.0,20040319,3.3,3,19,5.4,1.3,12.6,2004
79,2004-03-20,0.0,2.7,137,37.1,0.0,9.3,20040320,4.0,3,20,8.3,1.8,16.0,2004
80,2004-03-21,0.0,2.5,137,49.8,0.0,6.3,20040321,8.1,3,21,9.3,1.6,16.4,2004
81,2004-03-22,0.5,5.6,137,64.1,0.0,7.3,20040322,5.1,3,22,9.5,1.3,16.0,2004
82,2004-03-23,0.0,0.7,137,45.4,0.0,9.4,20040323,2.9,3,23,10.0,1.7,18.0,2004
83,2004-03-24,0.0,4.9,137,39.9,0.0,4.7,20040324,3.8,3,24,9.5,2.6,14.3,2004
84,2004-03-25,0.0,3.6,137,45.5,0.0,4.2,20040325,4.3,3,25,8.4,1.3,15.6,2004
85,2004-03-26,0.0,-0.6,137,50.4,0.0,11.0,20040326,0.0,3,26,8.3,1.1,18.0,2004
86,2004-03-27,0.0,-0.2,137,45.0,0.0,8.6,20040327,1.4,3,27,10.1,1.6,19.6,2004
87,2004-03-28,0.0,1.6,137,39.6,0.0,10.9,20040328,0.0,3,28,12.8,2.0,23.3,2004
88,2004-03-29,0.0,6.9,137,53.3,0.0,4.0,20040329,8.1,3,29,14.5,1.5,22.1,2004
89,2004-03-30,0.0,5.3,137,38.8,0.0,8.1,20040330,4.6,3,30,12.6,4.5,18.7,2004
90,2004-03-31,0.0,3.5,137,32.0,0.0,10.5,20040331,0.0,3,31,9.4,3.7,16.4,2004
91,2004-04-01,19.0,0.4,137,58.6,0.0,5.0,20040401,5.5,4,1,8.5,1.5,17.2,2004
92,2004-04-02,3.5,4.9,137,57.3,0.0,10.1,20040402,3.8,4,2,8.0,5.1,12.4,2004
93,2004-04-03,0.0,3.1,137,51.4,0.0,5.5,20040403,3.6,4,3,6.9,2.9,10.9,2004
94,2004-04-04,0.0,2.6,137,43.4,0.0,10.5,20040404,0.8,4,4,8.2,2.5,14.4,2004
95,2004-04-05,0.0,1.6,137,26.5,0.0,11.8,20040405,0.3,4,5,10.6,3.1,18.3,2004
96,2004-04-06,0.0,3.3,137,37.0,0.0,3.3,20040406,7.1,4,6,10.7,1.5,17.3,2004
97,2004-04-07,0.0,6.6,137,50.4,0.0,5.5,20040407,5.8,4,7,10.4,2.4,16.1,2004
98,2004-04-08,0.0,3.6,137,30.5,0.0,11.6,20040408,0.0,4,8,12.2,3.0,19.8,2004
99,2004-04-09,0.0,3.6,137,30.3,0.0,10.9,20040409,0.0,4,9,15.1,2.7,23.4,2004
100,2004-04-10,0.0,7.0,137,34.8,0.0,10.1,20040410,4.0,4,10,17.5,2.3,25.9,2004
101,2004-04-11,0.0,12.9,137,29.0,0.0,10.7,20040411,3.1,4,11,18.5,2.8,25.3,2004
102,2004-04-12,0.0,10.2,137,48.8,0.0,8.1,20040412,3.6,4,12,17.3,1.9,25.8,2004
103,2004-04-13,0.0,6.1,137,53.5,0.0,10.9,20040413,0.3,4,13,14.9,1.3,23.6,2004
104,2004-04-14,0.0,9.3,137,45.4,0.0,10.7,20040414,2.8,4,14,16.4,1.9,24.7,2004
105,2004-04-15,0.0,7.4,137,30.0,0.0,8.6,20040415,2.4,4,15,17.1,2.1,24.1,2004
106,2004-04-16,0.0,8.7,137,33.6,0.0,11.4,20040416,0.1,4,16,18.8,2.9,25.8,2004
107,2004-04-17,0.0,10.4,137,29.6,0.0,11.0,20040417,1.8,4,17,20.9,2.3,28.8,2004
108,2004-04-18,12.5,8.5,137,58.0,0.0,5.8,20040418,7.1,4,18,16.6,1.5,27.1,2004
109,2004-04-19,1.5,13.7,137,85.3,0.0,2.2,20040419,7.8,4,19,16.1,2.1,21.1,2004
110,2004-04-20,0.0,12.6,137,53.6,0.0,11.2,20040420,1.1,4,20,18.6,3.6,25.3,2004
111,2004-04-21,0.0,9.6,137,50.6,0.0,9.6,20040421,1.5,4,21,20.2,2.0,30.5,2004
112,2004-04-22,0.5,11.3,137,66.0,0.0,7.3,20040422,5.3,4,22,18.9,2.0,30.3,2004
113,2004-04-23,0.0,9.4,137,32.6,0.0,11.3,20040423,0.8,4,23,13.7,3.1,19.6,2004
114,2004-04-24,0.0,6.0,137,35.8,0.0,10.3,20040424,2.6,4,24,12.7,2.4,19.5,2004
115,2004-04-25,0.0,3.8,137,26.9,0.0,11.8,20040425,2.5,4,25,14.0,2.4,21.9,2004
116,2004-04-26,38.0,7.4,137,72.3,0.0,0.0,20040426,9.5,4,26,9.4,1.5,13.1,2004
117,2004-04-27,14.5,4.9,137,84.9,0.0,0.0,20040427,8.8,4,27,8.6,1.4,11.5,2004
118,2004-04-28,0.0,4.4,137,57.1,0.0,11.9,20040428,0.5,4,28,12.3,2.5,21.0,2004
119,2004-04-29,0.0,6.7,137,40.0,0.0,11.6,20040429,1.9,4,29,17.0,2.1,25.1,2004
120,2004-04-30,0.0,11.3,137,61.3,0.0,0.1,20040430,8.5,4,30,16.1,0.9,22.1,2004
121,2004-05-01,0.0,11.4,137,60.9,0.0,7.4,20040501,4.9,5,1,15.9,2.0,23.9,2004
122,2004-05-02,1.0,10.6,137,80.5,0.0,0.6,20040502,9.0,5,2,14.4,1.4,20.1,2004
123,2004-05-03,5.5,14.5,137,91.1,0.0,0.0,20040503,10.0,5,3,16.5,1.4,20.1,2004
124,2004-05-04,0.5,9.7,137,55.3,0.0,7.4,20040504,5.4,5,4,14.2,2.9,21.1,2004
125,2004-05-05,0.0,8.6,137,40.5,0.0,12.0,20040505,1.4,5,5,17.3,2.4,24.6,2004
126,2004-05-06,0.0,13.8,137,40.9,0.0,11.8,20040506,0.0,5,6,19.3,2.8,25.8,2004
127,2004-05-07,0.0,7.3,137,45.1,0.0,11.4,20040507,2.9,5,7,17.8,1.2,27.4,2004
128,2004-05-08,2.5,9.0,137,70.5,0.0,0.8,20040508,8.9,5,8,15.6,0.7,21.4,2004
129,2004-05-09,36.0,12.4,137,94.0,0.0,0.0,20040509,10.0,5,9,14.2,1.0,15.4,2004
130,2004-05-10,10.5,15.0,137,85.4,0.0,3.6,20040510,7.5,5,10,17.2,2.0,21.5,2004
131,2004-05-11,0.0,14.2,137,71.8,0.0,9.9,20040511,4.0,5,11,19.3,2.0,25.2,2004
132,2004-05-12,7.5,13.7,137,90.1,0.0,0.0,20040512,9.9,5,12,16.2,0.5,18.0,2004
133,2004-05-13,2.0,13.9,137,72.4,0.0,5.1,20040513,6.5,5,13,17.7,2.5,21.8,2004
134,2004-05-14,0.0,12.0,137,62.4,0.0,11.2,20040514,1.6,5,14,19.4,1.2,26.8,2004
135,2004-05-15,2.0,13.3,137,85.3,0.0,0.0,20040515,9.5,5,15,14.3,0.8,17.2,2004
136,2004-05-16,0.0,13.1,137,73.5,0.0,1.9,20040516,9.6,5,16,17.0,1.5,21.8,2004
137,2004-05-17,0.0,13.0,137,64.8,0.0,4.7,20040517,5.6,5,17,16.5,2.6,20.5,2004
138,2004-05-18,0.0,9.5,137,56.4,0.0,10.4,20040518,1.9,5,18,19.3,1.8,27.3,2004
139,2004-05-19,0.0,15.7,137,49.0,0.0,6.8,20040519,4.6,5,19,20.9,2.1,26.7,2004
140,2004-05-20,19.5,10.9,137,70.0,0.0,7.8,20040520,3.5,5,20,19.1,1.0,28.2,2004
141,2004-05-21,5.5,14.4,137,61.1,0.0,7.5,20040521,4.9,5,21,17.8,2.4,23.0,2004
142,2004-05-22,0.0,11.6,137,40.4,0.0,12.3,20040522,1.4,5,22,18.7,2.6,24.7,2004
143,2004-05-23,0.0,13.7,137,50.0,0.0,8.4,20040523,3.0,5,23,18.2,2.3,23.7,2004
144,2004-05-24,0.0,13.0,137,50.4,0.0,11.0,20040524,0.8,5,24,19.5,2.1,26.9,2004
145,2004-05-25,0.0,12.5,137,46.1,0.0,11.6,20040525,1.6,5,25,20.9,1.6,28.3,2004
146,2004-05-26,0.0,15.2,137,66.4,0.0,0.1,20040526,8.5,5,26,18.5,0.9,23.3,2004
147,2004-05-27,0.0,15.6,137,67.5,0.0,4.6,20040527,8.9,5,27,21.5,0.6,28.5,2004
148,2004-05-28,21.5,19.0,137,84.0,0.0,0.4,20040528,9.9,5,28,22.0,1.0,27.1,2004
149,2004-05-29,1.0,19.4,137,71.9,0.0,9.4,20040529,5.4,5,29,23.7,2.2,28.9,2004
150,2004-05-30,1.0,15.9,137,80.4,0.0,2.1,20040530,7.3,5,30,20.9,1.1,28.0,2004
151,2004-05-31,0.0,15.7,137,52.9,0.0,9.2,20040531,6.0,5,31,20.9,2.4,26.7,2004
152,2004-06-01,0.0,10.8,137,51.6,0.0,11.7,20040601,2.9,6,1,20.8,1.1,29.5,2004
153,2004-06-02,0.0,13.2,137,57.4,0.0,11.7,20040602,2.6,6,2,21.6,0.8,30.5,2004
154,2004-06-03,0.0,12.9,137,58.8,0.0,12.3,20040603,0.0,6,3,22.2,0.7,32.5,2004
155,2004-06-04,0.0,14.5,137,63.8,0.0,10.8,20040604,4.1,6,4,23.6,0.5,34.1,2004
156,2004-06-05,0.0,16.5,137,56.9,0.0,9.2,20040605,5.5,6,5,24.2,0.8,32.6,2004
157,2004-06-06,0.0,17.8,137,45.6,0.0,7.8,20040606,8.6,6,6,24.0,0.9,31.9,2004
158,2004-06-07,0.5,15.0,137,71.9,0.0,0.0,20040607,9.5,6,7,19.0,0.9,23.1,2004
159,2004-06-08,1.5,14.3,137,83.9,0.0,0.3,20040608,8.8,6,8,17.5,1.0,20.6,2004
160,2004-06-09,0.0,17.4,137,62.8,0.0,9.1,20040609,3.4,6,9,22.0,2.1,27.1,2004
161,2004-06-10,0.0,18.1,137,52.1,0.0,11.5,20040610,1.0,6,10,24.3,1.9,32.7,2004
162,2004-06-11,0.0,14.1,137,53.5,0.0,10.0,20040611,3.0,6,11,23.2,1.1,31.3,2004
163,2004-06-12,0.0,15.8,137,50.4,0.0,3.2,20040612,3.9,6,12,23.5,1.9,28.7,2004
164,2004-06-13,0.0,9.9,137,52.5,0.0,12.3,20040613,0.0,6,13,21.5,1.4,31.6,2004
165,2004-06-14,0.0,15.6,137,50.0,0.0,11.8,20040614,1.4,6,14,23.9,1.7,31.6,2004
166,2004-06-15,0.0,15.2,137,47.3,0.0,11.8,20040615,3.4,6,15,24.0,0.8,33.4,2004
167,2004-06-16,0.0,15.5,137,55.4,0.0,6.8,20040616,6.6,6,16,23.9,1.1,31.0,2004
168,2004-06-17,41.0,14.6,137,90.5,0.0,0.0,20040617,10.0,6,17,16.4,1.1,21.6,2004
169,2004-06-18,0.2,15.2,137,87.5,0.0,1.8,20040618,9.5,6,18,20.2,0.6,25.8,2004
170,2004-06-19,68.5,18.4,137,94.1,0.0,0.0,20040619,10.0,6,19,19.4,0.9,21.4,2004
171,2004-06-20,32.5,19.4,137,94.0,0.0,0.0,20040620,10.0,6,20,20.8,0.9,21.7,2004
172,2004-06-21,58.0,18.9,137,85.6,0.0,1.6,20040621,8.9,6,21,21.4,1.4,25.9,2004
173,2004-06-22,16.5,19.4,137,74.5,0.0,6.0,20040622,8.6,6,22,23.5,1.6,29.1,2004
174,2004-06-23,1.5,19.1,137,78.6,0.0,4.5,20040623,8.3,6,23,24.9,0.9,30.9,2004
175,2004-06-24,0.5,19.2,137,83.0,0.0,0.6,20040624,9.5,6,24,23.5,1.0,27.5,2004
176,2004-06-25,0.1,19.0,137,80.5,0.0,0.0,20040625,10.0,6,25,21.9,1.5,24.5,2004
177,2004-06-26,0.0,19.8,137,80.1,0.0,3.9,20040626,7.4,6,26,23.0,0.7,27.8,2004
178,2004-06-27,2.0,20.4,137,81.3,0.0,4.5,20040627,7.5,6,27,24.2,0.9,30.3,2004
179,2004-06-28,0.0,19.8,137,75.5,0.0,5.5,20040628,4.6,6,28,24.1,1.3,30.0,2004
180,2004-06-29,0.0,20.2,137,71.9,0.0,5.2,20040629,5.6,6,29,23.8,1.8,28.5,2004
181,2004-06-30,0.0,21.0,137,74.5,0.0,0.0,20040630,8.8,6,30,24.4,0.9,28.7,2004
182,2004-07-01,0.0,20.4,137,77.0,0.0,0.0,20040701,9.9,7,1,23.4,0.7,27.3,2004
183,2004-07-02,6.0,20.7,137,92.0,0.0,0.0,20040702,9.8,7,2,22.4,0.4,24.5,2004
184,2004-07-03,55.5,20.5,137,93.3,0.0,0.0,20040703,9.6,7,3,22.8,0.6,26.1,2004
185,2004-07-04,26.0,20.4,137,88.9,0.0,0.0,20040704,9.8,7,4,22.8,2.5,25.7,2004
186,2004-07-05,1.0,19.5,137,79.4,0.0,5.0,20040705,7.5,7,5,23.6,2.6,28.0,2004
187,2004-07-06,0.0,20.5,137,78.8,0.0,7.4,20040706,4.8,7,6,26.1,0.6,32.2,2004
188,2004-07-07,28.5,19.1,137,93.8,0.0,0.0,20040707,10.0,7,7,21.6,0.6,24.7,2004
189,2004-07-08,0.1,21.4,137,83.4,0.0,1.9,20040708,7.5,7,8,23.2,1.6,27.3,2004
190,2004-07-09,0.0,20.1,137,73.1,0.0,12.1,20040709,3.9,7,9,24.6,1.4,31.2,2004
191,2004-07-10,0.0,19.0,137,72.6,0.0,9.7,20040710,3.5,7,10,24.8,1.0,31.2,2004
192,2004-07-11,9.0,19.8,137,86.1,0.0,0.2,20040711,7.9,7,11,23.0,0.7,27.7,2004
193,2004-07-12,21.5,20.5,137,85.3,0.0,3.4,20040712,7.5,7,12,25.0,1.3,31.1,2004
194,2004-07-13,0.5,22.9,137,82.9,0.0,3.5,20040713,7.6,7,13,25.5,1.3,30.9,2004
195,2004-07-14,23.5,21.4,137,93.4,0.0,0.4,20040714,9.0,7,14,22.8,0.4,25.7,2004
196,2004-07-15,14.0,21.1,137,92.1,0.0,0.0,20040715,10.0,7,15,22.7,0.6,25.1,2004
197,2004-07-16,55.5,21.6,137,86.9,0.0,0.0,20040716,10.0,7,16,24.5,1.1,28.0,2004
198,2004-07-17,37.0,21.6,137,85.3,0.0,0.2,20040717,9.5,7,17,23.9,1.8,26.6,2004
199,2004-07-18,0.0,21.3,137,82.9,0.0,2.7,20040718,6.1,7,18,26.2,0.7,32.9,2004
200,2004-07-19,0.0,22.4,137,76.0,0.0,6.6,20040719,5.4,7,19,27.4,1.6,32.4,2004
201,2004-07-20,0.0,23.4,137,75.9,0.0,4.8,20040720,5.0,7,20,27.8,1.5,32.1,2004
202,2004-07-21,0.0,25.9,137,75.1,0.0,5.6,20040721,4.8,7,21,28.8,1.6,33.2,2004
203,2004-07-22,0.0,25.7,137,71.6,0.0,10.0,20040722,2.8,7,22,29.6,1.7,34.5,2004
204,2004-07-23,0.0,24.9,137,70.0,0.0,12.3,20040723,0.5,7,23,29.4,1.8,35.1,2004
205,2004-07-24,0.0,22.6,137,66.9,0.0,11.6,20040724,1.9,7,24,28.8,1.5,34.3,2004
206,2004-07-25,0.0,23.2,137,76.5,0.0,7.4,20040725,5.9,7,25,27.0,0.9,32.3,2004
207,2004-07-26,0.0,22.7,137,77.6,0.0,5.0,20040726,6.5,7,26,27.4,0.7,33.4,2004
208,2004-07-27,0.0,23.6,137,78.3,0.0,3.1,20040727,6.1,7,27,27.5,0.5,32.8,2004
209,2004-07-28,0.0,23.6,137,71.3,0.0,10.9,20040728,2.3,7,28,28.7,0.8,34.8,2004
210,2004-07-29,0.0,23.6,137,70.3,0.0,12.2,20040729,0.1,7,29,29.2,0.8,35.5,2004
211,2004-07-30,0.0,22.9,137,74.0,0.0,11.8,20040730,0.3,7,30,29.0,0.7,35.8,2004
212,2004-07-31,0.0,23.7,137,63.5,0.0,11.2,20040731,0.9,7,31,29.1,1.0,36.3,2004
213,2004-08-01,0.0,23.0,137,65.3,0.0,8.7,20040801,4.5,8,1,28.2,1.1,34.1,2004
214,2004-08-02,0.0,22.9,137,66.4,0.0,9.4,20040802,4.3,8,2,28.3,1.0,35.1,2004
215,2004-08-03,0.0,23.3,137,77.3,0.0,5.1,20040803,6.6,8,3,27.1,1.0,32.8,2004
216,2004-08-04,48.0,22.9,137,81.6,0.0,6.8,20040804,7.1,8,4,27.1,1.1,34.1,2004
217,2004-08-05,0.0,23.1,137,86.9,0.0,2.1,20040805,8.1,8,5,25.8,0.7,31.2,2004
218,2004-08-06,0.0,23.9,137,77.9,0.0,9.3,20040806,3.6,8,6,28.0,0.8,34.2,2004
219,2004-08-07,0.0,24.3,137,68.6,0.0,11.6,20040807,1.8,8,7,28.9,1.6,34.5,2004
220,2004-08-08,0.0,23.7,137,67.3,0.0,10.8,20040808,2.9,8,8,28.6,2.0,33.8,2004
221,2004-08-09,16.0,23.0,137,79.6,0.0,3.4,20040809,6.5,8,9,27.4,1.1,33.8,2004
222,2004-08-10,0.0,22.9,137,74.1,0.0,8.6,20040810,2.8,8,10,28.1,0.7,34.1,2004
223,2004-08-11,0.0,21.7,137,72.9,0.0,11.7,20040811,1.3,8,11,27.3,0.9,33.9,2004
224,2004-08-12,0.0,19.5,137,71.5,0.0,11.4,20040812,0.3,8,12,26.5,0.7,34.9,2004
225,2004-08-13,0.0,21.5,137,71.0,0.0,9.1,20040813,2.4,8,13,27.8,0.8,34.7,2004
226,2004-08-14,4.5,24.0,137,80.9,0.0,3.3,20040814,8.1,8,14,26.5,0.7,32.8,2004
227,2004-08-15,0.5,22.4,137,77.9,0.0,3.2,20040815,8.8,8,15,25.4,1.0,31.3,2004
228,2004-08-16,3.0,21.7,137,85.1,0.0,0.0,20040816,9.9,8,16,23.4,0.8,26.8,2004
229,2004-08-17,4.5,22.2,137,88.4,0.0,1.4,20040817,10.0,8,17,25.7,0.4,32.5,2004
230,2004-08-18,131.0,20.8,137,95.5,0.0,0.0,20040818,10.0,8,18,22.5,0.8,24.2,2004
231,2004-08-19,34.5,19.7,137,88.1,0.0,2.3,20040819,7.6,8,19,21.8,2.1,25.4,2004
232,2004-08-20,6.0,17.9,137,93.3,0.0,0.0,20040820,9.6,8,20,19.1,0.8,20.4,2004
233,2004-08-21,0.3,19.0,137,88.9,0.0,0.0,20040821,9.8,8,21,20.6,0.6,23.8,2004
234,2004-08-22,21.0,17.9,137,95.0,0.0,0.0,20040822,10.0,8,22,19.0,1.0,20.4,2004
235,2004-08-23,37.0,17.5,137,90.5,0.0,0.0,20040823,9.9,8,23,19.9,0.8,23.0,2004
236,2004-08-24,0.4,18.3,137,85.8,0.0,4.9,20040824,5.8,8,24,21.8,0.6,27.6,2004
237,2004-08-25,0.4,19.2,137,90.4,0.0,0.2,20040825,8.8,8,25,21.9,0.5,26.5,2004
238,2004-08-26,13.5,18.1,137,93.4,0.0,0.0,20040826,9.6,8,26,20.1,0.6,21.9,2004
239,2004-08-27,0.0,19.9,137,81.6,0.0,0.0,20040827,7.0,8,27,22.5,0.9,27.3,2004
240,2004-08-28,0.0,16.7,137,73.8,0.0,10.2,20040828,3.6,8,28,22.2,1.1,29.2,2004
241,2004-08-29,0.0,16.7,137,77.6,0.0,10.4,20040829,3.5,8,29,23.7,0.9,31.0,2004
242,2004-08-30,0.1,20.8,137,83.8,0.0,0.2,20040830,7.9,8,30,24.2,0.9,28.2,2004
243,2004-08-31,0.0,20.3,137,62.9,0.0,9.8,20040831,2.3,8,31,24.7,2.5,29.9,2004
244,2004-09-01,0.0,17.5,137,68.8,0.0,7.2,20040901,3.6,9,1,22.9,1.3,29.2,2004
245,2004-09-02,0.0,14.5,137,61.0,0.0,11.7,20040902,0.0,9,2,21.6,1.7,29.5,2004
246,2004-09-03,0.0,14.0,137,73.9,0.0,6.9,20040903,4.1,9,3,20.9,0.8,29.0,2004
247,2004-09-04,0.0,16.7,137,75.0,0.0,10.1,20040904,3.8,9,4,22.2,0.8,29.9,2004
248,2004-09-05,1.0,15.8,137,80.8,0.0,2.9,20040905,6.9,9,5,21.4,0.8,28.3,2004
249,2004-09-06,13.5,17.8,137,88.3,0.0,0.3,20040906,10.0,9,6,20.0,1.3,22.5,2004
250,2004-09-07,4.5,19.1,137,84.3,0.0,0.0,20040907,8.5,9,7,21.1,1.9,24.0,2004
251,2004-09-08,0.5,18.5,137,71.3,0.0,7.8,20040908,6.1,9,8,21.9,1.8,27.9,2004
252,2004-09-09,0.0,16.8,137,83.4,0.0,1.5,20040909,7.8,9,9,19.9,0.5,25.7,2004
253,2004-09-10,1.0,14.7,137,84.8,0.0,0.8,20040910,7.8,9,10,19.5,0.6,25.2,2004
254,2004-09-11,40.5,16.6,137,91.8,0.0,0.0,20040911,10.0,9,11,17.8,1.6,19.1,2004
255,2004-09-12,10.0,16.6,137,93.4,0.0,0.0,20040912,10.0,9,12,20.5,1.0,24.0,2004
256,2004-09-13,10.5,18.9,137,90.5,0.0,0.5,20040913,8.3,9,13,22.0,1.4,27.7,2004
257,2004-09-14,0.0,17.5,137,86.4,0.0,0.1,20040914,8.8,9,14,20.2,1.1,23.0,2004
258,2004-09-15,0.0,19.0,137,78.3,0.0,1.6,20040915,9.5,9,15,22.2,1.2,27.2,2004
259,2004-09-16,16.5,19.3,137,84.1,0.0,4.9,20040916,5.8,9,16,22.4,1.1,29.4,2004
260,2004-09-17,2.5,18.9,137,87.4,0.0,4.7,20040917,7.0,9,17,22.7,1.0,30.0,2004
261,2004-09-18,15.5,20.1,137,89.6,0.0,1.1,20040918,7.3,9,18,21.8,1.1,24.9,2004
262,2004-09-19,0.0,15.7,137,66.0,0.0,10.3,20040919,1.6,9,19,20.4,1.7,26.6,2004
263,2004-09-20,33.0,13.7,137,87.1,0.0,0.1,20040920,9.6,9,20,16.1,0.9,19.5,2004
264,2004-09-21,0.0,13.7,137,78.8,0.0,5.3,20040921,6.6,9,21,17.1,1.6,23.2,2004
265,2004-09-22,0.0,11.0,137,81.5,0.0,7.5,20040922,2.6,9,22,17.0,0.7,25.1,2004
266,2004-09-23,0.0,13.3,137,83.0,0.0,4.5,20040923,4.9,9,23,17.8,0.7,24.7,2004
267,2004-09-24,0.0,13.6,137,80.4,0.0,7.3,20040924,2.6,9,24,18.5,0.7,26.7,2004
268,2004-09-25,0.0,12.5,137,76.1,0.0,6.0,20040925,6.3,9,25,18.2,1.0,25.7,2004
269,2004-09-26,0.5,14.9,137,85.8,0.0,0.1,20040926,9.5,9,26,17.4,0.7,19.7,2004
270,2004-09-27,0.0,15.1,137,86.1,0.0,6.5,20040927,5.1,9,27,18.7,0.6,25.3,2004
271,2004-09-28,0.0,14.5,137,80.0,0.0,1.3,20040928,9.8,9,28,19.3,1.2,25.8,2004
272,2004-09-29,0.0,14.8,137,73.6,0.0,6.4,20040929,4.4,9,29,19.5,1.0,26.9,2004
273,2004-09-30,0.0,11.1,137,79.1,0.0,7.7,20040930,4.1,9,30,17.5,0.7,26.5,2004
274,2004-10-01,0.0,12.5,137,74.9,0.0,5.4,20041001,7.8,10,1,17.8,2.2,25.0,2004
275,2004-10-02,0.0,7.7,137,47.0,0.0,9.7,20041002,2.0,10,2,12.5,2.0,18.2,2004
276,2004-10-03,0.0,3.6,137,68.0,0.0,9.7,20041003,1.1,10,3,11.6,0.9,21.3,2004
277,2004-10-04,0.0,7.1,137,79.0,0.0,6.2,20041004,3.0,10,4,13.2,0.7,21.9,2004
278,2004-10-05,0.0,7.5,137,80.0,0.0,5.9,20041005,1.4,10,5,14.0,0.7,22.7,2004
279,2004-10-06,0.0,8.2,137,78.6,0.0,6.2,20041006,4.8,10,6,13.7,0.6,24.2,2004
280,2004-10-07,0.0,8.2,137,82.8,0.0,4.2,20041007,8.3,10,7,15.0,0.6,22.0,2004
281,2004-10-08,0.0,13.1,137,83.4,0.0,2.9,20041008,6.9,10,8,16.8,0.8,24.5,2004
282,2004-10-09,1.0,12.7,137,87.0,0.0,0.8,20041009,8.1,10,9,15.4,0.6,21.2,2004
283,2004-10-10,0.0,11.3,137,71.5,0.0,7.3,20041010,2.1,10,10,16.6,0.8,25.5,2004
284,2004-10-11,0.0,7.7,137,72.1,0.0,7.4,20041011,2.8,10,11,16.2,1.2,24.5,2004
285,2004-10-12,0.0,8.4,137,57.3,0.0,7.1,20041012,2.6,10,12,15.0,2.7,20.6,2004
286,2004-10-13,0.0,3.7,137,54.4,0.0,9.3,20041013,1.3,10,13,11.7,1.4,20.0,2004
287,2004-10-14,1.0,5.2,137,58.1,0.0,9.0,20041014,0.4,10,14,9.8,2.4,15.6,2004
288,2004-10-15,0.0,2.7,137,66.3,0.0,9.2,20041015,0.0,10,15,12.1,1.4,21.4,2004
289,2004-10-16,0.0,7.3,137,70.1,0.0,8.0,20041016,1.8,10,16,14.6,1.6,24.1,2004
290,2004-10-17,0.0,5.7,137,69.5,0.0,8.2,20041017,3.9,10,17,12.9,1.4,20.4,2004
291,2004-10-18,0.0,11.0,137,81.6,0.0,0.9,20041018,8.9,10,18,14.2,0.7,18.6,2004
292,2004-10-19,0.0,10.0,137,93.9,0.0,0.1,20041019,8.3,10,19,12.5,0.5,16.2,2004
293,2004-10-20,0.0,8.9,137,75.4,0.0,1.3,20041020,6.8,10,20,14.7,1.3,22.4,2004
294,2004-10-21,0.0,4.2,137,69.3,0.0,8.5,20041021,2.0,10,21,14.1,1.2,22.8,2004
295,2004-10-22,0.0,6.2,137,48.6,0.0,9.1,20041022,1.3,10,22,12.8,2.1,18.7,2004
296,2004-10-23,0.0,3.0,137,68.5,0.0,8.8,20041023,1.3,10,23,10.2,0.8,18.8,2004
297,2004-10-24,0.0,3.7,137,75.4,0.0,8.2,20041024,1.6,10,24,11.0,0.3,20.7,2004
298,2004-10-25,0.0,5.2,137,84.5,0.0,0.7,20041025,7.6,10,25,10.9,0.4,17.4,2004
299,2004-10-26,0.0,7.6,137,56.6,0.0,6.5,20041026,3.5,10,26,12.7,2.2,19.2,2004
300,2004-10-27,0.0,2.2,137,65.4,0.0,8.9,20041027,0.3,10,27,9.4,0.6,17.8,2004
301,2004-10-28,0.0,2.4,137,78.6,0.0,7.7,20041028,0.4,10,28,9.5,0.6,19.7,2004
302,2004-10-29,0.0,4.2,137,79.5,0.0,8.4,20041029,1.1,10,29,11.1,0.4,21.2,2004
303,2004-10-30,0.0,5.9,137,76.5,0.0,8.8,20041030,1.3,10,30,12.6,0.5,22.5,2004
304,2004-10-31,0.0,3.9,137,78.6,0.0,8.7,20041031,2.0,10,31,11.3,0.5,20.8,2004
305,2004-11-01,3.5,3.7,137,83.4,0.0,6.2,20041101,4.8,11,1,11.8,0.6,20.0,2004
306,2004-11-02,2.5,9.8,137,81.0,0.0,1.8,20041102,8.0,11,2,12.1,2.1,15.5,2004
307,2004-11-03,0.5,8.2,137,76.5,0.0,3.5,20041103,5.3,11,3,10.4,2.2,14.7,2004
308,2004-11-04,0.0,5.6,137,74.1,0.0,8.2,20041104,1.6,11,4,11.4,1.0,18.4,2004
309,2004-11-05,0.0,2.2,137,87.6,0.0,2.9,20041105,5.5,11,5,8.3,0.5,15.7,2004
310,2004-11-06,0.5,2.3,137,60.8,0.0,8.7,20041106,2.5,11,6,10.0,2.0,16.6,2004
311,2004-11-07,0.0,-0.6,137,76.4,0.0,8.6,20041107,0.0,11,7,7.8,0.6,17.6,2004
312,2004-11-08,0.0,2.6,137,82.3,0.0,6.2,20041108,1.9,11,8,10.1,0.3,20.3,2004
313,2004-11-09,0.0,3.2,137,79.3,0.0,7.9,20041109,4.0,11,9,10.9,0.6,20.1,2004
314,2004-11-10,6.5,8.9,137,91.9,0.0,0.1,20041110,8.9,11,10,12.9,0.8,15.8,2004
315,2004-11-11,0.1,11.4,137,85.0,0.0,0.4,20041111,7.3,11,11,14.8,2.3,17.2,2004
316,2004-11-12,0.0,1.1,137,53.9,0.0,7.2,20041112,0.9,11,12,7.1,3.9,11.6,2004
317,2004-11-13,0.1,-3.1,137,71.8,0.0,1.8,20041113,6.4,11,13,2.8,0.7,6.3,2004
318,2004-11-14,0.0,2.3,137,62.6,0.0,6.5,20041114,4.5,11,14,8.1,1.3,15.2,2004
319,2004-11-15,0.0,1.6,137,50.5,0.0,8.3,20041115,1.5,11,15,6.3,3.5,9.8,2004
320,2004-11-16,0.0,0.8,137,55.5,0.0,8.6,20041116,0.3,11,16,6.9,2.7,12.8,2004
321,2004-11-17,0.0,-0.9,137,75.0,0.0,7.3,20041117,3.8,11,17,7.2,1.1,14.9,2004
322,2004-11-18,0.0,2.4,137,76.3,0.0,7.7,20041118,2.0,11,18,8.4,0.5,16.6,2004
323,2004-11-19,0.0,0.1,137,78.0,0.0,5.5,20041119,1.9,11,19,7.3,1.0,15.7,2004
324,2004-11-20,0.0,1.8,137,72.3,0.0,5.1,20041120,1.9,11,20,7.5,1.8,13.0,2004
325,2004-11-21,0.0,1.9,137,62.3,0.0,8.6,20041121,0.0,11,21,6.4,2.8,12.4,2004
326,2004-11-22,0.0,-1.5,137,69.1,0.0,8.6,20041122,0.0,11,22,6.4,1.5,13.9,2004
327,2004-11-23,0.0,-0.5,137,68.4,0.0,8.5,20041123,1.6,11,23,7.0,1.1,16.1,2004
328,2004-11-24,0.0,-0.9,137,76.0,0.0,4.6,20041124,1.9,11,24,5.1,0.5,13.8,2004
329,2004-11-25,0.0,-0.8,137,83.8,0.0,7.4,20041125,2.1,11,25,5.8,0.8,14.1,2004
330,2004-11-26,10.0,3.8,137,82.0,0.0,0.8,20041126,8.1,11,26,5.7,3.5,9.1,2004
331,2004-11-27,0.0,5.4,137,66.9,0.0,1.4,20041127,4.5,11,27,7.4,3.5,9.8,2004
332,2004-11-28,0.0,1.5,137,70.4,0.0,8.5,20041128,0.1,11,28,6.6,2.0,12.7,2004
333,2004-11-29,0.0,-1.2,137,58.0,0.0,8.5,20041129,0.1,11,29,4.9,1.9,11.9,2004
334,2004-11-30,0.0,-2.3,137,69.0,0.0,8.0,20041130,0.0,11,30,3.5,1.5,10.4,2004
335,2004-12-01,0.0,-0.4,137,66.6,0.0,5.9,20041201,2.8,12,1,5.2,2.0,11.2,2004
336,2004-12-02,0.0,-2.6,137,78.0,0.0,8.5,20041202,1.4,12,2,4.8,0.7,14.0,2004
337,2004-12-03,0.0,-0.9,137,82.0,0.0,6.5,20041203,4.0,12,3,6.3,0.7,15.5,2004
338,2004-12-04,16.5,6.7,137,95.3,0.0,0.0,20041204,10.0,12,4,8.0,0.8,10.3,2004
339,2004-12-05,1.0,0.6,137,68.8,0.0,4.2,20041205,4.6,12,5,3.8,4.8,10.0,2004
340,2004-12-06,0.0,-3.3,137,67.9,0.0,7.9,20041206,4.3,12,6,3.3,1.9,9.4,2004
341,2004-12-07,1.0,-1.7,137,60.3,0.0,7.6,20041207,2.0,12,7,4.6,2.3,9.2,2004
342,2004-12-08,0.0,-4.4,137,77.5,0.0,7.7,20041208,0.6,12,8,1.2,0.7,8.9,2004
343,2004-12-09,0.0,-3.0,137,83.1,0.0,7.7,20041209,0.0,12,9,2.5,0.6,11.0,2004
344,2004-12-10,0.0,-1.9,137,67.9,0.0,4.7,20041210,1.6,12,10,4.4,1.9,12.8,2004
345,2004-12-11,0.0,-2.2,137,56.0,0.0,8.3,20041211,3.0,12,11,2.9,1.2,9.4,2004
346,2004-12-12,0.0,-0.3,137,62.9,0.0,5.8,20041212,4.6,12,12,5.7,1.7,13.0,2004
347,2004-12-13,0.0,-2.3,137,50.6,0.0,8.5,20041213,0.1,12,13,3.7,2.1,9.7,2004
348,2004-12-14,0.0,-6.0,137,68.3,0.0,7.2,20041214,2.9,12,14,0.5,0.7,8.4,2004
349,2004-12-15,2.5,-0.6,137,73.9,0.0,2.6,20041215,7.1,12,15,4.5,0.6,9.7,2004
350,2004-12-16,0.5,-1.2,137,71.5,0.0,8.2,20041216,1.1,12,16,5.4,2.2,10.9,2004
351,2004-12-17,0.0,-3.9,137,86.0,0.0,4.0,20041217,4.1,12,17,0.5,0.5,7.0,2004
352,2004-12-18,0.0,-1.1,137,63.8,0.0,5.6,20041218,3.1,12,18,4.8,1.4,11.1,2004
353,2004-12-19,0.2,-3.6,137,84.0,0.0,4.4,20041219,4.5,12,19,2.3,0.7,8.2,2004
354,2004-12-20,0.5,-3.6,137,58.6,0.0,8.4,20041220,2.4,12,20,0.9,3.6,6.7,2004
355,2004-12-21,0.0,-4.8,137,51.5,0.0,6.2,20041221,3.5,12,21,-0.8,1.9,5.3,2004
356,2004-12-22,0.0,-2.7,137,41.1,0.0,3.0,20041222,5.3,12,22,0.1,2.8,3.7,2004
357,2004-12-23,0.0,-6.0,137,50.5,0.0,8.4,20041223,1.6,12,23,-2.3,1.5,3.3,2004
358,2004-12-24,0.0,-4.5,137,72.6,0.0,0.0,20041224,8.3,12,24,-1.4,1.1,0.8,2004
359,2004-12-25,0.0,-0.7,137,59.9,0.0,8.2,20041225,2.8,12,25,0.8,3.6,3.6,2004
360,2004-12-26,0.0,-3.3,137,50.4,0.0,8.3,20041226,0.9,12,26,-0.8,4.0,2.9,2004
361,2004-12-27,0.0,-4.1,137,45.5,0.0,7.8,20041227,3.1,12,27,-1.4,3.6,2.7,2004
362,2004-12-28,0.0,-7.0,137,40.4,0.0,4.5,20041228,5.6,12,28,-3.0,3.6,0.1,2004
363,2004-12-29,0.0,-6.5,137,45.3,0.0,8.4,20041229,1.1,12,29,-3.8,3.2,0.0,2004
364,2004-12-30,0.0,-8.0,137,52.6,0.0,5.4,20041230,6.0,12,30,-2.7,1.8,2.3,2004
365,2004-12-31,0.0,-5.0,137,52.6,0.0,8.3,20041231,4.1,12,31,-2.7,3.8,0.6,2004
