,cloud,tavg,tmax,wind,month,year,day,station_id,Date,tmin,rainfall,humid,snow,date,sunshine
0,5.4,-0.9,4.0,2.5,1,2020,1,137,2020-01-01,-7.6,0.0,64.3,0.0,20200101,1.6
1,6.6,2.2,4.6,2.1,1,2020,2,137,2020-01-02,-1.2,0.0,67.6,0.0,20200102,0.5
2,1.4,2.7,6.0,2.7,1,2020,3,137,2020-01-03,0.2,0.0,59.6,0.0,20200103,7.3
3,1.6,2.2,8.0,2.0,1,2020,4,137,2020-01-04,-1.9,0.0,62.4,0.0,20200104,6.4
4,3.0,0.3,7.5,0.8,1,2020,5,137,2020-01-05,-5.6,0.0,64.6,0.0,20200105,7.7
5,9.9,-0.5,0.8,0.6,1,2020,6,137,2020-01-06,-3.1,13.1,89.0,0.0,20200106,0.0
6,9.8,3.7,6.6,0.5,1,2020,7,137,2020-01-07,0.8,38.2,100.0,0.0,20200107,0.0
7,9.5,4.9,11.6,3.4,1,2020,8,137,2020-01-08,2.5,1.2,82.8,0.0,20200108,0.3
8,2.9,1.1,4.4,2.1,1,2020,9,137,2020-01-09,-1.9,0.0,66.5,0.0,20200109,6.6
9,3.1,1.0,7.4,1.4,1,2020,10,137,2020-01-10,-4.4,0.0,64.9,0.0,20200110,8.1
10,2.5,1.7,6.8,1.7,1,2020,11,137,2020-01-11,-1.8,0.0,60.0,0.0,20200111,8.1
11,3.1,1.0,4.0,2.4,1,2020,12,137,2020-01-12,-0.7,0.0,60.0,0.0,20200112,7.2
12,3.6,0.1,3.7,2.6,1,2020,13,137,2020-01-13,-3.0,0.0,52.9,0.0,20200113,5.2
13,2.5,-0.1,5.6,1.5,1,2020,14,137,2020-01-14,-3.3,0.0,52.4,0.0,20200114,8.2
14,0.5,-1.0,3.4,2.2,1,2020,15,137,2020-01-15,-4.5,0.0,55.0,0.0,20200115,8.3
15,6.4,0.2,6.1,1.7,1,2020,16,137,2020-01-16,-4.8,0.0,47.3,0.0,20200116,7.9
16,6.0,0.2,5.4,1.0,1,2020,17,137,2020-01-17,-4.5,0.0,50.1,0.0,20200117,5.0
17,5.1,1.7,7.9,2.2,1,2020,18,137,2020-01-18,-2.2,0.0,43.5,0.0,20200118,6.0
18,5.8,2.7,7.8,2.1,1,2020,19,137,2020-01-19,-2.3,0.0,56.9,0.0,20200119,4.2
19,3.1,3.0,6.7,2.8,1,2020,20,137,2020-01-20,-0.3,0.0,52.4,0.0,20200120,6.7
20,2.9,-0.5,5.7,1.3,1,2020,21,137,2020-01-21,-5.7,0.0,44.8,0.0,20200121,8.3
21,9.9,0.9,3.5,0.4,1,2020,22,137,2020-01-22,-2.3,0.2,54.8,0.0,20200122,0.0
22,8.5,4.1,9.7,0.9,1,2020,23,137,2020-01-23,0.0,3.5,90.1,0.0,20200123,2.6
23,7.0,4.4,9.7,1.4,1,2020,24,137,2020-01-24,-0.7,0.0,73.3,0.0,20200124,8.1
24,9.1,5.5,9.0,0.9,1,2020,25,137,2020-01-25,2.0,0.0,81.0,0.0,20200125,0.1
25,8.6,4.8,10.5,1.3,1,2020,26,137,2020-01-26,-1.3,0.0,76.5,0.0,20200126,6.0
26,9.9,5.1,7.3,2.5,1,2020,27,137,2020-01-27,3.7,4.7,83.1,0.0,20200127,0.0
27,7.6,6.2,11.1,0.8,1,2020,28,137,2020-01-28,2.2,0.0,79.3,0.0,20200128,2.8
28,8.8,5.3,9.5,0.7,1,2020,29,137,2020-01-29,2.0,0.0,72.5,0.0,20200129,3.7
29,7.0,5.1,10.1,0.9,1,2020,30,137,2020-01-30,2.2,0.0,71.1,0.0,20200130,4.8
30,7.5,3.9,8.7,1.5,1,2020,31,137,2020-01-31,1.2,0.0,70.9,0.0,20200131,3.7
31,3.3,2.6,7.3,2.0,2,2020,1,137,2020-02-01,-0.9,0.0,70.9,0.0,20200201,3.7
32,4.3,2.9,7.3,1.8,2,2020,2,137,2020-02-02,-1.7,0.0,62.3,0.0,20200202,7.8
33,0.6,1.8,6.3,2.6,2,2020,3,137,2020-02-03,-2.3,0.0,48.5,0.0,20200203,8.2
34,1.1,0.3,6.1,1.8,2,2020,4,137,2020-02-04,-6.6,0.0,55.0,0.0,20200204,8.7
35,0.0,-4.3,1.7,3.6,2,2020,5,137,2020-02-05,-7.9,0.1,38.9,0.0,20200205,8.7
36,3.5,-4.8,1.5,1.0,2,2020,6,137,2020-02-06,-10.0,0.0,44.6,0.0,20200206,8.0
37,3.6,-1.3,4.8,2.0,2,2020,7,137,2020-02-07,-8.4,0.0,51.9,0.0,20200207,8.2
38,1.6,1.6,6.2,2.6,2,2020,8,137,2020-02-08,-1.8,0.0,51.8,0.0,20200208,8.2
39,1.8,0.8,5.9,2.0,2,2020,9,137,2020-02-09,-5.0,0.0,49.5,0.0,20200209,8.8
40,2.1,4.7,12.0,2.4,2,2020,10,137,2020-02-10,-0.1,0.0,53.8,0.0,20200210,8.7
41,4.3,4.2,13.0,0.8,2,2020,11,137,2020-02-11,-5.1,0.0,57.3,0.0,20200211,8.0
42,7.8,4.9,9.6,0.9,2,2020,12,137,2020-02-12,2.4,21.1,91.8,0.0,20200212,0.0
43,5.5,8.4,13.5,2.5,2,2020,13,137,2020-02-13,2.9,0.0,81.6,0.0,20200213,5.0
44,4.9,8.2,16.6,0.8,2,2020,14,137,2020-02-14,2.0,0.0,69.9,0.0,20200214,8.5
45,6.9,8.5,15.2,0.9,2,2020,15,137,2020-02-15,1.7,1.1,82.3,0.0,20200215,3.7
46,9.3,1.8,9.1,3.5,2,2020,16,137,2020-02-16,-2.3,2.3,75.6,0.0,20200216,1.0
47,6.5,-3.8,0.1,3.3,2,2020,17,137,2020-02-17,-6.0,1.5,70.1,0.0,20200217,6.5
48,0.4,-2.0,3.6,2.8,2,2020,18,137,2020-02-18,-7.2,0.0,52.4,0.0,20200218,9.4
49,6.0,2.4,9.9,1.7,2,2020,19,137,2020-02-19,-3.8,0.0,58.6,0.0,20200219,8.9
50,2.0,4.5,14.1,0.8,2,2020,20,137,2020-02-20,-2.1,0.0,65.3,0.0,20200220,9.0
51,6.4,5.7,12.8,0.9,2,2020,21,137,2020-02-21,-2.3,0.0,67.3,0.0,20200221,6.3
52,4.8,6.3,11.5,3.9,2,2020,22,137,2020-02-22,1.2,1.4,54.0,0.0,20200222,8.3
53,0.0,3.9,9.6,2.5,2,2020,23,137,2020-02-23,-1.2,0.0,42.9,0.0,20200223,9.6
54,4.0,6.7,16.9,1.1,2,2020,24,137,2020-02-24,-3.5,0.0,47.5,0.0,20200224,9.3
55,8.4,5.1,8.1,1.3,2,2020,25,137,2020-02-25,3.5,49.9,98.9,0.0,20200225,0.0
56,5.4,7.4,13.2,0.9,2,2020,26,137,2020-02-26,3.0,0.0,80.3,0.0,20200226,3.4
57,4.4,4.8,9.5,1.2,2,2020,27,137,2020-02-27,0.3,0.0,69.4,0.0,20200227,5.0
58,9.6,2.2,3.9,0.8,2,2020,28,137,2020-02-28,-0.3,2.2,92.0,0.0,20200228,0.0
59,3.1,5.2,12.1,0.6,2,2020,29,137,2020-02-29,1.3,0.0,85.3,0.0,20200229,4.4
60,7.1,6.4,14.2,1.4,3,2020,1,137,2020-03-01,-0.3,0.0,79.8,0.0,20200301,4.5
61,3.4,5.7,10.7,2.4,3,2020,2,137,2020-03-02,2.8,0.0,52.9,0.0,20200302,9.7
62,6.5,6.1,13.8,1.0,3,2020,3,137,2020-03-03,-1.5,0.0,67.5,0.0,20200303,7.1
63,6.8,3.8,8.8,4.0,3,2020,4,137,2020-03-04,-0.9,0.0,54.8,0.0,20200304,6.3
64,0.6,2.2,8.8,2.3,3,2020,5,137,2020-03-05,-2.2,0.0,46.4,0.0,20200305,9.7
65,2.6,4.6,13.8,1.4,3,2020,6,137,2020-03-06,-4.2,0.0,40.9,0.0,20200306,10.0
66,7.5,4.2,8.5,0.6,3,2020,7,137,2020-03-07,0.1,0.1,62.8,0.0,20200307,0.2
67,0.8,7.0,16.4,0.8,3,2020,8,137,2020-03-08,-1.7,0.0,68.3,0.0,20200308,9.9
68,6.4,7.6,14.0,0.8,3,2020,9,137,2020-03-09,-0.7,1.1,74.9,0.0,20200309,4.0
69,7.9,7.1,9.3,2.1,3,2020,10,137,2020-03-10,3.5,7.3,88.6,0.0,20200310,0.0
70,0.0,5.0,10.3,3.1,3,2020,11,137,2020-03-11,1.2,0.0,43.0,0.0,20200311,10.2
71,0.3,8.0,17.2,1.8,3,2020,12,137,2020-03-12,-2.6,0.0,39.1,0.0,20200312,10.1
72,5.9,7.5,14.3,2.4,3,2020,13,137,2020-03-13,2.0,0.0,42.6,0.0,20200313,8.0
73,1.4,5.1,11.5,3.0,3,2020,14,137,2020-03-14,-1.3,0.0,41.0,0.0,20200314,10.1
74,2.9,5.2,12.0,3.8,3,2020,15,137,2020-03-15,0.4,0.0,47.9,0.0,20200315,8.1
75,0.0,5.2,11.7,2.2,3,2020,16,137,2020-03-16,-1.4,0.0,39.1,0.0,20200316,10.2
76,3.0,8.3,14.7,2.6,3,2020,17,137,2020-03-17,1.2,0.0,60.1,0.0,20200317,6.1
77,0.0,10.2,19.7,1.3,3,2020,18,137,2020-03-18,0.8,0.0,51.0,0.0,20200318,10.4
78,2.0,7.2,16.5,3.8,3,2020,19,137,2020-03-19,1.2,0.0,51.5,0.0,20200319,7.8
79,0.4,9.7,17.0,3.3,3,2020,20,137,2020-03-20,4.5,0.0,39.0,0.0,20200320,10.6
80,1.3,14.8,25.2,1.7,3,2020,21,137,2020-03-21,2.0,0.0,47.4,0.0,20200321,9.9
81,1.0,14.7,22.0,2.5,3,2020,22,137,2020-03-22,8.9,0.0,43.0,0.0,20200322,10.8
82,0.1,11.7,18.4,2.6,3,2020,23,137,2020-03-23,4.6,0.0,38.6,0.0,20200323,11.1
83,0.1,10.2,18.6,1.1,3,2020,24,137,2020-03-24,1.5,0.0,52.1,0.0,20200324,11.0
84,2.0,11.6,21.3,1.0,3,2020,25,137,2020-03-25,1.6,0.0,55.6,0.0,20200325,10.7
85,9.0,12.8,19.2,1.0,3,2020,26,137,2020-03-26,7.0,0.4,73.1,0.0,20200326,3.4
86,7.3,12.6,16.7,2.0,3,2020,27,137,2020-03-27,6.8,4.4,81.4,0.0,20200327,1.3
87,8.1,8.1,12.9,1.8,3,2020,28,137,2020-03-28,4.0,0.0,48.6,0.0,20200328,4.1
88,5.5,7.9,16.4,1.2,3,2020,29,137,2020-03-29,-0.6,0.0,64.8,0.0,20200329,8.5
89,2.1,10.6,18.9,1.1,3,2020,30,137,2020-03-30,3.4,0.0,58.4,0.0,20200330,10.7
90,4.1,12.3,21.7,0.9,3,2020,31,137,2020-03-31,2.2,0.0,52.1,0.0,20200331,10.4
91,4.8,12.6,19.6,2.7,4,2020,1,137,2020-04-01,7.0,0.0,36.3,0.0,20200401,6.0
92,3.0,10.9,18.4,1.8,4,2020,2,137,2020-04-02,3.1,0.0,37.5,0.0,20200402,10.9
93,0.1,12.2,19.1,2.3,4,2020,3,137,2020-04-03,5.8,0.0,29.4,0.0,20200403,10.6
94,1.3,10.1,17.0,2.8,4,2020,4,137,2020-04-04,5.4,0.0,40.1,0.0,20200404,10.5
95,0.0,8.8,15.8,2.2,4,2020,5,137,2020-04-05,1.4,0.0,28.4,0.0,20200405,11.2
96,3.3,10.9,19.2,1.9,4,2020,6,137,2020-04-06,1.9,0.0,32.8,0.0,20200406,10.8
97,1.0,13.2,20.1,2.8,4,2020,7,137,2020-04-07,6.9,0.0,39.6,0.0,20200407,10.9
98,0.0,10.7,17.3,2.9,4,2020,8,137,2020-04-08,5.9,0.0,33.5,0.0,20200408,11.3
99,2.3,9.8,16.7,2.0,4,2020,9,137,2020-04-09,2.7,0.0,42.8,0.0,20200409,11.0
100,7.1,11.2,16.5,1.4,4,2020,10,137,2020-04-10,7.0,0.0,55.1,0.0,20200410,6.7
101,7.8,10.4,16.1,1.4,4,2020,11,137,2020-04-11,4.1,0.0,49.6,0.0,20200411,6.1
102,5.6,8.2,15.2,1.7,4,2020,12,137,2020-04-12,3.0,2.0,66.4,0.0,20200412,4.6
103,3.8,10.0,18.1,1.7,4,2020,13,137,2020-04-13,4.9,0.0,42.6,0.0,20200413,9.1
104,0.9,13.7,22.9,2.1,4,2020,14,137,2020-04-14,1.2,0.0,33.8,0.0,20200414,11.3
105,6.6,14.4,23.2,1.5,4,2020,15,137,2020-04-15,6.8,0.0,34.5,0.0,20200415,8.3
106,2.5,13.6,21.3,1.5,4,2020,16,137,2020-04-16,6.0,0.0,55.0,0.0,20200416,11.1
107,7.0,10.1,15.3,1.0,4,2020,17,137,2020-04-17,7.4,11.5,89.1,0.0,20200417,0.6
108,3.6,13.1,19.7,1.8,4,2020,18,137,2020-04-18,8.5,0.4,72.3,0.0,20200418,7.6
109,8.9,10.0,14.4,1.4,4,2020,19,137,2020-04-19,7.1,22.4,88.1,0.0,20200419,0.5
110,7.6,11.0,17.4,2.2,4,2020,20,137,2020-04-20,8.1,0.0,76.9,0.0,20200420,2.0
111,5.6,9.0,14.7,3.6,4,2020,21,137,2020-04-21,4.5,0.0,46.5,0.0,20200421,10.7
112,3.9,7.1,11.8,3.4,4,2020,22,137,2020-04-22,3.5,0.0,42.9,0.0,20200422,10.2
113,3.0,8.6,15.4,2.9,4,2020,23,137,2020-04-23,2.7,0.0,42.8,0.0,20200423,8.9
114,1.3,10.7,16.9,3.3,4,2020,24,137,2020-04-24,4.4,0.0,37.1,0.0,20200424,12.1
115,1.3,13.6,24.1,2.4,4,2020,25,137,2020-04-25,2.0,0.0,48.5,0.0,20200425,11.2
116,1.5,13.2,20.1,2.1,4,2020,26,137,2020-04-26,6.9,0.0,44.9,0.0,20200426,10.7
117,3.5,13.2,19.1,2.0,4,2020,27,137,2020-04-27,6.1,0.0,38.3,0.0,20200427,11.5
118,0.1,14.4,21.8,2.3,4,2020,28,137,2020-04-28,5.6,0.0,38.5,0.0,20200428,12.1
119,0.0,17.4,25.0,2.0,4,2020,29,137,2020-04-29,9.3,0.0,39.9,0.0,20200429,12.0
120,0.8,18.6,27.9,1.5,4,2020,30,137,2020-04-30,7.0,0.0,49.5,0.0,20200430,12.1
121,0.3,23.0,31.8,1.6,5,2020,1,137,2020-05-01,12.8,0.0,59.8,0.0,20200501,11.9
122,8.6,22.9,28.3,1.6,5,2020,2,137,2020-05-02,19.4,0.0,58.8,0.0,20200502,3.7
123,9.0,17.4,20.0,0.8,5,2020,3,137,2020-05-03,15.6,5.2,94.8,0.0,20200503,0.0
124,4.8,21.9,28.8,2.0,5,2020,4,137,2020-05-04,15.8,0.0,71.8,0.0,20200504,10.7
125,7.9,15.8,21.3,1.0,5,2020,5,137,2020-05-05,13.0,2.6,84.9,0.0,20200505,0.5
126,3.5,17.3,27.6,1.0,5,2020,6,137,2020-05-06,10.6,0.0,65.8,0.0,20200506,10.7
127,4.8,16.6,25.0,1.2,5,2020,7,137,2020-05-07,8.1,0.0,52.3,0.0,20200507,11.3
128,8.1,16.9,24.5,0.9,5,2020,8,137,2020-05-08,7.4,3.3,61.1,0.0,20200508,9.9
129,9.9,15.7,17.5,0.9,5,2020,9,137,2020-05-09,14.3,23.2,97.9,0.0,20200509,0.0
130,5.5,15.5,18.5,1.9,5,2020,10,137,2020-05-10,13.7,0.0,85.6,0.0,20200510,1.4
131,3.5,19.5,25.9,2.4,5,2020,11,137,2020-05-11,13.9,0.0,53.8,0.0,20200511,10.4
132,3.4,17.7,23.5,2.5,5,2020,12,137,2020-05-12,12.7,0.0,53.5,0.0,20200512,10.6
133,0.0,16.9,23.4,2.4,5,2020,13,137,2020-05-13,10.3,0.0,47.1,0.0,20200513,12.5
134,8.1,18.6,26.9,0.7,5,2020,14,137,2020-05-14,9.0,0.0,51.8,0.0,20200514,9.4
135,9.8,14.6,19.2,0.9,5,2020,15,137,2020-05-15,13.3,33.7,91.0,0.0,20200515,0.0
136,7.8,18.4,24.8,0.8,5,2020,16,137,2020-05-16,13.3,0.0,83.5,0.0,20200516,6.0
137,5.3,21.9,28.2,0.8,5,2020,17,137,2020-05-17,16.7,0.0,76.6,0.0,20200517,10.5
138,8.1,19.3,25.0,1.3,5,2020,18,137,2020-05-18,14.6,35.1,83.8,0.0,20200518,2.2
139,5.6,13.4,18.2,1.6,5,2020,19,137,2020-05-19,9.6,2.8,79.4,0.0,20200519,3.1
140,4.4,13.9,21.1,1.1,5,2020,20,137,2020-05-20,7.5,0.0,68.9,0.0,20200520,6.5
141,4.8,15.5,22.8,0.9,5,2020,21,137,2020-05-21,7.5,0.0,74.8,0.0,20200521,9.5
142,6.5,17.6,23.6,0.9,5,2020,22,137,2020-05-22,13.1,0.0,74.5,0.0,20200522,4.8
143,3.8,18.8,25.7,0.9,5,2020,23,137,2020-05-23,12.1,0.0,70.8,0.0,20200523,11.2
144,7.5,19.8,25.1,1.4,5,2020,24,137,2020-05-24,16.0,0.6,78.0,0.0,20200524,5.3
145,9.3,18.9,23.3,1.9,5,2020,25,137,2020-05-25,15.6,0.0,75.1,0.0,20200525,5.7
146,6.8,20.4,26.5,1.6,5,2020,26,137,2020-05-26,14.8,0.0,66.0,0.0,20200526,8.9
147,5.6,19.5,25.6,1.6,5,2020,27,137,2020-05-27,14.5,0.0,56.0,0.0,20200527,11.6
148,1.8,19.8,27.1,1.3,5,2020,28,137,2020-05-28,12.1,0.0,56.0,0.0,20200528,11.5
149,2.5,21.2,27.6,1.0,5,2020,29,137,2020-05-29,14.6,0.0,61.1,0.0,20200529,11.4
150,5.3,21.1,28.5,0.9,5,2020,30,137,2020-05-30,12.8,0.0,60.8,0.0,20200530,11.0
151,7.4,21.3,28.2,1.2,5,2020,31,137,2020-05-31,13.5,0.0,64.0,0.0,20200531,8.5
152,4.6,21.4,26.5,2.4,6,2020,1,137,2020-06-01,17.8,0.1,56.6,0.0,20200601,10.7
153,8.6,20.6,25.8,0.9,6,2020,2,137,2020-06-02,14.1,0.0,54.9,0.0,20200602,5.3
154,5.5,23.6,29.5,1.3,6,2020,3,137,2020-06-03,18.7,0.0,65.6,0.0,20200603,7.3
155,1.0,26.3,32.8,1.7,6,2020,4,137,2020-06-04,21.0,0.0,61.6,0.0,20200604,10.9
156,5.5,25.9,31.7,1.5,6,2020,5,137,2020-06-05,21.7,0.0,64.1,0.0,20200605,8.7
157,5.8,23.1,29.5,1.1,6,2020,6,137,2020-06-06,18.8,0.0,61.9,0.0,20200606,9.4
158,4.1,23.0,29.2,0.9,6,2020,7,137,2020-06-07,17.2,0.0,61.3,0.0,20200607,7.0
159,1.0,26.8,33.7,1.0,6,2020,8,137,2020-06-08,19.4,0.0,63.0,0.0,20200608,12.2
160,1.8,28.3,35.0,1.1,6,2020,9,137,2020-06-09,20.6,0.0,58.1,0.0,20200609,11.0
161,6.1,26.8,33.9,1.2,6,2020,10,137,2020-06-10,21.2,17.7,66.6,0.0,20200610,9.9
162,5.0,25.2,31.5,0.9,6,2020,11,137,2020-06-11,19.4,38.3,81.9,0.0,20200611,9.9
163,8.9,24.0,28.2,0.5,6,2020,12,137,2020-06-12,20.7,11.3,92.9,0.0,20200612,0.7
164,8.9,23.5,29.7,0.6,6,2020,13,137,2020-06-13,18.7,14.1,87.1,0.0,20200613,6.0
165,7.6,24.4,28.8,1.5,6,2020,14,137,2020-06-14,20.8,20.8,81.8,0.0,20200614,5.6
166,4.5,24.0,29.2,2.0,6,2020,15,137,2020-06-15,19.0,0.0,63.1,0.0,20200615,11.8
167,5.3,23.8,29.2,1.4,6,2020,16,137,2020-06-16,18.3,0.0,64.8,0.0,20200616,11.3
168,9.5,22.5,27.4,0.6,6,2020,17,137,2020-06-17,16.8,0.0,68.0,0.0,20200617,3.9
169,9.3,19.8,22.2,0.9,6,2020,18,137,2020-06-18,17.9,0.7,82.4,0.0,20200618,0.0
170,4.6,22.7,28.9,0.8,6,2020,19,137,2020-06-19,16.7,0.0,73.4,0.0,20200619,9.5
171,4.8,23.4,29.0,0.8,6,2020,20,137,2020-06-20,20.1,0.0,77.6,0.0,20200620,6.8
172,2.1,24.4,30.8,0.8,6,2020,21,137,2020-06-21,18.2,0.0,75.4,0.0,20200621,11.7
173,1.0,25.1,32.5,0.6,6,2020,22,137,2020-06-22,17.6,0.0,72.0,0.0,20200622,12.7
174,6.5,25.3,31.9,0.7,6,2020,23,137,2020-06-23,19.3,0.0,72.6,0.0,20200623,8.8
175,10.0,21.5,24.5,0.7,6,2020,24,137,2020-06-24,19.3,11.7,85.6,0.0,20200624,0.0
176,8.1,20.9,22.8,0.6,6,2020,25,137,2020-06-25,19.1,3.2,95.6,0.0,20200625,0.0
177,7.0,23.2,28.0,1.5,6,2020,26,137,2020-06-26,20.0,0.0,77.5,0.0,20200626,5.3
178,6.8,23.5,29.3,0.6,6,2020,27,137,2020-06-27,19.2,0.0,80.8,0.0,20200627,4.5
179,1.4,24.2,30.6,1.1,6,2020,28,137,2020-06-28,19.2,0.0,76.3,0.0,20200628,10.6
180,8.5,21.0,25.6,0.8,6,2020,29,137,2020-06-29,18.3,45.5,92.3,0.0,20200629,0.0
181,7.1,20.4,24.8,1.4,6,2020,30,137,2020-06-30,18.7,28.8,94.4,0.0,20200630,1.6
182,7.4,20.4,24.9,1.1,7,2020,1,137,2020-07-01,17.5,0.0,85.4,0.0,20200701,1.7
183,6.9,22.5,28.5,0.6,7,2020,2,137,2020-07-02,16.7,0.0,81.0,0.0,20200702,7.8
184,9.4,20.3,22.9,0.6,7,2020,3,137,2020-07-03,17.6,4.0,86.5,0.0,20200703,0.0
185,6.9,21.6,26.8,0.8,7,2020,4,137,2020-07-04,17.3,0.3,83.4,0.0,20200704,4.9
186,6.6,22.4,27.0,0.8,7,2020,5,137,2020-07-05,18.1,0.0,83.4,0.0,20200705,4.0
187,8.1,22.2,27.9,0.5,7,2020,6,137,2020-07-06,18.6,26.1,92.6,0.0,20200706,3.0
188,6.1,24.8,30.0,1.0,7,2020,7,137,2020-07-07,21.3,0.1,85.4,0.0,20200707,7.5
189,4.8,25.1,30.7,1.2,7,2020,8,137,2020-07-08,20.3,0.0,75.8,0.0,20200708,10.9
190,5.8,25.3,30.7,0.7,7,2020,9,137,2020-07-09,20.2,0.1,78.8,0.0,20200709,7.7
191,9.2,23.4,28.3,1.0,7,2020,10,137,2020-07-10,20.7,12.8,91.1,0.0,20200710,3.1
192,0.0,26.1,30.8,0.9,7,2020,11,137,2020-07-11,22.8,0.0,77.4,0.0,20200711,4.6
193,0.0,20.5,23.8,0.6,7,2020,12,137,2020-07-12,17.6,29.8,93.1,0.0,20200712,0.0
194,8.0,17.9,19.1,1.1,7,2020,13,137,2020-07-13,16.8,107.2,100.0,0.0,20200713,0.0
195,4.6,18.9,20.3,0.5,7,2020,14,137,2020-07-14,17.9,7.0,98.6,0.0,20200714,0.0
196,6.1,19.5,22.1,0.4,7,2020,15,137,2020-07-15,17.7,4.9,95.5,0.0,20200715,0.6
197,4.9,22.7,28.3,0.5,7,2020,16,137,2020-07-16,18.2,0.0,81.5,0.0,20200716,10.1
198,2.3,23.4,29.5,0.7,7,2020,17,137,2020-07-17,17.9,0.0,78.8,0.0,20200717,10.3
199,5.0,21.8,27.0,0.7,7,2020,18,137,2020-07-18,17.4,0.0,82.5,0.0,20200718,6.8
200,8.9,21.8,24.1,0.9,7,2020,19,137,2020-07-19,18.8,0.3,91.3,0.0,20200719,0.0
201,9.3,24.1,29.4,1.3,7,2020,20,137,2020-07-20,21.8,25.3,90.4,0.0,20200720,1.9
202,6.5,26.1,30.6,1.1,7,2020,21,137,2020-07-21,22.5,0.0,74.9,0.0,20200721,9.8
203,10.0,22.6,24.9,0.5,7,2020,22,137,2020-07-22,21.3,36.0,97.6,0.0,20200722,0.0
204,9.5,20.5,21.7,1.0,7,2020,23,137,2020-07-23,19.8,65.9,100.0,0.0,20200723,0.0
205,0.0,20.2,22.8,1.1,7,2020,24,137,2020-07-24,19.0,27.2,99.6,0.0,20200724,0.0
206,8.0,21.9,24.7,0.7,7,2020,25,137,2020-07-25,19.8,9.0,96.6,0.0,20200725,0.9
207,9.1,22.7,27.2,0.5,7,2020,26,137,2020-07-26,20.8,3.8,96.5,0.0,20200726,2.1
208,9.8,22.7,25.6,0.7,7,2020,27,137,2020-07-27,21.1,4.1,96.1,0.0,20200727,0.2
209,10.0,22.0,23.0,0.7,7,2020,28,137,2020-07-28,20.8,24.8,100.0,0.0,20200728,0.0
210,9.4,22.2,23.7,0.6,7,2020,29,137,2020-07-29,21.5,40.5,99.6,0.0,20200729,0.0
211,8.0,23.1,26.2,0.6,7,2020,30,137,2020-07-30,21.6,37.5,96.5,0.0,20200730,1.2
212,9.0,25.8,31.9,0.9,7,2020,31,137,2020-07-31,21.8,0.0,88.3,0.0,20200731,4.8
213,9.0,26.1,31.2,0.9,8,2020,1,137,2020-08-01,23.2,1.0,87.9,0.0,20200801,3.5
214,9.5,25.9,29.7,0.4,8,2020,2,137,2020-08-02,23.2,0.4,92.8,0.0,20200802,0.0
215,9.5,26.2,30.1,0.8,8,2020,3,137,2020-08-03,23.6,0.1,89.5,0.0,20200803,1.7
216,7.0,26.6,33.2,0.7,8,2020,4,137,2020-08-04,22.2,11.6,89.0,0.0,20200804,5.0
217,9.0,25.7,29.6,0.5,8,2020,5,137,2020-08-05,23.5,16.6,97.4,0.0,20200805,0.7
218,9.6,25.7,28.8,1.5,8,2020,6,137,2020-08-06,24.3,21.1,93.4,0.0,20200806,0.6
219,9.5,22.4,25.0,0.5,8,2020,7,137,2020-08-07,20.2,40.5,97.3,0.0,20200807,0.1
220,8.8,22.3,23.3,0.3,8,2020,8,137,2020-08-08,21.2,65.4,100.0,0.0,20200808,0.0
221,8.0,26.1,31.8,0.6,8,2020,9,137,2020-08-09,22.8,5.0,90.4,0.0,20200809,3.3
222,8.9,24.4,27.8,0.6,8,2020,10,137,2020-08-10,23.2,61.3,99.3,0.0,20200810,0.1
223,9.1,24.9,28.2,0.7,8,2020,11,137,2020-08-11,23.3,37.2,97.0,0.0,20200811,2.0
224,8.5,26.5,30.1,0.3,8,2020,12,137,2020-08-12,23.7,12.5,96.5,0.0,20200812,1.1
225,6.3,28.5,33.5,0.8,8,2020,13,137,2020-08-13,23.8,0.0,85.3,0.0,20200813,10.4
226,6.5,28.7,32.8,1.3,8,2020,14,137,2020-08-14,24.2,0.0,81.9,0.0,20200814,8.6
227,5.8,29.5,33.5,1.2,8,2020,15,137,2020-08-15,25.5,0.0,78.4,0.0,20200815,9.5
228,5.5,28.2,33.5,1.0,8,2020,16,137,2020-08-16,23.3,0.0,79.3,0.0,20200816,11.6
229,6.0,27.9,32.3,0.9,8,2020,17,137,2020-08-17,23.6,0.0,81.6,0.0,20200817,8.2
230,1.5,28.0,33.7,0.8,8,2020,18,137,2020-08-18,23.1,0.0,82.4,0.0,20200818,11.1
231,0.9,28.3,33.5,1.5,8,2020,19,137,2020-08-19,23.7,0.0,77.6,0.0,20200819,11.9
232,0.9,28.2,33.9,0.9,8,2020,20,137,2020-08-20,23.0,0.0,78.4,0.0,20200820,11.6
233,3.6,27.0,32.5,0.7,8,2020,21,137,2020-08-21,22.5,0.0,83.9,0.0,20200821,7.2
234,7.9,25.7,30.4,0.7,8,2020,22,137,2020-08-22,23.7,0.0,88.6,0.0,20200822,1.7
235,4.3,26.1,31.9,0.6,8,2020,23,137,2020-08-23,21.8,0.3,82.5,0.0,20200823,8.2
236,5.0,26.3,31.9,0.4,8,2020,24,137,2020-08-24,21.0,0.0,85.6,0.0,20200824,9.2
237,5.3,27.5,33.9,0.6,8,2020,25,137,2020-08-25,23.7,0.0,85.1,0.0,20200825,8.0
238,7.4,28.1,33.2,1.5,8,2020,26,137,2020-08-26,24.6,0.2,82.1,0.0,20200826,5.9
239,8.3,28.0,32.4,1.3,8,2020,27,137,2020-08-27,24.5,8.8,86.4,0.0,20200827,3.6
240,9.4,27.3,32.7,0.7,8,2020,28,137,2020-08-28,24.9,0.1,89.8,0.0,20200828,4.9
241,8.1,26.3,31.8,0.6,8,2020,29,137,2020-08-29,23.8,71.5,94.9,0.0,20200829,2.6
242,7.1,27.0,32.8,0.8,8,2020,30,137,2020-08-30,23.8,75.0,91.1,0.0,20200830,6.0
243,6.3,24.6,27.4,0.6,8,2020,31,137,2020-08-31,22.2,0.0,89.3,0.0,20200831,0.1
244,6.9,24.1,28.3,0.5,9,2020,1,137,2020-09-01,20.3,0.2,89.8,0.0,20200901,1.8
245,10.0,23.9,25.3,1.3,9,2020,2,137,2020-09-02,23.1,37.3,98.8,0.0,20200902,0.0
246,5.6,23.8,27.7,3.8,9,2020,3,137,2020-09-03,19.8,41.8,79.9,0.0,20200903,4.4
247,2.8,22.2,29.0,0.8,9,2020,4,137,2020-09-04,16.7,0.0,77.4,0.0,20200904,10.2
248,9.9,20.1,23.2,0.4,9,2020,5,137,2020-09-05,17.6,0.3,90.4,0.0,20200905,0.0
249,9.9,19.2,21.7,0.6,9,2020,6,137,2020-09-06,17.2,19.7,96.5,0.0,20200906,0.0
250,8.4,19.9,23.0,2.8,9,2020,7,137,2020-09-07,17.2,37.3,90.8,0.0,20200907,0.4
251,3.1,23.4,28.4,2.0,9,2020,8,137,2020-09-08,19.0,0.0,72.5,0.0,20200908,8.3
252,7.7,21.8,27.3,1.0,9,2020,9,137,2020-09-09,18.0,3.4,83.4,0.0,20200909,6.3
253,6.9,21.3,27.2,0.4,9,2020,10,137,2020-09-10,17.8,0.0,89.3,0.0,20200910,4.9
254,10.0,20.2,23.2,0.7,9,2020,11,137,2020-09-11,17.5,2.8,93.4,0.0,20200911,0.0
255,7.0,19.6,23.8,0.4,9,2020,12,137,2020-09-12,17.2,2.8,93.5,0.0,20200912,1.3
256,5.8,21.1,27.1,0.5,9,2020,13,137,2020-09-13,17.2,0.0,82.3,0.0,20200913,7.8
257,5.0,20.2,27.3,0.6,9,2020,14,137,2020-09-14,14.6,0.0,84.0,0.0,20200914,8.2
258,5.8,21.7,28.1,0.6,9,2020,15,137,2020-09-15,16.2,0.0,82.3,0.0,20200915,8.9
259,8.8,20.6,22.6,0.5,9,2020,16,137,2020-09-16,19.3,1.2,94.3,0.0,20200916,0.1
260,9.8,20.6,24.6,0.7,9,2020,17,137,2020-09-17,17.3,0.5,92.1,0.0,20200917,0.3
261,6.8,19.9,24.9,1.4,9,2020,18,137,2020-09-18,15.6,0.0,73.5,0.0,20200918,5.9
262,2.6,19.7,26.3,1.8,9,2020,19,137,2020-09-19,14.3,0.0,73.1,0.0,20200919,6.5
263,0.1,18.9,25.5,1.5,9,2020,20,137,2020-09-20,13.3,0.0,65.6,0.0,20200920,9.3
264,4.3,15.9,23.3,0.6,9,2020,21,137,2020-09-21,9.3,0.0,78.0,0.0,20200921,8.6
265,7.5,16.5,23.6,0.8,9,2020,22,137,2020-09-22,11.5,0.0,78.3,0.0,20200922,3.9
266,8.6,16.8,22.3,0.7,9,2020,23,137,2020-09-23,11.1,0.0,78.3,0.0,20200923,2.3
267,5.0,18.1,24.2,0.6,9,2020,24,137,2020-09-24,13.3,0.0,82.5,0.0,20200924,4.1
268,4.5,18.6,24.9,0.6,9,2020,25,137,2020-09-25,13.3,0.0,81.3,0.0,20200925,6.0
269,4.8,17.5,24.4,0.7,9,2020,26,137,2020-09-26,12.1,0.0,79.4,0.0,20200926,7.7
270,1.6,17.6,24.0,0.6,9,2020,27,137,2020-09-27,11.7,0.0,78.8,0.0,20200927,8.9
271,3.9,15.6,23.8,0.4,9,2020,28,137,2020-09-28,10.3,0.0,82.0,0.0,20200928,8.6
272,5.9,16.2,25.1,0.5,9,2020,29,137,2020-09-29,9.8,0.0,82.3,0.0,20200929,7.2
273,5.1,17.5,24.3,0.6,9,2020,30,137,2020-09-30,11.8,0.0,79.9,0.0,20200930,9.1
274,4.4,18.5,24.6,0.6,10,2020,1,137,2020-10-01,12.3,0.0,79.9,0.0,20201001,8.6
275,7.8,19.8,25.8,0.9,10,2020,2,137,2020-10-02,14.1,0.0,73.8,0.0,20201002,7.7
276,8.6,19.0,23.5,0.4,10,2020,3,137,2020-10-03,15.6,0.7,88.5,0.0,20201003,3.7
277,9.8,18.3,21.7,1.4,10,2020,4,137,2020-10-04,13.5,0.4,76.5,0.0,20201004,0.6
278,3.3,13.8,19.3,2.1,10,2020,5,137,2020-10-05,9.0,0.0,56.3,0.0,20201005,8.9
279,2.9,13.4,21.0,0.8,10,2020,6,137,2020-10-06,7.0,0.0,70.3,0.0,20201006,8.9
280,7.4,14.9,22.4,0.9,10,2020,7,137,2020-10-07,8.4,0.0,73.6,0.0,20201007,8.0
281,0.6,15.4,22.2,1.5,10,2020,8,137,2020-10-08,9.6,0.0,65.3,0.0,20201008,8.6
282,3.6,15.4,22.4,1.4,10,2020,9,137,2020-10-09,8.1,0.0,68.0,0.0,20201009,7.7
283,6.0,15.8,22.8,0.7,10,2020,10,137,2020-10-10,9.3,0.0,72.0,0.0,20201010,8.8
284,5.5,14.8,21.3,0.5,10,2020,11,137,2020-10-11,8.1,0.0,79.6,0.0,20201011,5.8
285,7.8,16.4,23.1,1.1,10,2020,12,137,2020-10-12,11.3,0.0,75.9,0.0,20201012,4.9
286,4.8,13.2,18.9,1.6,10,2020,13,137,2020-10-13,8.8,0.0,61.5,0.0,20201013,7.1
287,6.0,11.9,18.9,0.9,10,2020,14,137,2020-10-14,6.1,0.0,68.0,0.0,20201014,2.5
288,5.1,12.0,19.4,0.9,10,2020,15,137,2020-10-15,4.0,0.0,53.4,0.0,20201015,7.9
289,8.0,11.2,16.2,0.7,10,2020,16,137,2020-10-16,4.9,0.0,75.6,0.0,20201016,1.0
290,1.3,12.1,20.0,0.7,10,2020,17,137,2020-10-17,6.5,0.0,76.8,0.0,20201017,7.8
291,2.5,11.8,21.2,0.8,10,2020,18,137,2020-10-18,4.0,0.0,70.5,0.0,20201018,8.5
292,2.3,12.1,21.5,0.6,10,2020,19,137,2020-10-19,5.5,0.0,74.1,0.0,20201019,8.5
293,2.5,11.5,21.4,0.6,10,2020,20,137,2020-10-20,4.5,0.0,74.8,0.0,20201020,8.6
294,9.6,10.5,15.5,0.5,10,2020,21,137,2020-10-21,6.0,1.6,90.4,0.0,20201021,0.4
295,6.4,12.2,18.1,1.4,10,2020,22,137,2020-10-22,9.1,0.0,82.0,0.0,20201022,1.8
296,0.0,10.3,15.6,2.3,10,2020,23,137,2020-10-23,7.3,0.0,51.4,0.0,20201023,8.5
297,0.0,9.7,15.5,2.7,10,2020,24,137,2020-10-24,4.9,0.0,46.9,0.0,20201024,8.6
298,3.1,12.9,20.0,2.3,10,2020,25,137,2020-10-25,8.0,0.0,60.9,0.0,20201025,7.5
299,1.5,12.1,20.6,0.9,10,2020,26,137,2020-10-26,5.1,0.0,69.1,0.0,20201026,8.2
300,2.9,13.0,21.8,0.9,10,2020,27,137,2020-10-27,4.3,0.0,70.4,0.0,20201027,8.4
301,6.3,14.6,20.1,2.0,10,2020,28,137,2020-10-28,9.9,0.0,56.3,0.0,20201028,5.7
302,5.0,10.2,17.5,1.2,10,2020,29,137,2020-10-29,3.2,0.0,51.0,0.0,20201029,8.4
303,0.8,9.7,18.3,0.7,10,2020,30,137,2020-10-30,1.7,0.0,65.6,0.0,20201030,8.6
304,5.4,9.8,17.7,0.6,10,2020,31,137,2020-10-31,2.5,0.0,77.3,0.0,20201031,7.5
305,9.5,11.0,13.3,0.6,11,2020,1,137,2020-11-01,8.6,1.6,92.4,0.0,20201101,0.0
306,3.9,11.7,18.1,1.4,11,2020,2,137,2020-11-02,4.4,0.0,61.3,0.0,20201102,5.2
307,0.6,6.1,10.1,3.0,11,2020,3,137,2020-11-03,3.1,0.0,48.0,0.0,20201103,8.2
308,0.0,5.5,12.6,2.0,11,2020,4,137,2020-11-04,0.6,0.0,38.6,0.0,20201104,8.5
309,4.5,7.7,16.0,0.8,11,2020,5,137,2020-11-05,-1.2,0.0,56.5,0.0,20201105,8.1
310,8.0,10.3,14.9,0.4,11,2020,6,137,2020-11-06,7.1,0.0,69.0,0.0,20201106,0.1
311,2.3,12.5,20.8,1.6,11,2020,7,137,2020-11-07,5.3,0.0,64.9,0.0,20201107,7.1
312,0.8,10.8,16.4,2.5,11,2020,8,137,2020-11-08,5.6,0.0,44.4,0.0,20201108,8.6
313,2.3,7.2,12.4,2.2,11,2020,9,137,2020-11-09,1.5,0.0,37.0,0.0,20201109,8.4
314,0.0,8.3,14.6,1.4,11,2020,10,137,2020-11-10,1.9,0.0,48.4,0.0,20201110,8.4
315,0.0,6.7,15.5,0.8,11,2020,11,137,2020-11-11,-0.5,0.0,59.0,0.0,20201111,8.4
316,0.5,7.3,18.5,0.5,11,2020,12,137,2020-11-12,-1.7,0.0,60.3,0.0,20201112,8.4
317,0.4,9.8,19.1,0.6,11,2020,13,137,2020-11-13,2.0,0.0,66.3,0.0,20201113,8.3
318,4.0,8.9,18.0,0.6,11,2020,14,137,2020-11-14,1.5,0.0,79.4,0.0,20201114,7.9
319,2.8,10.1,19.0,0.8,11,2020,15,137,2020-11-15,2.1,0.0,75.4,0.0,20201115,8.0
320,3.0,11.4,18.0,1.0,11,2020,16,137,2020-11-16,5.8,0.0,71.3,0.0,20201116,6.5
321,4.6,11.6,18.9,0.4,11,2020,17,137,2020-11-17,5.8,2.9,88.3,0.0,20201117,3.0
322,8.9,14.6,17.5,0.6,11,2020,18,137,2020-11-18,12.1,0.9,98.6,0.0,20201118,0.0
323,8.1,15.4,19.5,2.0,11,2020,19,137,2020-11-19,10.6,22.1,89.6,0.0,20201119,0.0
324,7.5,6.7,10.8,2.6,11,2020,20,137,2020-11-20,4.4,0.0,72.6,0.0,20201120,0.0
325,5.4,5.0,10.3,1.1,11,2020,21,137,2020-11-21,-1.3,0.0,79.3,0.0,20201121,4.9
326,8.0,7.3,10.2,1.9,11,2020,22,137,2020-11-22,4.9,0.4,79.6,0.0,20201122,0.5
327,0.9,3.8,8.7,2.4,11,2020,23,137,2020-11-23,0.9,0.0,56.0,0.0,20201123,8.3
328,7.5,4.0,9.6,1.0,11,2020,24,137,2020-11-24,0.8,0.0,55.5,0.0,20201124,5.4
329,1.4,5.7,12.5,1.6,11,2020,25,137,2020-11-25,0.0,0.0,53.9,0.0,20201125,8.2
330,7.3,7.1,12.5,1.0,11,2020,26,137,2020-11-26,2.3,0.0,63.4,0.0,20201126,6.7
331,6.3,6.1,8.9,2.9,11,2020,27,137,2020-11-27,2.5,0.0,58.5,0.0,20201127,1.2
332,3.6,2.4,6.4,2.4,11,2020,28,137,2020-11-28,0.8,0.0,47.4,0.0,20201128,8.2
333,5.6,2.3,5.6,1.9,11,2020,29,137,2020-11-29,-1.0,0.0,61.4,0.0,20201129,4.6
334,0.0,1.7,7.1,2.2,11,2020,30,137,2020-11-30,-1.9,0.0,55.3,0.0,20201130,8.2
335,3.9,1.9,8.5,1.0,12,2020,1,137,2020-12-01,-4.0,0.0,48.4,0.0,20201201,8.2
336,5.6,2.9,9.7,1.2,12,2020,2,137,2020-12-02,-2.3,0.0,49.1,0.0,20201202,6.5
337,3.0,2.5,7.2,2.2,12,2020,3,137,2020-12-03,-1.6,0.0,42.9,0.0,20201203,8.1
338,1.4,0.8,6.0,2.2,12,2020,4,137,2020-12-04,-3.2,0.0,49.4,0.0,20201204,8.0
339,3.4,1.1,7.5,1.1,12,2020,5,137,2020-12-05,-4.9,0.0,71.9,0.0,20201205,5.3
340,0.1,2.8,9.9,1.3,12,2020,6,137,2020-12-06,-3.6,0.0,70.3,0.0,20201206,8.0
341,3.0,2.8,8.8,1.8,12,2020,7,137,2020-12-07,-2.1,0.0,65.3,0.0,20201207,0.7
342,1.1,0.6,6.0,1.8,12,2020,8,137,2020-12-08,-3.5,0.0,50.6,0.0,20201208,7.1
343,2.8,1.2,7.7,0.9,12,2020,9,137,2020-12-09,-6.9,0.0,48.3,0.0,20201209,7.3
344,5.5,5.8,12.0,1.4,12,2020,10,137,2020-12-10,1.8,0.0,59.0,0.0,20201210,5.5
345,8.6,5.6,11.2,1.2,12,2020,11,137,2020-12-11,0.8,0.0,68.4,0.0,20201211,4.6
346,2.3,4.7,8.5,2.3,12,2020,12,137,2020-12-12,0.8,0.0,43.5,0.0,20201212,7.9
347,6.6,-1.0,3.5,1.9,12,2020,13,137,2020-12-13,-3.3,1.5,66.0,0.0,20201213,0.2
348,2.8,-5.2,-2.5,3.0,12,2020,14,137,2020-12-14,-7.7,0.0,39.5,0.0,20201214,8.0
349,0.0,-5.9,-1.5,2.7,12,2020,15,137,2020-12-15,-10.4,0.0,38.4,0.0,20201215,8.0
350,0.0,-5.5,-1.5,3.0,12,2020,16,137,2020-12-16,-8.5,0.0,40.1,0.0,20201216,8.0
351,0.3,-3.9,1.0,2.5,12,2020,17,137,2020-12-17,-7.5,0.0,47.0,0.0,20201217,8.1
352,5.4,-1.0,4.4,2.1,12,2020,18,137,2020-12-18,-6.3,0.0,59.3,0.0,20201218,3.6
353,1.5,-3.6,1.3,2.9,12,2020,19,137,2020-12-19,-7.5,0.0,38.4,0.0,20201219,8.1
354,0.9,-1.9,3.7,2.1,12,2020,20,137,2020-12-20,-7.4,0.0,48.8,0.0,20201220,8.0
355,1.9,-0.2,5.5,1.6,12,2020,21,137,2020-12-21,-6.4,0.0,61.3,0.0,20201221,6.7
356,0.8,1.0,7.5,1.4,12,2020,22,137,2020-12-22,-5.4,0.0,67.9,0.0,20201222,7.7
357,4.9,1.5,8.5,0.9,12,2020,23,137,2020-12-23,-5.4,0.0,73.8,0.0,20201223,4.2
358,3.3,4.2,9.2,3.1,12,2020,24,137,2020-12-24,0.1,0.0,59.0,0.0,20201224,6.9
359,1.1,0.3,4.4,2.7,12,2020,25,137,2020-12-25,-3.2,0.0,53.5,0.0,20201225,7.7
360,6.0,-0.7,6.0,0.9,12,2020,26,137,2020-12-26,-5.9,0.0,76.5,0.0,20201226,1.8
361,8.1,-0.1,4.6,0.5,12,2020,27,137,2020-12-27,-4.4,0.0,85.1,0.0,20201227,0.2
362,3.4,2.0,11.8,0.7,12,2020,28,137,2020-12-28,-3.8,0.0,79.1,0.0,20201228,7.2
363,8.3,0.8,8.5,1.6,12,2020,29,137,2020-12-29,-3.3,0.1,81.6,0.0,20201229,3.3
364,2.4,-8.1,-1.4,4.8,12,2020,30,137,2020-12-30,-10.2,0.1,56.5,0.0,20201230,7.0
365,2.4,-7.6,-2.3,2.6,12,2020,31,137,2020-12-31,-13.0,0.0,55.4,0.0,20201231,7.7
