,month,tavg,rainfall,year,date,tmin,cloud,tmax,day,snow,wind,station_id,Date,sunshine,humid
0,1,-4.9,0.0,2009,20090101,-8.7,0.3,-0.2,1,0.0,3.8,137,2009-01-01,8.4,42.9
1,1,-1.8,0.0,2009,20090102,-5.9,0.0,3.5,2,0.0,3.2,137,2009-01-02,8.4,43.5
2,1,-0.1,0.0,2009,20090103,-7.7,0.0,6.0,3,0.0,2.4,137,2009-01-03,8.3,37.4
3,1,1.0,0.0,2009,20090104,-3.2,1.5,6.2,4,0.0,2.0,137,2009-01-04,5.6,37.4
4,1,-0.1,0.0,2009,20090105,-3.4,1.4,3.5,5,0.0,2.9,137,2009-01-05,3.8,53.0
5,1,-1.0,0.0,2009,20090106,-6.3,2.9,4.7,6,0.0,1.7,137,2009-01-06,5.7,51.5
6,1,0.3,0.0,2009,20090107,-4.8,1.1,5.7,7,0.0,1.9,137,2009-01-07,7.6,38.4
7,1,-0.7,0.0,2009,20090108,-7.6,2.6,5.7,8,0.0,2.1,137,2009-01-08,6.2,42.3
8,1,-1.6,0.0,2009,20090109,-4.0,0.9,2.2,9,0.0,3.3,137,2009-01-09,4.6,42.0
9,1,-4.8,0.0,2009,20090110,-7.4,0.9,-1.5,10,0.0,3.5,137,2009-01-10,8.2,47.0
10,1,-4.9,0.0,2009,20090111,-8.4,1.6,0.1,11,0.0,4.0,137,2009-01-11,7.1,42.4
11,1,-6.2,0.3,2009,20090112,-9.4,4.0,-2.3,12,0.7,4.3,137,2009-01-12,5.5,56.9
12,1,-4.7,0.0,2009,20090113,-9.2,0.4,-0.4,13,0.0,3.3,137,2009-01-13,8.6,43.6
13,1,-4.5,0.1,2009,20090114,-7.8,2.8,-1.4,14,0.2,3.2,137,2009-01-14,8.0,47.3
14,1,-6.1,0.0,2009,20090115,-10.7,0.0,-0.5,15,0.0,2.9,137,2009-01-15,8.5,30.0
15,1,-2.7,0.0,2009,20090116,-10.6,4.9,2.8,16,0.0,1.3,137,2009-01-16,2.6,62.8
16,1,0.9,0.0,2009,20090117,-3.0,3.1,7.2,17,0.0,0.9,137,2009-01-17,6.7,67.9
17,1,0.2,2.0,2009,20090118,-4.1,7.9,5.6,18,0.0,1.0,137,2009-01-18,0.6,84.5
18,1,1.6,0.0,2009,20090119,-1.9,1.0,5.6,19,0.0,3.4,137,2009-01-19,6.8,53.1
19,1,2.8,0.0,2009,20090120,-1.5,5.4,9.6,20,0.0,1.2,137,2009-01-20,7.3,35.1
20,1,0.6,0.0,2009,20090121,-3.0,6.1,7.4,21,0.0,0.8,137,2009-01-21,1.8,56.1
21,1,1.4,0.0,2009,20090122,-6.0,4.6,9.1,22,0.0,0.9,137,2009-01-22,5.6,64.4
22,1,-5.9,0.0,2009,20090123,-10.3,4.1,6.8,23,0.0,4.7,137,2009-01-23,5.5,45.4
23,1,-6.6,0.0,2009,20090124,-13.5,5.5,-1.7,24,0.0,2.9,137,2009-01-24,2.5,60.3
24,1,-3.1,0.2,2009,20090125,-7.0,6.6,0.1,25,0.4,2.2,137,2009-01-25,2.3,66.1
25,1,-1.8,0.0,2009,20090126,-5.9,3.9,1.0,26,0.0,2.2,137,2009-01-26,1.9,64.0
26,1,-2.9,0.0,2009,20090127,-9.5,0.0,4.6,27,0.0,1.0,137,2009-01-27,8.8,55.9
27,1,-2.9,0.0,2009,20090128,-11.2,0.3,7.6,28,0.0,0.9,137,2009-01-28,8.8,57.0
28,1,-1.3,0.0,2009,20090129,-6.8,8.6,3.9,29,0.0,0.6,137,2009-01-29,0.1,54.0
29,1,2.9,1.0,2009,20090130,-0.8,9.8,7.3,30,0.0,0.4,137,2009-01-30,0.0,84.9
30,1,3.5,0.0,2009,20090131,-1.7,3.9,9.8,31,0.0,0.9,137,2009-01-31,3.9,70.5
31,2,1.3,0.0,2009,20090201,-4.9,2.4,8.9,1,0.0,0.8,137,2009-02-01,7.8,70.9
32,2,4.3,0.0,2009,20090202,-3.7,6.9,11.5,2,0.0,1.4,137,2009-02-02,2.1,70.5
33,2,7.0,0.0,2009,20090203,3.2,6.9,12.2,3,0.0,1.4,137,2009-02-03,2.5,68.0
34,2,4.9,0.0,2009,20090204,-0.5,3.0,13.3,4,0.0,1.3,137,2009-02-04,7.3,53.5
35,2,5.4,0.0,2009,20090205,-0.7,4.8,8.6,5,0.0,2.4,137,2009-02-05,1.3,45.0
36,2,3.2,0.0,2009,20090206,-3.1,1.0,10.0,6,0.0,1.0,137,2009-02-06,5.6,66.0
37,2,5.0,0.0,2009,20090207,0.7,4.9,10.5,7,0.0,2.6,137,2009-02-07,4.2,61.5
38,2,4.6,0.0,2009,20090208,-0.6,1.4,11.0,8,0.0,1.2,137,2009-02-08,8.3,52.8
39,2,5.4,0.0,2009,20090209,1.7,4.8,10.8,9,0.0,2.7,137,2009-02-09,5.1,45.6
40,2,3.1,0.0,2009,20090210,-0.6,5.5,6.2,10,0.0,2.6,137,2009-02-10,0.2,62.4
41,2,5.7,0.0,2009,20090211,-1.0,3.9,12.7,11,0.0,2.2,137,2009-02-11,4.9,58.5
42,2,4.4,0.0,2009,20090212,-3.7,6.6,10.4,12,0.0,1.0,137,2009-02-12,2.4,57.4
43,2,9.7,11.0,2009,20090213,5.5,10.0,18.6,13,0.0,2.0,137,2009-02-13,0.0,81.0
44,2,7.6,0.0,2009,20090214,4.3,4.4,13.5,14,0.0,3.0,137,2009-02-14,6.8,59.1
45,2,1.4,0.0,2009,20090215,-3.1,4.8,5.8,15,0.0,3.4,137,2009-02-15,0.0,57.4
46,2,-3.8,0.0,2009,20090216,-7.1,1.4,1.4,16,0.0,3.7,137,2009-02-16,9.5,27.9
47,2,-3.1,0.0,2009,20090217,-8.4,0.5,3.4,17,0.0,2.9,137,2009-02-17,9.7,28.0
48,2,-0.9,0.0,2009,20090218,-5.3,2.5,4.3,18,0.0,2.7,137,2009-02-18,7.7,41.4
49,2,-0.4,3.0,2009,20090219,-2.7,9.3,3.2,19,2.5,1.0,137,2009-02-19,0.2,67.1
50,2,-0.4,2.2,2009,20090220,-5.1,5.1,2.3,20,2.5,4.5,137,2009-02-20,4.6,62.4
51,2,-1.3,0.0,2009,20090221,-7.4,0.0,5.9,21,0.0,1.7,137,2009-02-21,9.7,48.6
52,2,-1.4,5.0,2009,20090222,-5.0,7.5,1.0,22,0.0,0.7,137,2009-02-22,0.0,84.0
53,2,3.7,0.0,2009,20090223,-1.7,7.5,10.8,23,0.0,1.3,137,2009-02-23,2.7,82.3
54,2,7.6,0.1,2009,20090224,1.7,8.5,12.7,24,0.0,1.1,137,2009-02-24,2.5,70.5
55,2,6.3,4.5,2009,20090225,1.0,8.1,10.8,25,0.0,2.6,137,2009-02-25,1.9,52.3
56,2,4.8,0.0,2009,20090226,-0.5,6.8,11.5,26,0.0,2.0,137,2009-02-26,6.4,28.4
57,2,6.7,0.0,2009,20090227,3.1,6.3,12.1,27,0.0,2.3,137,2009-02-27,7.2,24.1
58,2,5.3,0.0,2009,20090228,-2.8,4.0,12.4,28,0.0,1.8,137,2009-02-28,9.2,34.5
59,3,5.7,0.0,2009,20090301,0.0,0.4,12.2,1,0.0,2.8,137,2009-03-01,9.8,26.1
60,3,3.1,0.0,2009,20090302,-2.7,6.4,7.7,2,0.0,1.8,137,2009-03-02,2.4,48.8
61,3,1.9,3.5,2009,20090303,-0.2,9.5,4.4,3,2.6,1.8,137,2009-03-03,0.0,82.4
62,3,4.9,0.0,2009,20090304,0.5,4.1,11.1,4,0.0,1.2,137,2009-03-04,7.5,63.0
63,3,4.8,6.5,2009,20090305,-1.1,9.0,9.3,5,0.0,1.0,137,2009-03-05,0.0,81.6
64,3,3.5,0.1,2009,20090306,-1.4,3.5,7.4,6,0.0,4.6,137,2009-03-06,5.8,47.9
65,3,3.2,0.0,2009,20090307,-3.7,2.3,10.3,7,0.0,2.1,137,2009-03-07,8.6,37.4
66,3,6.9,0.0,2009,20090308,-1.0,3.9,14.9,8,0.0,1.5,137,2009-03-08,8.3,32.6
67,3,8.5,0.0,2009,20090309,2.7,2.9,16.0,9,0.0,2.3,137,2009-03-09,6.4,32.8
68,3,6.4,0.0,2009,20090310,2.5,3.5,12.3,10,0.0,3.3,137,2009-03-10,9.0,33.0
69,3,5.0,0.0,2009,20090311,0.4,4.4,11.8,11,0.0,2.1,137,2009-03-11,6.0,29.0
70,3,6.1,0.3,2009,20090312,-3.4,7.5,13.6,12,0.0,1.7,137,2009-03-12,5.8,46.5
71,3,4.6,6.5,2009,20090313,-1.4,8.6,8.0,13,0.0,3.3,137,2009-03-13,0.0,72.0
72,3,0.6,0.0,2009,20090314,-3.1,0.5,5.8,14,0.0,5.2,137,2009-03-14,9.3,33.1
73,3,5.6,0.0,2009,20090315,-2.7,1.5,12.6,15,0.0,2.7,137,2009-03-15,9.9,43.4
74,3,12.2,0.0,2009,20090316,6.6,2.9,18.7,16,0.0,3.2,137,2009-03-16,5.4,45.8
75,3,13.1,0.0,2009,20090317,2.0,0.0,23.4,17,0.0,2.2,137,2009-03-17,9.5,40.9
76,3,15.0,0.0,2009,20090318,7.6,5.6,24.0,18,0.0,1.4,137,2009-03-18,3.2,57.0
77,3,17.3,0.0,2009,20090319,9.0,6.5,25.1,19,0.0,1.5,137,2009-03-19,4.4,65.3
78,3,11.4,0.0,2009,20090320,7.3,3.4,18.0,20,0.0,2.3,137,2009-03-20,6.9,51.6
79,3,10.9,6.5,2009,20090321,1.9,5.1,19.0,21,0.0,1.5,137,2009-03-21,6.9,66.4
80,3,11.4,13.0,2009,20090322,6.2,7.1,14.6,22,0.0,3.1,137,2009-03-22,1.6,73.1
81,3,6.8,0.0,2009,20090323,2.8,2.8,12.9,23,0.0,3.2,137,2009-03-23,8.3,42.8
82,3,4.5,0.0,2009,20090324,-0.2,4.5,10.7,24,0.0,2.6,137,2009-03-24,8.5,35.6
83,3,3.2,0.0,2009,20090325,-1.2,2.9,8.2,25,0.0,3.7,137,2009-03-25,10.6,39.9
84,3,5.7,0.4,2009,20090326,1.6,3.1,11.2,26,0.0,4.2,137,2009-03-26,6.3,44.9
85,3,5.0,0.0,2009,20090327,0.1,1.0,11.3,27,0.0,3.5,137,2009-03-27,10.6,30.8
86,3,6.4,0.0,2009,20090328,0.5,2.0,13.7,28,0.0,2.4,137,2009-03-28,10.8,29.5
87,3,5.9,0.0,2009,20090329,-0.4,5.6,12.5,29,0.0,2.1,137,2009-03-29,6.6,47.3
88,3,7.4,1.0,2009,20090330,3.5,7.8,12.8,30,0.0,1.7,137,2009-03-30,4.7,60.9
89,3,6.0,3.5,2009,20090331,3.3,6.4,11.1,31,0.0,2.5,137,2009-03-31,2.8,58.6
90,4,5.3,0.0,2009,20090401,1.0,3.5,9.5,1,0.0,3.4,137,2009-04-01,4.5,50.8
91,4,8.5,0.0,2009,20090402,1.7,1.3,15.2,2,0.0,3.1,137,2009-04-02,10.6,39.3
92,4,10.7,0.0,2009,20090403,4.9,7.5,18.0,3,0.0,2.5,137,2009-04-03,3.2,24.8
93,4,9.6,0.0,2009,20090404,6.4,5.8,13.8,4,0.0,3.0,137,2009-04-04,6.3,36.8
94,4,12.2,0.0,2009,20090405,5.9,0.4,19.1,5,0.0,2.6,137,2009-04-05,10.4,39.0
95,4,13.4,0.0,2009,20090406,7.7,0.0,19.4,6,0.0,3.3,137,2009-04-06,11.3,28.1
96,4,16.2,0.0,2009,20090407,6.5,1.4,23.9,7,0.0,2.2,137,2009-04-07,10.8,25.5
97,4,16.0,0.0,2009,20090408,6.0,2.3,25.5,8,0.0,1.4,137,2009-04-08,10.4,33.6
98,4,17.4,0.0,2009,20090409,5.5,0.0,27.4,9,0.0,1.4,137,2009-04-09,10.8,31.6
99,4,19.0,0.0,2009,20090410,10.1,0.0,27.5,10,0.0,1.5,137,2009-04-10,10.7,29.9
100,4,18.7,0.0,2009,20090411,7.5,0.9,28.2,11,0.0,1.6,137,2009-04-11,10.2,26.1
101,4,16.9,0.0,2009,20090412,8.5,4.8,24.9,12,0.0,1.9,137,2009-04-12,8.2,35.6
102,4,17.4,0.0,2009,20090413,9.0,7.4,23.1,13,0.0,1.4,137,2009-04-13,2.3,37.1
103,4,11.7,1.5,2009,20090414,6.7,7.0,16.8,14,0.0,1.6,137,2009-04-14,0.6,68.5
104,4,9.9,2.0,2009,20090415,4.2,6.9,17.7,15,0.0,1.5,137,2009-04-15,1.4,76.5
105,4,9.7,0.0,2009,20090416,7.0,8.6,12.3,16,0.0,1.0,137,2009-04-16,0.0,76.1
106,4,12.8,0.0,2009,20090417,3.6,1.3,22.4,17,0.0,1.4,137,2009-04-17,8.6,51.5
107,4,17.8,0.0,2009,20090418,7.5,0.5,27.8,18,0.0,1.9,137,2009-04-18,11.7,24.6
108,4,18.6,0.0,2009,20090419,6.1,4.9,29.0,19,0.0,1.6,137,2009-04-19,10.4,36.4
109,4,13.2,27.5,2009,20090420,11.5,10.0,16.8,20,0.0,2.4,137,2009-04-20,0.0,84.8
110,4,11.4,0.0,2009,20090421,10.2,7.5,14.9,21,0.0,4.2,137,2009-04-21,0.2,61.1
111,4,12.4,0.0,2009,20090422,8.0,0.1,19.2,22,0.0,4.5,137,2009-04-22,12.3,43.1
112,4,12.4,0.0,2009,20090423,6.0,3.4,19.4,23,0.0,2.2,137,2009-04-23,9.4,53.0
113,4,11.9,5.0,2009,20090424,9.6,10.0,15.0,24,0.0,1.3,137,2009-04-24,0.0,71.3
114,4,9.2,3.5,2009,20090425,6.8,9.4,13.7,25,0.0,2.5,137,2009-04-25,1.1,79.1
115,4,10.6,0.0,2009,20090426,6.6,8.1,15.2,26,0.0,2.3,137,2009-04-26,4.3,55.3
116,4,11.4,0.1,2009,20090427,7.5,5.3,17.7,27,0.0,2.6,137,2009-04-27,7.9,55.1
117,4,13.7,0.0,2009,20090428,6.4,2.1,22.7,28,0.0,2.0,137,2009-04-28,9.7,43.1
118,4,14.8,0.0,2009,20090429,3.6,0.0,24.7,29,0.0,1.3,137,2009-04-29,11.9,43.6
119,4,17.1,0.0,2009,20090430,7.0,4.0,24.8,30,0.0,1.8,137,2009-04-30,10.7,30.3
120,5,18.5,0.0,2009,20090501,8.0,1.9,26.3,1,0.0,1.8,137,2009-05-01,11.1,32.1
121,5,16.6,3.5,2009,20090502,11.6,8.6,22.9,2,0.0,1.4,137,2009-05-02,2.9,65.4
122,5,18.7,1.0,2009,20090503,13.4,4.1,25.6,3,0.0,1.7,137,2009-05-03,7.8,62.6
123,5,20.0,0.0,2009,20090504,13.4,0.0,27.2,4,0.0,2.7,137,2009-05-04,12.2,41.6
124,5,19.6,0.4,2009,20090505,13.3,3.1,29.8,5,0.0,2.0,137,2009-05-05,8.9,45.0
125,5,19.2,0.0,2009,20090506,9.3,1.9,30.5,6,0.0,1.0,137,2009-05-06,9.6,50.6
126,5,20.5,0.0,2009,20090507,10.1,0.0,29.0,7,0.0,2.2,137,2009-05-07,12.2,37.0
127,5,22.5,0.0,2009,20090508,17.0,0.0,29.8,8,0.0,2.5,137,2009-05-08,11.4,31.9
128,5,21.8,0.0,2009,20090509,12.3,3.1,31.0,9,0.0,1.6,137,2009-05-09,10.0,35.4
129,5,21.3,0.0,2009,20090510,10.7,4.3,31.3,10,0.0,1.3,137,2009-05-10,11.9,33.8
130,5,19.5,0.0,2009,20090511,10.8,5.9,27.6,11,0.0,1.1,137,2009-05-11,5.6,58.9
131,5,17.1,10.5,2009,20090512,15.6,7.4,19.5,12,0.0,1.5,137,2009-05-12,0.3,85.6
132,5,18.8,0.0,2009,20090513,13.3,1.6,24.9,13,0.0,2.6,137,2009-05-13,12.4,38.4
133,5,20.3,0.0,2009,20090514,13.5,3.1,27.9,14,0.0,2.2,137,2009-05-14,11.6,28.3
134,5,16.3,0.2,2009,20090515,13.7,9.9,20.7,15,0.0,1.2,137,2009-05-15,0.3,58.0
135,5,12.3,34.0,2009,20090516,11.3,10.0,13.9,16,0.0,1.0,137,2009-05-16,0.0,91.9
136,5,14.0,2.5,2009,20090517,11.6,7.0,16.3,17,0.0,2.8,137,2009-05-17,0.3,78.0
137,5,17.5,0.0,2009,20090518,9.4,2.3,25.6,18,0.0,2.3,137,2009-05-18,11.0,38.9
138,5,19.7,0.0,2009,20090519,9.9,1.3,27.4,19,0.0,2.2,137,2009-05-19,11.4,45.4
139,5,20.4,0.1,2009,20090520,12.4,6.3,28.0,20,0.0,1.0,137,2009-05-20,4.2,57.8
140,5,14.5,64.5,2009,20090521,13.8,10.0,18.8,21,0.0,1.4,137,2009-05-21,0.0,91.9
141,5,19.5,0.0,2009,20090522,14.5,6.6,24.9,22,0.0,2.4,137,2009-05-22,8.0,64.9
142,5,17.3,0.1,2009,20090523,15.0,8.9,22.4,23,0.0,1.6,137,2009-05-23,1.4,68.3
143,5,18.4,0.0,2009,20090524,13.3,3.8,24.1,24,0.0,1.4,137,2009-05-24,6.7,64.3
144,5,20.3,0.0,2009,20090525,11.9,2.5,28.9,25,0.0,0.7,137,2009-05-25,9.7,63.0
145,5,22.0,0.0,2009,20090526,15.5,5.6,29.3,26,0.0,0.8,137,2009-05-26,6.3,62.6
146,5,20.6,0.0,2009,20090527,14.3,1.1,27.9,27,0.0,1.4,137,2009-05-27,11.2,54.6
147,5,19.9,0.0,2009,20090528,11.1,0.0,29.1,28,0.0,1.1,137,2009-05-28,12.4,47.5
148,5,18.5,0.0,2009,20090529,10.7,1.0,26.5,29,0.0,0.9,137,2009-05-29,11.5,53.8
149,5,18.3,0.0,2009,20090530,12.8,4.8,25.7,30,0.0,1.5,137,2009-05-30,4.5,59.5
150,5,20.4,0.0,2009,20090531,15.0,0.6,26.5,31,0.0,2.8,137,2009-05-31,12.9,30.8
151,6,22.9,0.0,2009,20090601,14.0,0.0,30.4,1,0.0,1.7,137,2009-06-01,12.4,36.8
152,6,22.2,0.0,2009,20090602,14.5,6.5,28.7,2,0.0,1.7,137,2009-06-02,3.8,54.4
153,6,17.9,4.0,2009,20090603,15.9,9.0,21.1,3,0.0,1.0,137,2009-06-03,0.4,81.7
154,6,20.0,0.0,2009,20090604,14.9,4.8,26.5,4,0.0,1.0,137,2009-06-04,7.4,70.0
155,6,20.5,0.0,2009,20090605,12.9,1.4,28.8,5,0.0,1.3,137,2009-06-05,12.1,61.9
156,6,20.4,0.0,2009,20090606,15.8,5.1,26.3,6,0.0,1.0,137,2009-06-06,5.3,63.6
157,6,19.1,0.0,2009,20090607,16.7,8.5,23.4,7,0.0,0.8,137,2009-06-07,0.6,70.8
158,6,20.5,0.0,2009,20090608,15.7,7.8,26.3,8,0.0,0.9,137,2009-06-08,4.4,66.9
159,6,19.8,3.5,2009,20090609,17.0,9.8,24.8,9,0.0,1.0,137,2009-06-09,0.8,74.8
160,6,19.7,5.0,2009,20090610,16.7,9.0,25.8,10,0.0,1.6,137,2009-06-10,1.7,78.6
161,6,21.8,0.3,2009,20090611,16.1,1.9,28.0,11,0.0,3.2,137,2009-06-11,12.9,45.6
162,6,21.9,0.0,2009,20090612,16.6,4.6,27.9,12,0.0,2.1,137,2009-06-12,10.3,39.3
163,6,20.1,0.0,2009,20090613,11.8,3.5,27.3,13,0.0,1.6,137,2009-06-13,9.1,49.4
164,6,19.7,0.0,2009,20090614,16.0,7.9,26.3,14,0.0,1.2,137,2009-06-14,3.6,65.8
165,6,21.3,0.0,2009,20090615,16.8,5.9,27.4,15,0.0,1.0,137,2009-06-15,7.2,61.3
166,6,22.4,0.0,2009,20090616,16.2,5.8,29.4,16,0.0,1.1,137,2009-06-16,7.2,61.0
167,6,20.6,0.0,2009,20090617,15.7,9.1,25.1,17,0.0,1.1,137,2009-06-17,0.1,76.4
168,6,24.7,0.0,2009,20090618,18.6,2.1,32.6,18,0.0,0.7,137,2009-06-18,11.4,56.5
169,6,25.6,0.0,2009,20090619,17.7,5.8,33.2,19,0.0,1.4,137,2009-06-19,9.6,54.5
170,6,22.7,16.0,2009,20090620,20.6,9.1,26.4,20,0.0,0.7,137,2009-06-20,0.1,77.4
171,6,25.9,1.5,2009,20090621,21.0,8.1,32.5,21,0.0,0.8,137,2009-06-21,6.1,73.1
172,6,22.0,7.5,2009,20090622,18.1,6.3,26.0,22,0.0,1.6,137,2009-06-22,2.7,74.5
173,6,24.2,0.0,2009,20090623,18.4,2.8,30.5,23,0.0,1.2,137,2009-06-23,9.8,56.3
174,6,25.6,0.0,2009,20090624,19.9,0.0,32.5,24,0.0,1.6,137,2009-06-24,13.0,40.6
175,6,24.9,0.0,2009,20090625,16.3,1.3,32.2,25,0.0,0.7,137,2009-06-25,12.6,45.5
176,6,26.1,0.0,2009,20090626,17.3,1.3,34.2,26,0.0,0.5,137,2009-06-26,12.4,50.4
177,6,26.7,0.0,2009,20090627,19.9,4.5,33.2,27,0.0,0.7,137,2009-06-27,9.8,56.8
178,6,26.4,3.0,2009,20090628,22.1,7.3,32.1,28,0.0,0.7,137,2009-06-28,5.9,68.8
179,6,25.5,6.5,2009,20090629,21.6,7.0,31.3,29,0.0,0.4,137,2009-06-29,6.7,73.3
180,6,23.1,0.5,2009,20090630,18.2,9.0,26.4,30,0.0,0.7,137,2009-06-30,0.0,78.0
181,7,23.4,0.0,2009,20090701,17.3,5.0,30.4,1,0.0,0.7,137,2009-07-01,9.5,63.6
182,7,21.9,0.5,2009,20090702,17.9,5.6,28.8,2,0.0,0.9,137,2009-07-02,6.4,70.5
183,7,21.5,1.0,2009,20090703,17.3,6.0,27.4,3,0.0,1.0,137,2009-07-03,5.0,74.6
184,7,22.2,0.0,2009,20090704,18.5,6.8,28.1,4,0.0,1.0,137,2009-07-04,3.9,73.5
185,7,23.8,0.0,2009,20090705,17.6,4.9,30.7,5,0.0,1.0,137,2009-07-05,8.7,70.3
186,7,25.3,0.0,2009,20090706,19.2,5.9,31.5,6,0.0,0.9,137,2009-07-06,6.5,65.9
187,7,20.2,48.5,2009,20090707,17.5,9.8,23.8,7,0.0,0.9,137,2009-07-07,0.0,90.5
188,7,24.1,2.0,2009,20090708,19.7,8.1,30.4,8,0.0,0.7,137,2009-07-08,3.3,81.4
189,7,21.7,81.5,2009,20090709,19.0,10.0,28.6,9,0.0,1.9,137,2009-07-09,0.0,87.6
190,7,24.3,0.0,2009,20090710,19.8,5.9,30.1,10,0.0,2.0,137,2009-07-10,8.7,63.8
191,7,23.9,1.5,2009,20090711,19.8,8.9,30.4,11,0.0,0.7,137,2009-07-11,4.2,73.0
192,7,21.3,78.0,2009,20090712,17.9,9.8,25.7,12,0.0,1.1,137,2009-07-12,0.0,89.9
193,7,25.2,3.0,2009,20090713,22.0,8.9,29.5,13,0.0,1.5,137,2009-07-13,3.9,77.1
194,7,25.3,30.5,2009,20090714,21.4,9.9,31.0,14,0.0,1.2,137,2009-07-14,0.7,82.9
195,7,22.5,51.5,2009,20090715,19.6,6.9,26.6,15,0.0,2.0,137,2009-07-15,2.3,77.9
196,7,21.7,2.0,2009,20090716,18.4,9.0,26.4,16,0.0,0.8,137,2009-07-16,0.2,86.8
197,7,23.0,11.5,2009,20090717,21.1,10.0,24.4,17,0.0,0.3,137,2009-07-17,0.0,91.8
198,7,27.1,0.0,2009,20090718,22.9,10.0,30.5,18,0.0,1.8,137,2009-07-18,0.0,74.4
199,7,27.5,0.5,2009,20090719,24.3,6.4,32.7,19,0.0,2.1,137,2009-07-19,10.1,68.6
200,7,26.7,0.5,2009,20090720,23.1,9.8,31.3,20,0.0,0.7,137,2009-07-20,1.6,79.5
201,7,25.3,31.5,2009,20090721,22.5,6.6,29.8,21,0.0,1.8,137,2009-07-21,4.4,78.4
202,7,24.4,0.0,2009,20090722,20.4,1.3,30.0,22,0.0,1.7,137,2009-07-22,11.2,70.0
203,7,23.8,0.0,2009,20090723,20.8,6.9,28.8,23,0.0,0.7,137,2009-07-23,1.2,77.6
204,7,20.9,0.4,2009,20090724,19.8,9.3,23.0,24,0.0,1.4,137,2009-07-24,0.0,80.8
205,7,20.7,10.5,2009,20090725,18.5,10.0,25.6,25,0.0,0.9,137,2009-07-25,0.3,84.3
206,7,21.6,0.5,2009,20090726,18.3,8.4,26.4,26,0.0,1.1,137,2009-07-26,2.9,81.1
207,7,23.0,0.0,2009,20090727,19.5,5.8,29.0,27,0.0,1.3,137,2009-07-27,7.0,73.3
208,7,21.1,1.0,2009,20090728,18.8,9.6,25.1,28,0.0,1.0,137,2009-07-28,0.5,82.5
209,7,23.5,2.5,2009,20090729,18.8,6.9,29.2,29,0.0,1.0,137,2009-07-29,6.5,74.4
210,7,24.3,0.0,2009,20090730,20.4,5.9,29.6,30,0.0,1.0,137,2009-07-30,6.0,73.4
211,7,23.1,0.0,2009,20090731,19.7,6.5,27.6,31,0.0,1.1,137,2009-07-31,4.9,75.1
212,8,23.6,0.0,2009,20090801,20.4,5.9,29.1,1,0.0,0.9,137,2009-08-01,4.0,75.5
213,8,23.0,0.0,2009,20090802,19.8,7.0,27.0,2,0.0,1.1,137,2009-08-02,1.4,75.0
214,8,21.7,0.0,2009,20090803,20.0,9.0,24.9,3,0.0,1.0,137,2009-08-03,0.1,75.5
215,8,22.9,0.0,2009,20090804,17.5,5.5,29.4,4,0.0,1.0,137,2009-08-04,6.9,71.3
216,8,23.5,0.0,2009,20090805,19.2,6.0,29.1,5,0.0,1.4,137,2009-08-05,7.8,67.9
217,8,21.0,0.5,2009,20090806,19.3,9.8,22.3,6,0.0,1.1,137,2009-08-06,0.0,85.6
218,8,22.7,6.5,2009,20090807,20.7,10.0,25.5,7,0.0,0.7,137,2009-08-07,0.0,89.5
219,8,24.7,0.1,2009,20090808,21.9,9.0,29.4,8,0.0,1.2,137,2009-08-08,1.1,81.9
220,8,24.6,0.0,2009,20090809,22.2,7.1,28.5,9,0.0,1.2,137,2009-08-09,0.4,74.9
221,8,24.9,0.0,2009,20090810,20.7,9.0,29.9,10,0.0,1.1,137,2009-08-10,0.9,74.3
222,8,23.4,7.5,2009,20090811,22.3,10.0,25.6,11,0.0,1.1,137,2009-08-11,0.0,88.5
223,8,23.9,52.0,2009,20090812,21.7,10.0,25.4,12,0.0,0.7,137,2009-08-12,0.0,92.8
224,8,26.0,8.5,2009,20090813,21.6,7.3,31.6,13,0.0,1.3,137,2009-08-13,3.8,77.9
225,8,25.6,0.0,2009,20090814,21.5,3.8,31.9,14,0.0,1.1,137,2009-08-14,9.0,75.0
226,8,25.1,0.0,2009,20090815,19.7,1.8,33.4,15,0.0,0.8,137,2009-08-15,9.5,75.5
227,8,24.7,0.0,2009,20090816,18.8,4.3,30.9,16,0.0,1.3,137,2009-08-16,7.1,70.6
228,8,24.3,0.0,2009,20090817,22.5,9.8,26.4,17,0.0,0.9,137,2009-08-17,0.0,77.8
229,8,25.6,0.0,2009,20090818,21.3,5.9,30.0,18,0.0,0.8,137,2009-08-18,3.2,76.8
230,8,25.8,0.0,2009,20090819,21.5,7.1,32.4,19,0.0,0.8,137,2009-08-19,3.9,81.1
231,8,25.6,25.0,2009,20090820,23.0,7.9,30.0,20,0.0,1.5,137,2009-08-20,1.1,83.3
232,8,25.3,0.0,2009,20090821,20.6,4.0,31.0,21,0.0,1.7,137,2009-08-21,10.2,60.1
233,8,24.4,0.0,2009,20090822,19.0,7.3,29.4,22,0.0,2.1,137,2009-08-22,4.0,54.8
234,8,25.5,0.0,2009,20090823,21.6,2.8,30.8,23,0.0,2.1,137,2009-08-23,10.9,49.0
235,8,23.5,0.0,2009,20090824,17.7,2.5,29.6,24,0.0,1.3,137,2009-08-24,11.2,64.1
236,8,22.8,0.1,2009,20090825,18.9,6.5,29.2,25,0.0,0.9,137,2009-08-25,6.6,73.9
237,8,23.7,0.0,2009,20090826,19.0,5.9,30.0,26,0.0,0.9,137,2009-08-26,6.2,71.3
238,8,21.9,4.5,2009,20090827,19.9,8.4,25.2,27,0.0,0.6,137,2009-08-27,0.4,90.4
239,8,24.4,0.0,2009,20090828,18.9,2.8,30.6,28,0.0,1.7,137,2009-08-28,10.0,68.9
240,8,21.3,0.0,2009,20090829,16.4,6.1,27.4,29,0.0,1.6,137,2009-08-29,5.4,72.5
241,8,20.0,0.0,2009,20090830,18.8,10.0,22.8,30,0.0,1.4,137,2009-08-30,0.1,74.1
242,8,21.0,0.0,2009,20090831,16.5,5.0,27.2,31,0.0,1.1,137,2009-08-31,4.2,68.3
243,9,20.0,0.0,2009,20090901,12.9,2.6,27.4,1,0.0,1.2,137,2009-09-01,8.6,67.3
244,9,20.5,0.0,2009,20090902,14.7,2.9,26.6,2,0.0,1.0,137,2009-09-02,8.4,68.3
245,9,20.0,0.0,2009,20090903,13.4,3.1,27.5,3,0.0,1.0,137,2009-09-03,10.4,72.4
246,9,21.8,0.0,2009,20090904,15.1,3.3,29.0,4,0.0,1.0,137,2009-09-04,10.8,72.6
247,9,23.0,0.0,2009,20090905,17.9,4.6,30.0,5,0.0,0.9,137,2009-09-05,10.2,70.5
248,9,24.2,0.0,2009,20090906,17.6,1.0,32.0,6,0.0,1.0,137,2009-09-06,9.3,71.3
249,9,24.9,0.0,2009,20090907,19.4,5.5,29.6,7,0.0,1.6,137,2009-09-07,4.8,64.3
250,9,23.3,0.0,2009,20090908,20.4,7.6,28.9,8,0.0,1.5,137,2009-09-08,4.6,67.4
251,9,22.4,0.0,2009,20090909,18.4,5.0,28.5,9,0.0,1.4,137,2009-09-09,6.4,62.3
252,9,21.3,0.0,2009,20090910,13.8,4.5,28.8,10,0.0,1.2,137,2009-09-10,10.4,58.3
253,9,19.3,0.5,2009,20090911,15.9,8.6,22.1,11,0.0,1.0,137,2009-09-11,1.2,77.3
254,9,19.2,3.5,2009,20090912,16.1,5.1,25.5,12,0.0,2.0,137,2009-09-12,5.5,70.1
255,9,19.8,0.0,2009,20090913,14.8,2.0,27.7,13,0.0,1.1,137,2009-09-13,9.9,68.1
256,9,17.8,2.5,2009,20090914,14.4,8.8,23.4,14,0.0,0.8,137,2009-09-14,0.2,82.9
257,9,19.1,0.0,2009,20090915,12.2,1.1,26.3,15,0.0,1.4,137,2009-09-15,8.6,72.5
258,9,19.7,0.0,2009,20090916,14.2,1.3,27.2,16,0.0,1.1,137,2009-09-16,8.9,68.4
259,9,18.9,0.0,2009,20090917,12.6,2.3,27.3,17,0.0,0.6,137,2009-09-17,8.4,73.4
260,9,20.3,0.0,2009,20090918,13.1,0.3,29.1,18,0.0,1.3,137,2009-09-18,9.9,62.4
261,9,18.8,0.0,2009,20090919,11.8,1.1,26.5,19,0.0,1.2,137,2009-09-19,8.2,63.6
262,9,18.9,0.0,2009,20090920,11.1,4.6,26.5,20,0.0,1.0,137,2009-09-20,8.5,67.1
263,9,17.6,1.0,2009,20090921,16.2,9.3,19.8,21,0.0,0.7,137,2009-09-21,0.0,84.0
264,9,19.8,0.0,2009,20090922,15.3,7.4,24.9,22,0.0,1.2,137,2009-09-22,5.2,69.8
265,9,20.3,0.0,2009,20090923,17.1,5.9,26.7,23,0.0,0.8,137,2009-09-23,5.4,75.5
266,9,20.0,0.0,2009,20090924,16.0,6.9,27.9,24,0.0,0.7,137,2009-09-24,4.6,74.1
267,9,19.8,0.0,2009,20090925,15.4,8.8,24.8,25,0.0,0.5,137,2009-09-25,0.1,81.1
268,9,20.2,0.0,2009,20090926,14.1,6.1,27.8,26,0.0,0.8,137,2009-09-26,5.0,73.4
269,9,18.4,31.5,2009,20090927,17.0,10.0,19.8,27,0.0,1.0,137,2009-09-27,0.0,89.4
270,9,19.0,23.0,2009,20090928,16.5,8.8,23.4,28,0.0,0.8,137,2009-09-28,0.2,87.6
271,9,19.4,0.0,2009,20090929,16.5,8.8,23.8,29,0.0,1.0,137,2009-09-29,0.6,83.4
272,9,18.4,0.0,2009,20090930,15.5,6.8,23.3,30,0.0,0.8,137,2009-09-30,1.0,84.4
273,10,18.8,0.0,2009,20091001,13.9,6.0,26.1,1,0.0,0.8,137,2009-10-01,5.1,81.1
274,10,20.0,0.0,2009,20091002,15.8,3.8,25.8,2,0.0,2.1,137,2009-10-02,9.4,58.8
275,10,17.7,0.0,2009,20091003,12.1,0.9,23.8,3,0.0,2.2,137,2009-10-03,9.4,42.5
276,10,16.8,0.0,2009,20091004,10.0,5.4,23.0,4,0.0,1.9,137,2009-10-04,4.9,53.9
277,10,14.0,0.0,2009,20091005,6.3,1.5,23.7,5,0.0,0.8,137,2009-10-05,9.0,67.8
278,10,14.6,0.0,2009,20091006,8.6,1.6,24.4,6,0.0,0.9,137,2009-10-06,7.8,71.9
279,10,14.0,0.0,2009,20091007,8.2,5.4,19.7,7,0.0,1.5,137,2009-10-07,2.3,72.0
280,10,14.4,0.0,2009,20091008,9.7,6.4,21.9,8,0.0,1.5,137,2009-10-08,4.6,60.5
281,10,13.6,0.0,2009,20091009,7.0,2.3,21.6,9,0.0,0.9,137,2009-10-09,9.3,61.3
282,10,13.0,0.0,2009,20091010,6.4,1.1,21.7,10,0.0,0.9,137,2009-10-10,6.0,68.0
283,10,13.3,0.0,2009,20091011,6.2,4.0,21.7,11,0.0,0.8,137,2009-10-11,8.3,71.0
284,10,14.9,0.0,2009,20091012,8.5,4.4,21.4,12,0.0,1.4,137,2009-10-12,8.3,62.1
285,10,14.8,6.5,2009,20091013,10.6,4.5,22.0,13,0.0,1.9,137,2009-10-13,8.0,66.3
286,10,12.9,0.5,2009,20091014,9.4,4.6,18.0,14,0.0,1.5,137,2009-10-14,4.7,75.0
287,10,11.8,0.0,2009,20091015,6.1,3.0,21.4,15,0.0,1.0,137,2009-10-15,6.0,75.3
288,10,12.6,0.0,2009,20091016,5.6,2.9,21.8,16,0.0,0.9,137,2009-10-16,7.5,75.5
289,10,13.8,7.5,2009,20091017,9.3,5.1,18.7,17,0.0,2.4,137,2009-10-17,5.8,64.8
290,10,14.1,0.0,2009,20091018,8.8,2.9,19.1,18,0.0,2.3,137,2009-10-18,8.5,51.1
291,10,11.9,0.0,2009,20091019,7.3,5.1,19.6,19,0.0,2.6,137,2009-10-19,5.7,60.1
292,10,10.7,0.0,2009,20091020,5.3,0.9,16.8,20,0.0,1.7,137,2009-10-20,8.9,50.9
293,10,11.2,0.0,2009,20091021,3.3,1.5,21.1,21,0.0,1.4,137,2009-10-21,8.2,55.9
294,10,10.5,0.0,2009,20091022,3.6,2.3,21.0,22,0.0,0.7,137,2009-10-22,8.5,60.8
295,10,11.3,0.0,2009,20091023,3.5,0.0,21.4,23,0.0,0.8,137,2009-10-23,8.4,68.8
296,10,13.8,0.0,2009,20091024,6.8,2.4,21.7,24,0.0,0.9,137,2009-10-24,4.6,73.1
297,10,12.4,0.0,2009,20091025,7.2,2.8,20.2,25,0.0,0.9,137,2009-10-25,6.8,74.1
298,10,13.9,0.0,2009,20091026,5.1,0.6,23.1,26,0.0,1.1,137,2009-10-26,8.3,65.6
299,10,15.8,0.0,2009,20091027,10.9,1.5,22.3,27,0.0,1.7,137,2009-10-27,6.5,63.1
300,10,12.3,0.0,2009,20091028,5.0,3.3,21.3,28,0.0,0.7,137,2009-10-28,6.1,73.0
301,10,12.4,0.0,2009,20091029,6.7,5.6,20.2,29,0.0,0.7,137,2009-10-29,3.5,72.0
302,10,14.4,0.0,2009,20091030,8.2,2.1,24.0,30,0.0,0.8,137,2009-10-30,8.2,71.4
303,10,15.7,0.4,2009,20091031,8.1,5.9,21.8,31,0.0,1.1,137,2009-10-31,3.2,75.5
304,11,12.2,3.0,2009,20091101,7.9,4.9,16.6,1,0.0,2.7,137,2009-11-01,4.4,65.8
305,11,3.2,0.0,2009,20091102,-1.0,0.9,8.3,2,0.0,3.3,137,2009-11-02,8.3,40.4
306,11,4.3,0.0,2009,20091103,-3.3,1.8,11.1,3,0.0,2.1,137,2009-11-03,7.9,44.4
307,11,11.1,0.0,2009,20091104,2.8,7.0,15.7,4,0.0,1.6,137,2009-11-04,1.1,57.9
308,11,13.2,0.0,2009,20091105,7.7,3.0,21.7,5,0.0,1.3,137,2009-11-05,6.9,63.0
309,11,12.4,0.0,2009,20091106,4.9,2.0,22.1,6,0.0,1.0,137,2009-11-06,6.1,69.0
310,11,13.4,0.0,2009,20091107,5.8,5.0,21.5,7,0.0,0.7,137,2009-11-07,5.0,74.5
311,11,14.0,14.0,2009,20091108,10.8,9.6,16.9,8,0.0,0.7,137,2009-11-08,0.3,90.5
312,11,16.6,0.0,2009,20091109,14.3,8.9,21.0,9,0.0,0.9,137,2009-11-09,1.4,81.8
313,11,14.2,0.0,2009,20091110,11.9,9.6,17.2,10,0.0,2.1,137,2009-11-10,0.1,66.3
314,11,10.1,0.0,2009,20091111,6.8,5.6,14.5,11,0.0,2.4,137,2009-11-11,3.3,56.8
315,11,9.0,0.0,2009,20091112,7.0,8.1,11.2,12,0.0,2.6,137,2009-11-12,0.6,57.0
316,11,9.3,6.5,2009,20091113,7.8,9.5,10.5,13,0.0,0.8,137,2009-11-13,0.0,88.6
317,11,8.1,0.0,2009,20091114,3.1,6.0,11.8,14,0.0,4.0,137,2009-11-14,4.4,59.0
318,11,1.9,0.1,2009,20091115,0.6,5.3,4.0,15,0.0,5.3,137,2009-11-15,4.5,54.0
319,11,1.1,0.0,2009,20091116,-0.9,7.3,4.5,16,0.0,2.9,137,2009-11-16,5.8,42.4
320,11,1.2,0.0,2009,20091117,-1.0,3.6,5.6,17,0.0,3.0,137,2009-11-17,5.3,31.8
321,11,0.2,0.0,2009,20091118,-3.7,2.9,5.0,18,0.0,2.7,137,2009-11-18,8.0,32.1
322,11,2.3,0.0,2009,20091119,-1.6,3.9,9.0,19,0.0,1.7,137,2009-11-19,4.1,48.6
323,11,2.6,0.0,2009,20091120,-2.3,3.5,7.6,20,0.0,2.3,137,2009-11-20,7.2,44.4
324,11,2.3,0.0,2009,20091121,-2.1,1.1,7.4,21,0.0,2.6,137,2009-11-21,8.7,34.0
325,11,1.0,0.0,2009,20091122,-4.9,1.3,8.9,22,0.0,1.5,137,2009-11-22,7.8,44.3
326,11,4.3,0.0,2009,20091123,-2.8,1.1,13.8,23,0.0,1.0,137,2009-11-23,8.2,62.5
327,11,3.4,0.0,2009,20091124,-2.7,0.0,12.8,24,0.0,0.8,137,2009-11-24,8.0,71.5
328,11,2.2,0.5,2009,20091125,-3.1,4.6,6.7,25,0.0,0.7,137,2009-11-25,1.8,86.9
329,11,3.1,0.0,2009,20091126,0.7,5.8,8.9,26,0.0,0.6,137,2009-11-26,3.0,89.3
330,11,4.9,0.0,2009,20091127,0.3,5.9,10.8,27,0.0,1.2,137,2009-11-27,0.4,79.8
331,11,5.9,0.0,2009,20091128,2.2,4.3,9.8,28,0.0,1.2,137,2009-11-28,2.7,70.8
332,11,5.7,6.5,2009,20091129,4.8,10.0,7.0,29,0.0,1.2,137,2009-11-29,0.0,85.0
333,11,5.0,0.0,2009,20091130,0.7,3.9,9.2,30,0.0,2.2,137,2009-11-30,4.7,70.3
334,12,3.0,0.0,2009,20091201,-1.4,1.9,9.8,1,0.0,1.2,137,2009-12-01,2.3,73.6
335,12,0.3,0.0,2009,20091202,-3.9,5.6,5.6,2,0.0,0.9,137,2009-12-02,0.7,87.0
336,12,3.2,0.0,2009,20091203,-0.7,5.6,8.0,3,0.0,1.9,137,2009-12-03,1.5,73.6
337,12,1.9,0.0,2009,20091204,-3.0,2.1,7.9,4,0.0,1.2,137,2009-12-04,8.0,74.5
338,12,1.1,6.5,2009,20091205,-2.0,5.6,5.2,5,0.0,4.4,137,2009-12-05,4.1,60.3
339,12,-1.3,0.0,2009,20091206,-4.3,0.0,2.6,6,0.0,3.8,137,2009-12-06,8.5,28.9
340,12,0.5,0.0,2009,20091207,-4.1,0.0,7.3,7,0.0,1.9,137,2009-12-07,8.5,35.1
341,12,-0.7,0.0,2009,20091208,-7.4,5.6,5.3,8,0.0,0.9,137,2009-12-08,3.7,63.3
342,12,2.6,1.0,2009,20091209,-2.9,8.8,7.4,9,0.0,0.8,137,2009-12-09,0.7,69.5
343,12,5.8,20.5,2009,20091210,3.3,10.0,8.0,10,0.0,0.6,137,2009-12-10,0.0,92.5
344,12,9.7,5.0,2009,20091211,7.5,7.9,12.7,11,0.0,2.4,137,2009-12-11,2.4,81.5
345,12,7.7,0.0,2009,20091212,2.6,5.4,11.3,12,0.0,2.7,137,2009-12-12,7.6,56.9
346,12,4.9,0.0,2009,20091213,1.7,4.0,9.6,13,0.0,2.1,137,2009-12-13,4.2,45.4
347,12,1.9,0.0,2009,20091214,-0.5,2.4,5.9,14,0.0,2.9,137,2009-12-14,8.2,25.6
348,12,-1.3,0.0,2009,20091215,-3.8,6.3,1.1,15,0.0,3.2,137,2009-12-15,1.2,23.0
349,12,-4.9,0.0,2009,20091216,-8.5,0.3,-0.6,16,0.0,3.4,137,2009-12-16,8.2,34.1
350,12,-4.2,0.0,2009,20091217,-8.0,1.9,-0.4,17,0.0,2.9,137,2009-12-17,7.9,45.3
351,12,-6.3,0.0,2009,20091218,-9.4,1.6,-2.2,18,0.0,3.4,137,2009-12-18,8.4,48.3
352,12,-4.6,0.0,2009,20091219,-7.5,4.6,-1.5,19,0.0,4.6,137,2009-12-19,5.6,56.6
353,12,-2.6,0.0,2009,20091220,-5.3,2.9,0.6,20,0.0,3.6,137,2009-12-20,5.3,57.0
354,12,-3.5,0.0,2009,20091221,-8.1,0.0,1.6,21,0.0,2.8,137,2009-12-21,8.4,36.5
355,12,0.1,0.0,2009,20091222,-6.8,3.8,9.4,22,0.0,1.2,137,2009-12-22,5.9,61.4
356,12,2.9,0.1,2009,20091223,-0.6,7.0,9.8,23,0.0,1.0,137,2009-12-23,1.2,73.3
357,12,0.4,0.0,2009,20091224,-3.8,4.8,7.0,24,0.0,0.6,137,2009-12-24,2.5,82.1
358,12,1.2,0.0,2009,20091225,-3.9,7.0,8.2,25,0.0,2.1,137,2009-12-25,0.7,70.8
359,12,-3.6,0.0,2009,20091226,-6.0,1.8,-0.6,26,0.0,3.9,137,2009-12-26,8.2,38.0
360,12,-4.4,0.0,2009,20091227,-9.7,2.9,1.3,27,0.0,2.3,137,2009-12-27,5.2,47.1
361,12,-5.4,0.0,2009,20091228,-8.9,0.0,-1.4,28,0.0,2.7,137,2009-12-28,8.1,43.1
362,12,-4.6,0.0,2009,20091229,-13.8,3.0,3.0,29,0.0,0.8,137,2009-12-29,6.6,53.4
363,12,-1.0,0.1,2009,20091230,-5.1,5.9,3.2,30,0.0,4.1,137,2009-12-30,2.5,51.3
364,12,-6.9,0.0,2009,20091231,-9.2,0.5,-4.4,31,0.0,4.7,137,2009-12-31,8.4,31.5
