,tmin,cloud,sunshine,tavg,wind,day,rainfall,date,humid,tmax,year,snow,Date,station_id,month
0,-8.5,0.0,7.6,-4.5,3.2,1,0.0,20100101,42.4,1.1,2010,0.0,2010-01-01,281,1
1,-10.3,0.0,3.8,-1.5,1.9,2,0.0,20100102,66.9,7.5,2010,0.0,2010-01-02,281,1
2,-6.2,0.0,7.6,-2.9,2.7,3,0.0,20100103,41.1,2.0,2010,0.0,2010-01-03,281,1
3,-5.2,0.0,0.9,-2.5,1.9,4,1.5,20100104,65.6,0.8,2010,0.0,2010-01-04,281,1
4,-8.5,0.0,7.0,-4.7,3.9,5,0.0,20100105,52.8,-1.5,2010,0.0,2010-01-05,281,1
5,-12.7,0.0,7.7,-6.9,3.2,6,0.0,20100106,55.8,-1.8,2010,0.0,2010-01-06,281,1
6,-9.8,0.0,7.6,-5.8,3.3,7,0.0,20100107,55.5,-0.5,2010,0.0,2010-01-07,281,1
7,-13.3,0.0,7.6,-4.7,2.3,8,0.0,20100108,58.0,1.9,2010,0.0,2010-01-08,281,1
8,-6.5,0.0,3.9,-1.3,2.1,9,0.0,20100109,52.4,3.5,2010,0.0,2010-01-09,281,1
9,-6.2,0.0,0.3,-1.4,1.6,10,0.0,20100110,63.8,2.8,2010,0.0,2010-01-10,281,1
10,-3.9,0.0,3.5,-0.7,3.5,11,0.0,20100111,55.1,2.9,2010,0.0,2010-01-11,281,1
11,-9.1,0.0,4.1,-4.8,4.0,12,0.0,20100112,41.3,-0.9,2010,0.0,2010-01-12,281,1
12,-10.1,0.0,7.8,-7.6,5.0,13,0.0,20100113,43.4,-4.0,2010,0.0,2010-01-13,281,1
13,-10.4,0.0,6.7,-6.2,2.6,14,0.0,20100114,54.5,0.7,2010,0.0,2010-01-14,281,1
14,-13.0,0.0,5.5,-4.2,1.6,15,0.0,20100115,65.0,3.8,2010,0.0,2010-01-15,281,1
15,-11.1,0.0,7.8,-2.2,2.1,16,0.0,20100116,40.6,4.8,2010,0.0,2010-01-16,281,1
16,-12.3,0.0,7.8,-3.7,1.0,17,0.0,20100117,37.8,6.4,2010,0.0,2010-01-17,281,1
17,-11.4,0.0,6.3,-2.6,1.6,18,0.0,20100118,59.3,8.9,2010,0.0,2010-01-18,281,1
18,-9.3,0.0,6.0,0.4,0.6,19,0.0,20100119,62.9,10.9,2010,0.0,2010-01-19,281,1
19,3.7,0.0,0.0,8.1,0.8,20,5.5,20100120,86.4,12.8,2010,0.0,2010-01-20,281,1
20,-3.8,0.0,5.3,3.6,3.9,21,2.0,20100121,56.5,9.6,2010,0.0,2010-01-21,281,1
21,-5.7,0.0,7.6,-3.0,4.3,22,0.0,20100122,45.6,1.1,2010,0.0,2010-01-22,281,1
22,-6.2,0.0,7.3,-2.5,4.1,23,0.0,20100123,49.0,2.4,2010,0.0,2010-01-23,281,1
23,-5.9,0.0,7.7,0.8,3.1,24,0.0,20100124,49.9,6.8,2010,0.0,2010-01-24,281,1
24,-3.3,0.0,7.0,1.6,3.7,25,0.0,20100125,37.9,7.0,2010,0.0,2010-01-25,281,1
25,-7.3,0.0,7.8,-1.9,3.2,26,0.0,20100126,37.5,5.4,2010,0.0,2010-01-26,281,1
26,-9.4,0.0,5.0,0.3,1.0,27,4.0,20100127,73.4,8.7,2010,0.0,2010-01-27,281,1
27,-0.8,0.0,6.5,4.6,3.7,28,0.0,20100128,56.5,9.0,2010,0.0,2010-01-28,281,1
28,-2.7,0.0,8.2,1.4,4.0,29,0.0,20100129,40.1,6.8,2010,0.0,2010-01-29,281,1
29,-4.9,0.0,5.5,2.4,1.7,30,0.0,20100130,50.9,8.4,2010,0.0,2010-01-30,281,1
30,-4.6,0.0,5.3,1.0,1.0,31,0.0,20100131,67.3,10.8,2010,0.0,2010-01-31,281,1
31,-2.7,0.0,0.1,2.1,1.6,1,0.0,20100201,66.0,8.1,2010,0.0,2010-02-01,281,2
32,-4.9,0.0,7.1,-1.0,3.8,2,0.0,20100202,32.8,3.0,2010,0.0,2010-02-02,281,2
33,-7.8,0.0,8.8,-4.4,4.7,3,0.0,20100203,29.1,1.1,2010,0.0,2010-02-03,281,2
34,-9.4,0.0,8.2,-2.6,3.5,4,0.0,20100204,37.8,2.9,2010,0.0,2010-02-04,281,2
35,-3.3,0.0,8.7,-0.1,4.3,5,0.0,20100205,31.9,4.5,2010,0.0,2010-02-05,281,2
36,-8.1,0.0,9.4,-2.3,2.3,6,0.0,20100206,31.0,6.2,2010,0.0,2010-02-06,281,2
37,-12.5,0.0,8.7,-0.3,0.9,7,0.0,20100207,50.3,9.6,2010,0.0,2010-02-07,281,2
38,2.0,0.0,0.0,3.7,0.8,8,3.5,20100208,80.1,5.1,2010,0.0,2010-02-08,281,2
39,3.1,0.0,0.0,5.1,1.4,9,2.5,20100209,92.9,7.9,2010,0.0,2010-02-09,281,2
40,4.3,0.0,0.0,5.6,1.5,10,6.5,20100210,90.5,7.2,2010,0.0,2010-02-10,281,2
41,0.8,0.0,0.0,2.4,2.8,11,6.5,20100211,86.6,5.7,2010,0.0,2010-02-11,281,2
42,-0.3,0.0,0.0,0.9,1.3,12,0.4,20100212,81.3,2.8,2010,0.0,2010-02-12,281,2
43,-2.3,0.0,2.7,-0.3,2.2,13,0.5,20100213,73.8,2.5,2010,0.0,2010-02-13,281,2
44,-4.9,0.0,0.0,-0.8,1.5,14,0.0,20100214,59.8,3.0,2010,0.0,2010-02-14,281,2
45,-5.6,0.0,7.2,0.7,1.8,15,0.0,20100215,57.5,8.0,2010,0.0,2010-02-15,281,2
46,-3.5,0.0,8.5,0.2,2.4,16,0.0,20100216,45.3,5.6,2010,0.0,2010-02-16,281,2
47,-5.6,0.0,5.4,-0.8,1.7,17,0.0,20100217,38.6,4.4,2010,0.0,2010-02-17,281,2
48,-5.1,0.0,9.6,-0.7,3.5,18,0.0,20100218,39.4,4.1,2010,0.0,2010-02-18,281,2
49,-7.2,0.0,7.7,-1.3,2.7,19,0.0,20100219,49.3,5.7,2010,0.0,2010-02-19,281,2
50,-5.9,0.0,9.9,2.0,1.6,20,0.0,20100220,50.6,10.4,2010,0.0,2010-02-20,281,2
51,-6.4,0.0,8.6,2.6,1.0,21,0.0,20100221,64.0,11.9,2010,0.0,2010-02-21,281,2
52,-3.5,0.0,9.6,4.2,1.4,22,0.0,20100222,69.6,15.4,2010,0.0,2010-02-22,281,2
53,-4.3,0.0,9.8,5.7,0.8,23,0.0,20100223,58.9,18.2,2010,0.0,2010-02-23,281,2
54,-3.0,0.0,7.7,9.7,1.1,24,0.0,20100224,67.4,20.1,2010,0.0,2010-02-24,281,2
55,10.5,0.0,0.0,14.4,0.9,25,32.0,20100225,86.8,18.0,2010,0.0,2010-02-25,281,2
56,1.3,0.0,0.0,6.6,2.2,26,1.5,20100226,84.1,13.3,2010,0.0,2010-02-26,281,2
57,2.6,0.0,0.0,5.0,2.2,27,0.5,20100227,75.4,6.4,2010,0.0,2010-02-27,281,2
58,-0.4,0.0,6.8,6.5,1.1,28,0.0,20100228,78.5,14.3,2010,0.0,2010-02-28,281,2
59,4.0,0.0,0.0,5.6,2.4,1,8.0,20100301,78.4,8.8,2010,0.0,2010-03-01,281,3
60,3.1,0.0,0.0,4.9,1.6,2,0.3,20100302,80.3,7.4,2010,0.0,2010-03-02,281,3
61,-1.5,0.0,7.4,4.7,2.8,3,0.0,20100303,66.1,9.0,2010,0.0,2010-03-03,281,3
62,5.3,0.0,0.0,6.5,1.3,4,4.0,20100304,86.1,8.2,2010,0.0,2010-03-04,281,3
63,5.5,0.0,0.0,7.5,1.0,5,0.3,20100305,83.5,9.5,2010,0.0,2010-03-05,281,3
64,2.2,0.0,0.0,5.2,2.1,6,1.5,20100306,81.5,8.6,2010,0.0,2010-03-06,281,3
65,1.8,0.0,0.3,3.3,2.6,7,0.5,20100307,68.0,5.1,2010,0.0,2010-03-07,281,3
66,1.7,0.0,0.9,3.4,2.9,8,0.0,20100308,59.8,6.2,2010,0.0,2010-03-08,281,3
67,0.7,0.0,1.1,2.6,1.8,9,1.0,20100309,80.8,5.3,2010,0.0,2010-03-09,281,3
68,-2.9,0.0,2.9,-0.4,4.2,10,3.0,20100310,74.3,3.2,2010,0.0,2010-03-10,281,3
69,-2.6,0.0,10.8,2.6,2.6,11,0.0,20100311,56.5,9.5,2010,0.0,2010-03-11,281,3
70,-2.1,0.0,5.7,8.4,3.0,12,0.0,20100312,64.8,15.7,2010,0.0,2010-03-12,281,3
71,1.8,0.0,5.6,7.8,3.1,13,0.0,20100313,35.0,14.4,2010,0.0,2010-03-13,281,3
72,-0.8,0.0,1.6,6.9,2.1,14,0.0,20100314,70.8,11.7,2010,0.0,2010-03-14,281,3
73,6.5,0.0,0.3,10.1,2.4,15,6.0,20100315,75.5,15.1,2010,0.0,2010-03-15,281,3
74,-0.1,0.0,9.4,3.8,5.4,16,0.0,20100316,35.6,8.5,2010,0.0,2010-03-16,281,3
75,-3.4,0.0,5.6,2.6,1.8,17,0.0,20100317,46.5,8.5,2010,0.0,2010-03-17,281,3
76,-2.2,0.0,4.4,1.8,2.1,18,2.5,20100318,68.9,7.3,2010,0.0,2010-03-18,281,3
77,-4.3,0.0,9.9,6.4,2.4,19,0.0,20100319,50.0,15.3,2010,0.0,2010-03-19,281,3
78,6.4,0.0,5.0,13.4,2.9,20,2.0,20100320,62.5,22.7,2010,0.0,2010-03-20,281,3
79,1.5,0.0,11.2,5.7,5.2,21,0.0,20100321,30.8,10.8,2010,0.0,2010-03-21,281,3
80,0.8,0.0,0.0,5.5,1.5,22,0.0,20100322,39.5,8.9,2010,0.0,2010-03-22,281,3
81,4.0,0.0,0.1,7.5,2.0,23,0.0,20100323,53.4,11.9,2010,0.0,2010-03-23,281,3
82,4.6,0.0,1.5,7.6,2.5,24,0.0,20100324,58.8,11.2,2010,0.0,2010-03-24,281,3
83,0.5,0.0,0.0,4.0,1.3,25,11.0,20100325,80.4,7.1,2010,0.0,2010-03-25,281,3
84,-2.4,0.0,11.1,2.7,3.1,26,0.0,20100326,41.5,8.9,2010,0.0,2010-03-26,281,3
85,-4.2,0.0,5.3,5.0,1.6,27,0.0,20100327,61.9,13.1,2010,0.0,2010-03-27,281,3
86,-0.4,0.0,8.7,5.9,1.9,28,0.0,20100328,66.5,14.7,2010,0.0,2010-03-28,281,3
87,-4.0,0.0,11.3,3.8,1.9,29,0.0,20100329,65.3,14.0,2010,0.0,2010-03-29,281,3
88,-0.9,0.0,4.0,6.8,1.2,30,0.0,20100330,60.1,13.6,2010,0.0,2010-03-30,281,3
89,5.1,0.0,0.0,8.3,1.0,31,10.5,20100331,86.9,10.6,2010,0.0,2010-03-31,281,3
90,6.8,0.0,0.0,9.7,1.8,1,19.0,20100401,88.5,12.3,2010,0.0,2010-04-01,281,4
91,2.1,0.0,10.4,8.6,3.6,2,0.0,20100402,35.0,14.2,2010,0.0,2010-04-02,281,4
92,0.2,0.0,11.4,6.7,2.8,3,0.0,20100403,35.8,13.9,2010,0.0,2010-04-03,281,4
93,-3.2,0.0,11.5,8.2,1.2,4,0.0,20100404,49.8,19.1,2010,0.0,2010-04-04,281,4
94,4.2,0.0,8.2,11.4,1.5,5,0.0,20100405,50.1,21.5,2010,0.0,2010-04-05,281,4
95,4.1,0.0,2.4,10.9,2.1,6,0.0,20100406,62.6,19.9,2010,0.0,2010-04-06,281,4
96,-0.1,0.0,4.0,6.2,2.3,7,0.0,20100407,59.8,10.5,2010,0.0,2010-04-07,281,4
97,-2.9,0.0,11.0,7.6,1.2,8,0.0,20100408,57.9,18.2,2010,0.0,2010-04-08,281,4
98,2.5,0.0,4.1,10.3,1.0,9,0.0,20100409,59.5,20.2,2010,0.0,2010-04-09,281,4
99,3.6,0.0,3.5,13.9,1.8,10,0.0,20100410,60.4,21.9,2010,0.0,2010-04-10,281,4
100,9.9,0.0,0.0,10.7,3.0,11,0.0,20100411,69.5,14.7,2010,0.0,2010-04-11,281,4
101,8.6,0.0,0.0,9.9,1.9,12,1.0,20100412,76.4,11.5,2010,0.0,2010-04-12,281,4
102,2.4,0.0,8.9,8.6,5.0,13,0.0,20100413,41.3,13.1,2010,0.0,2010-04-13,281,4
103,1.0,0.0,1.1,4.0,3.3,14,1.0,20100414,44.6,10.3,2010,0.0,2010-04-14,281,4
104,-1.0,0.0,8.5,5.2,1.9,15,0.1,20100415,54.1,11.2,2010,0.0,2010-04-15,281,4
105,-3.0,0.0,10.5,6.4,1.4,16,0.0,20100416,57.6,16.0,2010,0.0,2010-04-16,281,4
106,-1.5,0.0,11.6,9.2,2.0,17,0.0,20100417,47.3,19.3,2010,0.0,2010-04-17,281,4
107,1.3,0.0,0.0,10.6,1.1,18,0.0,20100418,50.9,17.4,2010,0.0,2010-04-18,281,4
108,8.4,0.0,1.6,14.8,1.4,19,0.0,20100419,55.9,20.8,2010,0.0,2010-04-19,281,4
109,10.9,0.0,6.6,15.2,2.2,20,0.0,20100420,68.3,24.8,2010,0.0,2010-04-20,281,4
110,8.8,0.0,1.3,11.1,3.5,21,5.5,20100421,70.9,13.6,2010,0.0,2010-04-21,281,4
111,7.7,0.0,0.0,8.8,2.5,22,13.5,20100422,80.3,10.5,2010,0.0,2010-04-22,281,4
112,6.6,0.0,1.7,8.6,1.3,23,1.0,20100423,78.1,14.2,2010,0.0,2010-04-23,281,4
113,4.2,0.0,10.2,10.7,1.5,24,0.0,20100424,61.0,19.2,2010,0.0,2010-04-24,281,4
114,1.1,0.0,11.5,12.2,1.3,25,0.0,20100425,52.0,22.1,2010,0.0,2010-04-25,281,4
115,6.7,0.0,0.1,11.8,1.3,26,8.5,20100426,71.8,18.3,2010,0.0,2010-04-26,281,4
116,6.6,0.0,8.2,12.5,3.5,27,6.0,20100427,55.8,19.2,2010,0.0,2010-04-27,281,4
117,4.1,0.0,1.6,7.0,2.1,28,4.0,20100428,64.4,9.2,2010,0.0,2010-04-28,281,4
118,5.2,0.0,7.7,10.8,4.5,29,0.0,20100429,38.5,16.9,2010,0.0,2010-04-29,281,4
119,1.6,0.0,7.4,11.2,2.9,30,0.0,20100430,42.9,18.4,2010,0.0,2010-04-30,281,4
120,5.9,0.0,12.2,13.5,3.0,1,0.0,20100501,42.3,21.6,2010,0.0,2010-05-01,281,5
121,3.6,0.0,11.9,16.7,1.6,2,0.0,20100502,51.3,26.2,2010,0.0,2010-05-02,281,5
122,9.1,0.0,10.3,20.7,2.6,3,0.0,20100503,58.5,29.0,2010,0.0,2010-05-03,281,5
123,12.7,0.0,8.2,22.5,1.9,4,0.0,20100504,53.1,30.9,2010,0.0,2010-05-04,281,5
124,12.9,0.0,5.9,20.9,1.6,5,0.1,20100505,57.4,27.0,2010,0.0,2010-05-05,281,5
125,14.0,0.0,2.8,21.3,3.6,6,0.1,20100506,56.4,27.6,2010,0.0,2010-05-06,281,5
126,12.1,0.0,12.1,19.2,4.1,7,0.0,20100507,32.5,26.6,2010,0.0,2010-05-07,281,5
127,7.6,0.0,9.9,18.1,2.2,8,0.0,20100508,42.8,28.4,2010,0.0,2010-05-08,281,5
128,10.3,0.0,5.2,18.1,2.0,9,0.0,20100509,51.4,26.6,2010,0.0,2010-05-09,281,5
129,13.8,0.0,4.7,16.9,1.5,10,0.0,20100510,60.4,23.3,2010,0.0,2010-05-10,281,5
130,8.9,0.0,8.7,12.8,2.6,11,1.0,20100511,75.0,19.7,2010,0.0,2010-05-11,281,5
131,7.2,0.0,9.4,14.3,2.1,12,0.0,20100512,63.8,23.8,2010,0.0,2010-05-12,281,5
132,7.1,0.0,8.4,14.0,2.0,13,0.0,20100513,66.3,21.2,2010,0.0,2010-05-13,281,5
133,5.9,0.0,12.5,14.5,1.9,14,0.0,20100514,54.0,22.6,2010,0.0,2010-05-14,281,5
134,5.8,0.0,4.3,15.9,1.0,15,0.0,20100515,55.4,24.9,2010,0.0,2010-05-15,281,5
135,8.1,0.0,11.6,18.9,1.3,16,0.0,20100516,51.4,28.8,2010,0.0,2010-05-16,281,5
136,9.2,0.0,10.7,20.3,1.9,17,0.5,20100517,55.4,28.8,2010,0.0,2010-05-17,281,5
137,16.9,0.0,0.0,17.9,1.0,18,48.0,20100518,90.4,18.5,2010,0.0,2010-05-18,281,5
138,14.3,0.0,5.5,20.9,1.9,19,12.0,20100519,72.0,27.1,2010,0.0,2010-05-19,281,5
139,11.8,0.0,11.1,21.1,1.6,20,0.0,20100520,56.4,30.8,2010,0.0,2010-05-20,281,5
140,12.3,0.0,11.2,22.1,1.4,21,0.0,20100521,52.6,31.0,2010,0.0,2010-05-21,281,5
141,14.0,0.0,0.0,16.3,1.7,22,29.0,20100522,77.6,22.0,2010,0.0,2010-05-22,281,5
142,14.7,0.0,0.0,16.2,1.7,23,32.5,20100523,89.9,17.3,2010,0.0,2010-05-23,281,5
143,15.5,0.0,1.1,17.4,2.4,24,0.5,20100524,70.8,20.6,2010,0.0,2010-05-24,281,5
144,12.7,0.0,0.0,14.3,1.3,25,1.0,20100525,84.1,17.5,2010,0.0,2010-05-25,281,5
145,9.8,0.0,1.9,15.0,1.4,26,0.5,20100526,75.4,21.2,2010,0.0,2010-05-26,281,5
146,6.2,0.0,11.9,13.6,2.0,27,0.0,20100527,64.5,20.1,2010,0.0,2010-05-27,281,5
147,7.2,0.0,1.6,13.9,1.2,28,0.0,20100528,66.6,20.6,2010,0.0,2010-05-28,281,5
148,10.5,0.0,11.7,15.1,2.4,29,0.0,20100529,65.4,21.3,2010,0.0,2010-05-29,281,5
149,7.7,0.0,12.1,14.3,2.3,30,0.0,20100530,62.6,20.5,2010,0.0,2010-05-30,281,5
150,8.5,0.0,7.6,13.5,2.4,31,0.0,20100531,64.8,19.8,2010,0.0,2010-05-31,281,5
151,6.1,0.0,9.3,14.2,2.0,1,0.0,20100601,61.8,20.8,2010,0.0,2010-06-01,281,6
152,8.1,0.0,11.9,18.3,1.4,2,0.0,20100602,61.6,26.6,2010,0.0,2010-06-02,281,6
153,11.3,0.0,11.1,20.5,1.2,3,0.0,20100603,57.5,29.8,2010,0.0,2010-06-03,281,6
154,11.9,0.0,10.6,21.5,1.1,4,0.0,20100604,56.9,30.6,2010,0.0,2010-06-04,281,6
155,13.3,0.0,12.0,22.3,1.4,5,0.0,20100605,55.9,31.1,2010,0.0,2010-06-05,281,6
156,14.0,0.0,8.4,21.2,1.7,6,0.0,20100606,57.9,29.1,2010,0.0,2010-06-06,281,6
157,12.6,0.0,6.3,18.9,2.0,7,0.0,20100607,56.3,26.6,2010,0.0,2010-06-07,281,6
158,13.9,0.0,11.0,19.9,2.1,8,0.0,20100608,55.3,25.9,2010,0.0,2010-06-08,281,6
159,10.7,0.0,13.0,20.5,1.7,9,0.0,20100609,53.6,28.9,2010,0.0,2010-06-09,281,6
160,12.1,0.0,11.6,21.5,1.3,10,0.0,20100610,52.3,30.5,2010,0.0,2010-06-10,281,6
161,12.5,0.0,9.9,20.5,2.2,11,0.0,20100611,59.1,28.2,2010,0.0,2010-06-11,281,6
162,16.2,0.0,0.0,20.4,2.0,12,0.0,20100612,70.3,24.0,2010,0.0,2010-06-12,281,6
163,19.1,0.0,2.8,22.3,2.1,13,0.0,20100613,68.4,26.0,2010,0.0,2010-06-13,281,6
164,15.7,0.0,12.6,22.8,2.0,14,0.0,20100614,63.4,30.5,2010,0.0,2010-06-14,281,6
165,18.7,0.0,6.2,22.3,1.8,15,5.0,20100615,71.5,27.6,2010,0.0,2010-06-15,281,6
166,17.6,0.0,9.6,25.0,1.8,16,0.0,20100616,65.5,31.7,2010,0.0,2010-06-16,281,6
167,19.8,0.0,4.4,26.6,1.3,17,0.0,20100617,58.6,32.8,2010,0.0,2010-06-17,281,6
168,19.3,0.0,0.0,22.0,2.1,18,3.5,20100618,75.0,24.6,2010,0.0,2010-06-18,281,6
169,19.1,0.0,0.9,22.9,1.0,19,1.0,20100619,77.1,27.9,2010,0.0,2010-06-19,281,6
170,20.8,0.0,6.8,25.2,1.7,20,0.0,20100620,65.5,30.5,2010,0.0,2010-06-20,281,6
171,19.4,0.0,8.9,25.9,1.8,21,0.0,20100621,55.3,32.3,2010,0.0,2010-06-21,281,6
172,17.4,0.0,10.9,26.0,2.1,22,0.0,20100622,46.9,33.5,2010,0.0,2010-06-22,281,6
173,18.4,0.0,7.7,22.4,2.4,23,0.0,20100623,61.0,28.0,2010,0.0,2010-06-23,281,6
174,14.9,0.0,9.1,23.6,1.3,24,0.0,20100624,59.6,31.7,2010,0.0,2010-06-24,281,6
175,17.4,0.0,0.0,21.9,1.4,25,0.0,20100625,59.4,27.0,2010,0.0,2010-06-25,281,6
176,19.2,0.0,0.0,20.7,1.9,26,10.0,20100626,87.0,22.7,2010,0.0,2010-06-26,281,6
177,20.0,0.0,0.8,23.9,1.6,27,2.0,20100627,77.5,28.8,2010,0.0,2010-06-27,281,6
178,20.8,0.0,0.9,23.5,1.4,28,8.0,20100628,78.3,27.6,2010,0.0,2010-06-28,281,6
179,18.6,0.0,9.0,25.1,1.5,29,0.0,20100629,69.8,32.1,2010,0.0,2010-06-29,281,6
180,20.6,0.0,2.0,24.6,1.4,30,2.0,20100630,76.4,31.5,2010,0.0,2010-06-30,281,6
181,21.0,0.0,0.0,23.8,1.5,1,7.0,20100701,80.8,29.0,2010,0.0,2010-07-01,281,7
182,22.5,0.0,0.0,24.3,1.1,2,9.5,20100702,85.1,27.4,2010,0.0,2010-07-02,281,7
183,22.6,0.0,0.0,25.4,1.4,3,4.5,20100703,83.8,30.3,2010,0.0,2010-07-03,281,7
184,21.6,0.0,0.0,23.0,1.6,4,5.0,20100704,84.6,25.4,2010,0.0,2010-07-04,281,7
185,21.7,0.0,3.1,26.1,1.3,5,0.0,20100705,73.6,31.9,2010,0.0,2010-07-05,281,7
186,21.3,0.0,10.9,27.1,2.3,6,0.0,20100706,61.6,33.5,2010,0.0,2010-07-06,281,7
187,18.9,0.0,8.2,23.6,1.8,7,0.5,20100707,72.1,32.4,2010,0.0,2010-07-07,281,7
188,21.0,0.0,2.5,23.5,1.7,8,0.0,20100708,71.8,29.0,2010,0.0,2010-07-08,281,7
189,19.9,0.0,6.5,24.5,1.6,9,0.0,20100709,69.0,31.2,2010,0.0,2010-07-09,281,7
190,19.3,0.0,2.7,24.8,1.7,10,1.5,20100710,70.4,30.5,2010,0.0,2010-07-10,281,7
191,19.9,0.0,0.0,20.7,1.2,11,102.5,20100711,90.1,22.5,2010,0.0,2010-07-11,281,7
192,19.7,0.0,0.2,21.9,1.5,12,0.5,20100712,80.4,24.3,2010,0.0,2010-07-12,281,7
193,19.9,0.0,0.0,21.7,1.7,13,1.0,20100713,79.8,23.9,2010,0.0,2010-07-13,281,7
194,17.1,0.0,9.6,22.5,1.9,14,0.0,20100714,74.4,27.9,2010,0.0,2010-07-14,281,7
195,17.6,0.0,6.7,23.5,1.5,15,0.2,20100715,74.6,28.2,2010,0.0,2010-07-15,281,7
196,21.2,0.0,0.0,23.4,0.9,16,36.0,20100716,88.0,26.3,2010,0.0,2010-07-16,281,7
197,22.8,0.0,0.3,25.2,0.9,17,12.0,20100717,83.3,29.3,2010,0.0,2010-07-17,281,7
198,21.9,0.0,6.8,26.1,1.4,18,0.0,20100718,73.3,31.4,2010,0.0,2010-07-18,281,7
199,21.1,0.0,7.2,26.6,1.6,19,0.0,20100719,72.1,32.8,2010,0.0,2010-07-19,281,7
200,21.8,0.0,10.7,27.6,1.3,20,0.0,20100720,66.0,33.9,2010,0.0,2010-07-20,281,7
201,21.4,0.0,8.7,27.8,1.5,21,0.0,20100721,67.3,33.6,2010,0.0,2010-07-21,281,7
202,22.6,0.0,10.3,28.8,1.6,22,0.0,20100722,66.9,33.8,2010,0.0,2010-07-22,281,7
203,22.0,0.0,6.0,27.0,1.8,23,31.0,20100723,72.0,34.1,2010,0.0,2010-07-23,281,7
204,22.7,0.0,1.3,26.1,1.3,24,1.5,20100724,78.0,31.5,2010,0.0,2010-07-24,281,7
205,22.3,0.0,6.1,26.5,1.7,25,1.5,20100725,72.9,32.6,2010,0.0,2010-07-25,281,7
206,22.8,0.0,2.3,25.0,1.6,26,1.0,20100726,78.6,30.9,2010,0.0,2010-07-26,281,7
207,21.4,0.0,8.3,27.1,1.3,27,0.0,20100727,70.1,32.3,2010,0.0,2010-07-27,281,7
208,21.8,0.0,0.0,24.1,1.3,28,6.0,20100728,86.5,26.1,2010,0.0,2010-07-28,281,7
209,21.5,0.0,6.9,26.5,1.5,29,0.0,20100729,74.0,31.4,2010,0.0,2010-07-29,281,7
210,25.1,0.0,5.1,28.3,2.0,30,0.0,20100730,68.9,32.6,2010,0.0,2010-07-30,281,7
211,25.6,0.0,5.6,29.0,2.5,31,0.0,20100731,67.9,33.1,2010,0.0,2010-07-31,281,7
212,25.4,0.0,8.0,29.9,1.8,1,0.0,20100801,64.0,34.4,2010,0.0,2010-08-01,281,8
213,23.7,0.0,7.1,27.3,2.0,2,0.0,20100802,72.9,35.4,2010,0.0,2010-08-02,281,8
214,22.0,0.0,1.9,25.3,1.9,3,5.0,20100803,79.1,29.2,2010,0.0,2010-08-03,281,8
215,23.9,0.0,7.4,28.3,1.4,4,0.0,20100804,73.0,33.2,2010,0.0,2010-08-04,281,8
216,23.9,0.0,10.1,29.1,1.3,5,0.0,20100805,66.8,34.9,2010,0.0,2010-08-05,281,8
217,24.8,0.0,4.3,28.4,1.5,6,0.4,20100806,72.0,33.9,2010,0.0,2010-08-06,281,8
218,22.7,0.0,7.7,27.1,1.1,7,0.1,20100807,73.6,35.2,2010,0.0,2010-08-07,281,8
219,22.2,0.0,7.6,26.8,1.3,8,0.0,20100808,72.1,34.3,2010,0.0,2010-08-08,281,8
220,20.9,0.0,10.7,27.3,1.9,9,0.0,20100809,70.3,34.0,2010,0.0,2010-08-09,281,8
221,24.4,0.0,0.3,26.2,1.6,10,36.5,20100810,82.8,29.0,2010,0.0,2010-08-10,281,8
222,24.2,0.0,0.1,26.4,3.3,11,31.5,20100811,82.9,28.8,2010,0.0,2010-08-11,281,8
223,23.8,0.0,8.5,27.9,1.7,12,0.0,20100812,67.0,33.1,2010,0.0,2010-08-12,281,8
224,23.4,0.0,2.1,26.9,1.5,13,12.5,20100813,79.1,31.9,2010,0.0,2010-08-13,281,8
225,24.7,0.0,0.1,27.6,1.3,14,1.0,20100814,78.9,30.4,2010,0.0,2010-08-14,281,8
226,23.5,0.0,0.2,27.1,1.6,15,43.5,20100815,79.6,30.0,2010,0.0,2010-08-15,281,8
227,22.4,0.0,3.7,25.9,1.4,16,32.5,20100816,81.9,32.1,2010,0.0,2010-08-16,281,8
228,22.1,0.0,1.9,25.4,1.1,17,28.5,20100817,81.0,29.8,2010,0.0,2010-08-17,281,8
229,22.3,0.0,9.3,26.6,1.9,18,0.0,20100818,76.3,32.6,2010,0.0,2010-08-18,281,8
230,23.9,0.0,5.7,26.9,1.7,19,0.0,20100819,75.9,32.0,2010,0.0,2010-08-19,281,8
231,21.2,0.0,11.1,28.1,0.9,20,0.0,20100820,71.6,35.6,2010,0.0,2010-08-20,281,8
232,23.5,0.0,8.1,28.8,0.9,21,0.2,20100821,72.9,35.5,2010,0.0,2010-08-21,281,8
233,23.7,0.0,8.1,29.0,1.1,22,0.0,20100822,70.0,35.1,2010,0.0,2010-08-22,281,8
234,23.2,0.0,9.1,28.9,1.4,23,0.0,20100823,69.3,35.4,2010,0.0,2010-08-23,281,8
235,23.4,0.0,6.6,28.2,1.3,24,0.0,20100824,69.0,34.8,2010,0.0,2010-08-24,281,8
236,21.7,0.0,4.7,24.1,2.0,25,13.5,20100825,82.1,30.1,2010,0.0,2010-08-25,281,8
237,21.6,0.0,9.0,26.7,1.6,26,0.0,20100826,74.3,33.9,2010,0.0,2010-08-26,281,8
238,22.0,0.0,0.3,25.8,1.1,27,0.5,20100827,82.6,30.0,2010,0.0,2010-08-27,281,8
239,25.0,0.0,0.8,27.2,2.8,28,0.0,20100828,76.0,30.3,2010,0.0,2010-08-28,281,8
240,23.1,0.0,5.7,27.2,1.2,29,0.0,20100829,76.9,32.8,2010,0.0,2010-08-29,281,8
241,23.3,0.0,2.8,26.8,0.8,30,5.5,20100830,79.1,31.6,2010,0.0,2010-08-30,281,8
242,22.7,0.0,3.4,26.0,0.8,31,1.0,20100831,82.9,33.1,2010,0.0,2010-08-31,281,8
243,23.2,0.0,5.2,27.4,2.2,1,5.5,20100901,76.8,32.5,2010,0.0,2010-09-01,281,9
244,24.1,0.0,1.7,26.4,1.7,2,35.0,20100902,80.5,30.0,2010,0.0,2010-09-02,281,9
245,23.4,0.0,9.8,27.7,1.0,3,0.0,20100903,74.5,33.8,2010,0.0,2010-09-03,281,9
246,21.5,0.0,7.8,27.7,0.9,4,0.0,20100904,73.6,34.9,2010,0.0,2010-09-04,281,9
247,23.3,0.0,4.1,27.5,1.0,5,6.0,20100905,76.9,34.2,2010,0.0,2010-09-05,281,9
248,22.3,0.0,0.0,24.2,1.5,6,32.5,20100906,88.1,26.1,2010,0.0,2010-09-06,281,9
249,21.1,0.0,0.0,21.9,1.6,7,46.5,20100907,86.9,23.8,2010,0.0,2010-09-07,281,9
250,18.6,0.0,2.0,21.1,2.0,8,0.0,20100908,72.4,24.8,2010,0.0,2010-09-08,281,9
251,17.6,0.0,4.9,22.9,0.7,9,0.0,20100909,69.4,28.9,2010,0.0,2010-09-09,281,9
252,19.4,0.0,6.9,26.2,1.3,10,0.0,20100910,72.4,32.1,2010,0.0,2010-09-10,281,9
253,21.9,0.0,0.0,24.6,1.2,11,8.5,20100911,87.0,26.9,2010,0.0,2010-09-11,281,9
254,20.0,0.0,2.4,23.3,2.4,12,31.0,20100912,80.8,29.7,2010,0.0,2010-09-12,281,9
255,16.8,0.0,7.3,22.4,1.4,13,0.0,20100913,76.4,29.1,2010,0.0,2010-09-13,281,9
256,17.6,0.0,2.5,21.1,1.1,14,0.0,20100914,78.9,27.4,2010,0.0,2010-09-14,281,9
257,14.6,0.0,9.1,20.2,1.2,15,0.0,20100915,75.3,26.9,2010,0.0,2010-09-15,281,9
258,13.9,0.0,11.3,20.8,0.8,16,0.0,20100916,71.9,29.8,2010,0.0,2010-09-16,281,9
259,14.9,0.0,9.4,21.8,1.0,17,0.0,20100917,71.8,31.3,2010,0.0,2010-09-17,281,9
260,15.1,0.0,11.1,22.6,0.9,18,0.0,20100918,68.6,31.6,2010,0.0,2010-09-18,281,9
261,15.9,0.0,4.5,21.8,1.2,19,2.5,20100919,77.0,29.4,2010,0.0,2010-09-19,281,9
262,19.8,0.0,0.1,22.4,1.3,20,0.5,20100920,83.5,26.7,2010,0.0,2010-09-20,281,9
263,19.1,0.0,7.8,26.4,1.7,21,0.0,20100921,72.9,33.0,2010,0.0,2010-09-21,281,9
264,15.9,0.0,0.0,17.4,1.6,22,16.0,20100922,88.1,24.5,2010,0.0,2010-09-22,281,9
265,11.4,0.0,7.0,16.8,1.8,23,0.0,20100923,73.4,22.5,2010,0.0,2010-09-23,281,9
266,8.9,0.0,7.9,15.8,1.7,24,0.0,20100924,70.5,22.7,2010,0.0,2010-09-24,281,9
267,9.7,0.0,7.0,15.5,1.2,25,0.0,20100925,73.1,22.9,2010,0.0,2010-09-25,281,9
268,9.9,0.0,1.9,15.6,0.7,26,0.0,20100926,78.3,22.9,2010,0.0,2010-09-26,281,9
269,10.0,0.0,0.4,15.0,0.5,27,0.0,20100927,83.4,21.2,2010,0.0,2010-09-27,281,9
270,7.4,0.0,7.8,14.7,1.8,28,0.0,20100928,67.1,22.7,2010,0.0,2010-09-28,281,9
271,6.1,0.0,1.0,13.8,0.6,29,0.0,20100929,77.0,21.4,2010,0.0,2010-09-29,281,9
272,9.1,0.0,9.3,14.9,1.1,30,0.0,20100930,71.9,23.9,2010,0.0,2010-09-30,281,9
273,6.8,0.0,6.6,14.8,1.0,1,0.0,20101001,73.8,23.4,2010,0.0,2010-10-01,281,10
274,10.6,0.0,2.7,18.6,1.2,2,8.0,20101002,79.0,24.5,2010,0.0,2010-10-02,281,10
275,12.8,0.0,2.9,19.4,1.7,3,10.5,20101003,74.9,24.7,2010,0.0,2010-10-03,281,10
276,10.3,0.0,3.8,15.3,2.2,4,0.0,20101004,70.5,21.4,2010,0.0,2010-10-04,281,10
277,11.3,0.0,3.9,16.0,1.4,5,0.0,20101005,70.1,21.7,2010,0.0,2010-10-05,281,10
278,10.2,0.0,7.8,16.3,1.1,6,0.0,20101006,72.8,24.2,2010,0.0,2010-10-06,281,10
279,8.4,0.0,9.2,15.4,1.2,7,0.0,20101007,76.4,23.8,2010,0.0,2010-10-07,281,10
280,12.3,0.0,2.0,17.2,1.0,8,2.0,20101008,81.0,23.3,2010,0.0,2010-10-08,281,10
281,13.7,0.0,0.3,17.3,0.9,9,4.0,20101009,85.0,21.2,2010,0.0,2010-10-09,281,10
282,12.0,0.0,9.1,17.7,1.3,10,0.0,20101010,76.3,25.9,2010,0.0,2010-10-10,281,10
283,10.0,0.0,2.3,16.8,0.9,11,0.3,20101011,78.5,24.0,2010,0.0,2010-10-11,281,10
284,13.2,0.0,8.4,18.5,1.5,12,0.0,20101012,74.1,25.2,2010,0.0,2010-10-12,281,10
285,11.9,0.0,1.4,17.6,0.8,13,0.0,20101013,79.4,23.4,2010,0.0,2010-10-13,281,10
286,13.5,0.0,3.5,17.5,1.8,14,0.0,20101014,67.3,22.8,2010,0.0,2010-10-14,281,10
287,6.6,0.0,10.4,13.7,2.8,15,0.0,20101015,52.9,19.9,2010,0.0,2010-10-15,281,10
288,4.8,0.0,9.4,13.2,1.4,16,0.0,20101016,68.3,22.5,2010,0.0,2010-10-16,281,10
289,5.5,0.0,9.3,13.4,0.8,17,0.0,20101017,73.8,23.3,2010,0.0,2010-10-17,281,10
290,6.3,0.0,8.5,13.4,0.9,18,0.0,20101018,76.4,22.3,2010,0.0,2010-10-18,281,10
291,7.4,0.0,6.8,14.4,0.6,19,0.0,20101019,74.5,23.1,2010,0.0,2010-10-19,281,10
292,8.0,0.0,5.5,15.1,0.8,20,0.0,20101020,77.4,22.1,2010,0.0,2010-10-20,281,10
293,10.2,0.0,2.3,15.3,1.7,21,0.0,20101021,77.0,21.8,2010,0.0,2010-10-21,281,10
294,8.9,0.0,6.1,13.7,1.5,22,0.0,20101022,71.8,20.6,2010,0.0,2010-10-22,281,10
295,8.4,0.0,1.1,14.5,1.1,23,0.0,20101023,77.3,20.8,2010,0.0,2010-10-23,281,10
296,13.9,0.0,0.0,15.7,0.8,24,18.5,20101024,90.9,18.0,2010,0.0,2010-10-24,281,10
297,8.7,0.0,7.5,14.3,2.5,25,0.0,20101025,61.5,19.9,2010,0.0,2010-10-25,281,10
298,-1.1,0.0,10.2,4.8,2.7,26,0.0,20101026,46.3,10.8,2010,0.0,2010-10-26,281,10
299,-1.8,0.0,4.0,7.4,1.2,27,0.0,20101027,62.9,13.6,2010,0.0,2010-10-27,281,10
300,1.0,0.0,9.5,7.9,1.4,28,0.0,20101028,65.1,16.5,2010,0.0,2010-10-28,281,10
301,-0.6,0.0,6.4,8.9,1.5,29,0.0,20101029,68.6,17.9,2010,0.0,2010-10-29,281,10
302,6.0,0.0,1.5,11.2,1.5,30,0.0,20101030,66.0,17.0,2010,0.0,2010-10-30,281,10
303,4.6,0.0,4.6,11.2,1.1,31,2.5,20101031,75.6,18.7,2010,0.0,2010-10-31,281,10
304,5.0,0.0,9.6,11.4,2.1,1,0.5,20101101,60.8,18.3,2010,0.0,2010-11-01,281,11
305,3.6,0.0,7.3,8.1,2.9,2,0.0,20101102,40.6,13.8,2010,0.0,2010-11-02,281,11
306,-0.5,0.0,9.7,6.7,2.3,3,0.0,20101103,50.4,14.6,2010,0.0,2010-11-03,281,11
307,-1.3,0.0,9.2,7.1,1.5,4,0.0,20101104,67.0,17.2,2010,0.0,2010-11-04,281,11
308,0.2,0.0,7.7,7.7,1.1,5,0.0,20101105,70.0,18.5,2010,0.0,2010-11-05,281,11
309,0.8,0.0,8.0,8.6,1.0,6,0.0,20101106,71.6,19.2,2010,0.0,2010-11-06,281,11
310,1.7,0.0,6.1,8.2,0.7,7,0.0,20101107,75.8,17.9,2010,0.0,2010-11-07,281,11
311,2.2,0.0,4.5,8.8,3.3,8,0.0,20101108,55.4,16.4,2010,0.0,2010-11-08,281,11
312,4.2,0.0,8.2,6.8,5.0,9,0.0,20101109,41.1,11.5,2010,0.0,2010-11-09,281,11
313,-0.1,0.0,8.0,5.9,2.7,10,0.0,20101110,52.0,12.9,2010,0.0,2010-11-10,281,11
314,-2.5,0.0,5.7,8.7,1.3,11,4.5,20101111,70.3,17.4,2010,0.0,2010-11-11,281,11
315,1.3,0.0,8.0,9.5,2.5,12,0.0,20101112,50.9,16.4,2010,0.0,2010-11-12,281,11
316,-1.9,0.0,4.5,5.6,0.5,13,0.0,20101113,71.8,14.2,2010,0.0,2010-11-13,281,11
317,2.3,0.0,2.9,8.9,1.5,14,0.0,20101114,47.6,17.2,2010,0.0,2010-11-14,281,11
318,-3.2,0.0,7.9,4.5,2.5,15,0.0,20101115,21.9,10.1,2010,0.0,2010-11-15,281,11
319,-4.2,0.0,7.4,2.2,1.3,16,0.0,20101116,34.1,10.8,2010,0.0,2010-11-16,281,11
320,-4.9,0.0,7.8,2.8,1.2,17,0.0,20101117,47.4,13.8,2010,0.0,2010-11-17,281,11
321,-4.1,0.0,7.6,2.9,0.6,18,0.0,20101118,50.8,13.6,2010,0.0,2010-11-18,281,11
322,-4.6,0.0,5.3,2.6,0.6,19,0.0,20101119,55.0,13.5,2010,0.0,2010-11-19,281,11
323,-5.2,0.0,7.7,3.8,0.6,20,0.0,20101120,66.3,16.4,2010,0.0,2010-11-20,281,11
324,-2.5,0.0,7.4,6.3,0.6,21,0.0,20101121,66.6,18.2,2010,0.0,2010-11-21,281,11
325,2.3,0.0,3.7,7.4,1.8,22,0.0,20101122,54.6,16.1,2010,0.0,2010-11-22,281,11
326,-3.9,0.0,7.4,5.0,1.2,23,0.0,20101123,64.9,14.2,2010,0.0,2010-11-23,281,11
327,0.1,0.0,6.6,6.6,0.8,24,0.0,20101124,70.5,15.8,2010,0.0,2010-11-24,281,11
328,0.8,0.0,3.1,5.4,2.4,25,0.0,20101125,58.1,11.7,2010,0.0,2010-11-25,281,11
329,-7.6,0.0,4.5,2.1,2.1,27,0.0,20101127,56.3,11.7,2010,0.0,2010-11-27,281,11
330,-5.5,0.0,7.1,0.2,3.1,28,0.0,20101128,38.1,6.7,2010,0.0,2010-11-28,281,11
331,-6.1,0.0,7.1,2.2,0.9,29,0.0,20101129,54.6,12.5,2010,0.0,2010-11-29,281,11
332,-1.8,0.0,6.4,6.2,1.1,30,0.0,20101130,68.8,16.2,2010,0.0,2010-11-30,281,11
333,-3.3,0.0,5.1,4.2,0.6,1,0.0,20101201,72.6,17.4,2010,0.0,2010-12-01,281,12
334,-1.3,0.0,0.0,3.6,0.6,2,0.1,20101202,79.8,8.6,2010,0.0,2010-12-02,281,12
335,-0.6,0.0,6.6,3.9,5.1,3,0.3,20101203,41.5,7.6,2010,0.0,2010-12-03,281,12
336,-1.9,0.0,7.7,3.2,2.4,4,0.0,20101204,50.8,11.3,2010,0.0,2010-12-04,281,12
337,-4.6,0.0,7.4,3.6,0.8,5,0.0,20101205,67.4,14.6,2010,0.0,2010-12-05,281,12
338,-2.3,0.0,1.5,3.8,2.0,6,0.0,20101206,62.9,13.0,2010,0.0,2010-12-06,281,12
339,-1.3,0.0,2.5,1.7,2.9,7,0.0,20101207,45.6,7.3,2010,0.0,2010-12-07,281,12
340,-6.1,0.0,1.9,0.1,1.3,8,0.5,20101208,60.6,6.2,2010,0.0,2010-12-08,281,12
341,-4.1,0.0,7.6,0.3,3.1,9,0.0,20101209,45.1,5.7,2010,0.0,2010-12-09,281,12
342,-9.1,0.0,6.1,1.6,1.0,10,0.0,20101210,62.8,10.4,2010,0.0,2010-12-10,281,12
343,-6.3,0.0,7.0,2.8,4.0,11,0.0,20101211,36.5,10.1,2010,0.0,2010-12-11,281,12
344,-10.0,0.0,2.6,-1.9,0.7,12,0.0,20101212,47.6,4.6,2010,0.0,2010-12-12,281,12
345,-0.2,0.0,0.0,2.2,0.6,13,24.0,20101213,87.8,4.0,2010,0.0,2010-12-13,281,12
346,-4.7,0.0,7.3,2.2,3.8,14,0.0,20101214,56.6,7.4,2010,0.0,2010-12-14,281,12
347,-8.7,0.0,7.2,-5.8,4.8,15,0.0,20101215,37.8,-2.4,2010,0.0,2010-12-15,281,12
348,-8.5,0.0,7.6,-4.9,3.9,16,0.0,20101216,43.5,-0.4,2010,0.0,2010-12-16,281,12
349,-10.2,0.0,3.0,-1.9,1.7,17,0.0,20101217,75.3,4.5,2010,0.0,2010-12-17,281,12
350,-5.4,0.0,7.4,0.7,1.4,18,0.0,20101218,60.6,8.1,2010,0.0,2010-12-18,281,12
351,-6.8,0.0,5.8,2.4,0.6,19,0.0,20101219,68.9,11.7,2010,0.0,2010-12-19,281,12
352,-3.5,0.0,7.3,5.7,2.3,20,0.0,20101220,55.9,13.5,2010,0.0,2010-12-20,281,12
353,-5.7,0.0,1.3,1.3,0.5,21,0.0,20101221,74.6,9.6,2010,0.0,2010-12-21,281,12
354,-1.8,0.0,6.5,4.6,1.3,22,0.0,20101222,63.0,13.0,2010,0.0,2010-12-22,281,12
355,-4.6,0.0,6.5,1.8,2.3,23,0.0,20101223,52.8,10.0,2010,0.0,2010-12-23,281,12
356,-9.5,0.0,7.5,-6.1,4.6,24,0.0,20101224,30.4,-0.9,2010,0.0,2010-12-24,281,12
357,-11.3,0.0,7.3,-7.2,5.5,25,0.0,20101225,40.6,-2.7,2010,0.0,2010-12-25,281,12
358,-8.4,0.0,7.4,-4.3,4.2,26,0.0,20101226,46.9,0.5,2010,0.0,2010-12-26,281,12
359,-7.0,0.0,6.5,-1.7,2.7,27,0.0,20101227,64.8,3.9,2010,0.0,2010-12-27,281,12
360,-7.3,0.0,0.1,-1.3,1.9,28,3.0,20101228,81.9,2.9,2010,0.0,2010-12-28,281,12
361,-5.2,0.0,7.6,-2.4,2.8,29,0.0,20101229,61.0,1.5,2010,0.0,2010-12-29,281,12
362,-5.5,0.0,6.3,-2.5,2.9,30,0.1,20101230,58.4,2.3,2010,0.0,2010-12-30,281,12
363,-8.1,0.0,7.6,-5.5,4.2,31,0.0,20101231,47.3,-1.1,2010,0.0,2010-12-31,281,12
