,cloud,tavg,tmax,wind,month,year,day,station_id,Date,tmin,rainfall,humid,snow,date,sunshine
0,4.8,-1.1,3.8,3.6,1,2019,1,281,2019-01-01,-3.9,0.0,48.9,0.0,20190101,5.7
1,0.3,-0.9,4.3,3.4,1,2019,2,281,2019-01-02,-6.1,0.0,37.8,0.0,20190102,7.6
2,0.5,-1.1,6.1,2.2,1,2019,3,281,2019-01-03,-5.7,0.0,32.6,0.0,20190103,7.6
3,1.1,0.0,8.1,1.8,1,2019,4,281,2019-01-04,-9.6,0.0,41.4,0.0,20190104,6.8
4,4.7,1.3,7.1,2.2,1,2019,5,281,2019-01-05,-6.6,0.0,42.8,0.0,20190105,5.1
5,3.6,-1.3,7.4,1.3,1,2019,6,281,2019-01-06,-7.9,0.0,38.8,0.0,20190106,5.9
6,2.9,0.7,6.8,2.2,1,2019,7,281,2019-01-07,-6.7,0.0,38.5,0.0,20190107,7.7
7,2.5,1.2,5.7,4.2,1,2019,8,281,2019-01-08,-2.8,0.0,33.3,0.0,20190108,7.2
8,6.1,-1.9,4.7,1.7,1,2019,9,281,2019-01-09,-7.2,0.0,34.4,0.0,20190109,6.2
9,4.0,2.0,6.7,3.0,1,2019,10,281,2019-01-10,-4.1,0.0,38.1,0.0,20190110,7.0
10,4.8,2.6,9.9,1.0,1,2019,11,281,2019-01-11,-4.1,0.0,60.4,0.0,20190111,6.1
11,8.1,2.9,5.0,1.2,1,2019,12,281,2019-01-12,-0.3,7.0,88.9,0.0,20190112,0.0
12,0.3,0.6,8.7,0.8,1,2019,13,281,2019-01-13,-3.6,0.0,83.6,0.0,20190113,5.5
13,3.8,-0.1,8.8,0.9,1,2019,14,281,2019-01-14,-6.4,0.0,69.8,0.0,20190114,7.0
14,6.3,2.1,7.8,3.0,1,2019,15,281,2019-01-15,-2.6,0.0,54.8,0.0,20190115,6.3
15,2.6,-2.1,3.3,3.6,1,2019,16,281,2019-01-16,-6.6,0.0,36.8,0.0,20190116,7.8
16,4.6,1.6,5.9,3.3,1,2019,17,281,2019-01-17,-2.4,0.0,47.5,0.0,20190117,4.7
17,2.5,1.7,9.1,1.7,1,2019,18,281,2019-01-18,-3.5,0.0,45.0,0.0,20190118,7.9
18,8.5,3.7,12.0,0.7,1,2019,19,281,2019-01-19,-2.8,0.0,50.4,0.0,20190119,4.1
19,2.5,3.2,7.6,4.2,1,2019,20,281,2019-01-20,-2.0,0.4,37.9,0.0,20190120,7.5
20,0.0,1.8,7.6,4.0,1,2019,21,281,2019-01-21,-3.9,0.0,37.9,0.0,20190121,7.8
21,0.1,4.0,10.0,2.4,1,2019,22,281,2019-01-22,-1.8,0.0,45.9,0.0,20190122,7.8
22,0.0,4.3,11.0,2.4,1,2019,23,281,2019-01-23,-0.7,0.0,38.0,0.0,20190123,7.4
23,0.0,0.9,10.0,1.2,1,2019,24,281,2019-01-24,-6.9,0.0,38.8,0.0,20190124,7.9
24,4.0,0.4,7.1,2.5,1,2019,25,281,2019-01-25,-5.9,0.0,36.4,0.0,20190125,6.4
25,0.3,-0.5,5.1,2.8,1,2019,26,281,2019-01-26,-5.8,0.0,24.6,0.0,20190126,7.9
26,2.6,-0.5,8.8,1.4,1,2019,27,281,2019-01-27,-10.2,0.0,37.6,0.0,20190127,8.0
27,3.8,3.2,9.3,3.1,1,2019,28,281,2019-01-28,-2.4,0.0,34.9,0.0,20190128,6.6
28,1.9,-0.1,10.5,0.8,1,2019,29,281,2019-01-29,-8.2,0.0,45.8,0.0,20190129,8.0
29,7.9,4.7,12.4,1.9,1,2019,30,281,2019-01-30,-4.7,0.0,35.6,0.0,20190130,7.3
30,8.6,1.2,6.7,2.3,1,2019,31,281,2019-01-31,-2.8,4.5,67.1,0.0,20190131,0.1
31,2.4,-0.3,5.1,4.0,2,2019,1,281,2019-02-01,-5.2,0.0,44.3,0.0,20190201,8.5
32,3.0,2.5,9.1,2.0,2,2019,2,281,2019-02-02,-2.5,0.0,51.8,0.0,20190202,8.7
33,9.3,5.3,8.6,1.5,2,2019,3,281,2019-02-03,1.3,4.5,87.5,0.0,20190203,0.0
34,1.9,3.4,8.8,3.5,2,2019,4,281,2019-02-04,-2.7,0.0,32.9,0.0,20190204,8.6
35,4.3,1.6,12.1,0.7,2,2019,5,281,2019-02-05,-7.0,0.0,46.6,0.0,20190205,8.6
36,5.1,4.9,14.8,0.8,2,2019,6,281,2019-02-06,-4.0,0.0,44.9,0.0,20190206,8.1
37,7.0,3.0,8.9,2.7,2,2019,7,281,2019-02-07,-2.2,0.0,43.6,0.0,20190207,5.0
38,6.4,-0.5,6.1,1.7,2,2019,8,281,2019-02-08,-4.6,0.0,33.8,0.0,20190208,7.5
39,5.1,0.0,4.0,3.1,2,2019,9,281,2019-02-09,-2.4,0.0,23.3,0.0,20190209,8.6
40,7.3,0.9,5.8,1.4,2,2019,10,281,2019-02-10,-4.7,0.0,34.1,0.0,20190210,2.8
41,3.4,0.6,5.6,3.4,2,2019,11,281,2019-02-11,-3.3,0.0,27.8,0.0,20190211,9.9
42,4.9,1.0,7.3,1.5,2,2019,12,281,2019-02-12,-6.2,0.0,37.3,0.0,20190212,8.3
43,3.8,2.2,7.4,2.5,2,2019,13,281,2019-02-13,-3.0,0.0,29.9,0.0,20190213,9.3
44,8.3,1.6,6.2,1.3,2,2019,14,281,2019-02-14,-1.6,0.0,52.3,0.0,20190214,1.2
45,9.3,3.8,10.8,2.1,2,2019,15,281,2019-02-15,-1.3,0.0,55.1,0.0,20190215,4.4
46,6.3,1.1,5.0,3.5,2,2019,16,281,2019-02-16,-1.8,0.0,46.4,0.0,20190216,7.6
47,2.5,1.5,8.2,3.4,2,2019,17,281,2019-02-17,-4.2,0.0,33.3,0.0,20190217,10.3
48,9.3,4.4,10.4,1.2,2,2019,18,281,2019-02-18,-3.8,0.0,27.0,0.0,20190218,4.9
49,8.6,3.6,5.7,1.7,2,2019,19,281,2019-02-19,2.0,13.5,86.0,0.0,20190219,0.0
50,4.9,3.5,8.2,3.0,2,2019,20,281,2019-02-20,-0.8,0.0,58.9,0.0,20190220,6.8
51,3.3,2.7,11.1,0.8,2,2019,21,281,2019-02-21,-4.3,0.0,66.6,0.0,20190221,8.3
52,6.4,4.2,13.3,0.7,2,2019,22,281,2019-02-22,-2.3,0.0,62.8,0.0,20190222,5.8
53,6.8,3.8,12.7,1.3,2,2019,23,281,2019-02-23,-2.6,0.0,67.9,0.0,20190223,7.8
54,1.0,5.3,15.9,1.4,2,2019,24,281,2019-02-24,-3.9,0.0,56.4,0.0,20190224,10.3
55,4.5,8.5,16.3,1.8,2,2019,25,281,2019-02-25,1.4,0.0,49.5,0.0,20190225,9.3
56,3.3,6.3,15.0,1.1,2,2019,26,281,2019-02-26,-1.6,0.0,59.5,0.0,20190226,9.9
57,8.9,8.8,15.2,1.0,2,2019,27,281,2019-02-27,4.1,0.0,60.5,0.0,20190227,3.6
58,6.5,8.6,15.5,1.3,2,2019,28,281,2019-02-28,1.9,0.3,65.9,0.0,20190228,7.6
59,1.0,6.1,15.8,1.1,3,2019,1,281,2019-03-01,-2.6,0.0,57.3,0.0,20190301,10.0
60,5.6,6.7,15.2,1.2,3,2019,2,281,2019-03-02,-2.5,0.0,60.9,0.0,20190302,7.8
61,8.5,8.9,15.5,1.2,3,2019,3,281,2019-03-03,1.7,0.0,55.1,0.0,20190303,5.8
62,5.1,9.3,17.6,1.2,3,2019,4,281,2019-03-04,2.8,0.0,54.8,0.0,20190304,8.3
63,6.4,8.3,16.9,1.0,3,2019,5,281,2019-03-05,-1.3,0.0,54.0,0.0,20190305,5.5
64,8.1,10.4,15.7,0.9,3,2019,6,281,2019-03-06,6.7,0.0,49.8,0.0,20190306,4.1
65,5.9,7.7,14.3,1.7,3,2019,7,281,2019-03-07,2.4,0.0,56.5,0.0,20190307,5.2
66,0.0,6.4,16.9,1.0,3,2019,8,281,2019-03-08,-2.0,0.0,53.5,0.0,20190308,10.4
67,4.9,8.5,18.0,1.2,3,2019,9,281,2019-03-09,-2.4,0.0,42.3,0.0,20190309,10.0
68,8.8,8.0,10.2,1.3,3,2019,10,281,2019-03-10,6.0,6.0,72.4,0.0,20190310,0.0
69,5.5,7.8,15.3,1.6,3,2019,11,281,2019-03-11,-0.6,0.0,65.5,0.0,20190311,5.5
70,4.9,8.2,15.6,3.8,3,2019,12,281,2019-03-12,1.3,1.0,53.4,0.0,20190312,7.5
71,2.0,4.6,10.4,4.2,3,2019,13,281,2019-03-13,0.1,0.0,30.8,0.0,20190313,9.8
72,2.3,5.0,13.6,1.5,3,2019,14,281,2019-03-14,-3.4,0.0,33.6,0.0,20190314,10.3
73,8.3,5.7,13.8,2.0,3,2019,15,281,2019-03-15,-0.7,0.2,57.0,0.0,20190315,5.4
74,3.5,6.6,13.7,2.1,3,2019,16,281,2019-03-16,1.7,0.0,50.1,0.0,20190316,8.6
75,1.3,7.6,14.8,2.6,3,2019,17,281,2019-03-17,1.4,0.0,42.4,0.0,20190317,11.0
76,7.6,8.3,17.1,1.5,3,2019,18,281,2019-03-18,-2.6,0.0,48.6,0.0,20190318,7.9
77,1.8,12.4,21.6,1.7,3,2019,19,281,2019-03-19,0.6,0.0,40.6,0.0,20190319,10.6
78,8.8,11.8,19.4,1.3,3,2019,20,281,2019-03-20,3.6,5.5,59.9,0.0,20190320,0.0
79,8.5,13.6,17.9,4.0,3,2019,21,281,2019-03-21,6.4,0.5,59.4,0.0,20190321,8.1
80,6.3,7.5,14.0,2.6,3,2019,22,281,2019-03-22,3.3,0.0,38.5,0.0,20190322,9.3
81,4.3,5.9,13.8,2.9,3,2019,23,281,2019-03-23,2.0,0.5,45.0,0.0,20190323,7.9
82,0.4,6.5,13.9,2.4,3,2019,24,281,2019-03-24,-3.1,0.0,35.1,0.0,20190324,11.1
83,4.8,9.2,16.4,2.1,3,2019,25,281,2019-03-25,0.7,0.0,37.1,0.0,20190325,9.3
84,1.3,11.0,20.9,2.5,3,2019,26,281,2019-03-26,2.9,0.0,40.8,0.0,20190326,10.5
85,3.9,13.2,23.7,2.2,3,2019,27,281,2019-03-27,0.2,0.0,36.6,0.0,20190327,10.1
86,6.9,10.3,14.6,2.3,3,2019,28,281,2019-03-28,6.0,0.0,65.9,0.0,20190328,5.3
87,6.5,11.6,19.5,1.5,3,2019,29,281,2019-03-29,4.4,0.0,58.3,0.0,20190329,7.0
88,7.5,9.2,14.2,3.4,3,2019,30,281,2019-03-30,5.0,6.5,57.6,0.0,20190330,6.6
89,4.6,7.0,12.2,3.6,3,2019,31,281,2019-03-31,3.6,0.0,38.3,0.0,20190331,8.8
90,2.8,6.0,12.4,3.3,4,2019,1,281,2019-04-01,1.3,0.0,34.6,0.0,20190401,10.9
91,1.3,7.1,15.2,2.1,4,2019,2,281,2019-04-02,-2.9,0.0,39.0,0.0,20190402,11.2
92,0.0,8.5,16.5,2.1,4,2019,3,281,2019-04-03,-2.3,0.0,32.3,0.0,20190403,11.7
93,1.8,12.9,21.6,3.5,4,2019,4,281,2019-04-04,5.0,0.0,18.5,0.0,20190404,11.6
94,2.1,14.5,22.8,2.9,4,2019,5,281,2019-04-05,4.5,0.0,25.0,0.0,20190405,10.9
95,0.0,15.0,23.9,1.7,4,2019,6,281,2019-04-06,7.7,0.0,26.0,0.0,20190406,11.3
96,7.5,12.1,17.8,1.7,4,2019,7,281,2019-04-07,7.6,0.0,56.9,0.0,20190407,1.1
97,2.4,11.3,22.1,2.3,4,2019,8,281,2019-04-08,1.8,0.0,47.4,0.0,20190408,11.3
98,6.9,8.2,16.6,2.8,4,2019,9,281,2019-04-09,1.6,15.0,59.3,0.0,20190409,4.9
99,8.0,8.3,11.1,2.0,4,2019,10,281,2019-04-10,4.8,9.5,74.1,0.0,20190410,0.0
100,6.9,10.2,15.3,1.4,4,2019,11,281,2019-04-11,5.4,0.0,61.9,0.0,20190411,6.1
101,4.0,11.4,19.9,1.4,4,2019,12,281,2019-04-12,4.4,0.0,51.0,0.0,20190412,9.9
102,6.3,12.1,20.2,1.5,4,2019,13,281,2019-04-13,2.2,0.0,46.5,0.0,20190413,10.7
103,6.3,11.5,17.2,2.4,4,2019,14,281,2019-04-14,6.1,0.0,45.3,0.0,20190414,3.1
104,0.5,13.4,22.7,2.2,4,2019,15,281,2019-04-15,1.1,0.0,30.5,0.0,20190415,11.9
105,5.4,16.2,25.6,1.4,4,2019,16,281,2019-04-16,3.7,0.0,30.1,0.0,20190416,10.1
106,4.9,16.7,25.4,1.3,4,2019,17,281,2019-04-17,8.6,0.0,37.4,0.0,20190417,7.5
107,5.3,18.0,27.4,1.9,4,2019,18,281,2019-04-18,6.8,0.0,45.9,0.0,20190418,10.4
108,9.6,11.9,16.9,2.7,4,2019,19,281,2019-04-19,10.3,0.0,55.8,0.0,20190419,0.0
109,3.4,16.2,25.1,1.7,4,2019,20,281,2019-04-20,6.6,0.0,51.0,0.0,20190420,11.6
110,8.1,18.3,25.3,1.8,4,2019,21,281,2019-04-21,13.2,0.0,54.0,0.0,20190421,3.7
111,3.6,15.8,22.7,2.4,4,2019,22,281,2019-04-22,9.2,0.0,63.4,0.0,20190422,11.4
112,9.1,16.1,23.3,1.1,4,2019,23,281,2019-04-23,8.4,3.0,69.9,0.0,20190423,0.9
113,7.1,18.4,22.3,1.4,4,2019,24,281,2019-04-24,15.0,4.0,82.5,0.0,20190424,0.8
114,9.0,13.9,16.9,2.6,4,2019,25,281,2019-04-25,10.7,0.0,64.9,0.0,20190425,0.8
115,7.8,10.1,11.9,1.3,4,2019,26,281,2019-04-26,8.3,9.0,89.1,0.0,20190426,0.0
116,6.1,11.6,18.6,1.5,4,2019,27,281,2019-04-27,4.0,0.0,57.3,0.0,20190427,10.0
117,7.9,12.6,20.6,1.3,4,2019,28,281,2019-04-28,7.9,0.0,60.6,0.0,20190428,5.3
118,8.5,10.6,12.5,0.7,4,2019,29,281,2019-04-29,5.8,38.5,90.3,0.0,20190429,0.0
119,6.6,14.1,19.0,0.7,4,2019,30,281,2019-04-30,10.6,0.5,86.8,0.0,20190430,1.1
120,4.0,16.5,24.7,1.8,5,2019,1,281,2019-05-01,10.1,0.0,0.0,0.0,20190501,8.6
121,0.0,17.2,26.4,1.8,5,2019,2,281,2019-05-02,7.8,0.0,47.1,0.0,20190502,11.8
122,1.4,17.0,28.0,1.5,5,2019,3,281,2019-05-03,6.1,0.0,49.1,0.0,20190503,12.4
123,3.9,18.5,29.6,1.3,5,2019,4,281,2019-05-04,7.5,0.0,56.6,0.0,20190504,11.3
124,6.1,20.5,30.2,1.5,5,2019,5,281,2019-05-05,11.1,0.0,44.8,0.0,20190505,9.6
125,3.6,13.4,21.4,2.3,5,2019,6,281,2019-05-06,8.3,0.0,57.6,0.0,20190506,8.9
126,0.0,13.8,23.2,1.7,5,2019,7,281,2019-05-07,4.1,0.0,48.9,0.0,20190507,12.5
127,6.4,16.5,25.4,2.0,5,2019,8,281,2019-05-08,5.0,0.0,34.1,0.0,20190508,10.1
128,4.9,19.0,26.0,2.9,5,2019,9,281,2019-05-09,13.8,0.0,24.9,0.0,20190509,11.6
129,2.6,18.4,29.8,1.4,5,2019,10,281,2019-05-10,7.3,0.0,37.5,0.0,20190510,12.6
130,0.6,19.5,30.4,1.4,5,2019,11,281,2019-05-11,8.6,0.0,41.1,0.0,20190511,12.3
131,3.8,16.9,24.7,2.4,5,2019,12,281,2019-05-12,9.8,0.0,57.8,0.0,20190512,11.5
132,6.5,18.0,26.1,1.8,5,2019,13,281,2019-05-13,8.3,0.0,62.4,0.0,20190513,10.1
133,5.9,21.7,29.4,1.4,5,2019,14,281,2019-05-14,15.7,0.0,57.8,0.0,20190514,9.9
134,5.6,21.6,29.4,1.4,5,2019,15,281,2019-05-15,13.9,0.0,59.8,0.0,20190515,9.0
135,5.1,21.9,31.3,1.2,5,2019,16,281,2019-05-16,14.0,0.0,50.0,0.0,20190516,10.0
136,7.6,21.5,28.9,1.8,5,2019,17,281,2019-05-17,11.8,0.0,47.5,0.0,20190517,7.8
137,8.0,17.7,20.9,2.1,5,2019,18,281,2019-05-18,16.5,12.0,85.8,0.0,20190518,0.0
138,8.3,19.6,23.9,2.2,5,2019,19,281,2019-05-19,16.4,1.0,80.0,0.0,20190519,0.9
139,8.0,18.8,23.6,2.7,5,2019,20,281,2019-05-20,13.6,1.0,59.4,0.0,20190520,5.2
140,0.0,17.8,26.3,2.6,5,2019,21,281,2019-05-21,9.9,0.0,36.3,0.0,20190521,13.0
141,0.0,19.6,30.1,1.8,5,2019,22,281,2019-05-22,7.1,0.0,39.4,0.0,20190522,12.9
142,0.7,21.2,31.5,1.8,5,2019,23,281,2019-05-23,10.5,0.0,43.9,0.0,20190523,12.4
143,0.1,24.0,35.6,1.4,5,2019,24,281,2019-05-24,10.6,0.0,46.1,0.0,20190524,12.8
144,7.1,24.9,32.9,2.1,5,2019,25,281,2019-05-25,16.0,0.0,40.0,0.0,20190525,9.1
145,5.6,24.2,33.3,1.9,5,2019,26,281,2019-05-26,15.3,0.0,38.8,0.0,20190526,10.6
146,9.8,20.9,23.0,2.0,5,2019,27,281,2019-05-27,17.7,8.0,74.0,0.0,20190527,0.0
147,3.8,19.3,24.9,3.0,5,2019,28,281,2019-05-28,14.6,0.0,43.0,0.0,20190528,10.8
148,0.8,21.8,30.7,2.4,5,2019,29,281,2019-05-29,9.8,0.0,34.3,0.0,20190529,13.0
149,6.0,23.6,31.6,2.5,5,2019,30,281,2019-05-30,13.7,0.0,27.5,0.0,20190530,9.6
150,5.5,20.3,26.5,2.3,5,2019,31,281,2019-05-31,14.8,1.0,47.5,0.0,20190531,8.0
151,6.3,20.6,27.9,1.8,6,2019,1,281,2019-06-01,12.5,0.0,48.3,0.0,20190601,11.9
152,3.5,21.8,30.8,1.4,6,2019,2,281,2019-06-02,11.8,0.0,47.0,0.0,20190602,12.6
153,0.3,24.0,33.2,1.3,6,2019,3,281,2019-06-03,13.0,0.0,48.0,0.0,20190603,12.8
154,0.0,25.8,35.5,1.4,6,2019,4,281,2019-06-04,15.5,0.0,48.4,0.0,20190604,12.2
155,1.6,25.3,34.3,2.0,6,2019,5,281,2019-06-05,17.9,0.0,47.1,0.0,20190605,13.0
156,8.9,24.2,32.6,1.4,6,2019,6,281,2019-06-06,17.2,8.5,58.0,0.0,20190606,3.7
157,7.5,19.0,21.6,1.5,6,2019,7,281,2019-06-07,17.6,21.5,89.8,0.0,20190607,0.1
158,6.8,19.9,25.3,1.9,6,2019,8,281,2019-06-08,16.3,0.0,73.4,0.0,20190608,11.0
159,6.9,18.1,21.9,2.3,6,2019,9,281,2019-06-09,14.1,0.0,68.9,0.0,20190609,6.5
160,7.6,18.3,23.2,2.0,6,2019,10,281,2019-06-10,14.4,0.0,63.1,0.0,20190610,5.9
161,6.4,18.9,24.2,1.9,6,2019,11,281,2019-06-11,13.8,0.0,62.6,0.0,20190611,11.8
162,3.0,20.0,26.5,1.9,6,2019,12,281,2019-06-12,16.2,0.0,60.5,0.0,20190612,10.6
163,3.6,21.6,30.0,1.5,6,2019,13,281,2019-06-13,12.5,0.0,57.0,0.0,20190613,12.2
164,9.8,18.9,23.0,0.9,6,2019,14,281,2019-06-14,15.1,0.5,75.1,0.0,20190614,0.0
165,7.0,20.6,29.4,1.4,6,2019,15,281,2019-06-15,16.2,13.0,74.8,0.0,20190615,6.3
166,5.1,19.7,26.9,2.1,6,2019,16,281,2019-06-16,14.8,0.0,74.0,0.0,20190616,8.8
167,6.6,23.5,30.2,1.6,6,2019,17,281,2019-06-17,16.7,0.0,56.0,0.0,20190617,9.6
168,6.5,23.2,30.4,2.0,6,2019,18,281,2019-06-18,16.7,0.1,63.6,0.0,20190618,5.8
169,5.4,24.1,29.9,1.8,6,2019,19,281,2019-06-19,18.0,0.0,62.3,0.0,20190619,10.2
170,4.0,26.8,33.3,1.9,6,2019,20,281,2019-06-20,19.0,0.0,53.9,0.0,20190620,11.0
171,5.3,24.2,32.8,2.6,6,2019,21,281,2019-06-21,18.4,9.0,64.9,0.0,20190621,10.3
172,6.4,20.9,25.8,2.1,6,2019,22,281,2019-06-22,17.1,0.0,63.8,0.0,20190622,9.1
173,3.6,20.1,26.1,1.6,6,2019,23,281,2019-06-23,13.5,0.0,67.3,0.0,20190623,8.6
174,3.1,21.8,28.6,1.9,6,2019,24,281,2019-06-24,15.4,0.0,66.4,0.0,20190624,11.5
175,2.4,23.8,31.7,1.9,6,2019,25,281,2019-06-25,15.9,0.0,65.4,0.0,20190625,12.4
176,9.4,19.9,24.0,1.1,6,2019,26,281,2019-06-26,16.6,77.0,87.5,0.0,20190626,1.2
177,8.9,24.2,30.0,1.3,6,2019,27,281,2019-06-27,21.5,67.0,83.4,0.0,20190627,2.0
178,9.0,22.1,24.3,2.5,6,2019,28,281,2019-06-28,20.9,4.0,85.3,0.0,20190628,0.8
179,8.6,21.3,22.5,1.1,6,2019,29,281,2019-06-29,20.6,41.5,90.4,0.0,20190629,0.0
180,7.4,25.3,31.4,1.7,6,2019,30,281,2019-06-30,21.0,0.0,74.5,0.0,20190630,7.0
181,7.6,23.4,27.3,1.1,7,2019,1,281,2019-07-01,19.4,0.0,77.4,0.0,20190701,0.2
182,4.0,24.3,31.3,1.7,7,2019,2,281,2019-07-02,17.1,0.0,64.8,0.0,20190702,12.6
183,6.5,23.8,30.3,1.1,7,2019,3,281,2019-07-03,17.8,0.0,69.1,0.0,20190703,6.0
184,3.6,24.7,32.7,1.5,7,2019,4,281,2019-07-04,17.5,0.0,65.6,0.0,20190704,10.5
185,4.3,25.1,32.2,1.8,7,2019,5,281,2019-07-05,18.4,0.0,62.4,0.0,20190705,11.7
186,1.8,23.3,29.2,2.6,7,2019,6,281,2019-07-06,16.4,0.0,64.8,0.0,20190706,13.0
187,7.6,22.5,27.1,2.5,7,2019,7,281,2019-07-07,19.7,0.2,65.9,0.0,20190707,6.8
188,8.6,21.7,26.1,2.0,7,2019,8,281,2019-07-08,18.4,0.0,71.5,0.0,20190708,5.6
189,7.8,21.1,25.7,1.7,7,2019,9,281,2019-07-09,17.3,0.0,73.5,0.0,20190709,0.5
190,8.5,22.0,23.1,2.6,7,2019,10,281,2019-07-10,20.1,17.5,79.1,0.0,20190710,0.0
191,7.3,24.0,27.6,1.9,7,2019,11,281,2019-07-11,21.2,1.0,79.8,0.0,20190711,1.0
192,8.0,24.5,29.7,2.0,7,2019,12,281,2019-07-12,21.1,0.0,69.0,0.0,20190712,5.2
193,7.8,24.0,29.2,0.8,7,2019,13,281,2019-07-13,19.5,0.0,73.1,0.0,20190713,3.8
194,6.5,24.1,29.0,1.9,7,2019,14,281,2019-07-14,20.0,0.0,72.1,0.0,20190714,9.3
195,8.8,23.1,26.4,1.3,7,2019,15,281,2019-07-15,20.9,1.0,79.5,0.0,20190715,0.3
196,7.4,24.0,28.9,1.8,7,2019,16,281,2019-07-16,20.8,1.0,77.0,0.0,20190716,7.9
197,8.1,24.1,29.1,1.5,7,2019,17,281,2019-07-17,18.7,0.0,74.9,0.0,20190717,7.2
198,9.3,24.3,28.6,0.9,7,2019,18,281,2019-07-18,21.6,5.5,80.9,0.0,20190718,1.7
199,9.8,24.5,27.8,1.2,7,2019,19,281,2019-07-19,21.7,2.5,86.3,0.0,20190719,0.0
200,9.6,24.9,27.2,3.4,7,2019,20,281,2019-07-20,23.8,60.5,88.0,0.0,20190720,0.1
201,7.8,25.6,28.5,1.6,7,2019,21,281,2019-07-21,23.5,11.5,83.4,0.0,20190721,0.0
202,6.3,28.2,34.0,1.9,7,2019,22,281,2019-07-22,23.1,0.0,72.0,0.0,20190722,9.6
203,7.1,30.0,35.3,1.9,7,2019,23,281,2019-07-23,24.3,0.0,68.0,0.0,20190723,9.3
204,8.0,28.2,31.6,2.0,7,2019,24,281,2019-07-24,25.5,0.0,70.3,0.0,20190724,1.3
205,9.1,26.7,29.5,1.2,7,2019,25,281,2019-07-25,23.9,5.0,84.1,0.0,20190725,0.0
206,7.5,29.0,32.6,1.7,7,2019,26,281,2019-07-26,26.5,0.0,71.5,0.0,20190726,4.2
207,9.1,28.4,31.8,1.2,7,2019,27,281,2019-07-27,25.0,0.0,76.5,0.0,20190727,0.5
208,8.5,29.2,33.3,1.9,7,2019,28,281,2019-07-28,26.1,0.0,68.5,0.0,20190728,3.7
209,5.6,28.9,34.3,1.5,7,2019,29,281,2019-07-29,23.6,0.0,68.6,0.0,20190729,8.4
210,4.4,29.9,34.7,2.1,7,2019,30,281,2019-07-30,23.9,0.0,65.1,0.0,20190730,10.5
211,3.0,30.7,36.0,2.2,7,2019,31,281,2019-07-31,26.2,0.0,63.1,0.0,20190731,11.4
212,2.9,30.3,36.1,1.8,8,2019,1,281,2019-08-01,26.5,0.0,64.8,0.0,20190801,11.4
213,2.5,30.5,37.2,1.5,8,2019,2,281,2019-08-02,24.6,0.0,64.1,0.0,20190802,11.4
214,5.1,28.8,35.7,1.7,8,2019,3,281,2019-08-03,23.8,0.0,69.6,0.0,20190803,10.4
215,3.9,29.6,36.7,1.4,8,2019,4,281,2019-08-04,23.2,0.0,66.4,0.0,20190804,10.3
216,3.8,28.8,36.5,1.6,8,2019,5,281,2019-08-05,23.3,0.0,64.6,0.0,20190805,11.7
217,8.1,25.5,30.6,2.2,8,2019,6,281,2019-08-06,21.8,21.5,78.9,0.0,20190806,1.8
218,6.1,27.8,34.1,1.8,8,2019,7,281,2019-08-07,24.0,9.5,77.5,0.0,20190807,3.2
219,5.6,28.1,35.4,1.1,8,2019,8,281,2019-08-08,23.3,8.0,78.5,0.0,20190808,6.6
220,6.6,29.3,36.1,1.1,8,2019,9,281,2019-08-09,24.1,0.0,74.1,0.0,20190809,9.2
221,5.4,28.0,32.2,2.3,8,2019,10,281,2019-08-10,24.0,0.0,73.1,0.0,20190810,11.6
222,7.6,29.0,33.1,2.8,8,2019,11,281,2019-08-11,25.8,0.0,68.5,0.0,20190811,10.9
223,6.8,30.0,35.5,1.9,8,2019,12,281,2019-08-12,25.4,0.0,66.9,0.0,20190812,10.8
224,3.1,29.0,34.5,1.9,8,2019,13,281,2019-08-13,23.6,0.0,69.5,0.0,20190813,11.8
225,8.0,28.7,32.3,2.6,8,2019,14,281,2019-08-14,25.8,0.7,70.5,0.0,20190814,3.6
226,8.8,27.1,29.4,2.0,8,2019,15,281,2019-08-15,25.5,15.0,82.6,0.0,20190815,0.1
227,6.6,28.2,32.6,2.4,8,2019,16,281,2019-08-16,25.2,0.0,68.9,0.0,20190816,4.0
228,2.4,28.3,34.6,1.7,8,2019,17,281,2019-08-17,21.3,0.0,60.6,0.0,20190817,11.7
229,4.0,28.0,34.3,1.6,8,2019,18,281,2019-08-18,23.4,0.0,59.1,0.0,20190818,9.8
230,8.1,26.1,31.0,1.7,8,2019,19,281,2019-08-19,22.4,0.0,73.6,0.0,20190819,4.2
231,5.1,26.0,30.3,2.0,8,2019,20,281,2019-08-20,22.3,0.0,67.9,0.0,20190820,8.7
232,7.4,25.7,28.8,1.1,8,2019,21,281,2019-08-21,23.6,14.0,80.1,0.0,20190821,0.6
233,9.3,25.7,30.3,1.2,8,2019,22,281,2019-08-22,23.5,85.0,85.6,0.0,20190822,2.5
234,7.4,25.3,30.7,1.6,8,2019,23,281,2019-08-23,20.7,0.0,69.3,0.0,20190823,6.6
235,8.4,23.0,28.2,1.4,8,2019,24,281,2019-08-24,18.3,0.0,75.5,0.0,20190824,3.6
236,3.4,23.4,30.8,1.2,8,2019,25,281,2019-08-25,17.9,0.0,73.4,0.0,20190825,8.0
237,3.5,24.3,31.6,1.3,8,2019,26,281,2019-08-26,17.5,0.0,71.1,0.0,20190826,9.6
238,9.1,22.5,23.9,1.0,8,2019,27,281,2019-08-27,20.7,17.0,88.5,0.0,20190827,0.0
239,8.4,23.2,27.2,1.0,8,2019,28,281,2019-08-28,21.1,3.5,85.4,0.0,20190828,0.3
240,9.4,22.6,25.4,1.0,8,2019,29,281,2019-08-29,20.0,0.2,85.0,0.0,20190829,0.0
241,2.0,23.3,30.0,1.9,8,2019,30,281,2019-08-30,17.7,0.0,69.5,0.0,20190830,10.6
242,4.6,22.8,29.4,1.5,8,2019,31,281,2019-08-31,15.9,0.0,69.5,0.0,20190831,11.4
243,9.3,21.7,27.1,0.7,9,2019,1,281,2019-09-01,17.7,1.5,80.0,0.0,20190901,0.7
244,8.8,20.7,22.7,0.6,9,2019,2,281,2019-09-02,19.7,5.5,89.0,0.0,20190902,0.0
245,10.0,21.9,25.0,0.8,9,2019,3,281,2019-09-03,19.9,33.0,91.3,0.0,20190903,0.0
246,9.8,24.1,27.4,1.1,9,2019,4,281,2019-09-04,21.9,1.0,87.3,0.0,20190904,0.0
247,8.0,25.6,32.1,0.8,9,2019,5,281,2019-09-05,21.7,2.0,84.5,0.0,20190905,4.8
248,9.3,26.4,30.0,1.7,9,2019,6,281,2019-09-06,22.4,0.0,80.4,0.0,20190906,2.3
249,7.8,26.8,30.1,3.1,9,2019,7,281,2019-09-07,24.0,3.5,75.6,0.0,20190907,1.7
250,7.9,25.6,31.7,0.9,9,2019,8,281,2019-09-08,21.4,0.0,78.5,0.0,20190908,3.3
251,7.9,26.5,31.8,1.2,9,2019,9,281,2019-09-09,23.5,0.0,77.1,0.0,20190909,3.0
252,8.5,26.8,32.0,1.3,9,2019,10,281,2019-09-10,23.1,0.0,73.3,0.0,20190910,5.1
253,7.8,24.8,30.3,2.5,9,2019,11,281,2019-09-11,22.2,0.0,74.6,0.0,20190911,6.5
254,8.4,20.8,23.2,1.7,9,2019,12,281,2019-09-12,18.7,4.5,77.9,0.0,20190912,0.0
255,4.0,20.5,25.9,1.6,9,2019,13,281,2019-09-13,16.0,0.0,76.1,0.0,20190913,8.9
256,5.5,22.2,29.4,1.1,9,2019,14,281,2019-09-14,13.6,0.0,73.4,0.0,20190914,6.2
257,7.0,23.0,27.8,1.8,9,2019,15,281,2019-09-15,17.5,0.0,75.3,0.0,20190915,6.1
258,3.4,20.7,27.6,1.4,9,2019,16,281,2019-09-16,15.6,0.0,70.6,0.0,20190916,10.8
259,3.0,19.8,26.9,1.7,9,2019,17,281,2019-09-17,13.4,0.0,69.5,0.0,20190917,11.2
260,1.9,20.9,30.2,1.5,9,2019,18,281,2019-09-18,14.3,0.0,67.3,0.0,20190918,9.8
261,3.9,19.7,25.1,1.8,9,2019,19,281,2019-09-19,15.3,0.0,64.8,0.0,20190919,10.8
262,9.4,19.5,23.5,1.9,9,2019,20,281,2019-09-20,14.0,0.0,70.6,0.0,20190920,1.7
263,10.0,18.8,21.8,2.1,9,2019,21,281,2019-09-21,16.7,56.0,86.9,0.0,20190921,0.0
264,10.0,18.8,19.7,4.4,9,2019,22,281,2019-09-22,17.1,48.5,80.9,0.0,20190922,0.0
265,5.6,18.5,21.9,1.6,9,2019,23,281,2019-09-23,16.3,0.5,76.0,0.0,20190923,0.1
266,2.8,18.0,26.7,1.1,9,2019,24,281,2019-09-24,12.3,0.0,73.1,0.0,20190924,9.3
267,7.1,17.9,25.4,1.1,9,2019,25,281,2019-09-25,10.1,0.0,73.4,0.0,20190925,7.1
268,6.9,20.4,26.7,1.5,9,2019,26,281,2019-09-26,15.5,0.0,77.4,0.0,20190926,6.9
269,8.3,21.7,26.6,1.3,9,2019,27,281,2019-09-27,17.1,0.5,78.9,0.0,20190927,4.6
270,8.1,22.8,26.5,0.7,9,2019,28,281,2019-09-28,20.6,0.5,85.5,0.0,20190928,1.2
271,2.8,23.8,30.5,1.0,9,2019,29,281,2019-09-29,18.4,0.0,75.5,0.0,20190929,9.1
272,4.8,23.2,30.9,0.7,9,2019,30,281,2019-09-30,16.0,0.0,76.1,0.0,20190930,7.1
273,9.4,23.0,25.8,0.7,10,2019,1,281,2019-10-01,21.3,0.4,86.4,0.0,20191001,0.0
274,10.0,21.7,23.1,1.3,10,2019,2,281,2019-10-02,20.9,121.5,93.0,0.0,20191002,0.0
275,5.3,22.6,26.7,2.3,10,2019,3,281,2019-10-03,18.3,6.0,81.1,0.0,20191003,3.0
276,4.3,20.7,28.1,1.2,10,2019,4,281,2019-10-04,15.7,0.0,81.6,0.0,20191004,7.1
277,8.9,21.0,25.8,1.7,10,2019,5,281,2019-10-05,17.7,0.0,73.4,0.0,20191005,2.6
278,8.5,16.6,21.2,2.2,10,2019,6,281,2019-10-06,11.9,0.0,65.5,0.0,20191006,6.7
279,8.9,15.4,18.8,0.9,10,2019,7,281,2019-10-07,12.1,6.5,87.9,0.0,20191007,0.0
280,4.7,17.5,23.5,3.2,10,2019,8,281,2019-10-08,13.0,0.0,58.3,0.0,20191008,9.0
281,0.5,13.5,22.2,1.4,10,2019,9,281,2019-10-09,6.0,0.0,61.8,0.0,20191009,10.4
282,6.4,15.1,24.1,0.9,10,2019,10,281,2019-10-10,6.0,0.0,69.3,0.0,20191010,9.8
283,3.9,18.6,25.4,1.5,10,2019,11,281,2019-10-11,12.9,0.0,65.1,0.0,20191011,10.4
284,2.6,18.9,23.5,3.1,10,2019,12,281,2019-10-12,13.1,0.0,53.5,0.0,20191012,10.2
285,1.1,14.6,21.1,1.8,10,2019,13,281,2019-10-13,8.7,0.0,69.3,0.0,20191013,10.1
286,4.4,15.1,23.2,1.3,10,2019,14,281,2019-10-14,7.0,0.0,72.1,0.0,20191014,9.5
287,4.1,13.6,18.2,2.0,10,2019,15,281,2019-10-15,7.9,1.0,73.4,0.0,20191015,3.5
288,5.0,11.7,21.1,0.8,10,2019,16,281,2019-10-16,5.3,0.0,78.8,0.0,20191016,7.5
289,7.9,13.0,20.3,1.2,10,2019,17,281,2019-10-17,7.2,0.0,78.3,0.0,20191017,1.9
290,9.5,14.5,17.7,1.2,10,2019,18,281,2019-10-18,10.9,4.0,87.8,0.0,20191018,0.0
291,3.1,16.7,23.7,1.0,10,2019,19,281,2019-10-19,11.9,3.0,80.8,0.0,20191019,6.4
292,4.3,15.0,23.6,0.7,10,2019,20,281,2019-10-20,10.0,0.0,79.9,0.0,20191020,6.8
293,3.6,14.4,22.4,1.3,10,2019,21,281,2019-10-21,10.2,0.0,79.3,0.0,20191021,6.7
294,4.6,15.2,23.4,1.2,10,2019,22,281,2019-10-22,8.9,0.0,75.9,0.0,20191022,8.2
295,9.0,15.9,20.7,1.7,10,2019,23,281,2019-10-23,10.1,0.0,75.6,0.0,20191023,1.5
296,7.5,17.5,20.5,1.8,10,2019,24,281,2019-10-24,14.3,0.0,74.1,0.0,20191024,0.0
297,7.1,18.0,25.1,1.5,10,2019,25,281,2019-10-25,13.9,0.0,71.1,0.0,20191025,5.4
298,5.3,14.5,19.5,2.5,10,2019,26,281,2019-10-26,10.4,0.0,57.4,0.0,20191026,8.6
299,0.9,10.9,18.2,2.3,10,2019,27,281,2019-10-27,4.2,0.0,56.4,0.0,20191027,9.7
300,3.3,9.8,19.3,0.9,10,2019,28,281,2019-10-28,1.0,0.0,69.8,0.0,20191028,9.6
301,2.0,12.3,20.0,1.5,10,2019,29,281,2019-10-29,5.0,0.0,64.1,0.0,20191029,6.2
302,0.0,12.5,19.3,2.1,10,2019,30,281,2019-10-30,5.9,0.0,54.8,0.0,20191030,9.6
303,0.1,14.5,22.0,2.1,10,2019,31,281,2019-10-31,6.8,0.0,59.5,0.0,20191031,9.3
304,3.1,14.7,23.3,1.4,11,2019,1,281,2019-11-01,9.1,0.0,67.6,0.0,20191101,8.5
305,6.5,13.4,21.4,0.6,11,2019,2,281,2019-11-02,6.8,0.0,76.5,0.0,20191102,5.6
306,7.0,14.0,22.2,1.0,11,2019,3,281,2019-11-03,8.0,6.5,78.9,0.0,20191103,6.0
307,3.5,12.5,18.1,1.2,11,2019,4,281,2019-11-04,5.5,0.0,69.0,0.0,20191104,3.1
308,1.4,10.7,20.1,1.4,11,2019,5,281,2019-11-05,2.6,0.0,70.4,0.0,20191105,8.7
309,2.9,10.7,20.1,0.6,11,2019,6,281,2019-11-06,3.3,0.0,71.4,0.0,20191106,8.5
310,4.0,11.5,18.9,2.1,11,2019,7,281,2019-11-07,4.9,0.0,59.3,0.0,20191107,6.2
311,0.0,7.8,17.2,1.3,11,2019,8,281,2019-11-08,1.3,0.0,56.1,0.0,20191108,8.6
312,0.9,6.9,18.1,1.2,11,2019,9,281,2019-11-09,-1.2,0.0,60.3,0.0,20191109,8.7
313,7.0,7.4,15.2,0.8,11,2019,10,281,2019-11-10,-0.1,7.0,72.9,0.0,20191110,2.2
314,4.3,12.7,17.7,2.5,11,2019,11,281,2019-11-11,8.8,0.0,67.9,0.0,20191111,5.7
315,2.5,9.2,18.2,0.8,11,2019,12,281,2019-11-12,3.7,0.0,75.8,0.0,20191112,8.2
316,5.8,8.6,14.1,1.6,11,2019,13,281,2019-11-13,1.7,0.0,70.6,0.0,20191113,0.0
317,0.3,4.0,10.1,3.4,11,2019,14,281,2019-11-14,-2.8,0.0,37.3,0.0,20191114,8.1
318,0.0,5.4,16.4,0.7,11,2019,15,281,2019-11-15,-5.0,0.0,62.4,0.0,20191115,7.9
319,3.6,10.4,19.3,0.6,11,2019,16,281,2019-11-16,2.5,0.0,74.5,0.0,20191116,6.5
320,9.0,11.0,15.3,1.0,11,2019,17,281,2019-11-17,4.6,0.0,85.8,0.0,20191117,0.0
321,9.1,10.7,20.1,4.4,11,2019,18,281,2019-11-18,4.4,12.5,60.5,0.0,20191118,2.5
322,2.4,4.6,8.7,3.5,11,2019,19,281,2019-11-19,1.6,0.0,53.3,0.0,20191119,7.2
323,0.1,2.9,10.3,2.0,11,2019,20,281,2019-11-20,-2.3,0.0,47.0,0.0,20191120,7.8
324,3.5,4.8,14.4,0.7,11,2019,21,281,2019-11-21,-5.2,0.0,59.3,0.0,20191121,7.7
325,3.3,8.4,18.2,1.0,11,2019,22,281,2019-11-22,0.8,0.0,76.3,0.0,20191122,7.6
326,6.8,10.3,19.1,0.5,11,2019,23,281,2019-11-23,3.5,0.0,77.8,0.0,20191123,7.8
327,6.9,13.1,21.0,1.3,11,2019,24,281,2019-11-24,7.4,0.0,75.5,0.0,20191124,4.3
328,8.1,8.9,13.5,2.6,11,2019,25,281,2019-11-25,6.8,0.0,67.6,0.0,20191125,0.2
329,4.6,8.6,13.7,1.3,11,2019,26,281,2019-11-26,3.3,0.0,70.8,0.0,20191126,4.9
330,9.1,6.0,11.3,1.4,11,2019,27,281,2019-11-27,1.0,0.0,63.6,0.0,20191127,0.5
331,6.5,4.9,10.4,1.2,11,2019,28,281,2019-11-28,0.4,0.0,76.9,0.0,20191128,0.6
332,3.8,3.3,11.7,1.4,11,2019,29,281,2019-11-29,-1.6,0.0,62.4,0.0,20191129,7.7
333,6.9,5.2,13.3,0.6,11,2019,30,281,2019-11-30,-0.8,0.0,69.3,0.0,20191130,2.5
334,9.9,6.8,9.9,1.3,12,2019,1,281,2019-12-01,4.3,23.0,78.4,0.0,20191201,0.0
335,3.5,4.3,7.9,4.5,12,2019,2,281,2019-12-02,0.5,0.5,53.5,0.0,20191202,6.5
336,2.1,3.5,9.2,2.5,12,2019,3,281,2019-12-03,-3.2,0.0,57.6,0.0,20191203,7.1
337,2.0,3.4,10.2,1.9,12,2019,4,281,2019-12-04,-1.7,0.0,59.4,0.0,20191204,5.9
338,0.3,1.6,6.1,3.3,12,2019,5,281,2019-12-05,-3.5,0.0,39.5,0.0,20191205,7.7
339,0.0,-2.7,3.9,2.2,12,2019,6,281,2019-12-06,-6.9,0.0,35.1,0.0,20191206,7.5
340,0.0,1.4,8.6,2.4,12,2019,7,281,2019-12-07,-7.8,0.0,49.8,0.0,20191207,7.6
341,0.0,1.4,9.4,1.3,12,2019,8,281,2019-12-08,-4.4,0.0,62.5,0.0,20191208,7.6
342,0.4,0.5,10.9,0.7,12,2019,9,281,2019-12-09,-7.4,0.0,69.8,0.0,20191209,7.6
343,3.4,3.6,15.1,0.7,12,2019,10,281,2019-12-10,-4.0,0.0,75.1,0.0,20191210,5.1
344,5.1,6.5,16.6,2.5,12,2019,11,281,2019-12-11,-0.3,0.0,64.9,0.0,20191211,5.1
345,0.0,2.8,7.5,1.5,12,2019,12,281,2019-12-12,-2.6,0.0,33.3,0.0,20191212,7.7
346,4.1,0.6,9.3,0.8,12,2019,13,281,2019-12-13,-6.9,0.0,47.3,0.0,20191213,7.6
347,3.6,3.1,11.0,1.8,12,2019,14,281,2019-12-14,-3.0,0.0,53.3,0.0,20191214,7.2
348,5.5,4.5,13.2,1.0,12,2019,15,281,2019-12-15,-1.9,0.0,67.0,0.0,20191215,7.2
349,4.0,5.0,14.0,0.5,12,2019,16,281,2019-12-16,-2.8,0.0,72.0,0.0,20191216,6.8
350,6.8,8.3,17.6,1.6,12,2019,17,281,2019-12-17,0.1,0.0,75.8,0.0,20191217,3.8
351,4.9,7.2,12.4,2.5,12,2019,18,281,2019-12-18,3.3,0.0,56.1,0.0,20191218,7.5
352,6.3,3.8,9.4,3.4,12,2019,19,281,2019-12-19,0.7,0.0,35.0,0.0,20191219,6.3
353,6.0,1.3,7.1,2.2,12,2019,20,281,2019-12-20,-2.7,0.0,50.3,0.0,20191220,6.7
354,5.4,0.5,4.2,1.5,12,2019,21,281,2019-12-21,-4.4,0.0,55.8,0.0,20191221,2.1
355,5.9,0.0,7.1,0.5,12,2019,22,281,2019-12-22,-4.4,0.0,73.9,0.0,20191222,0.9
356,2.3,1.8,11.3,1.5,12,2019,23,281,2019-12-23,-5.3,0.0,69.0,0.0,20191223,4.4
357,3.5,2.1,11.2,0.7,12,2019,24,281,2019-12-24,-3.8,0.0,73.0,0.0,20191224,6.6
358,5.5,3.5,13.2,0.8,12,2019,25,281,2019-12-25,-4.9,0.0,60.9,0.0,20191225,7.3
359,9.3,3.2,6.9,2.1,12,2019,26,281,2019-12-26,0.5,2.0,69.0,0.0,20191226,0.0
360,0.0,1.1,6.1,3.4,12,2019,27,281,2019-12-27,-3.2,0.0,44.8,0.0,20191227,7.6
361,0.0,-0.2,7.9,1.1,12,2019,28,281,2019-12-28,-5.4,0.0,54.0,0.0,20191228,7.6
362,8.4,-0.2,5.1,0.4,12,2019,29,281,2019-12-29,-6.4,3.0,72.8,0.0,20191229,0.0
363,7.3,5.3,11.6,2.3,12,2019,30,281,2019-12-30,2.0,2.0,76.9,0.0,20191230,2.3
364,1.4,-2.7,2.4,4.4,12,2019,31,281,2019-12-31,-5.2,0.0,37.9,0.0,20191231,7.6
