,year,rainfall,cloud,sunshine,humid,snow,tmax,day,tmin,wind,month,Date,tavg,date,station_id
0,2005,0.0,0.0,6.0,41.0,0.0,2.0,1,-5.8,3.6,1,2005-01-01,-2.1,20050101,281
1,2005,0.0,0.0,5.8,50.5,0.0,7.5,2,-3.5,2.6,1,2005-01-02,1.8,20050102,281
2,2005,0.0,0.0,3.7,52.9,0.0,11.8,3,-6.0,2.5,1,2005-01-03,4.3,20050103,281
3,2005,0.0,0.0,6.3,33.1,0.0,6.6,4,-5.0,3.5,1,2005-01-04,-0.2,20050104,281
4,2005,0.0,0.0,6.1,51.1,0.0,7.0,5,-11.3,0.6,1,2005-01-05,-2.1,20050105,281
5,2005,0.0,0.0,4.4,36.5,0.0,8.8,6,-1.2,2.3,1,2005-01-06,4.2,20050106,281
6,2005,0.0,0.0,5.1,36.9,0.0,6.8,7,-2.0,3.6,1,2005-01-07,3.0,20050107,281
7,2005,0.0,0.0,5.8,35.8,0.0,4.8,8,-4.5,3.1,1,2005-01-08,-0.2,20050108,281
8,2005,0.0,0.0,7.4,30.6,0.0,1.6,9,-7.5,3.6,1,2005-01-09,-3.5,20050109,281
9,2005,0.0,0.0,6.5,43.1,0.0,3.7,10,-6.9,3.5,1,2005-01-10,-1.5,20050110,281
10,2005,0.0,0.0,6.4,44.6,0.0,4.0,11,-2.5,3.8,1,2005-01-11,0.1,20050111,281
11,2005,0.0,0.0,7.0,41.5,0.0,2.7,12,-4.6,3.3,1,2005-01-12,-1.4,20050112,281
12,2005,0.0,0.0,6.2,46.6,0.0,3.0,13,-4.5,3.0,1,2005-01-13,-0.9,20050113,281
13,2005,0.0,0.0,5.6,48.6,0.0,7.3,14,-9.3,1.2,1,2005-01-14,-0.1,20050114,281
14,2005,0.0,0.0,6.4,40.9,0.0,7.0,15,-1.7,3.3,1,2005-01-15,1.7,20050115,281
15,2005,8.3,0.0,2.9,60.9,12.5,5.6,16,-5.6,2.8,1,2005-01-16,0.1,20050116,281
16,2005,0.0,0.0,7.1,66.5,0.0,8.8,17,-12.6,0.9,1,2005-01-17,-2.5,20050117,281
17,2005,0.0,0.0,7.2,65.9,0.0,9.5,18,-10.3,0.4,1,2005-01-18,-0.6,20050118,281
18,2005,0.0,0.0,7.5,42.6,0.0,4.8,19,-0.8,4.3,1,2005-01-19,1.7,20050119,281
19,2005,0.0,0.0,7.3,44.1,0.0,2.9,20,-3.7,4.3,1,2005-01-20,-0.8,20050120,281
20,2005,0.0,0.0,7.6,38.3,0.0,5.3,21,-6.0,2.5,1,2005-01-21,-0.9,20050121,281
21,2005,0.0,0.0,4.5,44.8,0.0,7.9,22,-9.5,0.3,1,2005-01-22,0.3,20050122,281
22,2005,0.0,0.0,2.5,62.8,0.0,10.1,23,0.1,0.3,1,2005-01-23,3.9,20050123,281
23,2005,0.0,0.0,1.4,57.5,0.0,8.8,24,-0.4,1.6,1,2005-01-24,3.2,20050124,281
24,2005,6.8,0.0,0.0,71.5,5.0,5.9,25,-3.9,0.4,1,2005-01-25,1.0,20050125,281
25,2005,0.2,0.0,5.1,71.3,0.3,9.8,26,0.6,0.6,1,2005-01-26,3.7,20050126,281
26,2005,0.0,0.0,4.6,55.1,0.0,10.3,27,-2.2,1.3,1,2005-01-27,3.5,20050127,281
27,2005,0.0,0.0,7.2,57.4,0.0,13.5,28,-5.0,0.4,1,2005-01-28,2.1,20050128,281
28,2005,0.0,0.0,2.3,62.1,0.0,7.5,29,-4.6,2.3,1,2005-01-29,-0.2,20050129,281
29,2005,0.0,0.0,6.2,45.3,0.0,0.4,30,-6.1,3.4,1,2005-01-30,-3.5,20050130,281
30,2005,0.4,0.0,8.3,43.5,0.8,0.8,31,-7.9,4.3,1,2005-01-31,-4.1,20050131,281
31,2005,0.0,0.0,8.4,52.0,0.0,-4.5,1,-11.0,6.0,2,2005-02-01,-8.0,20050201,281
32,2005,0.0,0.0,8.4,55.5,0.0,-0.4,2,-10.3,4.2,2,2005-02-02,-5.3,20050202,281
33,2005,0.0,0.0,8.6,50.4,0.0,3.5,3,-5.6,3.3,2,2005-02-03,-1.7,20050203,281
34,2005,0.0,0.0,7.5,38.6,0.0,7.5,4,-3.2,2.2,2,2005-02-04,1.4,20050204,281
35,2005,0.0,0.0,7.7,51.8,0.0,7.1,5,-5.8,1.3,2,2005-02-05,-0.6,20050205,281
36,2005,0.0,0.0,7.0,68.8,0.0,10.0,6,-8.8,0.7,2,2005-02-06,-0.3,20050206,281
37,2005,0.0,0.0,0.5,73.6,0.0,7.8,7,-3.2,0.7,2,2005-02-07,3.5,20050207,281
38,2005,0.0,0.0,4.0,76.3,0.0,8.6,8,-3.5,0.9,2,2005-02-08,3.0,20050208,281
39,2005,0.0,0.0,1.5,72.9,0.0,6.4,9,-5.5,1.4,2,2005-02-09,0.3,20050209,281
40,2005,0.0,0.0,6.4,39.0,0.0,3.7,10,-5.5,3.6,2,2005-02-10,-1.8,20050210,281
41,2005,0.0,0.0,9.7,39.3,0.0,1.7,11,-8.1,3.7,2,2005-02-11,-3.7,20050211,281
42,2005,0.0,0.0,4.7,39.0,0.0,2.5,12,-8.1,1.2,2,2005-02-12,-3.8,20050212,281
43,2005,0.0,0.0,9.6,34.1,0.0,6.5,13,-6.5,2.4,2,2005-02-13,-0.6,20050213,281
44,2005,0.0,0.0,5.1,51.1,0.0,7.5,14,-8.8,0.5,2,2005-02-14,0.1,20050214,281
45,2005,6.0,0.0,0.0,64.3,0.0,8.5,15,0.6,2.4,2,2005-02-15,4.8,20050215,281
46,2005,3.0,0.0,0.0,77.5,0.0,6.6,16,3.5,1.8,2,2005-02-16,5.1,20050216,281
47,2005,0.0,0.0,6.3,71.5,0.0,10.3,17,2.2,2.2,2,2005-02-17,5.3,20050217,281
48,2005,2.5,0.0,0.0,74.9,0.0,4.9,18,1.6,2.8,2,2005-02-18,3.0,20050218,281
49,2005,0.0,0.0,3.8,64.1,0.0,6.3,19,-5.5,3.4,2,2005-02-19,0.9,20050219,281
50,2005,0.0,0.0,9.9,44.3,0.0,0.3,20,-9.1,4.1,2,2005-02-20,-4.9,20050220,281
51,2005,0.0,0.0,10.0,46.1,0.0,0.6,21,-9.3,3.3,2,2005-02-21,-4.9,20050221,281
52,2005,0.0,0.0,4.5,60.9,0.0,7.0,22,-12.3,1.1,2,2005-02-22,-0.7,20050222,281
53,2005,0.0,0.0,8.3,38.8,0.0,7.9,23,-0.3,3.3,2,2005-02-23,3.0,20050223,281
54,2005,0.0,0.0,0.3,61.6,0.0,4.5,24,-3.9,0.5,2,2005-02-24,0.2,20050224,281
55,2005,0.0,0.0,9.4,33.8,0.0,3.7,25,-4.6,3.7,2,2005-02-25,-1.0,20050225,281
56,2005,0.0,0.0,10.3,37.0,0.0,3.4,26,-7.9,3.2,2,2005-02-26,-3.0,20050226,281
57,2005,0.0,0.0,9.5,35.6,0.0,6.0,27,-6.3,2.6,2,2005-02-27,-0.5,20050227,281
58,2005,0.0,0.0,9.3,38.0,0.0,8.3,28,-5.8,2.3,2,2005-02-28,2.1,20050228,281
59,2005,0.0,0.0,9.9,34.5,0.0,8.5,1,-6.5,2.1,3,2005-03-01,1.7,20050301,281
60,2005,0.0,0.0,4.5,61.5,0.0,5.9,2,-4.6,0.9,3,2005-03-02,0.7,20050302,281
61,2005,0.0,0.0,8.8,44.9,0.0,7.0,3,-5.0,2.3,3,2005-03-03,0.9,20050303,281
62,2005,0.0,0.0,8.4,52.1,0.0,6.9,4,-5.5,2.2,3,2005-03-04,0.0,20050304,281
63,2005,12.6,0.0,7.9,75.5,16.6,4.6,5,-7.9,1.3,3,2005-03-05,-1.4,20050305,281
64,2005,1.1,0.0,10.3,59.8,2.9,8.1,6,-5.1,1.7,3,2005-03-06,1.7,20050306,281
65,2005,0.0,0.0,9.9,43.0,0.0,14.1,7,-2.4,2.4,3,2005-03-07,5.9,20050307,281
66,2005,0.0,0.0,9.1,55.3,0.0,17.2,8,-2.7,1.8,3,2005-03-08,7.9,20050308,281
67,2005,0.0,0.0,7.8,61.8,0.0,15.5,9,-1.0,1.4,3,2005-03-09,8.4,20050309,281
68,2005,0.0,0.0,8.0,67.9,0.0,20.7,10,4.0,1.4,3,2005-03-10,11.9,20050310,281
69,2005,6.0,0.0,2.1,70.0,0.0,7.9,11,-2.5,3.4,3,2005-03-11,3.9,20050311,281
70,2005,0.0,0.0,10.5,42.9,0.0,2.7,12,-5.4,4.7,3,2005-03-12,-2.1,20050312,281
71,2005,0.0,0.0,9.6,39.8,0.0,5.0,13,-5.9,3.9,3,2005-03-13,-0.8,20050313,281
72,2005,0.0,0.0,10.6,42.6,0.0,10.8,14,-4.8,2.3,3,2005-03-14,2.6,20050314,281
73,2005,0.0,0.0,5.9,63.9,0.0,11.3,15,-2.7,1.3,3,2005-03-15,3.9,20050315,281
74,2005,0.5,0.0,7.9,66.0,0.0,16.7,16,-1.1,0.8,3,2005-03-16,7.5,20050316,281
75,2005,25.0,0.0,3.3,75.0,0.0,11.5,17,4.3,1.8,3,2005-03-17,6.9,20050317,281
76,2005,0.0,0.0,9.6,44.8,0.0,11.1,18,2.7,3.8,3,2005-03-18,6.0,20050318,281
77,2005,0.0,0.0,9.9,43.8,0.0,13.8,19,-1.6,1.3,3,2005-03-19,6.0,20050319,281
78,2005,0.0,0.0,9.6,42.8,0.0,13.6,20,1.7,2.8,3,2005-03-20,7.9,20050320,281
79,2005,0.5,0.0,8.1,55.0,0.0,17.6,21,-2.5,1.0,3,2005-03-21,8.5,20050321,281
80,2005,23.5,0.0,2.2,80.8,0.0,11.8,22,3.2,1.0,3,2005-03-22,6.7,20050322,281
81,2005,0.0,0.0,3.6,75.6,0.0,12.1,23,2.7,1.1,3,2005-03-23,6.8,20050323,281
82,2005,0.5,0.0,4.9,68.5,0.0,5.9,24,-0.5,3.1,3,2005-03-24,1.9,20050324,281
83,2005,0.0,0.0,11.0,43.6,0.0,11.3,25,-1.7,3.9,3,2005-03-25,4.6,20050325,281
84,2005,0.0,0.0,9.0,51.3,0.0,17.6,26,-2.5,1.2,3,2005-03-26,8.9,20050326,281
85,2005,1.5,0.0,5.1,73.4,0.0,14.1,27,-0.2,0.6,3,2005-03-27,8.1,20050327,281
86,2005,0.0,0.0,8.5,54.3,0.0,20.2,28,6.3,2.8,3,2005-03-28,12.1,20050328,281
87,2005,0.0,0.0,11.1,35.9,0.0,13.1,29,2.0,3.7,3,2005-03-29,7.2,20050329,281
88,2005,0.0,0.0,11.0,30.9,0.0,17.6,30,-0.5,3.2,3,2005-03-30,8.9,20050330,281
89,2005,0.0,0.0,10.6,42.6,0.0,19.1,31,-0.6,1.7,3,2005-03-31,9.7,20050331,281
90,2005,0.0,0.0,9.1,54.8,0.0,20.6,1,0.2,1.0,4,2005-04-01,9.3,20050401,281
91,2005,0.0,0.0,8.2,50.1,0.0,21.2,2,2.0,1.2,4,2005-04-02,11.2,20050402,281
92,2005,3.5,0.0,1.5,68.3,0.0,9.6,3,-0.8,1.3,4,2005-04-03,5.9,20050403,281
93,2005,0.0,0.0,10.6,52.3,0.0,19.3,4,-3.2,1.8,4,2005-04-04,8.6,20050404,281
94,2005,0.0,0.0,10.7,34.8,0.0,25.7,5,4.5,2.4,4,2005-04-05,15.9,20050405,281
95,2005,1.0,0.0,0.2,56.4,0.0,18.8,6,8.0,2.3,4,2005-04-06,15.2,20050406,281
96,2005,0.0,0.0,9.3,56.0,0.0,28.3,7,9.1,2.6,4,2005-04-07,19.6,20050407,281
97,2005,0.0,0.0,9.7,54.8,0.0,19.1,8,8.5,3.1,4,2005-04-08,14.1,20050408,281
98,2005,0.0,0.0,1.7,66.3,0.0,16.0,9,6.0,2.3,4,2005-04-09,12.1,20050409,281
99,2005,31.0,0.0,0.0,78.6,0.0,19.0,10,8.0,1.6,4,2005-04-10,12.3,20050410,281
100,2005,0.0,0.0,8.8,64.8,0.0,13.8,11,3.7,2.5,4,2005-04-11,8.4,20050411,281
101,2005,0.0,0.0,6.3,66.4,0.0,17.0,12,3.0,1.2,4,2005-04-12,9.5,20050412,281
102,2005,0.0,0.0,10.5,48.1,0.0,19.5,13,5.3,2.2,4,2005-04-13,12.1,20050413,281
103,2005,0.0,0.0,11.4,31.4,0.0,21.7,14,5.0,2.5,4,2005-04-14,14.2,20050414,281
104,2005,0.0,0.0,11.2,36.6,0.0,20.0,15,7.8,2.2,4,2005-04-15,13.0,20050415,281
105,2005,0.0,0.0,11.4,31.4,0.0,22.8,16,-0.2,1.7,4,2005-04-16,12.7,20050416,281
106,2005,0.0,0.0,9.3,42.5,0.0,25.6,17,1.0,1.1,4,2005-04-17,14.7,20050417,281
107,2005,0.0,0.0,6.6,54.5,0.0,26.2,18,9.1,1.4,4,2005-04-18,16.0,20050418,281
108,2005,5.5,0.0,7.7,62.4,0.0,25.7,19,7.0,1.5,4,2005-04-19,15.5,20050419,281
109,2005,8.0,0.0,10.3,42.6,0.0,19.8,20,6.8,3.4,4,2005-04-20,14.2,20050420,281
110,2005,0.0,0.0,10.6,38.3,0.0,19.6,21,3.9,2.8,4,2005-04-21,12.0,20050421,281
111,2005,0.0,0.0,11.4,28.4,0.0,21.2,22,3.5,3.0,4,2005-04-22,13.6,20050422,281
112,2005,0.0,0.0,11.7,48.3,0.0,20.6,23,2.0,1.9,4,2005-04-23,11.2,20050423,281
113,2005,0.0,0.0,10.3,52.8,0.0,22.8,24,1.8,1.1,4,2005-04-24,12.6,20050424,281
114,2005,0.0,0.0,9.5,50.3,0.0,23.8,25,5.5,1.2,4,2005-04-25,14.5,20050425,281
115,2005,0.0,0.0,11.5,41.6,0.0,24.8,26,6.0,1.8,4,2005-04-26,15.8,20050426,281
116,2005,0.0,0.0,10.9,43.1,0.0,27.3,27,5.3,2.0,4,2005-04-27,17.8,20050427,281
117,2005,0.0,0.0,10.8,46.1,0.0,32.0,28,14.3,3.8,4,2005-04-28,23.4,20050428,281
118,2005,0.0,0.0,5.8,55.6,0.0,26.0,29,14.6,1.4,4,2005-04-29,19.9,20050429,281
119,2005,0.0,0.0,7.1,61.1,0.0,30.2,30,13.6,1.6,4,2005-04-30,21.9,20050430,281
120,2005,0.0,0.0,4.2,66.3,0.0,29.2,1,12.5,1.7,5,2005-05-01,19.2,20050501,281
121,2005,0.0,0.0,11.3,51.0,0.0,25.6,2,10.3,2.2,5,2005-05-02,17.2,20050502,281
122,2005,0.0,0.0,11.8,47.0,0.0,29.7,3,5.8,0.9,5,2005-05-03,18.3,20050503,281
123,2005,0.0,0.0,11.3,44.1,0.0,31.6,4,7.4,1.2,5,2005-05-04,19.2,20050504,281
124,2005,15.5,0.0,5.5,65.6,0.0,25.6,5,8.6,1.5,5,2005-05-05,16.9,20050505,281
125,2005,9.0,0.0,0.2,81.6,0.0,16.7,6,11.3,2.1,5,2005-05-06,14.1,20050506,281
126,2005,0.5,0.0,3.5,75.8,0.0,13.0,7,9.3,2.8,5,2005-05-07,10.6,20050507,281
127,2005,0.0,0.0,7.2,65.5,0.0,20.3,8,10.1,1.2,5,2005-05-08,15.0,20050508,281
128,2005,0.0,0.0,11.5,39.5,0.0,22.2,9,9.8,3.3,5,2005-05-09,15.8,20050509,281
129,2005,0.0,0.0,11.8,55.1,0.0,22.8,10,3.5,1.5,5,2005-05-10,13.6,20050510,281
130,2005,6.0,0.0,9.5,52.4,0.0,24.7,11,9.0,1.1,5,2005-05-11,16.6,20050511,281
131,2005,2.0,0.0,7.2,70.8,0.0,21.8,12,10.6,1.5,5,2005-05-12,14.0,20050512,281
132,2005,0.0,0.0,8.4,66.3,0.0,19.0,13,9.5,2.1,5,2005-05-13,13.8,20050513,281
133,2005,0.0,0.0,11.3,55.1,0.0,26.5,14,8.3,1.5,5,2005-05-14,18.0,20050514,281
134,2005,0.0,0.0,11.7,59.8,0.0,24.1,15,10.6,2.4,5,2005-05-15,16.0,20050515,281
135,2005,0.0,0.0,11.6,60.5,0.0,25.6,16,7.0,1.4,5,2005-05-16,16.2,20050516,281
136,2005,4.0,0.0,7.2,55.8,0.0,28.7,17,9.1,1.2,5,2005-05-17,19.2,20050517,281
137,2005,14.5,0.0,6.1,67.0,0.0,24.1,18,13.8,2.7,5,2005-05-18,18.4,20050518,281
138,2005,0.0,0.0,11.8,44.3,0.0,27.7,19,11.8,2.4,5,2005-05-19,20.4,20050519,281
139,2005,0.0,0.0,9.8,48.8,0.0,26.7,20,12.1,2.1,5,2005-05-20,18.9,20050520,281
140,2005,0.0,0.0,6.7,52.6,0.0,23.7,21,7.9,1.0,5,2005-05-21,16.9,20050521,281
141,2005,0.0,0.0,7.4,54.9,0.0,25.6,22,13.3,1.2,5,2005-05-22,18.7,20050522,281
142,2005,0.0,0.0,10.8,51.4,0.0,24.3,23,11.8,2.8,5,2005-05-23,18.0,20050523,281
143,2005,0.0,0.0,10.4,65.9,0.0,22.1,24,8.3,2.3,5,2005-05-24,14.1,20050524,281
144,2005,0.0,0.0,11.7,57.9,0.0,27.1,25,7.4,1.1,5,2005-05-25,17.9,20050525,281
145,2005,0.0,0.0,11.5,44.1,0.0,30.8,26,12.1,2.3,5,2005-05-26,21.6,20050526,281
146,2005,0.0,0.0,11.7,50.6,0.0,29.8,27,11.8,1.6,5,2005-05-27,20.2,20050527,281
147,2005,0.0,0.0,8.4,62.3,0.0,27.2,28,12.6,2.0,5,2005-05-28,18.1,20050528,281
148,2005,0.0,0.0,11.7,65.5,0.0,23.7,29,9.3,2.2,5,2005-05-29,16.1,20050529,281
149,2005,0.0,0.0,9.4,62.4,0.0,30.3,30,9.3,1.2,5,2005-05-30,19.1,20050530,281
150,2005,0.0,0.0,11.8,48.9,0.0,31.2,31,12.1,1.3,5,2005-05-31,22.2,20050531,281
151,2005,11.5,0.0,9.2,60.9,0.0,26.8,1,13.3,1.4,6,2005-06-01,20.8,20050601,281
152,2005,17.0,0.0,7.9,72.1,0.0,26.7,2,17.0,1.5,6,2005-06-02,20.5,20050602,281
153,2005,0.0,0.0,9.4,62.8,0.0,29.2,3,15.3,1.2,6,2005-06-03,21.8,20050603,281
154,2005,1.5,0.0,6.9,71.9,0.0,22.7,4,14.0,1.9,6,2005-06-04,17.4,20050604,281
155,2005,0.0,0.0,11.9,64.9,0.0,25.7,5,10.8,1.6,6,2005-06-05,18.1,20050605,281
156,2005,0.0,0.0,10.6,59.9,0.0,28.8,6,10.6,1.5,6,2005-06-06,20.0,20050606,281
157,2005,0.0,0.0,7.5,59.5,0.0,29.7,7,15.5,1.0,6,2005-06-07,22.4,20050607,281
158,2005,0.0,0.0,11.0,57.5,0.0,32.0,8,17.7,1.2,6,2005-06-08,24.3,20050608,281
159,2005,0.0,0.0,9.4,55.4,0.0,32.4,9,16.2,1.2,6,2005-06-09,24.3,20050609,281
160,2005,38.0,0.0,0.0,79.6,0.0,22.0,10,16.2,1.3,6,2005-06-10,17.8,20050610,281
161,2005,0.5,0.0,10.5,66.6,0.0,30.3,11,16.7,1.6,6,2005-06-11,22.4,20050611,281
162,2005,0.0,0.0,11.0,62.5,0.0,31.0,12,15.8,1.7,6,2005-06-12,22.1,20050612,281
163,2005,0.0,0.0,10.8,63.3,0.0,30.7,13,13.6,1.4,6,2005-06-13,22.1,20050613,281
164,2005,0.0,0.0,10.8,65.1,0.0,26.8,14,16.3,2.4,6,2005-06-14,20.8,20050614,281
165,2005,0.0,0.0,7.5,65.9,0.0,24.8,15,14.5,2.1,6,2005-06-15,19.6,20050615,281
166,2005,0.0,0.0,10.1,65.0,0.0,26.7,16,17.5,2.0,6,2005-06-16,21.2,20050616,281
167,2005,0.0,0.0,9.8,62.3,0.0,29.7,17,18.6,1.0,6,2005-06-17,23.5,20050617,281
168,2005,0.5,0.0,9.2,62.5,0.0,31.2,18,17.8,1.1,6,2005-06-18,24.1,20050618,281
169,2005,0.0,0.0,7.8,66.9,0.0,30.0,19,19.8,0.7,6,2005-06-19,24.1,20050619,281
170,2005,0.0,0.0,9.8,59.6,0.0,32.5,20,17.6,0.9,6,2005-06-20,25.5,20050620,281
171,2005,0.0,0.0,10.0,58.8,0.0,33.5,21,17.7,1.1,6,2005-06-21,26.1,20050621,281
172,2005,0.0,0.0,8.9,54.4,0.0,34.2,22,19.7,1.6,6,2005-06-22,26.9,20050622,281
173,2005,0.0,0.0,11.9,55.9,0.0,34.5,23,18.2,1.7,6,2005-06-23,26.7,20050623,281
174,2005,0.0,0.0,11.1,52.1,0.0,37.0,24,18.7,1.4,6,2005-06-24,28.7,20050624,281
175,2005,0.0,0.0,10.2,49.1,0.0,36.4,25,22.6,1.7,6,2005-06-25,29.5,20050625,281
176,2005,0.5,0.0,2.7,67.4,0.0,29.2,26,20.1,0.9,6,2005-06-26,25.3,20050626,281
177,2005,0.0,0.0,7.1,62.4,0.0,31.8,27,25.3,3.2,6,2005-06-27,28.4,20050627,281
178,2005,40.5,0.0,0.0,81.6,0.0,27.1,28,23.0,0.8,6,2005-06-28,24.1,20050628,281
179,2005,12.0,0.0,6.6,73.0,0.0,32.0,29,22.7,1.2,6,2005-06-29,26.1,20050629,281
180,2005,0.0,0.0,8.9,64.6,0.0,33.4,30,22.6,1.6,6,2005-06-30,27.2,20050630,281
181,2005,39.0,0.0,0.0,79.8,0.0,25.7,1,19.8,1.3,7,2005-07-01,22.8,20050701,281
182,2005,17.5,0.0,4.7,79.0,0.0,28.7,2,21.2,1.1,7,2005-07-02,24.7,20050702,281
183,2005,11.0,0.0,0.3,82.6,0.0,25.2,3,22.5,0.6,7,2005-07-03,23.9,20050703,281
184,2005,4.0,0.0,7.4,73.8,0.0,29.7,4,20.2,1.6,7,2005-07-04,24.5,20050704,281
185,2005,0.0,0.0,4.0,71.3,0.0,28.2,5,22.2,1.6,7,2005-07-05,24.6,20050705,281
186,2005,0.0,0.0,11.2,64.4,0.0,32.2,6,20.7,1.3,7,2005-07-06,25.9,20050706,281
187,2005,0.0,0.0,3.3,73.3,0.0,25.0,7,20.2,2.5,7,2005-07-07,21.8,20050707,281
188,2005,2.5,0.0,4.5,74.5,0.0,25.6,8,20.1,2.0,7,2005-07-08,22.5,20050708,281
189,2005,11.5,0.0,0.8,81.4,0.0,25.8,9,21.1,1.1,7,2005-07-09,22.8,20050709,281
190,2005,0.0,0.0,4.3,78.6,0.0,26.5,10,19.2,2.1,7,2005-07-10,21.6,20050710,281
191,2005,49.5,0.0,0.0,83.3,0.0,19.6,11,18.1,1.9,7,2005-07-11,18.9,20050711,281
192,2005,1.0,0.0,6.8,75.4,0.0,26.5,12,18.7,0.5,7,2005-07-12,22.4,20050712,281
193,2005,1.5,0.0,8.0,72.1,0.0,30.6,13,20.2,1.0,7,2005-07-13,24.4,20050713,281
194,2005,0.0,0.0,9.1,66.9,0.0,32.0,14,21.1,0.8,7,2005-07-14,26.4,20050714,281
195,2005,0.0,0.0,9.8,71.4,0.0,31.8,15,19.7,1.0,7,2005-07-15,26.0,20050715,281
196,2005,0.0,0.0,6.6,72.5,0.0,31.2,16,22.3,0.9,7,2005-07-16,26.8,20050716,281
197,2005,0.0,0.0,7.2,66.5,0.0,32.7,17,23.6,1.1,7,2005-07-17,27.9,20050717,281
198,2005,0.0,0.0,11.0,62.4,0.0,33.0,18,24.3,2.5,7,2005-07-18,28.4,20050718,281
199,2005,0.0,0.0,11.5,63.6,0.0,34.0,19,23.2,1.6,7,2005-07-19,27.8,20050719,281
200,2005,0.0,0.0,11.1,65.4,0.0,35.5,20,20.7,1.4,7,2005-07-20,28.7,20050720,281
201,2005,0.0,0.0,10.8,61.4,0.0,36.0,21,24.2,1.6,7,2005-07-21,29.3,20050721,281
202,2005,0.0,0.0,10.1,70.3,0.0,33.9,22,22.5,1.6,7,2005-07-22,27.5,20050722,281
203,2005,0.0,0.0,8.7,69.6,0.0,31.2,23,22.7,1.9,7,2005-07-23,26.4,20050723,281
204,2005,0.0,0.0,8.5,67.9,0.0,30.6,24,22.7,1.8,7,2005-07-24,26.1,20050724,281
205,2005,0.0,0.0,8.9,68.5,0.0,30.0,25,21.7,1.6,7,2005-07-25,25.0,20050725,281
206,2005,0.0,0.0,9.3,67.0,0.0,30.7,26,21.7,1.6,7,2005-07-26,25.5,20050726,281
207,2005,0.5,0.0,7.0,66.1,0.0,33.2,27,22.7,0.7,7,2005-07-27,27.8,20050727,281
208,2005,3.5,0.0,3.9,70.4,0.0,31.2,28,22.2,1.6,7,2005-07-28,26.4,20050728,281
209,2005,9.0,0.0,6.5,69.9,0.0,32.2,29,23.5,1.3,7,2005-07-29,26.7,20050729,281
210,2005,0.0,0.0,10.4,64.3,0.0,33.2,30,22.7,1.3,7,2005-07-30,27.4,20050730,281
211,2005,0.0,0.0,10.5,64.4,0.0,34.2,31,22.2,1.3,7,2005-07-31,27.3,20050731,281
212,2005,6.0,0.0,5.6,71.4,0.0,31.0,1,22.7,1.4,8,2005-08-01,26.6,20050801,281
213,2005,19.5,0.0,4.6,76.3,0.0,32.4,2,24.2,0.9,8,2005-08-02,26.8,20050802,281
214,2005,4.0,0.0,4.9,72.5,0.0,31.5,3,24.0,1.1,8,2005-08-03,27.2,20050803,281
215,2005,0.0,0.0,11.1,67.4,0.0,35.0,4,23.0,1.0,8,2005-08-04,28.5,20050804,281
216,2005,0.0,0.0,11.3,69.8,0.0,33.7,5,21.5,1.6,8,2005-08-05,27.2,20050805,281
217,2005,0.0,0.0,11.1,69.0,0.0,33.2,6,21.7,1.4,8,2005-08-06,27.4,20050806,281
218,2005,0.0,0.0,7.0,67.9,0.0,33.4,7,24.1,0.9,8,2005-08-07,27.8,20050807,281
219,2005,3.5,0.0,2.0,78.6,0.0,29.7,8,23.3,0.6,8,2005-08-08,25.7,20050808,281
220,2005,7.0,0.0,7.2,73.1,0.0,32.0,9,23.8,1.4,8,2005-08-09,27.5,20050809,281
221,2005,2.5,0.0,4.7,74.9,0.0,32.2,10,23.6,1.2,8,2005-08-10,27.0,20050810,281
222,2005,0.0,0.0,4.1,71.4,0.0,30.7,11,24.6,1.2,8,2005-08-11,27.5,20050811,281
223,2005,0.0,0.0,8.9,65.6,0.0,33.9,12,25.0,1.7,8,2005-08-12,28.8,20050812,281
224,2005,0.0,0.0,10.4,61.0,0.0,34.5,13,24.5,2.9,8,2005-08-13,29.5,20050813,281
225,2005,0.0,0.0,10.7,60.3,0.0,34.0,14,26.2,2.9,8,2005-08-14,29.5,20050814,281
226,2005,0.0,0.0,6.7,68.0,0.0,33.7,15,21.8,1.9,8,2005-08-15,26.9,20050815,281
227,2005,1.0,0.0,7.5,73.3,0.0,35.2,16,21.3,0.9,8,2005-08-16,26.8,20050816,281
228,2005,0.0,0.0,9.4,68.3,0.0,31.3,17,21.2,1.8,8,2005-08-17,26.2,20050817,281
229,2005,6.5,0.0,6.4,73.0,0.0,33.5,18,21.2,0.9,8,2005-08-18,25.5,20050818,281
230,2005,54.5,0.0,4.6,79.5,0.0,31.7,19,20.6,1.3,8,2005-08-19,23.7,20050819,281
231,2005,31.0,0.0,0.0,82.8,0.0,24.3,20,20.0,0.5,8,2005-08-20,21.9,20050820,281
232,2005,0.5,0.0,9.0,71.6,0.0,28.5,21,20.5,1.7,8,2005-08-21,23.7,20050821,281
233,2005,12.5,0.0,0.1,78.5,0.0,22.8,22,20.2,0.9,8,2005-08-22,21.4,20050822,281
234,2005,0.0,0.0,10.6,66.1,0.0,25.7,23,17.6,2.2,8,2005-08-23,21.5,20050823,281
235,2005,12.5,0.0,6.0,68.5,0.0,25.6,24,19.8,3.8,8,2005-08-24,22.3,20050824,281
236,2005,12.5,0.0,0.0,80.6,0.0,27.2,25,19.8,1.9,8,2005-08-25,22.1,20050825,281
237,2005,0.0,0.0,9.6,61.6,0.0,28.3,26,20.0,2.5,8,2005-08-26,23.2,20050826,281
238,2005,0.0,0.0,10.1,67.3,0.0,30.2,27,18.1,1.1,8,2005-08-27,23.3,20050827,281
239,2005,0.0,0.0,10.5,65.3,0.0,30.3,28,16.0,1.4,8,2005-08-28,23.1,20050828,281
240,2005,0.0,0.0,8.7,66.9,0.0,31.5,29,16.7,0.7,8,2005-08-29,23.7,20050829,281
241,2005,0.0,0.0,1.4,72.8,0.0,27.3,30,17.7,0.5,8,2005-08-30,22.2,20050830,281
242,2005,0.0,0.0,8.2,67.8,0.0,30.3,31,16.5,0.5,8,2005-08-31,23.1,20050831,281
243,2005,1.0,0.0,8.4,72.1,0.0,33.7,1,19.0,0.7,9,2005-09-01,26.3,20050901,281
244,2005,0.0,0.0,7.2,66.9,0.0,33.9,2,24.2,1.0,9,2005-09-02,28.3,20050902,281
245,2005,0.0,0.0,1.7,73.1,0.0,27.1,3,21.5,1.4,9,2005-09-03,23.6,20050903,281
246,2005,1.0,0.0,0.0,70.9,0.0,22.3,4,17.6,1.5,9,2005-09-04,21.0,20050904,281
247,2005,0.5,0.0,5.6,61.0,0.0,25.2,5,17.3,3.5,9,2005-09-05,21.8,20050905,281
248,2005,43.5,0.0,0.0,72.3,0.0,22.6,6,20.3,4.1,9,2005-09-06,21.5,20050906,281
249,2005,0.0,0.0,5.5,62.6,0.0,29.3,7,20.1,2.8,9,2005-09-07,23.4,20050907,281
250,2005,0.0,0.0,7.8,70.3,0.0,28.7,8,17.7,1.6,9,2005-09-08,22.1,20050908,281
251,2005,10.0,0.0,0.9,77.4,0.0,24.0,9,19.0,0.8,9,2005-09-09,21.2,20050909,281
252,2005,8.5,0.0,4.4,78.0,0.0,29.3,10,20.1,0.8,9,2005-09-10,23.3,20050910,281
253,2005,0.0,0.0,5.7,76.3,0.0,31.0,11,21.6,0.8,9,2005-09-11,24.9,20050911,281
254,2005,0.0,0.0,6.5,73.0,0.0,32.5,12,21.7,0.9,9,2005-09-12,26.7,20050912,281
255,2005,5.0,0.0,5.7,76.0,0.0,29.3,13,21.8,1.8,9,2005-09-13,24.0,20050913,281
256,2005,3.5,0.0,2.9,77.0,0.0,24.1,14,17.7,1.6,9,2005-09-14,19.9,20050914,281
257,2005,0.0,0.0,9.6,70.8,0.0,24.7,15,14.3,1.5,9,2005-09-15,19.1,20050915,281
258,2005,0.0,0.0,8.9,71.6,0.0,27.7,16,12.8,0.6,9,2005-09-16,19.5,20050916,281
259,2005,0.0,0.0,6.9,68.8,0.0,31.1,17,16.6,1.3,9,2005-09-17,23.9,20050917,281
260,2005,3.0,0.0,2.6,76.6,0.0,28.3,18,20.8,1.0,9,2005-09-18,24.1,20050918,281
261,2005,1.0,0.0,5.4,71.8,0.0,29.1,19,16.2,0.8,9,2005-09-19,22.0,20050919,281
262,2005,0.5,0.0,6.0,66.9,0.0,26.7,20,17.3,1.8,9,2005-09-20,21.1,20050920,281
263,2005,10.5,0.0,0.0,78.6,0.0,20.3,21,17.5,1.4,9,2005-09-21,18.4,20050921,281
264,2005,8.5,0.0,0.0,78.3,0.0,20.6,22,17.3,1.0,9,2005-09-22,19.1,20050922,281
265,2005,0.0,0.0,1.5,75.1,0.0,23.7,23,17.8,1.0,9,2005-09-23,19.7,20050923,281
266,2005,0.0,0.0,5.9,67.6,0.0,23.7,24,14.3,1.8,9,2005-09-24,19.2,20050924,281
267,2005,0.0,0.0,9.6,66.8,0.0,24.1,25,12.1,1.4,9,2005-09-25,17.5,20050925,281
268,2005,0.0,0.0,8.4,67.3,0.0,24.8,26,12.5,1.4,9,2005-09-26,18.0,20050926,281
269,2005,0.0,0.0,1.0,74.9,0.0,21.6,27,11.0,0.5,9,2005-09-27,15.9,20050927,281
270,2005,0.0,0.0,6.2,73.3,0.0,23.7,28,10.8,1.2,9,2005-09-28,16.6,20050928,281
271,2005,0.0,0.0,7.0,70.5,0.0,24.5,29,11.5,1.5,9,2005-09-29,17.5,20050929,281
272,2005,2.5,0.0,0.0,79.8,0.0,22.1,30,15.5,0.1,9,2005-09-30,18.9,20050930,281
273,2005,0.0,0.0,2.0,75.6,0.0,29.2,1,20.2,1.0,10,2005-10-01,24.1,20051001,281
274,2005,1.5,0.0,2.2,69.6,0.0,25.0,2,17.5,1.6,10,2005-10-02,21.5,20051002,281
275,2005,0.0,0.0,7.1,70.5,0.0,24.5,3,12.8,1.6,10,2005-10-03,19.0,20051003,281
276,2005,0.5,0.0,0.7,63.9,0.0,19.0,4,9.6,1.9,10,2005-10-04,15.1,20051004,281
277,2005,0.0,0.0,2.9,77.0,0.0,19.6,5,7.9,0.2,10,2005-10-05,13.2,20051005,281
278,2005,0.0,0.0,5.8,75.4,0.0,24.2,6,8.8,0.8,10,2005-10-06,14.6,20051006,281
279,2005,2.0,0.0,0.0,80.8,0.0,18.2,7,11.3,0.6,10,2005-10-07,15.3,20051007,281
280,2005,0.0,0.0,8.5,68.4,0.0,22.8,8,10.6,1.7,10,2005-10-08,16.3,20051008,281
281,2005,0.0,0.0,6.1,69.1,0.0,22.8,9,9.0,1.2,10,2005-10-09,14.8,20051009,281
282,2005,0.0,0.0,7.8,68.5,0.0,22.6,10,8.0,1.4,10,2005-10-10,14.4,20051010,281
283,2005,0.0,0.0,2.9,66.6,0.0,22.2,11,11.0,1.0,10,2005-10-11,15.9,20051011,281
284,2005,0.0,0.0,7.5,62.1,0.0,22.3,12,13.6,1.6,10,2005-10-12,17.1,20051012,281
285,2005,0.0,0.0,8.5,67.6,0.0,25.6,13,10.5,0.7,10,2005-10-13,16.9,20051013,281
286,2005,0.0,0.0,3.0,61.0,0.0,21.1,14,10.1,1.5,10,2005-10-14,16.3,20051014,281
287,2005,0.0,0.0,6.3,52.6,0.0,20.7,15,6.9,1.8,10,2005-10-15,12.8,20051015,281
288,2005,0.0,0.0,9.8,64.4,0.0,22.1,16,3.7,0.7,10,2005-10-16,11.5,20051016,281
289,2005,0.0,0.0,9.9,65.5,0.0,23.5,17,2.0,0.5,10,2005-10-17,11.6,20051017,281
290,2005,0.0,0.0,8.6,68.9,0.0,24.2,18,4.4,0.7,10,2005-10-18,13.4,20051018,281
291,2005,0.5,0.0,1.9,73.4,0.0,20.1,19,7.9,1.0,10,2005-10-19,13.9,20051019,281
292,2005,0.0,0.0,5.2,73.5,0.0,22.1,20,5.8,0.6,10,2005-10-20,12.2,20051020,281
293,2005,0.0,0.0,0.2,69.4,0.0,15.6,21,6.1,1.2,10,2005-10-21,11.8,20051021,281
294,2005,1.5,0.0,7.1,59.3,0.0,14.0,22,3.7,2.0,10,2005-10-22,8.5,20051022,281
295,2005,0.0,0.0,9.9,58.4,0.0,17.7,23,-1.0,1.3,10,2005-10-23,7.9,20051023,281
296,2005,0.0,0.0,9.1,60.8,0.0,19.8,24,0.8,1.7,10,2005-10-24,10.8,20051024,281
297,2005,0.0,0.0,5.7,70.0,0.0,20.0,25,4.0,0.5,10,2005-10-25,11.7,20051025,281
298,2005,1.0,0.0,1.6,77.8,0.0,18.8,26,7.8,0.4,10,2005-10-26,12.6,20051026,281
299,2005,0.0,0.0,6.0,75.9,0.0,22.0,27,6.5,0.4,10,2005-10-27,11.5,20051027,281
300,2005,0.0,0.0,2.1,69.0,0.0,20.0,28,5.6,1.4,10,2005-10-28,12.1,20051028,281
301,2005,0.0,0.0,8.0,52.4,0.0,17.1,29,3.7,2.9,10,2005-10-29,10.8,20051029,281
302,2005,0.0,0.0,4.7,63.3,0.0,15.3,30,0.4,1.7,10,2005-10-30,7.7,20051030,281
303,2005,0.0,0.0,7.0,57.1,0.0,17.7,31,1.6,1.3,10,2005-10-31,9.0,20051031,281
304,2005,0.0,0.0,8.7,66.4,0.0,19.1,1,-1.7,0.8,11,2005-11-01,7.8,20051101,281
305,2005,0.0,0.0,8.4,66.3,0.0,19.6,2,0.6,0.7,11,2005-11-02,9.2,20051102,281
306,2005,0.0,0.0,7.5,65.5,0.0,22.6,3,6.0,0.3,11,2005-11-03,12.0,20051103,281
307,2005,0.0,0.0,7.7,66.3,0.0,24.7,4,3.9,0.5,11,2005-11-04,13.1,20051104,281
308,2005,0.0,0.0,5.1,70.8,0.0,23.3,5,6.9,0.4,11,2005-11-05,15.8,20051105,281
309,2005,12.0,0.0,3.9,70.5,0.0,22.0,6,13.3,2.0,11,2005-11-06,17.0,20051106,281
310,2005,0.0,0.0,8.3,54.1,0.0,17.6,7,3.5,2.9,11,2005-11-07,10.2,20051107,281
311,2005,0.0,0.0,8.9,37.8,0.0,16.5,8,3.5,2.7,11,2005-11-08,10.9,20051108,281
312,2005,0.0,0.0,7.7,56.6,0.0,16.3,9,2.0,1.5,11,2005-11-09,9.1,20051109,281
313,2005,0.0,0.0,6.9,66.9,0.0,20.5,10,-0.6,0.4,11,2005-11-10,8.9,20051110,281
314,2005,7.0,0.0,0.0,82.5,0.0,13.1,11,6.3,0.4,11,2005-11-11,9.6,20051111,281
315,2005,0.0,0.0,6.4,65.3,0.0,17.6,12,0.8,0.6,11,2005-11-12,7.3,20051112,281
316,2005,0.0,0.0,4.4,62.1,0.0,18.7,13,-1.6,0.4,11,2005-11-13,7.7,20051113,281
317,2005,0.0,0.0,3.0,54.5,0.0,15.1,14,3.7,0.9,11,2005-11-14,9.5,20051114,281
318,2005,0.0,0.0,7.7,34.9,0.0,11.6,15,0.6,2.4,11,2005-11-15,5.0,20051115,281
319,2005,0.0,0.0,7.0,60.0,0.0,11.1,16,-6.0,0.9,11,2005-11-16,1.3,20051116,281
320,2005,0.0,0.0,7.2,52.9,0.0,10.6,17,-6.0,1.6,11,2005-11-17,2.5,20051117,281
321,2005,0.0,0.0,7.1,44.0,0.0,10.3,18,-3.5,2.1,11,2005-11-18,3.5,20051118,281
322,2005,0.0,0.0,7.3,58.6,0.0,10.3,19,-6.5,1.0,11,2005-11-19,0.6,20051119,281
323,2005,0.0,0.0,6.5,53.4,0.0,12.1,20,-8.6,1.1,11,2005-11-20,0.7,20051120,281
324,2005,0.0,0.0,3.6,61.9,0.0,12.1,21,-6.4,1.6,11,2005-11-21,3.5,20051121,281
325,2005,0.0,0.0,6.3,48.3,0.0,11.6,22,-3.2,2.7,11,2005-11-22,4.6,20051122,281
326,2005,0.0,0.0,3.8,64.5,0.0,12.6,23,-5.6,0.9,11,2005-11-23,3.4,20051123,281
327,2005,0.0,0.0,5.0,67.1,0.0,14.8,24,-1.7,1.1,11,2005-11-24,4.8,20051124,281
328,2005,0.0,0.0,5.1,66.1,0.0,14.8,25,-3.2,1.0,11,2005-11-25,4.5,20051125,281
329,2005,0.0,0.0,4.5,69.4,0.0,14.6,26,-3.0,0.6,11,2005-11-26,4.6,20051126,281
330,2005,0.0,0.0,2.0,66.3,0.0,15.6,27,-0.6,1.0,11,2005-11-27,6.3,20051127,281
331,2005,0.5,0.0,2.5,61.3,0.0,15.1,28,-1.0,1.5,11,2005-11-28,7.7,20051128,281
332,2005,0.0,0.0,6.2,46.8,0.0,9.3,29,-2.2,3.4,11,2005-11-29,4.3,20051129,281
333,2005,0.0,0.0,6.0,57.5,0.0,11.8,30,-3.7,1.1,11,2005-11-30,2.4,20051130,281
334,2005,0.0,0.0,3.4,67.1,0.0,13.1,1,-5.9,0.7,12,2005-12-01,2.5,20051201,281
335,2005,0.0,0.0,3.4,42.4,0.0,9.5,2,-0.8,2.9,12,2005-12-02,4.9,20051202,281
336,2005,0.0,0.0,4.7,41.1,0.0,5.6,3,-3.5,1.9,12,2005-12-03,0.5,20051203,281
337,2005,1.3,0.0,4.9,58.1,3.2,2.9,4,-4.9,3.3,12,2005-12-04,-1.2,20051204,281
338,2005,0.0,0.0,5.9,52.5,0.0,0.3,5,-8.6,3.6,12,2005-12-05,-4.1,20051205,281
339,2005,0.0,0.0,5.6,54.0,0.0,5.3,6,-4.5,3.1,12,2005-12-06,-0.4,20051206,281
340,2005,0.0,0.0,4.9,58.3,0.0,5.1,7,-4.5,2.5,12,2005-12-07,-0.2,20051207,281
341,2005,0.0,0.0,5.7,54.0,0.0,3.7,8,-3.9,3.4,12,2005-12-08,-1.0,20051208,281
342,2005,0.0,0.0,5.7,55.9,0.0,5.6,9,-7.9,2.3,12,2005-12-09,-1.1,20051209,281
343,2005,0.0,0.0,1.5,60.4,0.0,5.4,10,-6.6,2.2,12,2005-12-10,-0.5,20051210,281
344,2005,0.0,0.0,3.7,41.1,0.0,0.8,11,-5.8,3.2,12,2005-12-11,-3.3,20051211,281
345,2005,0.0,0.0,5.6,51.1,0.0,0.1,12,-6.6,4.1,12,2005-12-12,-4.2,20051212,281
346,2005,0.0,0.0,5.2,51.9,0.0,-0.4,13,-8.6,4.9,12,2005-12-13,-5.3,20051213,281
347,2005,0.0,0.0,6.0,48.4,0.0,1.6,14,-7.6,3.7,12,2005-12-14,-3.9,20051214,281
348,2005,0.0,0.0,7.1,54.9,0.0,1.3,15,-7.5,3.5,12,2005-12-15,-2.8,20051215,281
349,2005,0.3,0.0,4.0,62.8,0.5,3.9,16,-5.8,2.4,12,2005-12-16,-0.8,20051216,281
350,2005,0.0,0.0,5.6,43.9,0.0,-1.0,17,-12.3,4.7,12,2005-12-17,-6.1,20051217,281
351,2005,0.0,0.0,6.8,48.0,0.0,1.1,18,-13.1,2.9,12,2005-12-18,-5.3,20051218,281
352,2005,0.0,0.0,7.2,50.3,0.0,4.8,19,-10.3,1.8,12,2005-12-19,-2.7,20051219,281
353,2005,0.0,0.0,5.9,51.0,0.0,5.3,20,-14.5,1.6,12,2005-12-20,-3.7,20051220,281
354,2005,0.8,0.0,1.0,54.6,1.7,0.2,21,-8.3,3.2,12,2005-12-21,-3.9,20051221,281
355,2005,0.0,0.0,7.0,53.5,0.0,-0.4,22,-9.8,5.1,12,2005-12-22,-5.2,20051222,281
356,2005,0.0,0.0,1.9,70.8,0.0,5.8,23,-7.4,1.7,12,2005-12-23,-1.8,20051223,281
357,2005,0.0,0.0,6.3,49.3,0.0,2.0,24,-9.8,2.3,12,2005-12-24,-4.5,20051224,281
358,2005,0.0,0.0,6.7,56.0,0.0,8.0,25,-13.1,2.6,12,2005-12-25,-2.1,20051225,281
359,2005,0.0,0.0,7.2,43.0,0.0,0.6,26,-6.9,3.6,12,2005-12-26,-3.7,20051226,281
360,2005,0.0,0.0,7.4,40.6,0.0,2.0,27,-8.3,3.5,12,2005-12-27,-3.9,20051227,281
361,2005,0.0,0.0,6.8,44.3,0.0,3.5,28,-10.0,1.8,12,2005-12-28,-4.0,20051228,281
362,2005,0.0,0.0,4.2,53.3,0.0,4.6,29,-13.1,0.9,12,2005-12-29,-5.1,20051229,281
363,2005,0.0,0.0,1.8,68.6,0.0,6.5,30,-11.5,1.6,12,2005-12-30,-2.4,20051230,281
364,2005,0.0,0.0,2.7,67.1,0.0,4.9,31,-4.8,1.6,12,2005-12-31,0.4,20051231,281
