,Date,tavg,year,tmax,snow,humid,sunshine,day,rainfall,month,tmin,wind,station_id,cloud,date
0,2012-01-01,0.5,2012,6.2,0.0,57.4,2.6,1,0.2,1,-4.8,2.9,281,0.0,20120101
1,2012-01-02,-2.3,2012,4.2,0.0,52.4,7.5,2,0.0,1,-7.2,2.3,281,0.0,20120102
2,2012-01-03,-1.2,2012,3.8,0.0,55.5,3.6,3,0.1,1,-4.1,2.7,281,0.0,20120103
3,2012-01-04,-3.7,2012,-0.1,0.0,48.6,7.1,4,0.0,1,-5.8,4.3,281,0.0,20120104
4,2012-01-05,-2.9,2012,2.6,0.0,44.3,7.7,5,0.0,1,-7.0,3.7,281,0.0,20120105
5,2012-01-06,-2.5,2012,4.9,0.0,48.9,7.7,6,0.0,1,-8.3,1.8,281,0.0,20120106
6,2012-01-07,-4.2,2012,6.1,0.0,59.4,7.6,7,0.0,1,-11.5,0.8,281,0.0,20120107
7,2012-01-08,-1.9,2012,7.2,0.0,51.4,6.5,8,0.0,1,-11.0,1.5,281,0.0,20120108
8,2012-01-09,1.0,2012,5.8,0.0,53.4,6.2,9,0.0,1,-2.2,2.9,281,0.0,20120109
9,2012-01-10,1.2,2012,5.5,0.0,43.3,5.1,10,0.0,1,-2.0,2.6,281,0.0,20120110
10,2012-01-11,-1.8,2012,2.0,0.0,34.6,7.4,11,0.0,1,-5.7,3.4,281,0.0,20120111
11,2012-01-12,-2.6,2012,2.5,0.0,43.0,7.7,12,0.0,1,-7.9,3.7,281,0.0,20120112
12,2012-01-13,-0.3,2012,5.3,0.0,56.4,2.8,13,0.0,1,-8.0,2.4,281,0.0,20120113
13,2012-01-14,0.1,2012,6.0,0.0,31.6,7.7,14,0.0,1,-4.4,2.6,281,0.0,20120114
14,2012-01-15,0.7,2012,5.7,0.0,47.4,2.5,15,0.0,1,-2.8,1.3,281,0.0,20120115
15,2012-01-16,0.0,2012,2.6,0.0,78.3,0.0,16,0.5,1,-3.2,0.5,281,0.0,20120116
16,2012-01-17,3.0,2012,8.5,0.0,86.1,0.3,17,0.0,1,-0.7,0.5,281,0.0,20120117
17,2012-01-18,3.5,2012,9.2,0.0,83.6,1.7,18,0.5,1,-1.8,0.7,281,0.0,20120118
18,2012-01-19,6.2,2012,8.5,0.0,82.9,0.0,19,6.5,1,3.8,1.7,281,0.0,20120119
19,2012-01-20,6.8,2012,9.3,0.0,66.9,0.3,20,0.2,1,4.0,2.1,281,0.0,20120120
20,2012-01-21,4.8,2012,8.4,0.0,79.6,0.2,21,1.5,1,1.9,0.9,281,0.0,20120121
21,2012-01-22,0.5,2012,4.0,0.0,46.4,5.6,22,0.0,1,-5.6,3.9,281,0.0,20120122
22,2012-01-23,-5.8,2012,-1.5,0.0,35.0,7.7,23,0.0,1,-9.2,4.3,281,0.0,20120123
23,2012-01-24,-5.5,2012,0.3,0.0,41.6,7.3,24,0.0,1,-10.1,2.8,281,0.0,20120124
24,2012-01-25,-6.2,2012,-1.5,0.0,43.6,7.1,25,0.0,1,-11.5,3.4,281,0.0,20120125
25,2012-01-26,-4.7,2012,3.6,0.0,54.5,6.8,26,0.0,1,-14.3,1.5,281,0.0,20120126
26,2012-01-27,-0.9,2012,7.9,0.0,67.3,6.0,27,0.0,1,-7.9,1.1,281,0.0,20120127
27,2012-01-28,0.4,2012,6.9,0.0,50.4,5.6,28,0.0,1,-3.2,1.2,281,0.0,20120128
28,2012-01-29,-1.2,2012,6.8,0.0,40.9,7.7,29,0.0,1,-8.4,1.6,281,0.0,20120129
29,2012-01-30,-1.3,2012,3.5,0.0,16.9,7.6,30,0.0,1,-4.5,3.1,281,0.0,20120130
30,2012-01-31,-0.5,2012,4.7,0.0,41.5,5.8,31,0.2,1,-9.5,2.2,281,0.0,20120131
31,2012-02-01,-5.4,2012,1.8,0.0,46.1,8.2,1,1.0,2,-9.8,5.1,281,0.0,20120201
32,2012-02-02,-9.8,2012,-5.2,0.0,36.6,8.6,2,0.0,2,-13.8,4.0,281,0.0,20120202
33,2012-02-03,-6.2,2012,-0.4,0.0,43.6,8.7,3,0.0,2,-11.8,4.0,281,0.0,20120203
34,2012-02-04,-2.7,2012,5.1,0.0,53.4,6.9,4,0.0,2,-10.5,2.3,281,0.0,20120204
35,2012-02-05,-1.6,2012,7.2,0.0,53.5,3.5,5,0.0,2,-8.0,0.7,281,0.0,20120205
36,2012-02-06,0.7,2012,7.2,0.0,53.8,1.8,6,0.0,2,-7.8,0.7,281,0.0,20120206
37,2012-02-07,-1.8,2012,4.0,0.0,34.4,8.7,7,0.0,2,-8.5,5.3,281,0.0,20120207
38,2012-02-08,-6.0,2012,-1.2,0.0,40.0,7.6,8,0.0,2,-10.5,4.6,281,0.0,20120208
39,2012-02-09,-2.0,2012,2.6,0.0,38.1,8.7,9,0.0,2,-7.3,2.9,281,0.0,20120209
40,2012-02-10,-1.1,2012,4.6,0.0,43.1,4.5,10,0.0,2,-6.1,2.8,281,0.0,20120210
41,2012-02-11,-1.3,2012,5.3,0.0,32.9,10.1,11,0.0,2,-6.8,2.9,281,0.0,20120211
42,2012-02-12,-0.2,2012,7.8,0.0,40.5,9.6,12,0.0,2,-9.6,1.2,281,0.0,20120212
43,2012-02-13,0.1,2012,3.9,0.0,72.1,0.0,13,0.2,2,-4.2,0.7,281,0.0,20120213
44,2012-02-14,1.6,2012,8.6,0.0,83.1,2.1,14,3.5,2,-4.9,0.8,281,0.0,20120214
45,2012-02-15,3.2,2012,9.7,0.0,52.5,5.6,15,0.0,2,-1.4,1.4,281,0.0,20120215
46,2012-02-16,1.6,2012,6.3,0.0,24.0,9.5,16,0.0,2,-1.5,3.6,281,0.0,20120216
47,2012-02-17,-2.9,2012,1.6,0.0,33.4,9.0,17,0.0,2,-5.5,4.7,281,0.0,20120217
48,2012-02-18,-4.1,2012,1.7,0.0,33.4,10.4,18,0.0,2,-8.7,3.7,281,0.0,20120218
49,2012-02-19,-3.0,2012,3.7,0.0,36.4,10.5,19,0.0,2,-7.6,3.2,281,0.0,20120219
50,2012-02-20,-0.2,2012,8.8,0.0,30.6,10.1,20,0.0,2,-9.4,1.6,281,0.0,20120220
51,2012-02-21,0.3,2012,7.2,0.0,64.6,2.3,21,0.5,2,-7.9,1.0,281,0.0,20120221
52,2012-02-22,3.4,2012,9.1,0.0,81.8,0.0,22,0.0,2,-1.8,0.6,281,0.0,20120222
53,2012-02-23,6.7,2012,13.3,0.0,62.3,6.8,23,0.0,2,0.5,2.2,281,0.0,20120223
54,2012-02-24,4.8,2012,6.8,0.0,61.1,0.0,24,0.0,2,2.4,1.8,281,0.0,20120224
55,2012-02-25,3.8,2012,6.8,0.0,62.1,0.2,25,0.0,2,1.4,2.0,281,0.0,20120225
56,2012-02-26,1.6,2012,6.3,0.0,55.3,2.1,26,0.0,2,-2.7,1.9,281,0.0,20120226
57,2012-02-27,0.1,2012,8.9,0.0,52.9,10.4,27,0.0,2,-7.7,1.4,281,0.0,20120227
58,2012-02-28,1.5,2012,7.2,0.0,67.3,0.0,28,0.0,2,-5.6,1.0,281,0.0,20120228
59,2012-02-29,5.3,2012,11.4,0.0,66.5,4.0,29,0.0,2,-0.1,1.1,281,0.0,20120229
60,2012-03-01,5.9,2012,14.8,0.0,67.6,8.5,1,0.0,3,-1.3,1.4,281,0.0,20120301
61,2012-03-02,6.2,2012,8.5,0.0,80.9,0.0,2,2.0,3,4.2,1.0,281,0.0,20120302
62,2012-03-03,5.3,2012,8.2,0.0,71.3,0.6,3,0.0,3,2.4,2.2,281,0.0,20120303
63,2012-03-04,5.3,2012,7.3,0.0,80.8,0.0,4,5.0,3,2.9,1.9,281,0.0,20120304
64,2012-03-05,5.4,2012,7.2,0.0,85.3,0.0,5,16.5,3,3.5,1.8,281,0.0,20120305
65,2012-03-06,5.9,2012,10.4,0.0,71.0,2.6,6,6.5,3,3.0,2.9,281,0.0,20120306
66,2012-03-07,6.0,2012,12.1,0.0,55.3,6.5,7,0.0,3,2.0,2.1,281,0.0,20120307
67,2012-03-08,5.0,2012,11.9,0.0,60.4,4.5,8,0.0,3,-1.4,1.1,281,0.0,20120308
68,2012-03-09,4.9,2012,11.3,0.0,62.9,5.6,9,0.0,3,-1.5,1.6,281,0.0,20120309
69,2012-03-10,5.0,2012,11.3,0.0,67.8,2.7,10,0.0,3,-0.2,1.2,281,0.0,20120310
70,2012-03-11,1.3,2012,5.2,0.0,35.8,9.3,11,0.0,3,-2.6,5.2,281,0.0,20120311
71,2012-03-12,0.6,2012,7.2,0.0,32.4,10.9,12,0.0,3,-5.0,3.8,281,0.0,20120312
72,2012-03-13,1.3,2012,9.4,0.0,41.4,10.9,13,0.0,3,-5.1,2.3,281,0.0,20120313
73,2012-03-14,4.1,2012,14.0,0.0,48.1,10.0,14,0.0,3,-7.0,1.8,281,0.0,20120314
74,2012-03-15,6.2,2012,12.8,0.0,50.3,10.0,15,0.0,3,0.2,2.5,281,0.0,20120315
75,2012-03-16,6.7,2012,11.1,0.0,74.5,0.0,16,3.0,3,1.4,0.9,281,0.0,20120316
76,2012-03-17,9.4,2012,14.2,0.0,84.5,0.0,17,0.5,3,8.2,1.3,281,0.0,20120317
77,2012-03-18,9.4,2012,18.1,0.0,73.1,3.8,18,0.0,3,4.7,1.7,281,0.0,20120318
78,2012-03-19,6.4,2012,12.4,0.0,45.5,5.9,19,0.0,3,3.1,1.9,281,0.0,20120319
79,2012-03-20,5.9,2012,12.4,0.0,24.6,10.8,20,0.0,3,-0.9,2.9,281,0.0,20120320
80,2012-03-21,5.9,2012,15.4,0.0,30.3,10.9,21,0.0,3,-2.1,2.0,281,0.0,20120321
81,2012-03-22,6.0,2012,10.2,0.0,66.0,0.5,22,5.5,3,-0.4,1.4,281,0.0,20120322
82,2012-03-23,7.0,2012,8.6,0.0,86.4,0.0,23,17.5,3,5.2,1.6,281,0.0,20120323
83,2012-03-24,5.5,2012,10.3,0.0,49.0,4.9,24,0.2,3,2.4,4.7,281,0.0,20120324
84,2012-03-25,5.1,2012,10.3,0.0,34.4,9.1,25,0.0,3,1.0,4.2,281,0.0,20120325
85,2012-03-26,6.0,2012,12.1,0.0,32.3,11.4,26,0.0,3,-0.9,3.2,281,0.0,20120326
86,2012-03-27,10.7,2012,18.4,0.0,29.1,10.6,27,0.0,3,1.8,3.2,281,0.0,20120327
87,2012-03-28,9.8,2012,19.6,0.0,52.8,10.4,28,0.0,3,2.5,2.0,281,0.0,20120328
88,2012-03-29,11.4,2012,20.0,0.0,56.6,8.3,29,0.0,3,-1.7,2.2,281,0.0,20120329
89,2012-03-30,14.0,2012,16.8,0.0,79.1,0.0,30,23.0,3,10.4,2.5,281,0.0,20120330
90,2012-03-31,8.5,2012,13.7,0.0,32.8,9.8,31,0.0,3,4.6,4.8,281,0.0,20120331
91,2012-04-01,6.1,2012,13.3,0.0,35.4,11.2,1,0.0,4,0.8,2.5,281,0.0,20120401
92,2012-04-02,11.1,2012,19.9,0.0,52.8,9.1,2,0.0,4,-1.2,1.5,281,0.0,20120402
93,2012-04-03,8.4,2012,15.7,0.0,62.6,1.5,3,21.5,4,3.5,4.7,281,0.0,20120403
94,2012-04-04,10.5,2012,17.6,0.0,32.9,10.4,4,0.0,4,1.9,4.0,281,0.0,20120404
95,2012-04-05,10.3,2012,17.2,0.0,30.6,11.3,5,0.0,4,4.8,4.1,281,0.0,20120405
96,2012-04-06,7.1,2012,14.7,0.0,30.0,9.4,6,0.0,4,-0.8,3.8,281,0.0,20120406
97,2012-04-07,7.0,2012,15.3,0.0,36.6,11.6,7,0.0,4,1.1,2.9,281,0.0,20120407
98,2012-04-08,13.5,2012,24.4,0.0,40.4,11.2,8,0.0,4,-1.1,2.7,281,0.0,20120408
99,2012-04-09,17.2,2012,24.5,0.0,49.5,9.5,9,0.0,4,10.8,1.7,281,0.0,20120409
100,2012-04-10,14.8,2012,19.5,0.0,64.8,0.0,10,0.3,4,9.0,1.7,281,0.0,20120410
101,2012-04-11,14.6,2012,20.7,0.0,76.8,2.3,11,1.0,4,8.2,2.2,281,0.0,20120411
102,2012-04-12,13.3,2012,21.1,0.0,43.8,10.2,12,0.0,4,4.5,2.9,281,0.0,20120412
103,2012-04-13,11.5,2012,14.9,0.0,59.3,0.3,13,2.0,4,9.4,1.7,281,0.0,20120413
104,2012-04-14,15.0,2012,23.5,0.0,52.6,11.2,14,0.0,4,8.4,1.9,281,0.0,20120414
105,2012-04-15,16.4,2012,26.0,0.0,48.0,9.1,15,0.0,4,6.8,1.1,281,0.0,20120415
106,2012-04-16,14.8,2012,24.5,0.0,51.0,9.4,16,0.0,4,8.7,2.3,281,0.0,20120416
107,2012-04-17,11.1,2012,18.3,0.0,59.1,11.6,17,0.0,4,4.6,2.2,281,0.0,20120417
108,2012-04-18,11.7,2012,21.6,0.0,58.9,8.9,18,0.0,4,2.7,1.6,281,0.0,20120418
109,2012-04-19,11.8,2012,17.0,0.0,68.6,1.8,19,0.0,4,5.3,2.2,281,0.0,20120419
110,2012-04-20,13.2,2012,17.8,0.0,68.0,3.6,20,0.4,4,10.8,2.8,281,0.0,20120420
111,2012-04-21,12.6,2012,15.7,0.0,82.5,0.0,21,39.0,4,10.8,3.2,281,0.0,20120421
112,2012-04-22,15.9,2012,22.0,0.0,67.8,4.7,22,0.5,4,9.4,2.8,281,0.0,20120422
113,2012-04-23,16.3,2012,25.8,0.0,64.1,10.3,23,0.0,4,6.0,1.4,281,0.0,20120423
114,2012-04-24,19.8,2012,30.7,0.0,54.9,10.7,24,0.0,4,9.7,1.1,281,0.0,20120424
115,2012-04-25,13.8,2012,15.8,0.0,81.6,0.0,25,24.0,4,12.3,1.5,281,0.0,20120425
116,2012-04-26,14.3,2012,19.5,0.0,46.3,11.5,26,0.0,4,5.9,4.3,281,0.0,20120426
117,2012-04-27,14.4,2012,24.7,0.0,41.0,12.0,27,0.0,4,2.9,1.5,281,0.0,20120427
118,2012-04-28,17.0,2012,28.1,0.0,42.8,11.6,28,0.0,4,4.0,1.5,281,0.0,20120428
119,2012-04-29,15.6,2012,21.9,0.0,62.9,2.0,29,0.0,4,7.9,0.7,281,0.0,20120429
120,2012-04-30,17.6,2012,21.5,0.0,62.9,3.3,30,0.0,4,12.8,2.5,281,0.0,20120430
121,2012-05-01,18.1,2012,22.4,0.0,70.6,0.0,1,7.0,5,15.8,1.4,281,0.0,20120501
122,2012-05-02,16.5,2012,18.4,0.0,84.5,0.0,2,1.0,5,15.3,0.9,281,0.0,20120502
123,2012-05-03,16.4,2012,22.2,0.0,81.0,3.4,3,2.0,5,14.5,1.4,281,0.0,20120503
124,2012-05-04,20.1,2012,29.7,0.0,57.3,12.3,4,0.0,5,12.2,1.9,281,0.0,20120504
125,2012-05-05,21.7,2012,28.3,0.0,34.0,11.4,5,0.0,5,13.0,2.9,281,0.0,20120505
126,2012-05-06,19.2,2012,26.2,0.0,28.9,11.3,6,0.0,5,12.2,3.0,281,0.0,20120506
127,2012-05-07,18.4,2012,28.4,0.0,42.5,11.3,7,0.0,5,8.0,1.7,281,0.0,20120507
128,2012-05-08,17.9,2012,29.4,0.0,59.0,7.2,8,6.0,5,11.6,1.7,281,0.0,20120508
129,2012-05-09,16.9,2012,26.6,0.0,73.1,9.0,9,0.0,5,11.7,2.0,281,0.0,20120509
130,2012-05-10,13.9,2012,16.6,0.0,71.5,0.0,10,0.0,5,11.1,2.4,281,0.0,20120510
131,2012-05-11,12.8,2012,14.8,0.0,68.9,0.0,11,0.0,5,11.6,2.1,281,0.0,20120511
132,2012-05-12,14.6,2012,21.6,0.0,61.5,9.9,12,0.0,5,10.5,1.8,281,0.0,20120512
133,2012-05-13,15.8,2012,22.7,0.0,63.0,2.3,13,0.0,5,9.0,1.1,281,0.0,20120513
134,2012-05-14,14.5,2012,16.4,0.0,82.9,0.0,14,20.0,5,10.8,0.7,281,0.0,20120514
135,2012-05-15,18.7,2012,24.8,0.0,60.9,8.2,15,1.0,5,12.3,2.3,281,0.0,20120515
136,2012-05-16,18.5,2012,26.1,0.0,55.1,11.1,16,0.0,5,8.9,1.3,281,0.0,20120516
137,2012-05-17,15.9,2012,24.4,0.0,64.1,4.9,17,0.5,5,9.1,2.2,281,0.0,20120517
138,2012-05-18,16.8,2012,26.7,0.0,54.4,12.6,18,0.0,5,6.3,1.4,281,0.0,20120518
139,2012-05-19,17.7,2012,25.9,0.0,57.9,6.6,19,0.0,5,8.2,1.1,281,0.0,20120519
140,2012-05-20,18.8,2012,27.5,0.0,59.4,11.2,20,0.0,5,10.4,1.7,281,0.0,20120520
141,2012-05-21,17.8,2012,25.9,0.0,63.6,12.2,21,0.0,5,10.1,1.8,281,0.0,20120521
142,2012-05-22,18.8,2012,27.1,0.0,54.8,12.7,22,0.0,5,9.1,1.7,281,0.0,20120522
143,2012-05-23,20.6,2012,30.2,0.0,52.6,8.2,23,0.0,5,11.6,1.2,281,0.0,20120523
144,2012-05-24,19.8,2012,29.1,0.0,65.9,5.1,24,1.5,5,13.3,1.2,281,0.0,20120524
145,2012-05-25,20.9,2012,27.0,0.0,63.4,6.3,25,0.1,5,16.4,1.3,281,0.0,20120525
146,2012-05-26,20.1,2012,28.8,0.0,46.8,11.8,26,0.0,5,12.7,1.3,281,0.0,20120526
147,2012-05-27,20.7,2012,30.7,0.0,50.9,11.5,27,0.5,5,9.7,2.1,281,0.0,20120527
148,2012-05-28,17.6,2012,24.0,0.0,73.8,4.5,28,1.0,5,13.2,2.2,281,0.0,20120528
149,2012-05-29,18.6,2012,28.3,0.0,70.0,4.7,29,0.0,5,12.0,1.7,281,0.0,20120529
150,2012-05-30,18.2,2012,21.1,0.0,75.6,0.0,30,1.0,5,16.2,1.7,281,0.0,20120530
151,2012-05-31,18.3,2012,23.9,0.0,70.1,5.5,31,0.0,5,15.1,1.6,281,0.0,20120531
152,2012-06-01,18.7,2012,25.9,0.0,67.4,7.9,1,0.0,6,12.0,2.2,281,0.0,20120601
153,2012-06-02,18.9,2012,24.6,0.0,67.3,5.1,2,0.0,6,15.0,2.0,281,0.0,20120602
154,2012-06-03,20.3,2012,28.1,0.0,59.3,12.6,3,0.0,6,12.1,1.8,281,0.0,20120603
155,2012-06-04,22.5,2012,29.7,0.0,53.8,7.8,4,0.0,6,12.9,1.2,281,0.0,20120604
156,2012-06-05,24.3,2012,31.8,0.0,57.4,9.4,5,0.0,6,17.8,1.7,281,0.0,20120605
157,2012-06-06,24.1,2012,30.8,0.0,50.4,7.4,6,0.0,6,18.0,2.3,281,0.0,20120606
158,2012-06-07,24.3,2012,31.1,0.0,55.9,6.4,7,0.0,6,17.0,1.6,281,0.0,20120607
159,2012-06-08,19.4,2012,22.7,0.0,81.8,0.1,8,9.5,6,17.8,1.4,281,0.0,20120608
160,2012-06-09,20.1,2012,26.4,0.0,75.4,5.7,9,0.5,6,16.1,1.5,281,0.0,20120609
161,2012-06-10,21.1,2012,28.6,0.0,66.8,10.4,10,0.0,6,13.9,1.8,281,0.0,20120610
162,2012-06-11,20.9,2012,26.3,0.0,68.9,2.2,11,0.0,6,15.7,1.8,281,0.0,20120611
163,2012-06-12,21.5,2012,26.7,0.0,67.8,6.8,12,0.0,6,17.2,2.4,281,0.0,20120612
164,2012-06-13,19.8,2012,23.2,0.0,68.5,4.2,13,0.0,6,16.8,2.4,281,0.0,20120613
165,2012-06-14,19.5,2012,24.0,0.0,68.0,2.5,14,0.0,6,14.8,2.4,281,0.0,20120614
166,2012-06-15,19.7,2012,21.3,0.0,80.5,0.0,15,14.0,6,19.0,1.6,281,0.0,20120615
167,2012-06-16,21.6,2012,26.4,0.0,74.0,4.8,16,0.0,6,18.2,1.6,281,0.0,20120616
168,2012-06-17,24.2,2012,31.5,0.0,58.3,8.8,17,0.0,6,16.8,1.5,281,0.0,20120617
169,2012-06-18,22.0,2012,28.6,0.0,71.1,1.8,18,3.5,6,17.7,1.2,281,0.0,20120618
170,2012-06-19,21.0,2012,26.4,0.0,77.0,3.2,19,15.0,6,18.0,1.6,281,0.0,20120619
171,2012-06-20,21.9,2012,26.3,0.0,70.5,3.0,20,0.0,6,17.3,1.9,281,0.0,20120620
172,2012-06-21,22.0,2012,27.5,0.0,69.1,10.4,21,0.0,6,17.9,2.0,281,0.0,20120621
173,2012-06-22,22.6,2012,31.0,0.0,67.4,10.1,22,1.0,6,15.3,1.4,281,0.0,20120622
174,2012-06-23,23.5,2012,30.4,0.0,72.0,5.6,23,13.5,6,18.5,1.3,281,0.0,20120623
175,2012-06-24,21.7,2012,24.8,0.0,67.5,0.5,24,0.0,6,19.0,2.4,281,0.0,20120624
176,2012-06-25,20.0,2012,23.8,0.0,69.0,2.7,25,0.0,6,15.1,3.0,281,0.0,20120625
177,2012-06-26,20.1,2012,23.2,0.0,68.6,0.5,26,0.1,6,18.0,3.5,281,0.0,20120626
178,2012-06-27,19.2,2012,21.4,0.0,73.6,0.0,27,0.3,6,17.0,2.4,281,0.0,20120627
179,2012-06-28,20.9,2012,25.6,0.0,72.4,3.5,28,0.0,6,17.0,1.9,281,0.0,20120628
180,2012-06-29,23.6,2012,30.2,0.0,68.1,4.2,29,0.0,6,17.1,1.5,281,0.0,20120629
181,2012-06-30,24.5,2012,29.0,0.0,81.8,0.0,30,29.0,6,21.3,1.5,281,0.0,20120630
182,2012-07-01,24.6,2012,30.1,0.0,66.9,4.6,1,1.0,7,19.7,2.4,281,0.0,20120701
183,2012-07-02,25.0,2012,31.4,0.0,63.3,9.3,2,0.0,7,17.8,1.4,281,0.0,20120702
184,2012-07-03,26.6,2012,32.7,0.0,63.4,7.0,3,0.0,7,20.3,1.4,281,0.0,20120703
185,2012-07-04,28.1,2012,33.5,0.0,61.0,8.0,4,0.0,7,22.5,2.1,281,0.0,20120704
186,2012-07-05,24.4,2012,26.5,0.0,81.8,0.0,5,26.5,7,23.1,1.4,281,0.0,20120705
187,2012-07-06,24.2,2012,27.8,0.0,83.3,0.1,6,25.5,7,20.9,1.7,281,0.0,20120706
188,2012-07-07,21.7,2012,25.9,0.0,75.5,4.1,7,4.5,7,19.7,1.6,281,0.0,20120707
189,2012-07-08,24.0,2012,31.7,0.0,66.9,9.8,8,0.0,7,19.2,1.3,281,0.0,20120708
190,2012-07-09,25.1,2012,32.2,0.0,69.3,7.6,9,0.0,7,18.1,1.4,281,0.0,20120709
191,2012-07-10,24.9,2012,29.0,0.0,71.4,2.0,10,0.5,7,21.8,1.9,281,0.0,20120710
192,2012-07-11,24.6,2012,28.1,0.0,85.3,0.0,11,38.5,7,22.5,1.4,281,0.0,20120711
193,2012-07-12,26.1,2012,31.3,0.0,70.8,2.1,12,0.0,7,22.0,1.6,281,0.0,20120712
194,2012-07-13,24.4,2012,30.4,0.0,81.8,3.3,13,55.5,7,22.2,1.3,281,0.0,20120713
195,2012-07-14,22.4,2012,25.7,0.0,84.3,0.0,14,21.5,7,19.7,2.1,281,0.0,20120714
196,2012-07-15,21.9,2012,24.7,0.0,86.8,0.0,15,43.5,7,19.5,2.2,281,0.0,20120715
197,2012-07-16,21.8,2012,24.4,0.0,80.4,0.0,16,0.5,7,20.7,2.3,281,0.0,20120716
198,2012-07-17,21.9,2012,23.9,0.0,84.9,0.0,17,5.5,7,19.9,1.6,281,0.0,20120717
199,2012-07-18,23.9,2012,26.1,0.0,83.9,0.0,18,14.0,7,21.6,2.2,281,0.0,20120718
200,2012-07-19,27.5,2012,31.9,0.0,73.0,2.9,19,2.5,7,23.7,2.5,281,0.0,20120719
201,2012-07-20,27.3,2012,31.7,0.0,69.8,7.4,20,0.0,7,23.2,1.9,281,0.0,20120720
202,2012-07-21,24.5,2012,28.9,0.0,78.8,7.3,21,0.0,7,21.4,2.3,281,0.0,20120721
203,2012-07-22,24.6,2012,28.6,0.0,80.4,0.9,22,0.0,7,22.1,2.0,281,0.0,20120722
204,2012-07-23,28.3,2012,34.2,0.0,69.0,10.0,23,0.0,7,22.2,1.3,281,0.0,20120723
205,2012-07-24,29.4,2012,35.9,0.0,68.4,9.3,24,0.0,7,24.3,1.1,281,0.0,20120724
206,2012-07-25,29.3,2012,35.4,0.0,68.3,10.2,25,0.0,7,23.5,1.2,281,0.0,20120725
207,2012-07-26,29.4,2012,36.0,0.0,65.1,10.4,26,0.0,7,23.5,1.4,281,0.0,20120726
208,2012-07-27,29.3,2012,35.0,0.0,65.3,8.1,27,0.0,7,23.7,1.6,281,0.0,20120727
209,2012-07-28,29.1,2012,35.4,0.0,62.0,12.5,28,0.0,7,24.1,2.2,281,0.0,20120728
210,2012-07-29,29.7,2012,36.4,0.0,63.9,9.6,29,0.0,7,22.2,1.3,281,0.0,20120729
211,2012-07-30,30.2,2012,35.9,0.0,62.6,8.6,30,0.0,7,24.4,1.6,281,0.0,20120730
212,2012-07-31,30.3,2012,36.9,0.0,62.3,10.8,31,0.0,7,24.7,1.4,281,0.0,20120731
213,2012-08-01,28.5,2012,33.7,0.0,63.9,12.0,1,0.0,8,23.9,2.4,281,0.0,20120801
214,2012-08-02,27.6,2012,31.3,0.0,71.4,2.1,2,0.0,8,25.3,2.4,281,0.0,20120802
215,2012-08-03,27.6,2012,32.3,0.0,73.5,7.4,3,0.0,8,25.0,2.1,281,0.0,20120803
216,2012-08-04,27.5,2012,32.6,0.0,72.1,10.4,4,0.0,8,24.3,1.8,281,0.0,20120804
217,2012-08-05,28.4,2012,34.9,0.0,65.1,6.7,5,0.0,8,22.8,1.7,281,0.0,20120805
218,2012-08-06,27.4,2012,32.7,0.0,66.4,10.3,6,0.0,8,22.1,2.2,281,0.0,20120806
219,2012-08-07,26.7,2012,31.7,0.0,64.6,9.2,7,0.0,8,23.1,2.1,281,0.0,20120807
220,2012-08-08,25.4,2012,31.1,0.0,68.4,8.7,8,0.0,8,19.9,1.7,281,0.0,20120808
221,2012-08-09,27.2,2012,34.3,0.0,65.8,8.5,9,0.0,8,20.3,1.2,281,0.0,20120809
222,2012-08-10,25.4,2012,34.1,0.0,79.3,1.1,10,11.5,8,23.3,1.1,281,0.0,20120810
223,2012-08-11,27.5,2012,33.2,0.0,70.0,5.5,11,0.0,8,22.9,1.1,281,0.0,20120811
224,2012-08-12,26.9,2012,30.9,0.0,77.6,1.1,12,14.5,8,24.6,1.0,281,0.0,20120812
225,2012-08-13,24.3,2012,28.7,0.0,89.0,0.1,13,109.0,8,22.2,1.2,281,0.0,20120813
226,2012-08-14,24.1,2012,26.7,0.0,82.8,0.0,14,0.1,8,22.1,1.3,281,0.0,20120814
227,2012-08-15,28.1,2012,32.3,0.0,71.4,1.9,15,0.0,8,23.2,1.9,281,0.0,20120815
228,2012-08-16,27.2,2012,32.6,0.0,78.1,1.4,16,12.0,8,23.4,1.8,281,0.0,20120816
229,2012-08-17,27.1,2012,31.8,0.0,78.4,5.4,17,0.0,8,23.1,1.5,281,0.0,20120817
230,2012-08-18,28.5,2012,34.3,0.0,76.4,6.2,18,5.5,8,24.1,1.1,281,0.0,20120818
231,2012-08-19,29.0,2012,34.0,0.0,70.3,5.5,19,0.1,8,24.8,1.3,281,0.0,20120819
232,2012-08-20,27.4,2012,32.1,0.0,74.4,1.0,20,0.0,8,23.6,1.3,281,0.0,20120820
233,2012-08-21,27.3,2012,33.1,0.0,72.5,7.4,21,0.2,8,22.9,1.3,281,0.0,20120821
234,2012-08-22,24.6,2012,29.2,0.0,86.1,0.0,22,26.5,8,23.3,1.1,281,0.0,20120822
235,2012-08-23,21.5,2012,23.6,0.0,90.0,0.0,23,129.0,8,20.6,1.2,281,0.0,20120823
236,2012-08-24,20.9,2012,21.5,0.0,88.4,0.0,24,25.5,8,20.5,2.0,281,0.0,20120824
237,2012-08-25,25.1,2012,31.1,0.0,78.1,6.5,25,0.0,8,20.6,1.4,281,0.0,20120825
238,2012-08-26,26.3,2012,31.8,0.0,75.1,11.5,26,0.0,8,21.3,1.8,281,0.0,20120826
239,2012-08-27,26.9,2012,30.5,0.0,75.3,3.5,27,0.0,8,22.5,2.4,281,0.0,20120827
240,2012-08-28,26.7,2012,29.7,0.0,75.0,0.4,28,28.5,8,24.8,4.5,281,0.0,20120828
241,2012-08-29,27.3,2012,31.8,0.0,66.5,6.0,29,0.0,8,23.1,2.4,281,0.0,20120829
242,2012-08-30,24.5,2012,27.5,0.0,80.5,0.0,30,8.5,8,19.7,2.4,281,0.0,20120830
243,2012-08-31,22.3,2012,28.6,0.0,72.8,5.9,31,0.5,8,18.6,2.0,281,0.0,20120831
244,2012-09-01,22.1,2012,28.4,0.0,78.0,1.7,1,0.0,9,19.1,1.3,281,0.0,20120901
245,2012-09-02,22.8,2012,29.7,0.0,75.3,5.8,2,0.0,9,19.2,1.5,281,0.0,20120902
246,2012-09-03,23.0,2012,29.9,0.0,78.4,5.3,3,0.0,9,17.3,1.3,281,0.0,20120903
247,2012-09-04,23.6,2012,29.8,0.0,77.6,4.2,4,1.5,9,18.6,0.9,281,0.0,20120904
248,2012-09-05,23.8,2012,29.4,0.0,71.0,4.8,5,13.5,9,19.8,1.5,281,0.0,20120905
249,2012-09-06,21.2,2012,28.6,0.0,60.1,11.5,6,0.0,9,15.4,1.6,281,0.0,20120906
250,2012-09-07,21.5,2012,28.5,0.0,71.9,7.1,7,0.0,9,13.7,1.7,281,0.0,20120907
251,2012-09-08,23.3,2012,29.6,0.0,75.4,6.5,8,33.0,9,19.0,1.8,281,0.0,20120908
252,2012-09-09,20.0,2012,21.9,0.0,81.3,0.0,9,8.0,9,18.5,1.2,281,0.0,20120909
253,2012-09-10,19.4,2012,23.5,0.0,83.8,0.4,10,25.0,9,15.5,1.0,281,0.0,20120910
254,2012-09-11,18.7,2012,26.1,0.0,77.1,8.1,11,0.0,9,13.4,1.2,281,0.0,20120911
255,2012-09-12,20.2,2012,27.8,0.0,72.8,8.1,12,0.0,9,12.4,0.9,281,0.0,20120912
256,2012-09-13,23.1,2012,29.0,0.0,73.8,2.1,13,0.0,9,19.4,1.1,281,0.0,20120913
257,2012-09-14,20.2,2012,21.9,0.0,84.8,0.0,14,3.5,9,18.0,1.4,281,0.0,20120914
258,2012-09-15,19.0,2012,22.4,0.0,83.3,0.1,15,12.5,9,17.2,1.1,281,0.0,20120915
259,2012-09-16,19.2,2012,21.5,0.0,88.5,0.0,16,83.0,9,17.3,1.2,281,0.0,20120916
260,2012-09-17,20.8,2012,24.6,0.0,80.6,0.0,17,85.5,9,18.8,3.6,281,0.0,20120917
261,2012-09-18,21.6,2012,25.9,0.0,70.0,2.9,18,0.0,9,16.8,1.6,281,0.0,20120918
262,2012-09-19,20.2,2012,26.9,0.0,69.1,9.6,19,0.0,9,15.4,1.6,281,0.0,20120919
263,2012-09-20,18.4,2012,26.1,0.0,69.8,9.4,20,0.0,9,12.0,1.1,281,0.0,20120920
264,2012-09-21,18.3,2012,24.8,0.0,73.6,5.3,21,0.0,9,11.9,0.9,281,0.0,20120921
265,2012-09-22,18.6,2012,26.9,0.0,76.3,6.2,22,0.0,9,13.1,1.1,281,0.0,20120922
266,2012-09-23,18.9,2012,26.2,0.0,71.5,7.7,23,0.0,9,13.1,1.2,281,0.0,20120923
267,2012-09-24,17.8,2012,25.4,0.0,73.0,11.1,24,0.0,9,11.9,1.3,281,0.0,20120924
268,2012-09-25,17.9,2012,24.6,0.0,73.4,10.5,25,0.0,9,12.3,1.7,281,0.0,20120925
269,2012-09-26,17.4,2012,24.2,0.0,75.1,6.2,26,0.0,9,10.9,1.4,281,0.0,20120926
270,2012-09-27,18.2,2012,24.5,0.0,77.8,2.0,27,0.0,9,13.3,1.2,281,0.0,20120927
271,2012-09-28,18.7,2012,25.4,0.0,72.1,5.1,28,0.0,9,12.6,1.2,281,0.0,20120928
272,2012-09-29,17.5,2012,23.7,0.0,59.0,8.9,29,0.0,9,11.1,2.4,281,0.0,20120929
273,2012-09-30,15.8,2012,23.1,0.0,69.1,6.4,30,0.0,9,7.4,1.1,281,0.0,20120930
274,2012-10-01,16.5,2012,24.3,0.0,69.0,9.9,1,0.0,10,10.3,1.2,281,0.0,20121001
275,2012-10-02,16.1,2012,23.7,0.0,75.1,5.3,2,0.0,10,10.1,1.0,281,0.0,20121002
276,2012-10-03,15.2,2012,23.9,0.0,72.5,8.7,3,0.0,10,8.3,1.2,281,0.0,20121003
277,2012-10-04,15.9,2012,25.5,0.0,65.3,10.4,4,0.0,10,8.6,1.1,281,0.0,20121004
278,2012-10-05,16.1,2012,24.0,0.0,73.4,3.3,5,0.0,10,8.9,1.0,281,0.0,20121005
279,2012-10-06,16.9,2012,25.3,0.0,73.6,3.6,6,0.0,10,11.2,1.0,281,0.0,20121006
280,2012-10-07,14.9,2012,22.6,0.0,68.5,10.4,7,0.0,10,9.1,1.7,281,0.0,20121007
281,2012-10-08,12.7,2012,21.0,0.0,73.3,3.0,8,0.0,10,6.9,1.0,281,0.0,20121008
282,2012-10-09,13.7,2012,21.6,0.0,73.8,7.2,9,0.0,10,4.8,1.3,281,0.0,20121009
283,2012-10-10,14.9,2012,23.5,0.0,74.9,6.6,10,0.0,10,7.5,1.2,281,0.0,20121010
284,2012-10-11,14.8,2012,21.5,0.0,63.1,10.8,11,0.0,10,9.1,2.1,281,0.0,20121011
285,2012-10-12,12.7,2012,22.2,0.0,68.5,9.5,12,0.0,10,5.5,0.9,281,0.0,20121012
286,2012-10-13,13.0,2012,24.0,0.0,69.1,6.6,13,0.0,10,5.8,0.7,281,0.0,20121013
287,2012-10-14,14.6,2012,24.6,0.0,69.5,7.4,14,0.0,10,6.8,1.3,281,0.0,20121014
288,2012-10-15,12.5,2012,22.4,0.0,65.6,9.6,15,0.0,10,5.5,1.3,281,0.0,20121015
289,2012-10-16,14.2,2012,21.4,0.0,71.9,7.4,16,0.0,10,7.1,1.5,281,0.0,20121016
290,2012-10-17,13.4,2012,19.0,0.0,66.6,2.5,17,0.2,10,9.3,2.1,281,0.0,20121017
291,2012-10-18,10.2,2012,18.9,0.0,52.1,10.7,18,0.0,10,3.1,1.7,281,0.0,20121018
292,2012-10-19,10.6,2012,21.2,0.0,63.8,9.9,19,0.0,10,1.7,1.3,281,0.0,20121019
293,2012-10-20,10.8,2012,21.2,0.0,68.6,5.6,20,0.0,10,2.8,0.9,281,0.0,20121020
294,2012-10-21,13.7,2012,24.9,0.0,68.6,9.6,21,0.0,10,4.5,0.9,281,0.0,20121021
295,2012-10-22,15.1,2012,24.6,0.0,74.4,1.6,22,22.5,10,8.4,1.9,281,0.0,20121022
296,2012-10-23,11.0,2012,16.8,0.0,49.6,10.1,23,0.0,10,4.2,3.3,281,0.0,20121023
297,2012-10-24,9.9,2012,18.7,0.0,69.9,5.9,24,0.0,10,2.5,1.0,281,0.0,20121024
298,2012-10-25,11.1,2012,21.9,0.0,71.0,9.6,25,0.0,10,2.6,1.0,281,0.0,20121025
299,2012-10-26,12.4,2012,23.1,0.0,73.4,7.8,26,0.0,10,4.4,0.8,281,0.0,20121026
300,2012-10-27,13.6,2012,15.7,0.0,91.3,0.0,27,14.5,10,9.0,0.6,281,0.0,20121027
301,2012-10-28,15.3,2012,22.3,0.0,61.9,10.1,28,0.0,10,7.2,3.0,281,0.0,20121028
302,2012-10-29,11.2,2012,20.1,0.0,72.3,9.2,29,0.0,10,3.4,0.8,281,0.0,20121029
303,2012-10-30,10.9,2012,16.2,0.0,59.5,8.3,30,0.0,10,3.8,2.3,281,0.0,20121030
304,2012-10-31,7.7,2012,14.9,0.0,52.4,9.8,31,0.0,10,2.7,2.2,281,0.0,20121031
305,2012-11-01,7.6,2012,12.8,0.0,40.4,9.6,1,0.0,11,2.0,3.6,281,0.0,20121101
306,2012-11-02,5.5,2012,14.5,0.0,50.9,8.8,2,0.0,11,-1.8,1.4,281,0.0,20121102
307,2012-11-03,6.4,2012,17.7,0.0,64.3,9.0,3,0.0,11,-2.3,0.8,281,0.0,20121103
308,2012-11-04,10.0,2012,15.2,0.0,80.5,0.4,4,7.0,11,2.2,1.5,281,0.0,20121104
309,2012-11-05,12.4,2012,17.7,0.0,64.3,6.3,5,0.0,11,6.2,2.1,281,0.0,20121105
310,2012-11-06,9.1,2012,14.2,0.0,71.5,3.4,6,1.0,11,3.6,2.4,281,0.0,20121106
311,2012-11-07,10.0,2012,14.1,0.0,59.3,2.4,7,0.0,11,6.7,3.0,281,0.0,20121107
312,2012-11-08,10.4,2012,16.3,0.0,64.6,6.5,8,0.0,11,6.6,2.3,281,0.0,20121108
313,2012-11-09,9.3,2012,17.8,0.0,71.5,6.0,9,0.0,11,1.8,1.2,281,0.0,20121109
314,2012-11-10,13.2,2012,15.2,0.0,58.0,1.0,10,0.3,11,8.2,3.5,281,0.0,20121110
315,2012-11-11,11.6,2012,15.4,0.0,70.9,0.0,11,17.0,11,7.8,3.2,281,0.0,20121111
316,2012-11-12,10.2,2012,15.3,0.0,42.4,7.9,12,0.0,11,6.2,3.8,281,0.0,20121112
317,2012-11-13,7.1,2012,12.1,0.0,64.1,4.3,13,0.4,11,3.1,3.3,281,0.0,20121113
318,2012-11-14,4.9,2012,8.8,0.0,54.5,6.0,14,0.1,11,2.9,4.0,281,0.0,20121114
319,2012-11-15,4.7,2012,11.8,0.0,59.9,7.9,15,0.0,11,-0.8,1.5,281,0.0,20121115
320,2012-11-16,5.3,2012,12.1,0.0,74.5,3.2,16,7.5,11,-3.5,0.7,281,0.0,20121116
321,2012-11-17,7.8,2012,12.4,0.0,62.9,4.2,17,5.5,11,3.9,3.2,281,0.0,20121117
322,2012-11-18,4.5,2012,11.3,0.0,52.9,7.8,18,0.0,11,-1.9,1.6,281,0.0,20121118
323,2012-11-19,4.2,2012,13.0,0.0,62.8,3.8,19,0.0,11,-3.8,2.2,281,0.0,20121119
324,2012-11-20,3.6,2012,8.6,0.0,46.4,6.3,20,0.0,11,-1.3,2.5,281,0.0,20121120
325,2012-11-21,2.6,2012,10.5,0.0,59.8,5.5,21,0.0,11,-5.8,0.9,281,0.0,20121121
326,2012-11-22,4.2,2012,13.6,0.0,66.4,6.0,22,0.0,11,-2.7,0.7,281,0.0,20121122
327,2012-11-23,7.4,2012,12.2,0.0,58.6,3.1,23,0.0,11,1.6,1.8,281,0.0,20121123
328,2012-11-24,3.6,2012,10.0,0.0,46.9,7.5,24,0.0,11,-2.6,2.6,281,0.0,20121124
329,2012-11-25,3.0,2012,10.8,0.0,50.4,6.8,25,0.5,11,-6.5,1.3,281,0.0,20121125
330,2012-11-26,3.6,2012,9.0,0.0,63.4,3.8,26,3.5,11,1.0,3.3,281,0.0,20121126
331,2012-11-27,0.8,2012,7.8,0.0,45.0,7.8,27,0.0,11,-4.8,2.1,281,0.0,20121127
332,2012-11-28,5.0,2012,14.4,0.0,58.9,5.2,28,0.0,11,-5.7,2.0,281,0.0,20121128
333,2012-11-29,3.2,2012,9.2,0.0,47.8,2.3,29,0.0,11,-4.3,1.9,281,0.0,20121129
334,2012-11-30,0.2,2012,9.8,0.0,57.4,4.7,30,0.0,11,-6.4,0.8,281,0.0,20121130
335,2012-12-01,2.1,2012,6.6,0.0,53.1,5.9,1,0.0,12,-3.9,1.8,281,0.0,20121201
336,2012-12-02,2.5,2012,6.6,0.0,79.1,0.3,2,0.2,12,-1.9,0.8,281,0.0,20121202
337,2012-12-03,3.0,2012,8.6,0.0,77.5,0.0,3,0.0,12,-2.3,1.7,281,0.0,20121203
338,2012-12-04,1.2,2012,4.3,0.0,40.3,7.7,4,0.0,12,-1.9,5.3,281,0.0,20121204
339,2012-12-05,1.8,2012,8.0,0.0,52.6,5.0,5,0.5,12,-1.7,2.8,281,0.0,20121205
340,2012-12-06,-3.9,2012,0.7,0.0,49.0,7.6,6,0.1,12,-8.2,3.4,281,0.0,20121206
341,2012-12-07,-3.0,2012,1.2,0.0,80.9,1.9,7,5.0,12,-9.1,0.9,281,0.0,20121207
342,2012-12-08,-3.2,2012,1.5,0.0,58.4,5.8,8,0.0,12,-7.1,2.9,281,0.0,20121208
343,2012-12-09,-5.6,2012,-2.0,0.0,52.3,7.6,9,0.0,12,-8.4,4.7,281,0.0,20121209
344,2012-12-10,-4.0,2012,1.2,0.0,48.3,7.6,10,0.0,12,-9.6,3.1,281,0.0,20121210
345,2012-12-11,-3.7,2012,2.6,0.0,49.9,7.6,11,0.0,12,-11.5,2.3,281,0.0,20121211
346,2012-12-12,-3.3,2012,4.1,0.0,57.5,7.5,12,0.0,12,-8.7,1.7,281,0.0,20121212
347,2012-12-13,-3.1,2012,8.0,0.0,59.6,7.5,13,0.0,12,-11.9,0.7,281,0.0,20121213
348,2012-12-14,1.8,2012,8.1,0.0,83.5,0.0,14,17.5,12,-4.2,0.9,281,0.0,20121214
349,2012-12-15,5.3,2012,8.5,0.0,86.0,0.0,15,0.0,12,3.2,1.3,281,0.0,20121215
350,2012-12-16,4.2,2012,11.2,0.0,76.8,5.4,16,0.0,12,-2.0,0.9,281,0.0,20121216
351,2012-12-17,2.6,2012,8.8,0.0,72.3,2.0,17,0.0,12,-1.1,2.3,281,0.0,20121217
352,2012-12-18,-2.3,2012,1.9,0.0,43.5,5.4,18,0.0,12,-6.4,3.9,281,0.0,20121218
353,2012-12-19,-3.5,2012,1.5,0.0,42.0,7.6,19,0.0,12,-8.1,2.7,281,0.0,20121219
354,2012-12-20,-1.5,2012,5.3,0.0,39.8,7.6,20,0.0,12,-6.9,2.0,281,0.0,20121220
355,2012-12-21,-0.6,2012,1.3,0.0,82.1,0.0,21,10.5,12,-4.8,0.7,281,0.0,20121221
356,2012-12-22,0.9,2012,4.1,0.0,68.3,5.6,22,0.0,12,-2.0,3.0,281,0.0,20121222
357,2012-12-23,-4.1,2012,-1.0,0.0,45.5,7.0,23,0.0,12,-8.8,4.8,281,0.0,20121223
358,2012-12-24,-6.7,2012,-1.4,0.0,48.9,7.5,24,0.0,12,-10.6,2.8,281,0.0,20121224
359,2012-12-25,-4.3,2012,2.2,0.0,48.1,6.5,25,0.0,12,-10.5,3.6,281,0.0,20121225
360,2012-12-26,-7.9,2012,-1.1,0.0,35.8,7.5,26,0.0,12,-11.9,2.4,281,0.0,20121226
361,2012-12-27,-4.9,2012,3.0,0.0,45.3,7.5,27,0.0,12,-14.6,1.0,281,0.0,20121227
362,2012-12-28,-1.5,2012,1.4,0.0,82.3,0.0,28,13.0,12,-4.1,0.8,281,0.0,20121228
363,2012-12-29,0.8,2012,4.0,0.0,88.9,0.0,29,0.5,12,-3.3,0.9,281,0.0,20121229
364,2012-12-30,-2.6,2012,1.6,0.0,59.9,3.4,30,1.0,12,-7.4,4.3,281,0.0,20121230
365,2012-12-31,-6.0,2012,-1.1,0.0,53.3,7.6,31,0.0,12,-10.7,3.4,281,0.0,20121231
