,sunshine,station_id,day,humid,tmin,date,wind,snow,Date,tavg,cloud,year,tmax,month,rainfall
0,2.6,281,1,55.8,-0.5,20040101,1.9,0.0,2004-01-01,4.1,0.0,2004,8.6,1,0.0
1,1.3,281,2,62.3,-2.0,20040102,2.1,0.0,2004-01-02,3.0,0.0,2004,9.3,1,0.0
2,4.2,281,3,61.3,-6.4,20040103,1.4,0.0,2004-01-03,1.1,0.0,2004,9.1,1,0.0
3,5.6,281,4,61.1,-7.0,20040104,0.5,0.0,2004-01-04,-0.5,0.0,2004,9.1,1,0.0
4,4.2,281,5,62.0,-9.3,20040105,0.5,0.0,2004-01-05,-1.8,0.0,2004,9.5,1,0.0
5,2.2,281,6,59.6,-7.5,20040106,0.4,0.0,2004-01-06,0.5,0.0,2004,10.0,1,0.0
6,4.1,281,7,56.4,-4.3,20040107,2.5,0.0,2004-01-07,2.2,0.0,2004,8.6,1,0.0
7,4.6,281,8,67.3,-8.1,20040108,0.5,0.0,2004-01-08,-1.2,0.0,2004,7.9,1,0.0
8,3.8,281,9,70.9,-6.9,20040109,0.5,0.0,2004-01-09,0.6,0.0,2004,9.3,1,0.0
9,3.2,281,10,44.6,-2.7,20040110,2.9,0.0,2004-01-10,2.7,0.0,2004,7.8,1,0.0
10,4.3,281,11,67.8,-6.6,20040111,0.5,0.0,2004-01-11,-0.2,0.0,2004,8.5,1,0.0
11,3.5,281,12,69.6,-6.5,20040112,1.4,0.0,2004-01-12,-0.9,0.0,2004,6.3,1,0.0
12,5.7,281,13,47.9,-5.4,20040113,5.1,0.0,2004-01-13,-2.1,0.0,2004,1.7,1,0.0
13,7.2,281,14,45.1,-6.9,20040114,3.2,0.0,2004-01-14,-2.1,0.0,2004,3.9,1,0.0
14,4.4,281,15,48.9,-7.1,20040115,1.4,0.0,2004-01-15,-1.6,0.0,2004,5.6,1,0.0
15,0.4,281,16,77.1,-7.4,20040116,0.6,0.0,2004-01-16,-0.4,0.0,2004,5.1,1,0.0
16,2.3,281,17,79.1,1.0,20040117,1.2,0.0,2004-01-17,3.5,0.0,2004,7.1,1,0.0
17,0.0,281,18,80.1,-1.1,20040118,1.6,0.0,2004-01-18,1.1,0.0,2004,3.5,1,0.0
18,5.4,281,19,53.4,-2.4,20040119,3.4,0.2,2004-01-19,0.3,0.0,2004,4.5,1,0.0
19,7.3,281,20,48.0,-6.4,20040120,2.6,0.0,2004-01-20,-2.0,0.0,2004,2.7,1,0.0
20,6.5,281,21,47.6,-13.1,20040121,4.3,0.0,2004-01-21,-8.6,0.0,2004,-3.5,1,0.0
21,7.3,281,22,47.3,-13.6,20040122,4.7,0.0,2004-01-22,-9.5,0.0,2004,-4.3,1,0.0
22,6.9,281,23,47.4,-9.3,20040123,4.4,0.0,2004-01-23,-4.9,0.0,2004,0.8,1,0.0
23,7.5,281,24,42.4,-9.1,20040124,3.5,0.0,2004-01-24,-4.6,0.0,2004,0.4,1,0.0
24,7.6,281,25,52.5,-7.8,20040125,3.7,0.0,2004-01-25,-4.7,0.0,2004,-0.2,1,0.0
25,7.3,281,26,54.3,-8.1,20040126,2.9,0.0,2004-01-26,-3.0,0.0,2004,2.7,1,0.0
26,7.6,281,27,48.4,-6.0,20040127,3.5,0.0,2004-01-27,-1.7,0.0,2004,3.0,1,0.0
27,7.8,281,28,55.0,-5.0,20040128,3.5,0.0,2004-01-28,0.4,0.0,2004,6.4,1,0.0
28,7.9,281,29,61.6,-5.6,20040129,1.5,0.0,2004-01-29,0.7,0.0,2004,8.6,1,0.0
29,7.0,281,30,65.1,-8.6,20040130,0.7,0.0,2004-01-30,-1.3,0.0,2004,9.3,1,0.0
30,7.2,281,31,58.3,-10.0,20040131,0.3,0.0,2004-01-31,-0.6,0.0,2004,12.1,1,0.0
31,6.8,281,1,59.4,-8.6,20040201,0.3,0.0,2004-02-01,0.5,0.0,2004,12.5,2,0.0
32,5.2,281,2,42.8,-3.7,20040202,3.9,0.0,2004-02-02,2.1,0.0,2004,5.9,2,0.0
33,8.0,281,3,47.5,-5.1,20040203,4.1,0.0,2004-02-03,-2.4,0.0,2004,1.8,2,0.0
34,6.7,281,4,55.0,-5.6,20040204,2.8,0.0,2004-02-04,-1.6,0.0,2004,3.5,2,0.0
35,8.7,281,5,57.4,-5.0,20040205,4.3,2.6,2004-02-05,-2.5,0.0,2004,1.1,2,1.0
36,7.6,281,6,55.6,-8.6,20040206,3.2,0.0,2004-02-06,-2.9,0.0,2004,1.7,2,0.0
37,9.0,281,7,56.0,-5.0,20040207,4.2,1.4,2004-02-07,-2.3,0.0,2004,1.3,2,0.6
38,8.7,281,8,54.8,-10.1,20040208,2.2,0.0,2004-02-08,0.3,0.0,2004,8.8,2,0.0
39,9.9,281,9,39.9,-7.1,20040209,1.5,0.0,2004-02-09,-0.7,0.0,2004,7.0,2,0.0
40,9.6,281,10,54.9,-11.6,20040210,0.8,0.0,2004-02-10,-1.9,0.0,2004,9.8,2,0.0
41,8.2,281,11,48.8,-9.5,20040211,1.9,0.0,2004-02-11,1.5,0.0,2004,11.8,2,0.0
42,8.2,281,12,44.1,-3.7,20040212,2.0,0.0,2004-02-12,3.3,0.0,2004,11.3,2,0.0
43,6.4,281,13,52.5,-7.5,20040213,0.8,0.0,2004-02-13,1.1,0.0,2004,11.5,2,0.0
44,5.7,281,14,45.3,-2.5,20040214,4.5,0.0,2004-02-14,5.0,0.0,2004,10.0,2,0.5
45,9.6,281,15,38.5,-2.9,20040215,4.0,0.0,2004-02-15,3.8,0.0,2004,11.1,2,0.0
46,9.2,281,16,54.9,-7.0,20040216,0.7,0.0,2004-02-16,4.2,0.0,2004,13.3,2,0.0
47,9.2,281,17,33.5,-1.0,20040217,3.8,0.0,2004-02-17,7.3,0.0,2004,12.8,2,0.0
48,9.5,281,18,42.9,-7.5,20040218,0.9,0.0,2004-02-18,3.1,0.0,2004,16.2,2,0.0
49,9.4,281,19,42.8,-6.5,20040219,0.7,0.0,2004-02-19,4.9,0.0,2004,19.6,2,0.0
50,8.8,281,20,60.5,-2.7,20040220,0.7,0.0,2004-02-20,7.7,0.0,2004,19.8,2,0.0
51,0.0,281,21,83.5,3.2,20040221,0.3,0.0,2004-02-21,9.5,0.0,2004,12.8,2,2.0
52,0.0,281,22,78.3,3.2,20040222,2.9,0.0,2004-02-22,9.1,0.0,2004,14.8,2,22.5
53,9.3,281,23,54.8,-2.4,20040223,3.2,0.0,2004-02-23,3.3,0.0,2004,9.8,2,0.0
54,8.4,281,24,54.9,-4.3,20040224,1.9,0.0,2004-02-24,4.2,0.0,2004,12.8,2,0.0
55,9.2,281,25,51.5,-1.2,20040225,2.7,0.0,2004-02-25,7.6,0.0,2004,16.1,2,0.0
56,8.5,281,26,45.8,-3.0,20040226,4.0,0.0,2004-02-26,3.0,0.0,2004,7.8,2,0.0
57,9.8,281,27,51.3,-4.6,20040227,2.4,0.0,2004-02-27,2.3,0.0,2004,9.1,2,0.0
58,5.5,281,28,66.9,-5.8,20040228,1.3,0.0,2004-02-28,5.1,0.0,2004,13.8,2,4.5
59,7.6,281,29,58.9,4.5,20040229,2.4,0.0,2004-02-29,8.8,0.0,2004,14.8,2,0.5
60,9.1,281,1,38.1,2.5,20040301,2.3,0.0,2004-03-01,5.8,0.0,2004,12.3,3,0.0
61,3.1,281,2,30.1,-1.7,20040302,4.3,0.0,2004-03-02,1.8,0.0,2004,6.5,3,0.0
62,5.7,281,3,55.0,-5.8,20040303,2.3,0.6,2004-03-03,-2.0,0.0,2004,3.2,3,0.3
63,9.8,281,4,53.5,-9.1,20040304,1.9,0.0,2004-03-04,-0.9,0.0,2004,5.9,3,0.0
64,3.4,281,5,73.0,-4.4,20040305,1.9,0.0,2004-03-05,1.5,0.0,2004,10.0,3,2.0
65,7.9,281,6,59.0,-5.0,20040306,4.0,0.0,2004-03-06,-1.7,0.0,2004,1.8,3,0.0
66,10.5,281,7,50.5,-6.9,20040307,4.0,0.0,2004-03-07,-1.6,0.0,2004,3.2,3,0.0
67,7.7,281,8,52.0,-4.0,20040308,2.1,0.0,2004-03-08,3.0,0.0,2004,9.8,3,0.0
68,9.3,281,9,58.8,-4.5,20040309,1.4,0.0,2004-03-09,6.3,0.0,2004,15.3,3,0.0
69,7.7,281,10,60.3,2.0,20040310,3.4,0.0,2004-03-10,13.3,0.0,2004,19.1,3,0.0
70,6.8,281,11,26.8,5.3,20040311,3.7,0.0,2004-03-11,9.5,0.0,2004,15.6,3,0.0
71,8.8,281,12,32.0,0.3,20040312,1.7,0.0,2004-03-12,7.7,0.0,2004,16.3,3,0.0
72,8.4,281,13,45.5,-2.5,20040313,0.6,0.0,2004-03-13,6.3,0.0,2004,16.7,3,0.0
73,8.4,281,14,56.8,-1.8,20040314,1.1,0.0,2004-03-14,6.8,0.0,2004,16.7,3,0.0
74,8.8,281,15,66.1,-1.8,20040315,0.7,0.0,2004-03-15,7.8,0.0,2004,18.3,3,0.0
75,8.7,281,16,57.8,1.0,20040316,2.3,0.0,2004-03-16,13.4,0.0,2004,22.0,3,0.0
76,0.0,281,17,63.8,2.9,20040317,3.4,0.0,2004-03-17,10.9,0.0,2004,17.8,3,7.0
77,9.2,281,18,47.0,-0.8,20040318,2.1,0.0,2004-03-18,4.3,0.0,2004,11.1,3,0.0
78,8.7,281,19,46.3,-2.9,20040319,1.5,0.0,2004-03-19,5.1,0.0,2004,12.8,3,0.0
79,9.9,281,20,53.1,2.0,20040320,1.2,0.0,2004-03-20,7.7,0.0,2004,16.2,3,0.0
80,6.3,281,21,63.5,1.7,20040321,1.9,0.0,2004-03-21,8.0,0.0,2004,14.8,3,0.0
81,7.4,281,22,68.4,3.0,20040322,1.9,0.0,2004-03-22,7.6,0.0,2004,13.8,3,1.0
82,8.1,281,23,62.4,-0.6,20040323,0.8,0.0,2004-03-23,8.3,0.0,2004,17.6,3,0.0
83,8.1,281,24,59.5,0.1,20040324,1.5,0.0,2004-03-24,7.7,0.0,2004,14.6,3,0.0
84,3.6,281,25,61.9,1.5,20040325,0.5,0.0,2004-03-25,6.4,0.0,2004,14.3,3,0.0
85,11.0,281,26,59.1,-2.0,20040326,1.7,0.0,2004-03-26,6.8,0.0,2004,15.6,3,0.0
86,9.8,281,27,54.4,-1.7,20040327,0.9,0.0,2004-03-27,8.8,0.0,2004,19.2,3,0.0
87,10.8,281,28,45.9,-0.6,20040328,1.2,0.0,2004-03-28,11.5,0.0,2004,23.1,3,0.0
88,9.9,281,29,50.3,3.0,20040329,1.6,0.0,2004-03-29,14.6,0.0,2004,24.1,3,1.0
89,9.4,281,30,47.1,6.1,20040330,3.0,0.0,2004-03-30,14.5,0.0,2004,22.0,3,3.0
90,10.0,281,31,30.5,-0.2,20040331,3.1,0.0,2004-03-31,9.4,0.0,2004,17.2,3,0.0
91,7.0,281,1,58.9,-1.2,20040401,1.4,0.0,2004-04-01,8.8,0.0,2004,18.2,4,16.0
92,9.8,281,2,49.3,6.5,20040402,4.0,0.0,2004-04-02,10.0,0.0,2004,15.3,4,1.0
93,8.2,281,3,48.8,3.2,20040403,2.8,0.0,2004-04-03,7.4,0.0,2004,12.5,4,0.0
94,10.7,281,4,54.6,0.1,20040404,1.4,0.0,2004-04-04,7.7,0.0,2004,15.1,4,0.0
95,11.4,281,5,37.9,-0.6,20040405,2.1,0.0,2004-04-05,10.7,0.0,2004,20.1,4,0.0
96,7.9,281,6,41.4,1.0,20040406,1.5,0.0,2004-04-06,11.9,0.0,2004,19.7,4,0.0
97,3.8,281,7,49.4,7.9,20040407,1.8,0.0,2004-04-07,11.3,0.0,2004,16.7,4,0.0
98,11.3,281,8,31.1,0.6,20040408,2.2,0.0,2004-04-08,11.8,0.0,2004,19.5,4,0.0
99,10.8,281,9,27.6,5.0,20040409,2.4,0.0,2004-04-09,16.2,0.0,2004,25.2,4,0.0
100,9.6,281,10,33.1,6.4,20040410,1.6,0.0,2004-04-10,17.6,0.0,2004,26.6,4,0.0
101,8.2,281,11,35.6,9.5,20040411,1.3,0.0,2004-04-11,17.6,0.0,2004,24.5,4,0.0
102,9.3,281,12,52.8,5.3,20040412,2.1,0.0,2004-04-12,14.0,0.0,2004,25.0,4,0.0
103,10.9,281,13,61.9,4.5,20040413,2.3,0.0,2004-04-13,12.2,0.0,2004,20.7,4,0.0
104,10.5,281,14,58.5,7.0,20040414,1.6,0.0,2004-04-14,13.3,0.0,2004,23.5,4,0.0
105,10.2,281,15,47.3,2.5,20040415,1.1,0.0,2004-04-15,13.4,0.0,2004,23.8,4,0.0
106,10.7,281,16,39.9,4.1,20040416,2.1,0.0,2004-04-16,16.9,0.0,2004,28.2,4,0.0
107,10.4,281,17,43.5,6.8,20040417,1.1,0.0,2004-04-17,17.4,0.0,2004,29.0,4,0.0
108,7.9,281,18,57.4,5.1,20040418,1.5,0.0,2004-04-18,16.0,0.0,2004,27.1,4,11.5
109,2.1,281,19,74.4,14.1,20040419,1.8,0.0,2004-04-19,17.1,0.0,2004,22.3,4,9.0
110,11.1,281,20,47.5,12.8,20040420,3.5,0.0,2004-04-20,19.0,0.0,2004,27.2,4,0.0
111,10.7,281,21,49.9,7.8,20040421,1.2,0.0,2004-04-21,20.2,0.0,2004,30.2,4,0.0
112,9.7,281,22,60.1,11.3,20040422,2.6,0.0,2004-04-22,17.4,0.0,2004,29.7,4,21.5
113,9.7,281,23,46.6,5.5,20040423,2.4,0.0,2004-04-23,12.5,0.0,2004,19.3,4,0.0
114,10.2,281,24,50.9,2.2,20040424,1.5,0.0,2004-04-24,11.3,0.0,2004,19.1,4,0.0
115,11.0,281,25,29.4,3.5,20040425,2.7,0.0,2004-04-25,14.9,0.0,2004,23.0,4,0.0
116,2.9,281,26,67.5,5.5,20040426,2.3,0.0,2004-04-26,10.8,0.0,2004,17.2,4,26.0
117,0.0,281,27,81.3,4.8,20040427,1.5,0.0,2004-04-27,9.3,0.0,2004,12.5,4,12.0
118,11.7,281,28,59.6,2.5,20040428,1.8,0.0,2004-04-28,12.0,0.0,2004,21.2,4,0.0
119,11.3,281,29,48.1,5.9,20040429,1.9,0.0,2004-04-29,17.0,0.0,2004,26.3,4,0.0
120,8.2,281,30,54.9,11.5,20040430,2.4,0.0,2004-04-30,15.8,0.0,2004,24.3,4,0.0
121,10.5,281,1,60.3,11.3,20040501,3.8,0.0,2004-05-01,14.0,0.0,2004,18.3,5,0.0
122,5.1,281,2,72.4,11.1,20040502,2.5,0.0,2004-05-02,15.1,0.0,2004,20.8,5,3.5
123,0.0,281,3,81.5,15.3,20040503,1.0,0.0,2004-05-03,18.5,0.0,2004,21.7,5,3.0
124,8.6,281,4,54.6,12.1,20040504,2.6,0.0,2004-05-04,15.5,0.0,2004,20.7,5,1.5
125,11.9,281,5,50.1,4.3,20040505,1.3,0.0,2004-05-05,15.5,0.0,2004,24.2,5,0.0
126,11.2,281,6,50.6,7.3,20040506,2.1,0.0,2004-05-06,17.9,0.0,2004,27.7,5,0.0
127,10.2,281,7,52.8,6.0,20040507,1.0,0.0,2004-05-07,16.3,0.0,2004,26.3,5,0.0
128,5.9,281,8,60.0,8.1,20040508,0.6,0.0,2004-05-08,17.0,0.0,2004,24.8,5,1.5
129,0.0,281,9,84.6,13.0,20040509,1.4,0.0,2004-05-09,14.8,0.0,2004,16.2,5,37.0
130,4.8,281,10,73.4,14.6,20040510,2.2,0.0,2004-05-10,18.2,0.0,2004,24.3,5,7.5
131,10.6,281,11,61.6,15.5,20040511,2.2,0.0,2004-05-11,20.1,0.0,2004,27.8,5,0.0
132,1.2,281,12,77.0,13.6,20040512,0.7,0.0,2004-05-12,17.6,0.0,2004,21.6,5,4.5
133,7.7,281,13,67.5,12.1,20040513,2.3,0.0,2004-05-13,18.9,0.0,2004,25.0,5,1.0
134,11.4,281,14,58.8,9.1,20040514,1.7,0.0,2004-05-14,17.3,0.0,2004,25.5,5,0.0
135,0.0,281,15,77.5,12.1,20040515,0.6,0.0,2004-05-15,13.9,0.0,2004,15.6,5,6.5
136,6.8,281,16,71.6,13.1,20040516,1.1,0.0,2004-05-16,16.4,0.0,2004,20.3,5,0.0
137,10.5,281,17,58.4,12.6,20040517,2.9,0.0,2004-05-17,17.9,0.0,2004,22.7,5,0.0
138,11.4,281,18,50.9,8.1,20040518,1.5,0.0,2004-05-18,19.3,0.0,2004,27.6,5,0.0
139,6.5,281,19,48.6,16.6,20040519,1.6,0.0,2004-05-19,19.1,0.0,2004,22.3,5,0.0
140,10.2,281,20,60.4,11.1,20040520,1.3,0.0,2004-05-20,19.8,0.0,2004,27.7,5,0.0
141,8.4,281,21,58.3,10.8,20040521,2.5,0.0,2004-05-21,18.2,0.0,2004,24.2,5,0.0
142,12.1,281,22,50.0,7.0,20040522,1.7,0.0,2004-05-22,17.0,0.0,2004,26.3,5,0.0
143,9.4,281,23,53.8,8.1,20040523,1.4,0.0,2004-05-23,16.9,0.0,2004,25.5,5,0.0
144,12.0,281,24,57.6,8.8,20040524,1.6,0.0,2004-05-24,18.2,0.0,2004,27.2,5,0.0
145,12.0,281,25,52.1,9.8,20040525,1.2,0.0,2004-05-25,20.1,0.0,2004,29.7,5,0.0
146,4.4,281,26,60.3,12.6,20040526,1.1,0.0,2004-05-26,18.8,0.0,2004,25.7,5,0.0
147,7.5,281,27,57.8,13.3,20040527,1.1,0.0,2004-05-27,21.7,0.0,2004,28.2,5,0.0
148,0.0,281,28,70.3,19.7,20040528,1.1,0.0,2004-05-28,22.4,0.0,2004,23.7,5,4.5
149,9.3,281,29,64.5,18.2,20040529,1.6,0.0,2004-05-29,25.0,0.0,2004,32.4,5,1.5
150,1.4,281,30,76.3,15.8,20040530,0.8,0.0,2004-05-30,20.3,0.0,2004,22.8,5,0.5
151,7.8,281,31,63.8,11.5,20040531,2.0,0.0,2004-05-31,18.0,0.0,2004,22.2,5,1.5
152,11.7,281,1,54.3,8.3,20040601,1.2,0.0,2004-06-01,19.0,0.0,2004,29.5,6,0.0
153,10.6,281,2,52.1,12.1,20040602,1.1,0.0,2004-06-02,19.7,0.0,2004,28.5,6,0.0
154,12.3,281,3,46.0,9.8,20040603,1.3,0.0,2004-06-03,20.9,0.0,2004,31.6,6,0.0
155,11.9,281,4,47.0,11.1,20040604,1.2,0.0,2004-06-04,22.7,0.0,2004,34.5,6,0.0
156,10.9,281,5,48.4,11.8,20040605,1.9,0.0,2004-06-05,21.8,0.0,2004,31.2,6,0.0
157,9.4,281,6,50.4,15.8,20040606,2.0,0.0,2004-06-06,21.5,0.0,2004,28.2,6,0.0
158,0.0,281,7,71.5,15.3,20040607,0.7,0.0,2004-06-07,17.3,0.0,2004,20.6,6,6.5
159,4.9,281,8,73.6,14.8,20040608,0.7,0.0,2004-06-08,18.2,0.0,2004,23.1,6,1.0
160,10.6,281,9,61.6,15.1,20040609,1.6,0.0,2004-06-09,21.6,0.0,2004,28.0,6,0.0
161,10.5,281,10,58.5,15.3,20040610,2.1,0.0,2004-06-10,20.8,0.0,2004,29.2,6,0.0
162,11.0,281,11,52.9,11.8,20040611,1.4,0.0,2004-06-11,20.7,0.0,2004,28.7,6,0.0
163,10.8,281,12,54.4,12.0,20040612,2.2,0.0,2004-06-12,19.9,0.0,2004,28.2,6,0.0
164,12.6,281,13,48.5,8.1,20040613,1.2,0.0,2004-06-13,20.4,0.0,2004,31.6,6,0.0
165,12.2,281,14,46.9,11.5,20040614,1.2,0.0,2004-06-14,23.0,0.0,2004,32.7,6,0.0
166,10.1,281,15,53.0,14.3,20040615,1.7,0.0,2004-06-15,22.9,0.0,2004,34.2,6,0.0
167,9.7,281,16,66.0,14.5,20040616,2.3,0.0,2004-06-16,20.6,0.0,2004,27.3,6,0.0
168,0.0,281,17,80.6,17.0,20040617,1.1,0.0,2004-06-17,18.2,0.0,2004,20.3,6,30.0
169,5.5,281,18,72.1,17.0,20040618,0.7,0.0,2004-06-18,22.3,0.0,2004,28.1,6,1.0
170,0.0,281,19,84.3,18.0,20040619,1.4,0.0,2004-06-19,19.7,0.0,2004,21.0,6,79.5
171,3.9,281,20,80.8,20.2,20040620,2.4,0.0,2004-06-20,22.7,0.0,2004,28.5,6,19.0
172,3.3,281,21,76.4,18.7,20040621,1.2,0.0,2004-06-21,21.6,0.0,2004,25.2,6,44.5
173,11.0,281,22,62.4,19.7,20040622,1.5,0.0,2004-06-22,25.0,0.0,2004,30.2,6,0.0
174,9.2,281,23,63.1,20.5,20040623,1.4,0.0,2004-06-23,26.4,0.0,2004,31.7,6,0.0
175,2.9,281,24,72.8,19.8,20040624,1.2,0.0,2004-06-24,23.2,0.0,2004,26.7,6,1.0
176,0.0,281,25,77.3,19.5,20040625,1.4,0.0,2004-06-25,21.0,0.0,2004,23.2,6,2.0
177,1.4,281,26,77.0,19.7,20040626,1.3,0.0,2004-06-26,21.6,0.0,2004,24.0,6,0.0
178,9.5,281,27,72.6,19.7,20040627,1.4,0.0,2004-06-27,23.6,0.0,2004,29.5,6,44.5
179,9.4,281,28,69.9,19.3,20040628,0.9,0.0,2004-06-28,24.9,0.0,2004,30.2,6,0.0
180,8.7,281,29,63.4,21.8,20040629,2.0,0.0,2004-06-29,25.3,0.0,2004,30.2,6,0.0
181,6.9,281,30,68.8,20.5,20040630,1.9,0.0,2004-06-30,23.5,0.0,2004,27.7,6,0.0
182,6.7,281,1,71.1,20.5,20040701,2.0,0.0,2004-07-01,22.5,0.0,2004,25.7,7,0.0
183,2.5,281,2,79.0,20.2,20040702,0.9,0.0,2004-07-02,22.8,0.0,2004,26.2,7,6.5
184,3.5,281,3,79.0,21.1,20040703,0.7,0.0,2004-07-03,24.3,0.0,2004,30.2,7,31.0
185,0.5,281,4,78.1,21.5,20040704,3.0,0.0,2004-07-04,23.7,0.0,2004,26.6,7,46.5
186,8.9,281,5,60.8,22.6,20040705,2.8,0.0,2004-07-05,25.8,0.0,2004,30.2,7,0.0
187,8.9,281,6,62.0,20.7,20040706,1.2,0.0,2004-07-06,26.9,0.0,2004,32.0,7,0.0
188,0.3,281,7,81.6,21.6,20040707,1.0,0.0,2004-07-07,23.9,0.0,2004,27.2,7,4.5
189,6.5,281,8,71.3,20.7,20040708,1.5,0.0,2004-07-08,25.0,0.0,2004,30.2,7,0.0
190,7.9,281,9,69.9,19.7,20040709,1.0,0.0,2004-07-09,25.0,0.0,2004,31.5,7,0.0
191,9.1,281,10,70.1,21.0,20040710,1.2,0.0,2004-07-10,25.0,0.0,2004,31.2,7,0.0
192,5.8,281,11,77.5,20.7,20040711,1.0,0.0,2004-07-11,23.4,0.0,2004,28.7,7,20.5
193,6.3,281,12,73.4,21.2,20040712,1.6,0.0,2004-07-12,25.7,0.0,2004,30.7,7,2.5
194,8.2,281,13,74.4,21.2,20040713,2.1,0.0,2004-07-13,24.3,0.0,2004,30.7,7,0.0
195,1.8,281,14,81.9,20.1,20040714,1.0,0.0,2004-07-14,22.1,0.0,2004,27.1,7,27.0
196,5.3,281,15,77.5,20.3,20040715,0.7,0.0,2004-07-15,24.6,0.0,2004,30.2,7,1.5
197,4.2,281,16,72.4,23.2,20040716,1.4,0.0,2004-07-16,26.4,0.0,2004,29.7,7,0.5
198,0.3,281,17,76.5,21.7,20040717,1.7,0.0,2004-07-17,24.5,0.0,2004,28.2,7,19.0
199,9.6,281,18,68.1,21.7,20040718,1.5,0.0,2004-07-18,27.4,0.0,2004,32.7,7,0.0
200,6.4,281,19,64.9,23.1,20040719,1.6,0.0,2004-07-19,28.3,0.0,2004,33.5,7,0.0
201,10.6,281,20,63.9,24.0,20040720,1.8,0.0,2004-07-20,29.3,0.0,2004,33.7,7,0.0
202,9.5,281,21,65.3,25.3,20040721,2.4,0.0,2004-07-21,29.4,0.0,2004,34.2,7,0.0
203,10.8,281,22,65.9,25.7,20040722,1.7,0.0,2004-07-22,30.0,0.0,2004,35.2,7,0.0
204,11.8,281,23,62.6,24.7,20040723,1.5,0.0,2004-07-23,30.3,0.0,2004,36.7,7,0.0
205,11.4,281,24,64.9,22.6,20040724,0.9,0.0,2004-07-24,29.9,0.0,2004,37.2,7,0.0
206,11.2,281,25,65.5,23.2,20040725,1.6,0.0,2004-07-25,27.6,0.0,2004,34.5,7,0.0
207,8.5,281,26,69.0,22.2,20040726,1.3,0.0,2004-07-26,27.0,0.0,2004,34.5,7,0.0
208,9.6,281,27,66.9,22.2,20040727,1.2,0.0,2004-07-27,27.8,0.0,2004,33.5,7,0.0
209,11.7,281,28,64.6,23.1,20040728,1.3,0.0,2004-07-28,28.9,0.0,2004,35.7,7,0.0
210,11.9,281,29,64.9,21.6,20040729,1.4,0.0,2004-07-29,28.3,0.0,2004,35.5,7,0.0
211,9.8,281,30,65.6,21.8,20040730,1.2,0.0,2004-07-30,28.2,0.0,2004,36.5,7,0.0
212,11.1,281,31,57.9,20.7,20040731,2.5,0.0,2004-07-31,27.9,0.0,2004,33.5,7,0.0
213,2.6,281,1,66.4,24.1,20040801,1.6,0.0,2004-08-01,27.2,0.0,2004,31.8,8,2.0
214,10.3,281,2,67.9,21.3,20040802,2.1,0.0,2004-08-02,26.4,0.0,2004,33.7,8,0.0
215,6.0,281,3,77.1,22.5,20040803,1.2,0.0,2004-08-03,26.0,0.0,2004,33.2,8,2.5
216,9.4,281,4,68.0,23.6,20040804,1.2,0.0,2004-08-04,28.0,0.0,2004,35.2,8,0.0
217,0.9,281,5,77.6,23.7,20040805,0.8,0.0,2004-08-05,25.8,0.0,2004,29.2,8,3.5
218,8.9,281,6,69.9,23.2,20040806,0.7,0.0,2004-08-06,27.8,0.0,2004,35.0,8,0.0
219,10.5,281,7,64.1,22.2,20040807,1.1,0.0,2004-08-07,28.5,0.0,2004,36.0,8,0.0
220,11.8,281,8,60.0,22.1,20040808,1.4,0.0,2004-08-08,29.2,0.0,2004,36.5,8,0.0
221,6.3,281,9,66.4,23.5,20040809,1.0,0.0,2004-08-09,27.8,0.0,2004,35.7,8,0.0
222,9.8,281,10,67.1,22.2,20040810,1.7,0.0,2004-08-10,27.4,0.0,2004,32.5,8,0.0
223,10.9,281,11,64.5,21.8,20040811,1.7,0.0,2004-08-11,26.6,0.0,2004,32.5,8,0.0
224,10.6,281,12,62.6,18.7,20040812,1.1,0.0,2004-08-12,26.2,0.0,2004,35.2,8,0.0
225,11.2,281,13,59.8,20.2,20040813,1.4,0.0,2004-08-13,28.3,0.0,2004,36.7,8,0.0
226,4.2,281,14,78.1,22.2,20040814,1.2,0.0,2004-08-14,24.9,0.0,2004,30.7,8,39.0
227,7.3,281,15,72.6,21.7,20040815,1.2,0.0,2004-08-15,24.4,0.0,2004,30.2,8,1.0
228,4.5,281,16,74.4,22.2,20040816,1.4,0.0,2004-08-16,25.0,0.0,2004,29.2,8,0.0
229,8.1,281,17,68.3,23.3,20040817,1.1,0.0,2004-08-17,28.2,0.0,2004,34.4,8,0.5
230,0.0,281,18,84.4,22.2,20040818,1.4,0.0,2004-08-18,24.1,0.0,2004,25.8,8,77.0
231,1.3,281,19,76.3,21.8,20040819,2.8,0.0,2004-08-19,23.6,0.0,2004,26.3,8,58.5
232,1.2,281,20,72.5,19.7,20040820,1.8,0.0,2004-08-20,20.6,0.0,2004,22.8,8,0.0
233,5.3,281,21,71.6,19.3,20040821,1.4,0.0,2004-08-21,21.6,0.0,2004,25.7,8,0.0
234,0.0,281,22,82.9,18.0,20040822,1.1,0.0,2004-08-22,19.3,0.0,2004,22.0,8,40.5
235,1.0,281,23,79.6,18.3,20040823,1.0,0.0,2004-08-23,20.2,0.0,2004,23.2,8,35.5
236,8.5,281,24,73.5,17.1,20040824,1.1,0.0,2004-08-24,21.8,0.0,2004,28.0,8,0.0
237,4.6,281,25,73.8,17.1,20040825,1.0,0.0,2004-08-25,21.5,0.0,2004,27.5,8,0.0
238,6.6,281,26,67.4,18.5,20040826,0.9,0.0,2004-08-26,21.9,0.0,2004,26.3,8,0.0
239,5.9,281,27,65.1,19.7,20040827,1.8,0.0,2004-08-27,22.5,0.0,2004,26.7,8,0.0
240,10.3,281,28,66.4,17.2,20040828,2.5,0.0,2004-08-28,21.6,0.0,2004,26.6,8,0.0
241,7.4,281,29,74.1,17.1,20040829,1.2,0.0,2004-08-29,22.0,0.0,2004,27.7,8,0.0
242,3.8,281,30,71.3,19.7,20040830,1.6,0.0,2004-08-30,24.4,0.0,2004,28.8,8,0.0
243,10.8,281,31,58.5,19.2,20040831,1.9,0.0,2004-08-31,25.0,0.0,2004,31.0,8,0.0
244,9.5,281,1,67.6,17.6,20040901,1.1,0.0,2004-09-01,23.0,0.0,2004,30.7,9,0.0
245,11.0,281,2,60.8,13.8,20040902,1.6,0.0,2004-09-02,21.8,0.0,2004,31.1,9,0.0
246,8.6,281,3,64.6,13.1,20040903,0.8,0.0,2004-09-03,20.7,0.0,2004,29.7,9,0.0
247,8.7,281,4,66.4,15.3,20040904,1.2,0.0,2004-09-04,21.6,0.0,2004,30.0,9,0.0
248,5.0,281,5,73.9,16.1,20040905,1.4,0.0,2004-09-05,21.9,0.0,2004,26.1,9,0.5
249,1.1,281,6,78.4,18.7,20040906,1.3,0.0,2004-09-06,20.6,0.0,2004,22.1,9,11.5
250,0.3,281,7,78.6,18.5,20040907,2.6,0.0,2004-09-07,21.4,0.0,2004,23.3,9,41.0
251,7.8,281,8,69.3,15.6,20040908,1.4,0.0,2004-09-08,21.4,0.0,2004,27.3,9,0.0
252,0.2,281,9,79.0,18.3,20040909,0.5,0.0,2004-09-09,20.5,0.0,2004,24.2,9,0.0
253,3.1,281,10,75.3,17.8,20040910,1.5,0.0,2004-09-10,19.9,0.0,2004,24.5,9,5.0
254,0.6,281,11,74.3,18.1,20040911,3.4,0.0,2004-09-11,19.4,0.0,2004,21.3,9,16.5
255,2.3,281,12,80.4,18.2,20040912,2.6,0.0,2004-09-12,20.7,0.0,2004,23.7,9,2.0
256,4.7,281,13,71.1,19.7,20040913,1.6,0.0,2004-09-13,24.6,0.0,2004,28.7,9,0.0
257,2.9,281,14,71.8,20.2,20040914,1.8,0.0,2004-09-14,22.1,0.0,2004,25.1,9,0.0
258,0.0,281,15,72.8,19.8,20040915,1.6,0.0,2004-09-15,21.7,0.0,2004,24.2,9,0.0
259,3.6,281,16,79.4,20.5,20040916,1.0,0.0,2004-09-16,23.6,0.0,2004,28.8,9,19.5
260,5.0,281,17,72.6,21.7,20040917,0.9,0.0,2004-09-17,25.1,0.0,2004,30.3,9,3.5
261,0.7,281,18,80.9,20.5,20040918,1.1,0.0,2004-09-18,22.5,0.0,2004,25.8,9,9.5
262,10.9,281,19,64.1,15.0,20040919,1.4,0.0,2004-09-19,20.5,0.0,2004,26.7,9,0.0
263,4.1,281,20,75.9,13.0,20040920,0.8,0.0,2004-09-20,17.7,0.0,2004,24.3,9,47.0
264,3.9,281,21,73.3,14.8,20040921,1.3,0.0,2004-09-21,17.6,0.0,2004,22.8,9,0.0
265,8.5,281,22,74.5,12.3,20040922,1.1,0.0,2004-09-22,17.5,0.0,2004,24.2,9,0.0
266,3.9,281,23,75.0,13.6,20040923,0.8,0.0,2004-09-23,18.2,0.0,2004,23.3,9,0.0
267,7.9,281,24,71.8,14.0,20040924,1.1,0.0,2004-09-24,18.6,0.0,2004,26.1,9,0.0
268,8.7,281,25,68.0,11.6,20040925,1.9,0.0,2004-09-25,17.9,0.0,2004,24.2,9,0.0
269,2.4,281,26,69.9,14.6,20040926,1.5,0.0,2004-09-26,19.1,0.0,2004,23.0,9,0.0
270,6.5,281,27,74.4,15.3,20040927,0.7,0.0,2004-09-27,19.3,0.0,2004,25.6,9,8.0
271,4.2,281,28,74.6,14.0,20040928,1.6,0.0,2004-09-28,18.6,0.0,2004,24.7,9,0.5
272,4.9,281,29,68.6,12.0,20040929,1.4,0.0,2004-09-29,18.0,0.0,2004,24.6,9,2.5
273,10.2,281,30,71.9,9.3,20040930,1.0,0.0,2004-09-30,16.9,0.0,2004,25.6,9,0.0
274,7.1,281,1,63.6,13.3,20041001,2.0,0.0,2004-10-01,19.1,0.0,2004,26.3,10,0.0
275,10.0,281,2,51.8,6.5,20041002,2.6,0.0,2004-10-02,12.9,0.0,2004,19.2,10,0.0
276,5.6,281,3,65.3,5.6,20041003,1.1,0.0,2004-10-03,13.6,0.0,2004,20.5,10,0.0
277,3.5,281,4,73.8,9.0,20041004,1.0,0.0,2004-10-04,13.6,0.0,2004,19.7,10,0.0
278,4.8,281,5,72.1,7.6,20041005,0.9,0.0,2004-10-05,13.9,0.0,2004,21.3,10,0.0
279,7.8,281,6,70.4,7.1,20041006,0.6,0.0,2004-10-06,14.2,0.0,2004,24.1,10,0.0
280,5.6,281,7,71.5,9.0,20041007,0.4,0.0,2004-10-07,15.6,0.0,2004,22.5,10,0.0
281,0.0,281,8,73.1,13.8,20041008,0.7,0.0,2004-10-08,17.5,0.0,2004,21.7,10,0.0
282,2.6,281,9,69.6,15.1,20041009,1.2,0.0,2004-10-09,17.4,0.0,2004,22.5,10,1.0
283,6.8,281,10,64.0,10.6,20041010,0.8,0.0,2004-10-10,17.4,0.0,2004,24.7,10,0.0
284,7.9,281,11,68.1,6.5,20041011,0.6,0.0,2004-10-11,15.7,0.0,2004,24.3,10,0.0
285,7.9,281,12,56.8,9.1,20041012,2.0,0.0,2004-10-12,15.1,0.0,2004,22.5,10,0.0
286,10.3,281,13,56.1,2.5,20041013,1.2,0.0,2004-10-13,10.5,0.0,2004,19.6,10,0.0
287,10.3,281,14,55.8,2.5,20041014,2.4,0.0,2004-10-14,9.9,0.0,2004,16.3,10,0.0
288,10.2,281,15,59.4,0.4,20041015,1.6,0.0,2004-10-15,12.1,0.0,2004,21.6,10,0.0
289,9.0,281,16,63.4,4.5,20041016,2.2,0.0,2004-10-16,14.6,0.0,2004,23.8,10,0.0
290,4.6,281,17,59.9,8.8,20041017,2.3,0.0,2004-10-17,14.4,0.0,2004,19.1,10,0.0
291,1.0,281,18,70.4,12.1,20041018,0.9,0.0,2004-10-18,15.7,0.0,2004,21.3,10,0.5
292,0.2,281,19,75.1,12.1,20041019,0.8,0.0,2004-10-19,15.7,0.0,2004,19.7,10,0.0
293,0.6,281,20,58.0,7.4,20041020,2.4,0.0,2004-10-20,16.2,0.0,2004,20.3,10,0.0
294,9.6,281,21,64.0,3.2,20041021,0.9,0.0,2004-10-21,13.2,0.0,2004,23.2,10,0.0
295,9.7,281,22,44.1,4.9,20041022,2.9,0.0,2004-10-22,13.2,0.0,2004,19.2,10,0.0
296,8.9,281,23,66.1,0.8,20041023,1.3,0.0,2004-10-23,8.7,0.0,2004,18.7,10,0.0
297,9.6,281,24,69.4,2.7,20041024,0.6,0.0,2004-10-24,10.6,0.0,2004,20.8,10,0.0
298,7.0,281,25,65.3,2.7,20041025,0.7,0.0,2004-10-25,12.9,0.0,2004,22.2,10,0.0
299,4.5,281,26,61.5,9.3,20041026,1.7,0.0,2004-10-26,13.3,0.0,2004,19.6,10,0.0
300,7.8,281,27,58.0,4.0,20041027,1.2,0.0,2004-10-27,10.2,0.0,2004,18.3,10,0.0
301,9.2,281,28,68.3,1.1,20041028,0.6,0.0,2004-10-28,9.6,0.0,2004,20.5,10,0.0
302,9.2,281,29,68.9,3.0,20041029,0.5,0.0,2004-10-29,11.4,0.0,2004,21.7,10,0.0
303,7.8,281,30,72.0,5.4,20041030,0.9,0.0,2004-10-30,12.4,0.0,2004,23.0,10,0.0
304,4.6,281,31,74.8,4.6,20041031,0.9,0.0,2004-10-31,11.4,0.0,2004,19.8,10,0.0
305,5.7,281,1,72.6,4.9,20041101,0.9,0.0,2004-11-01,12.8,0.0,2004,21.2,11,0.0
306,1.6,281,2,69.6,8.6,20041102,2.0,0.0,2004-11-02,12.8,0.0,2004,17.0,11,8.0
307,5.6,281,3,64.8,4.0,20041103,2.1,0.0,2004-11-03,10.5,0.0,2004,16.6,11,0.0
308,8.8,281,4,71.6,0.6,20041104,0.9,0.0,2004-11-04,8.4,0.0,2004,18.7,11,0.0
309,6.0,281,5,71.0,0.6,20041105,0.5,0.0,2004-11-05,9.3,0.0,2004,19.5,11,0.0
310,5.0,281,6,59.8,3.2,20041106,1.2,0.0,2004-11-06,9.9,0.0,2004,19.7,11,0.0
311,6.8,281,7,72.3,1.7,20041107,0.5,0.0,2004-11-07,10.1,0.0,2004,20.6,11,0.0
312,4.5,281,8,76.4,4.5,20041108,0.4,0.0,2004-11-08,10.4,0.0,2004,21.0,11,0.0
313,6.0,281,9,70.9,3.0,20041109,1.1,0.0,2004-11-09,11.8,0.0,2004,22.5,11,0.0
314,0.1,281,10,78.9,8.1,20041110,1.5,0.0,2004-11-10,15.2,0.0,2004,20.5,11,37.0
315,1.6,281,11,72.6,13.3,20041111,1.8,0.0,2004-11-11,16.7,0.0,2004,21.1,11,7.5
316,7.1,281,12,49.6,2.2,20041112,4.0,0.0,2004-11-12,8.5,0.0,2004,13.5,11,0.0
317,4.3,281,13,71.0,-2.5,20041113,0.9,0.0,2004-11-13,4.5,0.0,2004,10.6,11,0.5
318,3.3,281,14,63.3,4.0,20041114,1.1,0.0,2004-11-14,8.1,0.0,2004,14.6,11,0.0
319,5.9,281,15,43.5,2.7,20041115,4.1,0.0,2004-11-15,7.5,0.0,2004,11.6,11,0.0
320,6.3,281,16,58.3,-2.7,20041116,1.9,0.0,2004-11-16,4.7,0.0,2004,13.5,11,0.0
321,4.3,281,17,70.0,-2.2,20041117,0.8,0.0,2004-11-17,6.5,0.0,2004,16.0,11,0.0
322,4.9,281,18,70.8,1.7,20041118,0.6,0.0,2004-11-18,7.8,0.0,2004,17.3,11,0.0
323,5.0,281,19,73.0,-1.1,20041119,0.7,0.0,2004-11-19,5.7,0.0,2004,16.3,11,0.0
324,3.6,281,20,65.0,-2.5,20041120,1.4,0.0,2004-11-20,6.7,0.0,2004,15.3,11,0.0
325,5.9,281,21,60.5,-0.5,20041121,2.0,0.0,2004-11-21,5.9,0.0,2004,13.8,11,0.0
326,5.7,281,22,71.1,-3.2,20041122,0.8,0.0,2004-11-22,3.7,0.0,2004,14.3,11,0.0
327,4.6,281,23,70.6,-3.2,20041123,0.6,0.0,2004-11-23,4.4,0.0,2004,15.3,11,0.0
328,3.7,281,24,73.8,-1.6,20041124,0.4,0.0,2004-11-24,6.4,0.0,2004,17.3,11,0.0
329,2.1,281,25,79.4,1.7,20041125,0.8,0.0,2004-11-25,7.9,0.0,2004,16.7,11,0.0
330,0.5,281,26,68.6,4.6,20041126,3.0,0.0,2004-11-26,6.7,0.0,2004,12.6,11,8.5
331,6.2,281,27,57.3,5.0,20041127,3.5,0.0,2004-11-27,7.7,0.0,2004,11.6,11,0.0
332,5.8,281,28,67.5,-0.6,20041128,1.2,0.0,2004-11-28,5.3,0.0,2004,13.5,11,0.0
333,4.9,281,29,58.0,-3.5,20041129,1.5,0.0,2004-11-29,3.9,0.0,2004,12.6,11,0.0
334,4.7,281,30,63.8,-4.3,20041130,1.5,0.0,2004-11-30,3.4,0.0,2004,11.6,11,0.0
335,5.4,281,1,63.4,-0.6,20041201,1.1,0.0,2004-12-01,4.7,0.0,2004,13.8,12,0.0
336,4.9,281,2,71.3,-2.0,20041202,1.0,0.0,2004-12-02,5.9,0.0,2004,15.3,12,0.0
337,5.4,281,3,72.6,1.0,20041203,0.6,0.0,2004-12-03,7.9,0.0,2004,17.1,12,0.0
338,0.0,281,4,83.6,4.6,20041204,0.8,0.0,2004-12-04,8.4,0.0,2004,10.3,12,21.5
339,1.1,281,5,60.6,-0.6,20041205,4.1,0.0,2004-12-05,4.5,0.0,2004,9.8,12,0.0
340,5.9,281,6,64.3,-4.1,20041206,0.8,0.0,2004-12-06,2.7,0.0,2004,9.6,12,0.0
341,4.2,281,7,54.9,-3.0,20041207,2.9,0.0,2004-12-07,5.3,0.0,2004,10.3,12,0.0
342,5.5,281,8,71.5,-5.5,20041208,0.4,0.0,2004-12-08,1.7,0.0,2004,12.1,12,0.0
343,5.2,281,9,77.4,-4.0,20041209,0.2,0.0,2004-12-09,3.0,0.0,2004,14.3,12,0.0
344,3.2,281,10,62.4,-3.0,20041210,1.9,0.0,2004-12-10,5.8,0.0,2004,15.8,12,0.0
345,5.9,281,11,61.5,-4.5,20041211,1.0,0.0,2004-12-11,3.5,0.0,2004,12.6,12,0.0
346,0.4,281,12,72.1,-2.4,20041212,0.7,0.0,2004-12-12,3.5,0.0,2004,11.3,12,0.0
347,5.8,281,13,52.5,-4.5,20041213,1.6,0.0,2004-12-13,3.5,0.0,2004,11.3,12,0.0
348,4.8,281,14,68.5,-7.3,20041214,0.3,0.0,2004-12-14,0.8,0.0,2004,12.6,12,0.0
349,2.1,281,15,70.6,-2.9,20041215,0.2,0.0,2004-12-15,5.6,0.0,2004,16.2,12,0.0
350,5.4,281,16,63.1,-1.3,20041216,1.7,0.0,2004-12-16,6.8,0.0,2004,12.6,12,0.0
351,3.7,281,17,75.3,-3.9,20041217,0.3,0.0,2004-12-17,3.1,0.0,2004,12.8,12,0.0
352,3.0,281,18,68.6,-2.7,20041218,1.2,0.0,2004-12-18,3.3,0.0,2004,11.5,12,0.0
353,0.8,281,19,80.0,-4.0,20041219,0.2,0.0,2004-12-19,1.6,0.0,2004,9.6,12,0.0
354,5.4,281,20,50.0,-2.9,20041220,3.0,0.0,2004-12-20,2.7,0.0,2004,7.0,12,0.0
355,1.9,281,21,47.8,-6.1,20041221,0.9,0.0,2004-12-21,-0.9,0.0,2004,6.5,12,0.0
356,0.4,281,22,50.9,-5.6,20041222,0.8,0.0,2004-12-22,-0.2,0.0,2004,6.0,12,0.0
357,5.7,281,23,62.5,-9.3,20041223,0.6,0.0,2004-12-23,-1.6,0.0,2004,6.9,12,0.0
358,0.0,281,24,69.5,-2.0,20041224,0.8,0.0,2004-12-24,1.1,0.0,2004,3.0,12,0.0
359,5.7,281,25,54.5,-0.3,20041225,3.1,0.0,2004-12-25,2.2,0.0,2004,6.6,12,0.0
360,5.6,281,26,45.8,-2.7,20041226,3.0,0.0,2004-12-26,1.1,0.0,2004,5.5,12,0.0
361,6.2,281,27,36.4,-2.4,20041227,2.7,0.0,2004-12-27,0.1,0.0,2004,5.8,12,0.0
362,5.3,281,28,34.4,-4.8,20041228,3.1,0.0,2004-12-28,-0.5,0.0,2004,3.9,12,0.0
363,6.0,281,29,38.3,-4.5,20041229,3.6,0.0,2004-12-29,-1.7,0.0,2004,2.5,12,0.0
364,3.3,281,30,44.5,-5.8,20041230,2.1,0.0,2004-12-30,-1.6,0.0,2004,3.4,12,0.0
365,4.8,281,31,48.9,-3.7,20041231,3.3,0.0,2004-12-31,-1.0,0.0,2004,2.7,12,0.0
