,month,tavg,rainfall,year,date,tmin,cloud,tmax,day,snow,wind,station_id,Date,sunshine,humid
0,1,-4.0,0.0,2008,20080101,-6.0,0.0,0.4,1,0.0,4.7,281,2008-01-01,7.5,57.0
1,1,-1.7,0.0,2008,20080102,-6.3,0.0,3.1,2,0.0,4.2,281,2008-01-02,7.6,48.4
2,1,0.1,0.0,2008,20080103,-6.1,0.0,7.4,3,0.0,2.4,281,2008-01-03,5.6,61.4
3,1,-0.2,0.0,2008,20080104,-6.1,0.0,7.6,4,0.0,1.2,281,2008-01-04,7.4,63.4
4,1,2.4,0.0,2008,20080105,-5.0,0.0,8.0,5,0.0,2.9,281,2008-01-05,7.6,55.5
5,1,2.8,0.0,2008,20080106,-3.3,0.0,10.3,6,0.0,2.3,281,2008-01-06,7.2,67.9
6,1,3.0,0.0,2008,20080107,-4.8,0.0,10.4,7,0.0,1.9,281,2008-01-07,6.3,73.4
7,1,4.1,0.0,2008,20080108,0.9,0.0,8.2,8,0.0,2.7,281,2008-01-08,2.0,60.8
8,1,0.4,0.0,2008,20080109,-5.2,0.0,9.2,9,0.0,0.6,281,2008-01-09,5.6,67.3
9,1,1.6,0.0,2008,20080110,-5.6,0.0,10.4,10,0.0,0.9,281,2008-01-10,5.5,70.4
10,1,3.9,15.0,2008,20080111,1.0,0.0,5.1,11,0.0,0.9,281,2008-01-11,0.0,85.5
11,1,3.8,9.5,2008,20080112,2.0,0.0,5.8,12,0.0,1.4,281,2008-01-12,0.0,86.8
12,1,1.5,0.0,2008,20080113,-0.4,0.0,3.5,13,0.0,2.5,281,2008-01-13,0.1,71.8
13,1,1.1,0.0,2008,20080114,-1.9,0.0,6.6,14,0.0,1.8,281,2008-01-14,1.9,72.4
14,1,-0.2,0.0,2008,20080115,-5.9,0.0,5.7,15,0.0,2.2,281,2008-01-15,6.0,51.6
15,1,-2.5,0.0,2008,20080116,-6.4,0.0,1.6,16,0.0,3.9,281,2008-01-16,7.6,34.8
16,1,-4.0,0.0,2008,20080117,-10.2,0.0,1.1,17,0.0,2.2,281,2008-01-17,5.9,38.9
17,1,-1.8,0.0,2008,20080118,-8.8,0.0,3.8,18,0.0,1.9,281,2008-01-18,7.2,40.0
18,1,-0.2,0.0,2008,20080119,-7.7,0.0,6.7,19,0.0,0.9,281,2008-01-19,5.7,50.5
19,1,2.0,2.0,2008,20080120,-0.9,0.0,4.6,20,0.0,0.8,281,2008-01-20,0.0,81.0
20,1,2.5,2.5,2008,20080121,1.3,0.0,4.7,21,0.0,3.4,281,2008-01-21,0.0,86.4
21,1,3.5,1.5,2008,20080122,1.4,0.0,5.8,22,0.0,1.2,281,2008-01-22,0.0,88.6
22,1,0.8,4.0,2008,20080123,-3.8,0.0,4.4,23,0.0,4.6,281,2008-01-23,3.3,70.5
23,1,-4.4,0.0,2008,20080124,-8.2,0.0,0.2,24,0.0,4.2,281,2008-01-24,7.6,42.0
24,1,-2.8,0.0,2008,20080125,-8.1,0.0,2.7,25,0.0,1.7,281,2008-01-25,7.2,53.9
25,1,-1.2,0.0,2008,20080126,-5.5,0.0,6.3,26,0.0,1.3,281,2008-01-26,6.8,54.9
26,1,-2.3,0.0,2008,20080127,-8.8,0.0,5.9,27,0.0,1.0,281,2008-01-27,5.9,81.0
27,1,-0.5,1.5,2008,20080128,-4.6,0.0,3.7,28,1.8,1.1,281,2008-01-28,0.1,84.0
28,1,0.8,0.6,2008,20080129,-1.5,0.0,4.7,29,0.6,1.9,281,2008-01-29,1.9,58.5
29,1,-0.3,0.0,2008,20080130,-3.9,0.0,3.4,30,0.0,3.9,281,2008-01-30,5.5,53.8
30,1,-2.2,0.0,2008,20080131,-6.1,0.0,2.7,31,0.0,3.2,281,2008-01-31,8.2,47.9
31,2,-1.6,0.0,2008,20080201,-8.9,0.0,4.9,1,0.0,1.5,281,2008-02-01,8.5,45.3
32,2,-1.0,0.0,2008,20080202,-6.4,0.0,5.2,2,0.0,1.1,281,2008-02-02,1.3,45.1
33,2,-0.5,0.0,2008,20080203,-6.9,0.0,6.0,3,0.0,2.3,281,2008-02-03,3.1,55.4
34,2,0.1,0.0,2008,20080204,-3.6,0.0,5.4,4,0.0,4.0,281,2008-02-04,8.8,45.3
35,2,-1.5,0.0,2008,20080205,-8.3,0.0,3.1,5,0.0,2.1,281,2008-02-05,2.8,47.9
36,2,-0.6,0.0,2008,20080206,-3.9,0.0,4.8,6,0.0,3.4,281,2008-02-06,8.9,38.9
37,2,-1.4,0.0,2008,20080207,-5.5,0.0,5.1,7,0.0,2.8,281,2008-02-07,9.2,43.4
38,2,-0.7,0.0,2008,20080208,-8.6,0.0,5.5,8,0.0,1.5,281,2008-02-08,7.8,44.6
39,2,-0.8,0.0,2008,20080209,-3.3,0.0,3.0,9,0.0,3.7,281,2008-02-09,5.2,49.1
40,2,-0.4,0.0,2008,20080210,-9.8,0.0,9.4,10,0.0,1.1,281,2008-02-10,9.2,48.6
41,2,2.1,0.0,2008,20080211,-3.7,0.0,7.2,11,0.0,2.5,281,2008-02-11,2.5,37.6
42,2,-2.5,0.0,2008,20080212,-7.1,0.0,2.1,12,0.0,4.7,281,2008-02-12,7.8,25.9
43,2,-4.3,0.0,2008,20080213,-10.2,0.0,2.0,13,0.0,3.4,281,2008-02-13,10.0,30.8
44,2,-0.2,0.0,2008,20080214,-4.9,0.0,5.3,14,0.0,4.0,281,2008-02-14,9.9,33.8
45,2,-0.3,0.0,2008,20080215,-4.4,0.0,4.3,15,0.0,3.8,281,2008-02-15,10.2,28.6
46,2,-1.7,0.0,2008,20080216,-7.3,0.0,3.9,16,0.0,4.0,281,2008-02-16,10.3,31.4
47,2,-2.6,0.0,2008,20080217,-8.9,0.0,4.8,17,0.0,1.7,281,2008-02-17,10.3,41.4
48,2,-3.3,0.0,2008,20080218,-12.9,0.0,7.1,18,0.0,0.6,281,2008-02-18,10.2,44.6
49,2,2.2,0.0,2008,20080219,-4.3,0.0,8.0,19,0.0,3.3,281,2008-02-19,10.2,33.5
50,2,3.9,0.0,2008,20080220,-3.0,0.0,11.3,20,0.0,3.2,281,2008-02-20,9.6,36.5
51,2,1.3,0.0,2008,20080221,-7.9,0.0,12.5,21,0.0,1.2,281,2008-02-21,9.0,43.1
52,2,4.0,0.0,2008,20080222,-7.5,0.0,13.7,22,0.0,1.2,281,2008-02-22,8.6,48.6
53,2,1.1,0.0,2008,20080223,-3.8,0.0,8.9,23,0.0,4.5,281,2008-02-23,9.2,34.8
54,2,-1.4,0.0,2008,20080224,-7.4,0.0,5.4,24,0.0,2.2,281,2008-02-24,9.1,51.1
55,2,-0.2,0.4,2008,20080225,-8.4,0.0,7.4,25,0.0,0.9,281,2008-02-25,3.9,73.6
56,2,1.0,5.0,2008,20080226,-1.2,0.0,4.7,26,1.7,3.2,281,2008-02-26,2.1,75.3
57,2,2.4,0.0,2008,20080227,-3.3,0.0,9.1,27,0.0,4.1,281,2008-02-27,10.6,43.5
58,2,3.9,0.0,2008,20080228,-5.9,0.0,11.6,28,0.0,2.2,281,2008-02-28,9.4,43.8
59,2,5.3,0.0,2008,20080229,-4.8,0.0,14.1,29,0.0,2.3,281,2008-02-29,6.7,47.6
60,3,4.3,0.0,2008,20080301,-2.0,0.0,11.6,1,0.0,3.0,281,2008-03-01,10.6,39.6
61,3,5.2,0.0,2008,20080302,-4.0,0.0,13.8,2,0.0,1.5,281,2008-03-02,3.9,48.8
62,3,4.6,0.0,2008,20080303,-0.8,0.0,10.8,3,0.0,2.0,281,2008-03-03,2.0,59.0
63,3,0.9,1.0,2008,20080304,-2.6,0.0,5.9,4,1.7,2.1,281,2008-03-04,1.0,83.6
64,3,1.2,0.0,2008,20080305,-5.5,0.0,10.3,5,0.0,1.4,281,2008-03-05,9.3,67.1
65,3,3.5,0.0,2008,20080306,-5.9,0.0,12.6,6,0.0,2.0,281,2008-03-06,7.0,57.6
66,3,3.8,0.0,2008,20080307,-3.3,0.0,11.2,7,0.0,1.8,281,2008-03-07,9.7,61.1
67,3,3.9,0.0,2008,20080308,-6.1,0.0,14.0,8,0.0,1.2,281,2008-03-08,9.8,53.5
68,3,7.2,0.0,2008,20080309,-2.4,0.0,16.1,9,0.0,1.6,281,2008-03-09,7.9,42.4
69,3,9.1,0.0,2008,20080310,3.7,0.0,16.9,10,0.0,3.9,281,2008-03-10,10.2,37.8
70,3,8.7,0.0,2008,20080311,-1.0,0.0,19.0,11,0.0,1.5,281,2008-03-11,9.1,60.0
71,3,8.5,0.0,2008,20080312,1.3,0.0,17.3,12,0.0,1.5,281,2008-03-12,7.1,77.0
72,3,8.5,3.0,2008,20080313,1.0,0.0,16.7,13,0.0,0.9,281,2008-03-13,0.1,76.6
73,3,7.6,1.5,2008,20080314,0.2,0.0,13.6,14,0.0,2.4,281,2008-03-14,8.3,74.8
74,3,9.0,0.0,2008,20080315,-1.5,0.0,18.0,15,0.0,1.4,281,2008-03-15,10.1,59.4
75,3,9.4,0.0,2008,20080316,1.7,0.0,16.8,16,0.0,2.8,281,2008-03-16,9.4,42.6
76,3,8.0,0.0,2008,20080317,-2.4,0.0,18.8,17,0.0,1.4,281,2008-03-17,9.8,59.0
77,3,9.0,0.0,2008,20080318,0.9,0.0,16.0,18,0.0,1.5,281,2008-03-18,3.3,70.9
78,3,8.5,0.5,2008,20080319,4.6,0.0,13.5,19,0.0,2.4,281,2008-03-19,0.0,68.8
79,3,5.0,0.0,2008,20080320,-3.6,0.0,14.3,20,0.0,2.1,281,2008-03-20,11.1,62.4
80,3,5.7,0.0,2008,20080321,-4.1,0.0,15.1,21,0.0,2.0,281,2008-03-21,10.4,65.0
81,3,9.5,0.0,2008,20080322,0.8,0.0,16.5,22,0.0,2.5,281,2008-03-22,5.3,69.5
82,3,9.4,11.0,2008,20080323,8.2,0.0,10.8,23,0.0,1.8,281,2008-03-23,0.0,90.1
83,3,11.5,0.0,2008,20080324,5.6,0.0,17.4,24,0.0,3.7,281,2008-03-24,10.4,52.3
84,3,8.5,0.0,2008,20080325,4.4,0.0,14.8,25,0.0,4.1,281,2008-03-25,10.7,35.1
85,3,6.4,0.0,2008,20080326,0.4,0.0,12.4,26,0.0,3.1,281,2008-03-26,9.0,52.1
86,3,5.0,0.0,2008,20080327,-1.6,0.0,13.1,27,0.0,1.9,281,2008-03-27,1.8,66.6
87,3,6.5,0.0,2008,20080328,-2.0,0.0,14.6,28,0.0,2.2,281,2008-03-28,10.6,61.4
88,3,7.1,0.5,2008,20080329,3.7,0.0,11.5,29,0.0,1.9,281,2008-03-29,0.1,74.8
89,3,6.4,4.5,2008,20080330,4.1,0.0,10.0,30,0.0,0.8,281,2008-03-30,0.0,87.0
90,3,6.8,0.0,2008,20080331,2.5,0.0,12.7,31,0.0,2.9,281,2008-03-31,3.1,70.4
91,4,8.7,0.0,2008,20080401,-1.3,0.0,16.6,1,0.0,2.6,281,2008-04-01,9.5,53.6
92,4,10.9,0.0,2008,20080402,4.3,0.0,17.4,2,0.0,2.6,281,2008-04-02,6.1,43.1
93,4,11.9,0.0,2008,20080403,4.2,0.0,19.0,3,0.0,4.0,281,2008-04-03,11.4,33.8
94,4,11.4,0.0,2008,20080404,5.1,0.0,19.9,4,0.0,2.6,281,2008-04-04,10.6,32.8
95,4,12.3,0.0,2008,20080405,3.0,0.0,22.9,5,0.0,1.4,281,2008-04-05,10.0,40.5
96,4,12.9,1.0,2008,20080406,1.6,0.0,23.1,6,0.0,2.0,281,2008-04-06,10.3,44.1
97,4,11.0,5.0,2008,20080407,6.1,0.0,18.5,7,0.0,1.9,281,2008-04-07,2.9,80.8
98,4,11.3,0.0,2008,20080408,2.0,0.0,20.0,8,0.0,2.1,281,2008-04-08,10.6,64.9
99,4,10.2,13.0,2008,20080409,5.7,0.0,12.3,9,0.0,3.4,281,2008-04-09,0.0,81.0
100,4,10.1,15.0,2008,20080410,4.7,0.0,14.6,10,0.0,1.6,281,2008-04-10,0.6,80.6
101,4,10.5,0.0,2008,20080411,1.1,0.0,22.1,11,0.0,1.7,281,2008-04-11,10.3,71.6
102,4,9.3,0.0,2008,20080412,4.7,0.0,12.5,12,0.0,1.9,281,2008-04-12,0.4,82.5
103,4,12.2,0.0,2008,20080413,7.7,0.0,19.2,13,0.0,1.3,281,2008-04-13,2.5,73.5
104,4,11.8,0.0,2008,20080414,3.9,0.0,21.7,14,0.0,1.4,281,2008-04-14,8.8,72.8
105,4,14.4,0.0,2008,20080415,3.6,0.0,25.3,15,0.0,1.2,281,2008-04-15,9.3,61.0
106,4,13.6,2.0,2008,20080416,9.6,0.0,18.3,16,0.0,1.9,281,2008-04-16,0.0,77.5
107,4,13.5,8.0,2008,20080417,11.9,0.0,15.5,17,0.0,1.6,281,2008-04-17,0.0,82.9
108,4,15.0,0.5,2008,20080418,10.0,0.0,23.6,18,0.0,2.0,281,2008-04-18,11.5,69.3
109,4,13.4,0.0,2008,20080419,7.3,0.0,21.0,19,0.0,2.0,281,2008-04-19,10.1,68.4
110,4,13.6,0.0,2008,20080420,3.8,0.0,20.5,20,0.0,2.6,281,2008-04-20,9.3,54.8
111,4,13.8,0.0,2008,20080421,7.2,0.0,19.8,21,0.0,2.0,281,2008-04-21,2.2,54.6
112,4,17.0,0.0,2008,20080422,8.3,0.0,25.6,22,0.0,1.8,281,2008-04-22,5.9,50.3
113,4,12.9,6.5,2008,20080423,7.8,0.0,17.7,23,0.0,2.7,281,2008-04-23,1.4,78.9
114,4,10.5,0.0,2008,20080424,4.0,0.0,17.9,24,0.0,4.0,281,2008-04-24,11.5,47.6
115,4,12.3,0.0,2008,20080425,0.4,0.0,21.3,25,0.0,1.6,281,2008-04-25,10.9,48.3
116,4,12.2,1.0,2008,20080426,8.8,0.0,15.1,26,0.0,3.3,281,2008-04-26,1.8,58.3
117,4,11.1,0.0,2008,20080427,3.2,0.0,18.4,27,0.0,2.3,281,2008-04-27,6.8,55.9
118,4,12.5,0.0,2008,20080428,1.1,0.0,22.3,28,0.0,1.3,281,2008-04-28,11.1,60.0
119,4,17.7,0.0,2008,20080429,5.7,0.0,26.7,29,0.0,1.8,281,2008-04-29,11.1,61.3
120,4,20.7,0.0,2008,20080430,10.7,0.0,28.6,30,0.0,2.0,281,2008-04-30,9.4,53.1
121,5,19.0,0.0,2008,20080501,11.9,0.0,27.5,1,0.0,1.5,281,2008-05-01,8.7,58.5
122,5,19.6,0.0,2008,20080502,9.5,0.0,30.4,2,0.0,1.3,281,2008-05-02,11.6,61.3
123,5,21.0,0.0,2008,20080503,10.8,0.0,31.6,3,0.0,1.3,281,2008-05-03,9.6,57.6
124,5,18.8,1.0,2008,20080504,12.5,0.0,24.9,4,0.0,1.4,281,2008-05-04,0.0,65.4
125,5,18.4,1.0,2008,20080505,10.5,0.0,24.3,5,0.0,3.6,281,2008-05-05,10.4,42.9
126,5,17.9,0.0,2008,20080506,3.7,0.0,28.5,6,0.0,2.5,281,2008-05-06,12.4,33.6
127,5,20.8,0.0,2008,20080507,9.5,0.0,29.7,7,0.0,2.1,281,2008-05-07,9.8,31.0
128,5,18.2,0.0,2008,20080508,10.8,0.0,25.8,8,0.0,1.8,281,2008-05-08,5.9,41.5
129,5,16.1,0.0,2008,20080509,13.0,0.0,20.9,9,0.0,3.7,281,2008-05-09,5.6,50.3
130,5,12.6,0.0,2008,20080510,7.8,0.0,16.5,10,0.0,3.9,281,2008-05-10,3.1,59.6
131,5,11.1,0.0,2008,20080511,3.9,0.0,17.9,11,0.0,2.5,281,2008-05-11,9.8,64.4
132,5,12.0,0.0,2008,20080512,4.5,0.0,17.6,12,0.0,3.8,281,2008-05-12,6.2,63.6
133,5,12.0,15.0,2008,20080513,8.9,0.0,19.0,13,0.0,2.3,281,2008-05-13,4.8,76.1
134,5,13.3,2.0,2008,20080514,8.3,0.0,20.7,14,0.0,1.4,281,2008-05-14,7.2,69.4
135,5,14.8,0.0,2008,20080515,4.7,0.0,23.4,15,0.0,1.4,281,2008-05-15,10.9,63.0
136,5,15.9,0.0,2008,20080516,7.7,0.0,24.0,16,0.0,1.2,281,2008-05-16,8.4,61.3
137,5,17.3,0.0,2008,20080517,7.6,0.0,26.5,17,0.0,1.3,281,2008-05-17,8.2,60.5
138,5,17.7,12.5,2008,20080518,10.7,0.0,24.6,18,0.0,1.6,281,2008-05-18,1.3,67.3
139,5,17.3,10.5,2008,20080519,12.3,0.0,22.1,19,0.0,2.6,281,2008-05-19,5.6,56.0
140,5,16.3,0.0,2008,20080520,9.7,0.0,24.1,20,0.0,3.0,281,2008-05-20,11.8,53.0
141,5,19.2,0.0,2008,20080521,7.8,0.0,28.1,21,0.0,1.9,281,2008-05-21,10.5,49.1
142,5,20.2,0.0,2008,20080522,11.0,0.0,27.4,22,0.0,1.6,281,2008-05-22,8.5,58.0
143,5,20.7,1.0,2008,20080523,13.4,0.0,28.0,23,0.0,1.1,281,2008-05-23,5.6,70.1
144,5,17.4,4.0,2008,20080524,15.7,0.0,18.8,24,0.0,1.2,281,2008-05-24,0.0,89.9
145,5,22.6,0.0,2008,20080525,15.8,0.0,30.6,25,0.0,2.1,281,2008-05-25,9.7,64.3
146,5,21.4,0.0,2008,20080526,14.7,0.0,29.8,26,0.0,2.7,281,2008-05-26,12.1,56.9
147,5,22.3,0.0,2008,20080527,11.6,0.0,31.9,27,0.0,1.2,281,2008-05-27,9.7,54.9
148,5,17.0,42.5,2008,20080528,16.0,0.0,20.5,28,0.0,1.4,281,2008-05-28,0.0,89.5
149,5,18.5,0.0,2008,20080529,15.9,0.0,22.4,29,0.0,2.2,281,2008-05-29,2.7,81.4
150,5,18.0,0.0,2008,20080530,14.9,0.0,21.3,30,0.0,1.6,281,2008-05-30,0.0,74.4
151,5,18.2,0.0,2008,20080531,9.9,0.0,26.2,31,0.0,2.4,281,2008-05-31,12.6,54.0
152,6,18.8,0.0,2008,20080601,10.2,0.0,26.0,1,0.0,1.8,281,2008-06-01,9.9,63.4
153,6,17.9,0.0,2008,20080602,14.1,0.0,21.8,2,0.0,2.4,281,2008-06-02,0.1,75.0
154,6,17.6,0.0,2008,20080603,14.2,0.0,21.3,3,0.0,2.4,281,2008-06-03,0.5,76.0
155,6,15.2,18.0,2008,20080604,12.9,0.0,17.6,4,0.0,3.1,281,2008-06-04,0.0,80.5
156,6,14.4,16.0,2008,20080605,12.6,0.0,15.9,5,0.0,1.8,281,2008-06-05,0.0,87.8
157,6,19.5,0.0,2008,20080606,13.9,0.0,24.6,6,0.0,2.3,281,2008-06-06,6.8,66.6
158,6,20.4,0.1,2008,20080607,16.7,0.0,25.6,7,0.0,2.0,281,2008-06-07,4.3,63.8
159,6,20.0,14.0,2008,20080608,14.1,0.0,28.4,8,0.0,1.3,281,2008-06-08,8.9,71.0
160,6,20.7,0.0,2008,20080609,15.4,0.0,27.7,9,0.0,1.8,281,2008-06-09,10.6,70.1
161,6,22.3,0.0,2008,20080610,15.7,0.0,29.5,10,0.0,1.3,281,2008-06-10,6.0,71.1
162,6,19.4,0.0,2008,20080611,13.8,0.0,23.8,11,0.0,2.2,281,2008-06-11,1.0,66.9
163,6,19.6,0.0,2008,20080612,8.8,0.0,29.0,12,0.0,1.0,281,2008-06-12,13.1,57.3
164,6,23.5,0.0,2008,20080613,11.9,0.0,33.0,13,0.0,1.3,281,2008-06-13,13.0,55.5
165,6,19.2,0.0,2008,20080614,17.3,0.0,22.5,14,0.0,3.5,281,2008-06-14,4.0,71.1
166,6,17.5,0.0,2008,20080615,15.6,0.0,20.1,15,0.0,3.7,281,2008-06-15,2.7,67.3
167,6,17.3,0.0,2008,20080616,12.0,0.0,21.1,16,0.0,2.9,281,2008-06-16,6.5,70.3
168,6,18.6,0.1,2008,20080617,16.4,0.0,22.0,17,0.0,2.8,281,2008-06-17,0.5,78.1
169,6,21.0,51.0,2008,20080618,17.3,0.0,24.9,18,0.0,2.0,281,2008-06-18,0.0,89.6
170,6,24.4,0.5,2008,20080619,19.7,0.0,29.6,19,0.0,2.6,281,2008-06-19,10.2,67.4
171,6,24.0,3.0,2008,20080620,19.8,0.0,29.5,20,0.0,1.2,281,2008-06-20,3.8,77.1
172,6,20.6,4.5,2008,20080621,19.3,0.0,22.8,21,0.0,1.9,281,2008-06-21,0.0,81.9
173,6,20.1,0.0,2008,20080622,17.3,0.0,23.6,22,0.0,2.0,281,2008-06-22,0.3,81.6
174,6,19.2,0.0,2008,20080623,16.6,0.0,22.6,23,0.0,2.6,281,2008-06-23,4.6,70.3
175,6,19.2,0.0,2008,20080624,17.2,0.0,22.5,24,0.0,2.2,281,2008-06-24,0.5,75.3
176,6,18.4,0.0,2008,20080625,14.0,0.0,21.5,25,0.0,1.6,281,2008-06-25,0.5,76.9
177,6,18.9,0.0,2008,20080626,13.2,0.0,25.7,26,0.0,1.9,281,2008-06-26,9.1,74.0
178,6,22.2,0.0,2008,20080627,16.4,0.0,28.3,27,0.0,1.6,281,2008-06-27,6.9,71.4
179,6,18.1,48.5,2008,20080628,16.7,0.0,20.1,28,0.0,1.7,281,2008-06-28,0.0,90.5
180,6,19.1,5.0,2008,20080629,17.5,0.0,21.0,29,0.0,0.7,281,2008-06-29,0.0,89.6
181,6,20.8,0.0,2008,20080630,18.0,0.0,25.6,30,0.0,1.6,281,2008-06-30,4.2,78.8
182,7,22.5,0.0,2008,20080701,18.7,0.0,27.4,1,0.0,1.2,281,2008-07-01,3.0,74.6
183,7,22.0,11.0,2008,20080702,19.3,0.0,25.4,2,0.0,0.9,281,2008-07-02,0.0,86.4
184,7,25.1,2.0,2008,20080703,20.6,0.0,30.3,3,0.0,2.0,281,2008-07-03,5.5,74.5
185,7,26.3,0.0,2008,20080704,19.8,0.0,32.6,4,0.0,1.7,281,2008-07-04,8.1,73.0
186,7,26.7,0.0,2008,20080705,22.3,0.0,31.1,5,0.0,1.2,281,2008-07-05,1.6,76.0
187,7,28.7,0.0,2008,20080706,23.8,0.0,33.3,6,0.0,2.1,281,2008-07-06,11.6,69.0
188,7,29.5,0.0,2008,20080707,25.5,0.0,35.6,7,0.0,2.1,281,2008-07-07,11.1,66.4
189,7,27.7,0.0,2008,20080708,23.5,0.0,35.2,8,0.0,1.8,281,2008-07-08,11.2,69.9
190,7,27.5,0.0,2008,20080709,22.0,0.0,33.3,9,0.0,1.5,281,2008-07-09,9.2,67.4
191,7,28.8,0.0,2008,20080710,21.3,0.0,35.7,10,0.0,1.5,281,2008-07-10,10.1,62.0
192,7,27.1,24.0,2008,20080711,22.6,0.0,33.8,11,0.0,1.4,281,2008-07-11,2.8,75.1
193,7,26.3,0.0,2008,20080712,22.3,0.0,31.2,12,0.0,0.9,281,2008-07-12,1.8,76.5
194,7,26.1,28.0,2008,20080713,21.7,0.0,31.8,13,0.0,1.2,281,2008-07-13,3.3,81.0
195,7,27.0,11.5,2008,20080714,23.4,0.0,33.3,14,0.0,1.6,281,2008-07-14,6.7,77.3
196,7,26.4,10.0,2008,20080715,22.6,0.0,32.5,15,0.0,1.1,281,2008-07-15,4.5,81.1
197,7,27.4,0.0,2008,20080716,22.2,0.0,32.3,16,0.0,1.6,281,2008-07-16,7.1,70.6
198,7,28.1,0.0,2008,20080717,23.3,0.0,33.1,17,0.0,1.8,281,2008-07-17,5.8,67.8
199,7,27.9,0.0,2008,20080718,21.6,0.0,34.7,18,0.0,1.2,281,2008-07-18,8.7,67.5
200,7,26.1,0.5,2008,20080719,23.1,0.0,31.8,19,0.0,1.8,281,2008-07-19,3.3,81.1
201,7,24.4,12.5,2008,20080720,22.9,0.0,26.0,20,0.0,2.0,281,2008-07-20,0.2,89.4
202,7,27.1,0.0,2008,20080721,22.5,0.0,32.7,21,0.0,1.6,281,2008-07-21,3.3,74.6
203,7,26.5,0.0,2008,20080722,22.0,0.0,32.0,22,0.0,1.4,281,2008-07-22,4.4,75.6
204,7,27.3,0.0,2008,20080723,22.0,0.0,32.9,23,0.0,1.0,281,2008-07-23,5.1,72.9
205,7,28.3,0.0,2008,20080724,23.6,0.0,34.6,24,0.0,1.6,281,2008-07-24,10.1,70.1
206,7,23.2,44.5,2008,20080725,22.0,0.0,25.4,25,0.0,2.2,281,2008-07-25,0.0,89.1
207,7,24.0,18.5,2008,20080726,22.0,0.0,27.7,26,0.0,2.3,281,2008-07-26,3.3,87.4
208,7,26.2,0.0,2008,20080727,22.0,0.0,32.8,27,0.0,1.7,281,2008-07-27,7.7,78.9
209,7,28.5,0.0,2008,20080728,22.8,0.0,34.1,28,0.0,1.2,281,2008-07-28,5.8,75.0
210,7,29.7,0.0,2008,20080729,24.1,0.0,35.0,29,0.0,1.6,281,2008-07-29,11.5,68.1
211,7,27.0,10.0,2008,20080730,23.2,0.0,33.3,30,0.0,1.6,281,2008-07-30,2.5,78.3
212,7,26.3,0.4,2008,20080731,23.0,0.0,31.0,31,0.0,0.9,281,2008-07-31,0.1,81.5
213,8,28.5,0.0,2008,20080801,22.4,0.0,34.2,1,0.0,1.6,281,2008-08-01,10.9,67.3
214,8,28.9,0.0,2008,20080802,24.2,0.0,33.6,2,0.0,2.5,281,2008-08-02,9.3,65.3
215,8,27.3,0.5,2008,20080803,21.9,0.0,34.0,3,0.0,2.3,281,2008-08-03,7.4,70.3
216,8,25.6,0.0,2008,20080804,20.0,0.0,32.4,4,0.0,1.7,281,2008-08-04,10.3,76.1
217,8,26.2,0.0,2008,20080805,21.8,0.0,33.3,5,0.0,1.3,281,2008-08-05,7.4,74.0
218,8,24.6,0.0,2008,20080806,18.4,0.0,31.2,6,0.0,1.7,281,2008-08-06,8.3,74.6
219,8,23.8,0.0,2008,20080807,16.3,0.0,30.6,7,0.0,1.8,281,2008-08-07,12.2,64.3
220,8,25.4,0.0,2008,20080808,20.1,0.0,29.9,8,0.0,2.1,281,2008-08-08,8.0,75.8
221,8,26.7,0.0,2008,20080809,23.3,0.0,31.8,9,0.0,1.8,281,2008-08-09,3.5,78.9
222,8,26.3,0.0,2008,20080810,22.2,0.0,31.1,10,0.0,1.9,281,2008-08-10,8.8,74.6
223,8,27.4,0.0,2008,20080811,23.1,0.0,32.3,11,0.0,1.9,281,2008-08-11,5.8,76.8
224,8,27.0,8.0,2008,20080812,24.5,0.0,31.8,12,0.0,1.3,281,2008-08-12,0.9,84.6
225,8,28.0,4.0,2008,20080813,24.2,0.0,33.6,13,0.0,1.4,281,2008-08-13,5.2,77.1
226,8,27.1,20.0,2008,20080814,23.3,0.0,33.0,14,0.0,1.2,281,2008-08-14,7.3,78.3
227,8,25.3,76.5,2008,20080815,22.1,0.0,31.8,15,0.0,1.6,281,2008-08-15,5.7,84.0
228,8,21.1,33.5,2008,20080816,19.8,0.0,22.8,16,0.0,1.3,281,2008-08-16,0.0,88.1
229,8,21.9,0.1,2008,20080817,19.1,0.0,25.6,17,0.0,1.1,281,2008-08-17,0.1,83.6
230,8,25.2,0.0,2008,20080818,19.9,0.0,31.2,18,0.0,1.4,281,2008-08-18,0.7,81.9
231,8,25.4,0.0,2008,20080819,20.2,0.0,30.1,19,0.0,2.7,281,2008-08-19,8.3,63.3
232,8,23.1,0.0,2008,20080820,20.5,0.0,30.1,20,0.0,2.8,281,2008-08-20,10.7,68.9
233,8,21.1,0.5,2008,20080821,18.0,0.0,25.5,21,0.0,2.1,281,2008-08-21,8.3,70.6
234,8,19.6,12.5,2008,20080822,16.3,0.0,22.1,22,0.0,1.3,281,2008-08-22,0.0,90.3
235,8,23.5,0.1,2008,20080823,20.2,0.0,29.9,23,0.0,1.9,281,2008-08-23,2.9,78.4
236,8,21.9,0.5,2008,20080824,19.3,0.0,25.5,24,0.0,1.8,281,2008-08-24,6.1,74.8
237,8,21.1,0.0,2008,20080825,18.2,0.0,24.9,25,0.0,1.6,281,2008-08-25,2.6,74.5
238,8,21.1,0.0,2008,20080826,17.8,0.0,26.2,26,0.0,2.0,281,2008-08-26,8.0,72.4
239,8,20.7,0.0,2008,20080827,15.1,0.0,27.4,27,0.0,1.4,281,2008-08-27,7.1,77.6
240,8,21.9,0.0,2008,20080828,16.8,0.0,27.9,28,0.0,1.5,281,2008-08-28,7.1,78.0
241,8,22.5,0.0,2008,20080829,17.7,0.0,27.0,29,0.0,1.8,281,2008-08-29,9.5,75.1
242,8,21.6,0.0,2008,20080830,18.5,0.0,25.6,30,0.0,2.2,281,2008-08-30,5.9,71.6
243,8,21.3,0.0,2008,20080831,15.9,0.0,26.8,31,0.0,1.8,281,2008-08-31,4.6,77.1
244,9,23.2,0.3,2008,20080901,20.9,0.0,26.5,1,0.0,1.9,281,2008-09-01,0.1,83.3
245,9,22.0,0.5,2008,20080902,20.1,0.0,25.9,2,0.0,2.2,281,2008-09-02,1.9,81.8
246,9,21.8,0.0,2008,20080903,16.5,0.0,29.9,3,0.0,1.4,281,2008-09-03,8.6,75.6
247,9,20.3,0.0,2008,20080904,14.7,0.0,27.0,4,0.0,1.5,281,2008-09-04,10.2,74.6
248,9,21.2,0.0,2008,20080905,14.3,0.0,28.0,5,0.0,1.4,281,2008-09-05,8.6,74.8
249,9,21.6,0.5,2008,20080906,18.6,0.0,26.6,6,0.0,1.0,281,2008-09-06,0.9,82.1
250,9,21.2,0.0,2008,20080907,15.1,0.0,30.2,7,0.0,1.4,281,2008-09-07,11.4,70.6
251,9,20.6,0.0,2008,20080908,13.2,0.0,28.4,8,0.0,1.3,281,2008-09-08,6.5,75.5
252,9,21.6,0.0,2008,20080909,16.3,0.0,28.7,9,0.0,1.4,281,2008-09-09,8.1,75.1
253,9,21.4,0.0,2008,20080910,13.9,0.0,30.1,10,0.0,0.9,281,2008-09-10,8.8,71.5
254,9,24.0,0.0,2008,20080911,16.5,0.0,30.9,11,0.0,1.0,281,2008-09-11,7.5,69.6
255,9,25.2,0.0,2008,20080912,19.5,0.0,32.4,12,0.0,1.2,281,2008-09-12,9.0,65.0
256,9,23.1,0.0,2008,20080913,17.2,0.0,31.1,13,0.0,1.5,281,2008-09-13,8.7,74.3
257,9,22.5,0.0,2008,20080914,17.8,0.0,27.9,14,0.0,1.7,281,2008-09-14,3.6,78.5
258,9,22.6,0.0,2008,20080915,18.6,0.0,28.1,15,0.0,1.0,281,2008-09-15,1.5,78.3
259,9,23.2,0.0,2008,20080916,17.3,0.0,31.0,16,0.0,1.1,281,2008-09-16,7.9,72.8
260,9,22.9,0.0,2008,20080917,15.7,0.0,30.5,17,0.0,1.6,281,2008-09-17,9.9,70.9
261,9,23.8,0.0,2008,20080918,18.4,0.0,31.6,18,0.0,1.4,281,2008-09-18,8.2,72.6
262,9,22.2,0.0,2008,20080919,14.7,0.0,29.9,19,0.0,1.7,281,2008-09-19,9.8,73.6
263,9,22.8,1.5,2008,20080920,17.6,0.0,28.0,20,0.0,1.3,281,2008-09-20,2.5,78.3
264,9,21.4,25.5,2008,20080921,18.1,0.0,26.2,21,0.0,1.5,281,2008-09-21,2.0,83.4
265,9,22.7,0.0,2008,20080922,17.2,0.0,29.8,22,0.0,1.0,281,2008-09-22,6.0,74.5
266,9,22.0,0.5,2008,20080923,20.0,0.0,25.6,23,0.0,1.1,281,2008-09-23,0.2,84.5
267,9,20.8,0.0,2008,20080924,19.7,0.0,22.8,24,0.0,1.3,281,2008-09-24,0.1,78.9
268,9,19.8,0.0,2008,20080925,17.0,0.0,23.1,25,0.0,2.6,281,2008-09-25,0.6,76.9
269,9,16.5,0.0,2008,20080926,10.3,0.0,21.3,26,0.0,3.1,281,2008-09-26,4.9,53.3
270,9,12.5,0.0,2008,20080927,4.6,0.0,22.0,27,0.0,0.8,281,2008-09-27,6.2,66.5
271,9,14.6,0.0,2008,20080928,8.5,0.0,20.1,28,0.0,0.7,281,2008-09-28,0.0,74.9
272,9,15.3,7.0,2008,20080929,13.4,0.0,20.0,29,0.0,0.7,281,2008-09-29,0.3,87.3
273,9,17.2,0.0,2008,20080930,11.6,0.0,23.7,30,0.0,0.6,281,2008-09-30,1.1,83.3
274,10,16.6,0.0,2008,20081001,9.9,0.0,24.6,1,0.0,1.8,281,2008-10-01,8.9,77.9
275,10,16.5,0.0,2008,20081002,9.8,0.0,25.4,2,0.0,0.8,281,2008-10-02,10.4,73.0
276,10,17.2,0.0,2008,20081003,9.2,0.0,27.7,3,0.0,1.2,281,2008-10-03,9.3,72.8
277,10,18.2,0.0,2008,20081004,10.4,0.0,26.3,4,0.0,0.9,281,2008-10-04,7.5,76.1
278,10,19.4,0.0,2008,20081005,16.8,0.0,24.0,5,0.0,0.9,281,2008-10-05,0.1,82.0
279,10,18.9,0.0,2008,20081006,13.4,0.0,26.3,6,0.0,1.8,281,2008-10-06,8.5,66.4
280,10,16.5,0.0,2008,20081007,10.1,0.0,23.4,7,0.0,1.2,281,2008-10-07,5.6,70.6
281,10,16.8,0.0,2008,20081008,10.0,0.0,25.9,8,0.0,1.0,281,2008-10-08,6.8,74.0
282,10,17.8,0.0,2008,20081009,12.8,0.0,26.3,9,0.0,0.8,281,2008-10-09,7.2,74.6
283,10,17.6,0.5,2008,20081010,13.1,0.0,23.4,10,0.0,1.4,281,2008-10-10,0.1,80.5
284,10,14.8,0.0,2008,20081011,8.2,0.0,22.7,11,0.0,1.8,281,2008-10-11,10.6,59.6
285,10,12.8,0.0,2008,20081012,6.2,0.0,23.0,12,0.0,0.8,281,2008-10-12,7.7,71.1
286,10,13.4,0.0,2008,20081013,3.6,0.0,24.0,13,0.0,0.9,281,2008-10-13,8.5,63.1
287,10,14.7,0.0,2008,20081014,5.7,0.0,24.3,14,0.0,1.7,281,2008-10-14,10.5,57.9
288,10,14.3,0.0,2008,20081015,4.7,0.0,26.2,15,0.0,1.0,281,2008-10-15,10.0,65.5
289,10,14.6,0.0,2008,20081016,6.0,0.0,25.3,16,0.0,0.5,281,2008-10-16,5.2,70.6
290,10,16.0,0.0,2008,20081017,8.4,0.0,26.8,17,0.0,0.8,281,2008-10-17,8.9,73.5
291,10,16.2,0.0,2008,20081018,10.2,0.0,27.6,18,0.0,0.9,281,2008-10-18,6.7,72.8
292,10,14.5,0.0,2008,20081019,6.1,0.0,25.4,19,0.0,0.5,281,2008-10-19,5.8,66.6
293,10,15.7,0.0,2008,20081020,6.6,0.0,25.7,20,0.0,1.1,281,2008-10-20,9.9,68.0
294,10,16.7,0.0,2008,20081021,9.5,0.0,25.2,21,0.0,1.2,281,2008-10-21,6.3,77.0
295,10,16.2,13.5,2008,20081022,15.1,0.0,18.2,22,0.0,0.9,281,2008-10-22,0.0,90.5
296,10,18.8,1.5,2008,20081023,15.8,0.0,22.2,23,0.0,0.6,281,2008-10-23,0.3,90.8
297,10,14.9,0.0,2008,20081024,10.6,0.0,19.7,24,0.0,4.8,281,2008-10-24,10.3,53.9
298,10,11.5,0.0,2008,20081025,2.7,0.0,16.9,25,0.0,1.6,281,2008-10-25,5.6,59.1
299,10,14.9,0.0,2008,20081026,10.2,0.0,21.4,26,0.0,3.4,281,2008-10-26,6.1,50.8
300,10,12.6,0.0,2008,20081027,8.7,0.0,17.0,27,0.0,3.9,281,2008-10-27,9.0,48.9
301,10,13.2,0.0,2008,20081028,7.3,0.0,18.5,28,0.0,3.4,281,2008-10-28,9.6,53.0
302,10,12.7,0.0,2008,20081029,8.2,0.0,18.6,29,0.0,1.6,281,2008-10-29,4.7,60.8
303,10,10.3,0.0,2008,20081030,3.6,0.0,18.6,30,0.0,1.5,281,2008-10-30,9.4,63.3
304,10,9.7,0.0,2008,20081031,2.5,0.0,16.8,31,0.0,1.2,281,2008-10-31,2.0,71.4
305,11,9.6,0.0,2008,20081101,1.4,0.0,18.5,1,0.0,1.5,281,2008-11-01,7.3,69.3
306,11,13.8,0.0,2008,20081102,3.7,0.0,19.7,2,0.0,2.6,281,2008-11-02,4.5,55.1
307,11,13.4,0.0,2008,20081103,6.5,0.0,19.2,3,0.0,2.4,281,2008-11-03,1.9,46.8
308,11,8.9,0.0,2008,20081104,0.9,0.0,18.1,4,0.0,1.8,281,2008-11-04,9.5,43.0
309,11,8.0,0.0,2008,20081105,-1.6,0.0,20.3,5,0.0,0.8,281,2008-11-05,7.6,56.3
310,11,12.3,0.0,2008,20081106,0.6,0.0,23.1,6,0.0,0.8,281,2008-11-06,6.7,71.3
311,11,13.7,0.0,2008,20081107,10.2,0.0,19.0,7,0.0,0.6,281,2008-11-07,0.0,76.0
312,11,11.5,0.0,2008,20081108,9.9,0.0,13.6,8,0.0,2.3,281,2008-11-08,0.0,78.6
313,11,9.6,0.5,2008,20081109,4.2,0.0,13.2,9,0.0,1.0,281,2008-11-09,0.3,81.4
314,11,6.7,0.1,2008,20081110,0.8,0.0,14.3,10,0.0,1.3,281,2008-11-10,4.7,81.6
315,11,8.1,0.0,2008,20081111,2.8,0.0,15.3,11,0.0,1.2,281,2008-11-11,6.1,70.1
316,11,8.3,0.0,2008,20081112,0.0,0.0,18.5,12,0.0,0.8,281,2008-11-12,8.3,71.6
317,11,9.5,0.0,2008,20081113,1.8,0.0,20.0,13,0.0,0.7,281,2008-11-13,8.0,72.8
318,11,9.4,0.0,2008,20081114,4.8,0.0,17.4,14,0.0,0.6,281,2008-11-14,4.2,73.0
319,11,10.7,0.0,2008,20081115,3.6,0.0,19.5,15,0.0,0.8,281,2008-11-15,5.3,69.8
320,11,11.4,0.0,2008,20081116,5.3,0.0,17.0,16,0.0,2.4,281,2008-11-16,6.1,56.1
321,11,7.9,0.0,2008,20081117,3.5,0.0,13.4,17,0.0,3.3,281,2008-11-17,4.5,43.9
322,11,1.4,0.0,2008,20081118,-1.9,0.0,5.9,18,0.0,4.1,281,2008-11-18,7.8,36.3
323,11,-0.8,0.0,2008,20081119,-4.4,0.0,4.2,19,0.0,4.0,281,2008-11-19,7.8,35.4
324,11,1.9,0.0,2008,20081120,-6.9,0.0,8.7,20,0.0,2.3,281,2008-11-20,7.8,54.6
325,11,5.5,0.0,2008,20081121,-2.4,0.0,11.8,21,0.0,3.4,281,2008-11-21,5.2,47.5
326,11,3.5,0.0,2008,20081122,-6.9,0.0,10.9,22,0.0,1.7,281,2008-11-22,6.1,54.8
327,11,6.2,0.0,2008,20081123,-1.6,0.0,14.8,23,0.0,0.8,281,2008-11-23,7.2,63.0
328,11,5.1,11.0,2008,20081124,0.5,0.0,7.3,24,0.0,1.1,281,2008-11-24,0.0,85.6
329,11,4.6,0.0,2008,20081125,-0.3,0.0,11.9,25,0.0,1.5,281,2008-11-25,3.8,86.9
330,11,2.7,0.0,2008,20081126,-1.7,0.0,10.2,26,0.0,0.9,281,2008-11-26,2.3,84.6
331,11,3.9,0.4,2008,20081127,-1.7,0.0,8.6,27,0.0,1.0,281,2008-11-27,1.4,81.4
332,11,5.9,0.0,2008,20081128,2.4,0.0,11.1,28,0.0,2.8,281,2008-11-28,3.8,76.4
333,11,4.2,0.1,2008,20081129,0.2,0.0,9.7,29,0.0,3.5,281,2008-11-29,3.0,64.0
334,11,1.6,0.0,2008,20081130,-3.6,0.0,9.0,30,0.0,2.2,281,2008-11-30,7.8,55.0
335,12,1.5,0.0,2008,20081201,-6.2,0.0,12.2,1,0.0,1.0,281,2008-12-01,7.7,64.9
336,12,4.6,0.0,2008,20081202,-3.6,0.0,15.6,2,0.0,0.9,281,2008-12-02,7.3,73.4
337,12,5.3,0.0,2008,20081203,-2.6,0.0,15.2,3,0.0,0.6,281,2008-12-03,6.2,75.8
338,12,8.2,0.3,2008,20081204,4.5,0.0,14.0,4,0.0,2.2,281,2008-12-04,0.0,73.4
339,12,-1.8,0.1,2008,20081205,-7.3,0.0,5.5,5,0.0,4.8,281,2008-12-05,2.8,48.3
340,12,-5.6,0.0,2008,20081206,-9.5,0.0,-0.9,6,0.0,3.7,281,2008-12-06,7.6,35.3
341,12,-3.0,0.0,2008,20081207,-10.9,0.0,5.7,7,0.0,1.1,281,2008-12-07,7.2,61.4
342,12,0.4,0.2,2008,20081208,-6.6,0.0,12.2,8,0.0,0.7,281,2008-12-08,3.4,73.3
343,12,2.8,0.0,2008,20081209,-4.7,0.0,14.5,9,0.0,0.5,281,2008-12-09,6.4,68.6
344,12,4.7,0.0,2008,20081210,-3.5,0.0,16.8,10,0.0,0.5,281,2008-12-10,6.8,71.8
345,12,5.6,0.0,2008,20081211,0.1,0.0,11.3,11,0.0,2.8,281,2008-12-11,4.2,64.0
346,12,3.2,0.0,2008,20081212,-3.0,0.0,10.5,12,0.0,2.0,281,2008-12-12,7.6,58.0
347,12,4.4,0.0,2008,20081213,-0.6,0.0,10.3,13,0.0,1.7,281,2008-12-13,0.7,55.0
348,12,1.0,0.0,2008,20081214,-2.1,0.0,6.4,14,0.0,3.2,281,2008-12-14,2.0,30.8
349,12,0.7,0.0,2008,20081215,-5.6,0.0,8.6,15,0.0,1.8,281,2008-12-15,7.5,57.6
350,12,-0.8,0.0,2008,20081216,-8.3,0.0,10.2,16,0.0,0.7,281,2008-12-16,7.4,67.6
351,12,1.6,0.0,2008,20081217,-7.6,0.0,12.5,17,0.0,0.7,281,2008-12-17,7.4,68.8
352,12,3.0,0.0,2008,20081218,-4.2,0.0,9.4,18,0.0,3.0,281,2008-12-18,7.5,42.6
353,12,-1.0,0.0,2008,20081219,-8.7,0.0,9.1,19,0.0,1.1,281,2008-12-19,7.6,56.6
354,12,1.5,1.5,2008,20081220,-5.9,0.0,7.6,20,0.0,0.9,281,2008-12-20,0.3,80.9
355,12,1.3,13.5,2008,20081221,0.1,0.0,3.3,21,0.0,1.5,281,2008-12-21,0.0,88.8
356,12,-1.6,0.0,2008,20081222,-4.6,0.0,2.1,22,0.0,4.2,281,2008-12-22,6.9,50.9
357,12,-0.3,0.0,2008,20081223,-6.8,0.0,5.1,23,0.0,2.1,281,2008-12-23,3.5,62.1
358,12,-0.8,0.0,2008,20081224,-6.1,0.0,5.1,24,0.0,1.2,281,2008-12-24,1.7,75.9
359,12,0.2,0.0,2008,20081225,-4.3,0.0,5.1,25,0.0,4.1,281,2008-12-25,5.5,49.4
360,12,-2.5,0.0,2008,20081226,-6.2,0.0,2.5,26,0.0,3.5,281,2008-12-26,7.6,29.3
361,12,-1.5,0.0,2008,20081227,-8.7,0.0,5.5,27,0.0,2.4,281,2008-12-27,7.5,38.3
362,12,0.0,0.0,2008,20081228,-7.5,0.0,7.3,28,0.0,1.2,281,2008-12-28,6.1,65.9
363,12,3.1,0.0,2008,20081229,-2.0,0.0,8.2,29,0.0,2.9,281,2008-12-29,5.5,60.5
364,12,0.1,0.0,2008,20081230,-4.3,0.0,3.0,30,0.0,4.4,281,2008-12-30,5.2,52.0
365,12,-3.0,0.0,2008,20081231,-6.5,0.0,1.4,31,0.0,3.6,281,2008-12-31,7.6,47.1
