,sunshine,station_id,day,humid,tmin,date,wind,snow,Date,tavg,cloud,year,tmax,month,rainfall
0,7.3,281,1,36.3,-1.7,20140101,3.0,0.0,2014-01-01,5.2,0.0,2014,10.7,1,0.0
1,7.4,281,2,43.1,-3.5,20140102,1.9,0.0,2014-01-02,2.1,0.0,2014,10.1,1,0.0
2,3.8,281,3,50.1,-6.9,20140103,0.7,0.0,2014-01-03,-0.2,0.0,2014,10.2,1,0.0
3,6.3,281,4,67.8,-6.2,20140104,1.0,0.0,2014-01-04,0.9,0.0,2014,9.5,1,0.0
4,5.5,281,5,54.4,-0.4,20140105,1.7,0.0,2014-01-05,3.0,0.0,2014,8.5,1,0.0
5,7.5,281,6,51.4,-7.1,20140106,0.9,0.0,2014-01-06,-0.5,0.0,2014,8.4,1,0.0
6,5.7,281,7,55.3,-8.4,20140107,1.3,0.0,2014-01-07,0.6,0.0,2014,8.6,1,0.0
7,0.0,281,8,68.4,-1.7,20140108,1.7,0.0,2014-01-08,1.6,0.0,2014,4.9,1,0.5
8,7.7,281,9,23.5,-7.6,20140109,3.8,0.0,2014-01-09,-3.7,0.0,2014,0.9,1,0.0
9,7.7,281,10,40.1,-9.1,20140110,2.9,0.0,2014-01-10,-2.5,0.0,2014,2.9,1,0.0
10,6.6,281,11,52.5,-7.5,20140111,2.5,0.0,2014-01-11,-0.8,0.0,2014,4.6,1,0.0
11,2.9,281,12,50.0,-6.8,20140112,2.4,0.0,2014-01-12,0.1,0.0,2014,6.2,1,0.0
12,7.8,281,13,26.9,-8.6,20140113,2.6,0.0,2014-01-13,-3.3,0.0,2014,2.6,1,0.0
13,7.8,281,14,39.5,-12.2,20140114,1.3,0.0,2014-01-14,-4.7,0.0,2014,4.8,1,0.0
14,7.8,281,15,33.3,-8.5,20140115,2.1,0.0,2014-01-15,-1.0,0.0,2014,5.4,1,0.0
15,7.6,281,16,51.4,-8.3,20140116,1.7,0.0,2014-01-16,-0.8,0.0,2014,6.7,1,0.0
16,6.5,281,17,55.9,-6.8,20140117,1.4,0.0,2014-01-17,-0.8,0.0,2014,7.3,1,0.0
17,6.0,281,18,46.1,-7.9,20140118,3.1,0.0,2014-01-18,-1.0,0.0,2014,5.0,1,0.0
18,7.8,281,19,39.5,-10.9,20140119,1.0,0.0,2014-01-19,-2.6,0.0,2014,5.5,1,0.0
19,3.7,281,20,49.6,-3.7,20140120,2.3,0.0,2014-01-20,1.1,0.0,2014,6.7,1,0.0
20,6.1,281,21,53.5,-5.2,20140121,3.7,0.0,2014-01-21,-2.0,0.0,2014,1.5,1,0.0
21,7.3,281,22,46.6,-7.5,20140122,3.0,0.0,2014-01-22,-2.0,0.0,2014,4.1,1,0.0
22,7.8,281,23,52.4,-10.3,20140123,0.9,0.0,2014-01-23,-2.4,0.0,2014,8.8,1,0.0
23,6.8,281,24,57.3,-9.9,20140124,1.0,0.0,2014-01-24,0.3,0.0,2014,12.3,1,0.0
24,0.0,281,25,76.4,-2.0,20140125,1.4,0.0,2014-01-25,4.3,0.0,2014,9.5,1,3.5
25,7.8,281,26,58.5,-4.5,20140126,2.3,0.0,2014-01-26,1.5,0.0,2014,7.6,1,0.0
26,5.5,281,27,62.6,-8.6,20140127,1.3,0.0,2014-01-27,0.1,0.0,2014,9.9,1,0.0
27,5.4,281,28,47.3,-4.7,20140128,2.4,0.0,2014-01-28,2.7,0.0,2014,11.7,1,0.0
28,7.8,281,29,46.4,-10.4,20140129,1.0,0.0,2014-01-29,1.6,0.0,2014,13.3,1,0.0
29,1.1,281,30,63.6,3.2,20140130,2.4,0.0,2014-01-30,7.9,0.0,2014,14.4,1,0.0
30,8.2,281,31,30.9,-4.1,20140131,1.4,0.0,2014-01-31,3.4,0.0,2014,12.9,1,0.0
31,4.4,281,1,59.0,-2.4,20140201,1.5,0.0,2014-02-01,6.9,0.0,2014,18.6,2,0.0
32,5.9,281,2,68.8,6.1,20140202,2.5,0.0,2014-02-02,10.8,0.0,2014,19.8,2,0.0
33,4.7,281,3,40.3,-4.1,20140203,3.3,0.0,2014-02-03,4.6,0.0,2014,11.1,2,0.0
34,8.9,281,4,24.8,-8.7,20140204,3.9,0.0,2014-02-04,-4.5,0.0,2014,1.4,2,0.0
35,4.7,281,5,31.0,-9.8,20140205,1.3,0.0,2014-02-05,-4.0,0.0,2014,2.4,2,0.0
36,0.6,281,6,75.9,-7.6,20140206,0.5,0.0,2014-02-06,-2.6,0.0,2014,2.5,2,0.4
37,0.0,281,7,88.8,-4.5,20140207,1.5,0.0,2014-02-07,0.3,0.0,2014,5.0,2,5.5
38,0.2,281,8,82.9,-0.3,20140208,1.3,0.0,2014-02-08,2.2,0.0,2014,5.6,2,2.5
39,0.3,281,9,82.6,-0.1,20140209,1.8,0.0,2014-02-09,1.5,0.0,2014,5.5,2,0.5
40,0.4,281,10,61.0,-1.3,20140210,2.5,0.0,2014-02-10,0.4,0.0,2014,3.1,2,0.1
41,3.0,281,11,69.9,-6.4,20140211,1.4,0.0,2014-02-11,-1.2,0.0,2014,3.3,2,0.1
42,0.3,281,12,77.5,-5.2,20140212,1.2,0.0,2014-02-12,-0.6,0.0,2014,4.3,2,0.1
43,0.0,281,13,89.0,-2.7,20140213,1.1,0.0,2014-02-13,0.4,0.0,2014,2.7,2,2.5
44,0.3,281,14,72.9,0.4,20140214,2.0,0.0,2014-02-14,1.5,0.0,2014,2.8,2,0.1
45,10.1,281,15,59.0,-3.1,20140215,1.6,0.0,2014-02-15,2.1,0.0,2014,9.2,2,0.0
46,4.5,281,16,65.9,-6.3,20140216,0.6,0.0,2014-02-16,0.9,0.0,2014,10.5,2,0.0
47,1.6,281,17,75.5,-1.6,20140217,1.9,0.0,2014-02-17,2.9,0.0,2014,8.4,2,0.5
48,2.7,281,18,62.5,0.6,20140218,3.0,0.0,2014-02-18,1.9,0.0,2014,4.7,2,0.1
49,0.7,281,19,66.4,-2.9,20140219,1.2,0.0,2014-02-19,1.1,0.0,2014,4.0,2,0.0
50,8.2,281,20,60.1,-6.3,20140220,1.4,0.0,2014-02-20,1.4,0.0,2014,9.4,2,0.0
51,9.6,281,21,56.8,-5.1,20140221,1.4,0.0,2014-02-21,1.6,0.0,2014,9.2,2,0.0
52,8.8,281,22,69.5,-6.4,20140222,0.9,0.0,2014-02-22,1.2,0.0,2014,10.6,2,0.0
53,7.9,281,23,72.3,-4.6,20140223,0.7,0.0,2014-02-23,2.3,0.0,2014,11.4,2,0.0
54,7.2,281,24,60.0,-4.0,20140224,1.1,0.0,2014-02-24,3.8,0.0,2014,12.9,2,0.0
55,7.4,281,25,58.1,-3.2,20140225,1.1,0.0,2014-02-25,5.4,0.0,2014,14.6,2,0.0
56,0.0,281,26,86.1,-0.7,20140226,0.7,0.0,2014-02-26,5.2,0.0,2014,10.0,2,7.0
57,4.9,281,27,69.9,6.8,20140227,1.8,0.0,2014-02-27,10.4,0.0,2014,16.8,2,0.1
58,0.2,281,28,67.6,2.9,20140228,2.1,0.0,2014-02-28,7.4,0.0,2014,10.2,2,0.0
59,0.0,281,1,79.6,5.4,20140301,0.8,0.0,2014-03-01,7.9,0.0,2014,11.1,3,1.0
60,3.1,281,2,69.1,-0.5,20140302,1.6,0.0,2014-03-02,5.4,0.0,2014,11.3,3,0.0
61,9.5,281,3,64.8,-3.9,20140303,1.2,0.0,2014-03-03,3.2,0.0,2014,11.2,3,0.0
62,2.1,281,4,60.1,-4.3,20140304,0.8,0.0,2014-03-04,4.1,0.0,2014,11.5,3,0.0
63,8.9,281,5,36.1,-1.0,20140305,3.0,0.0,2014-03-05,4.4,0.0,2014,9.9,3,0.0
64,9.5,281,6,29.9,-4.8,20140306,2.8,0.0,2014-03-06,1.9,0.0,2014,7.4,3,0.0
65,10.8,281,7,26.4,-2.7,20140307,3.4,0.0,2014-03-07,1.8,0.0,2014,6.7,3,0.0
66,7.2,281,8,34.3,-1.4,20140308,2.7,0.0,2014-03-08,2.8,0.0,2014,9.2,3,0.0
67,3.7,281,9,39.5,-3.0,20140309,2.9,0.0,2014-03-09,2.7,0.0,2014,8.5,3,0.0
68,10.9,281,10,32.9,-4.1,20140310,2.7,0.0,2014-03-10,2.6,0.0,2014,10.9,3,0.0
69,10.2,281,11,43.4,-6.8,20140311,1.5,0.0,2014-03-11,4.3,0.0,2014,15.9,3,0.0
70,0.1,281,12,81.6,-2.3,20140312,0.7,0.0,2014-03-12,4.8,0.0,2014,7.9,3,37.5
71,0.0,281,13,85.0,0.7,20140313,1.7,0.0,2014-03-13,3.5,0.0,2014,7.6,3,16.5
72,8.4,281,14,62.1,-1.3,20140314,1.8,0.0,2014-03-14,3.0,0.0,2014,8.4,3,0.0
73,10.5,281,15,46.4,-2.0,20140315,2.5,0.0,2014-03-15,7.6,0.0,2014,14.7,3,0.0
74,8.8,281,16,61.9,0.0,20140316,1.5,0.0,2014-03-16,8.9,0.0,2014,19.9,3,0.0
75,10.1,281,17,61.5,-0.4,20140317,1.8,0.0,2014-03-17,11.7,0.0,2014,21.2,3,0.0
76,8.2,281,18,56.6,7.9,20140318,4.3,0.0,2014-03-18,15.0,0.0,2014,22.4,3,0.0
77,1.7,281,19,54.5,6.3,20140319,2.4,0.0,2014-03-19,8.6,0.0,2014,11.9,3,0.0
78,1.5,281,20,81.9,2.0,20140320,2.1,0.0,2014-03-20,5.4,0.0,2014,11.4,3,6.5
79,8.4,281,21,67.6,-1.4,20140321,2.3,0.0,2014-03-21,3.9,0.0,2014,10.1,3,0.0
80,11.0,281,22,56.9,-4.0,20140322,1.4,0.0,2014-03-22,6.3,0.0,2014,16.9,3,0.0
81,10.8,281,23,42.9,-0.5,20140323,2.0,0.0,2014-03-23,10.4,0.0,2014,20.4,3,0.0
82,8.6,281,24,38.9,-0.8,20140324,2.0,0.0,2014-03-24,11.8,0.0,2014,20.2,3,0.0
83,1.9,281,25,66.3,11.1,20140325,2.0,0.0,2014-03-25,14.7,0.0,2014,19.3,3,8.0
84,0.2,281,26,88.5,9.6,20140326,1.1,0.0,2014-03-26,13.9,0.0,2014,16.9,3,18.0
85,8.3,281,27,76.1,8.4,20140327,1.2,0.0,2014-03-27,13.8,0.0,2014,23.4,3,0.1
86,7.0,281,28,58.6,6.8,20140328,1.4,0.0,2014-03-28,15.5,0.0,2014,24.9,3,0.0
87,0.0,281,29,86.0,12.5,20140329,1.1,0.0,2014-03-29,13.6,0.0,2014,15.5,3,16.0
88,1.6,281,30,77.4,5.4,20140330,1.6,0.0,2014-03-30,11.8,0.0,2014,19.3,3,11.0
89,7.0,281,31,69.5,2.5,20140331,1.1,0.0,2014-03-31,11.0,0.0,2014,20.8,3,0.0
90,9.2,281,1,64.4,3.7,20140401,1.1,0.0,2014-04-01,12.5,0.0,2014,23.4,4,0.0
91,9.9,281,2,54.5,4.1,20140402,1.0,0.0,2014-04-02,14.0,0.0,2014,24.1,4,0.0
92,1.3,281,3,69.3,5.3,20140403,1.6,0.0,2014-04-03,10.9,0.0,2014,19.9,4,8.0
93,6.2,281,4,59.0,3.5,20140404,2.8,0.0,2014-04-04,7.5,0.0,2014,12.8,4,0.5
94,7.1,281,5,55.8,0.8,20140405,2.3,0.0,2014-04-05,7.4,0.0,2014,14.2,4,0.0
95,11.5,281,6,35.3,2.2,20140406,3.4,0.0,2014-04-06,9.0,0.0,2014,14.6,4,0.0
96,8.7,281,7,30.9,6.0,20140407,3.4,0.0,2014-04-07,13.8,0.0,2014,21.3,4,0.0
97,11.3,281,8,33.8,6.7,20140408,2.0,0.0,2014-04-08,13.6,0.0,2014,22.2,4,0.0
98,11.2,281,9,46.3,2.2,20140409,1.3,0.0,2014-04-09,14.2,0.0,2014,24.2,4,0.0
99,10.3,281,10,52.0,6.6,20140410,3.1,0.0,2014-04-10,12.2,0.0,2014,17.8,4,0.0
100,2.4,281,11,60.0,6.3,20140411,1.1,0.0,2014-04-11,10.9,0.0,2014,17.8,4,0.0
101,0.0,281,12,61.8,6.6,20140412,0.8,0.0,2014-04-12,11.4,0.0,2014,16.3,4,0.0
102,1.6,281,13,59.1,4.8,20140413,1.5,0.0,2014-04-13,11.9,0.0,2014,17.8,4,0.1
103,11.4,281,14,51.1,0.2,20140414,1.5,0.0,2014-04-14,11.9,0.0,2014,24.8,4,0.0
104,10.0,281,15,44.5,3.4,20140415,2.8,0.0,2014-04-15,17.4,0.0,2014,26.9,4,0.0
105,6.3,281,16,53.6,11.2,20140416,2.2,0.0,2014-04-16,18.7,0.0,2014,26.8,4,0.0
106,5.8,281,17,70.3,5.8,20140417,1.7,0.0,2014-04-17,13.7,0.0,2014,24.4,4,17.5
107,0.6,281,18,78.6,7.9,20140418,1.2,0.0,2014-04-18,11.6,0.0,2014,15.9,4,1.5
108,1.1,281,19,63.8,6.5,20140419,2.4,0.0,2014-04-19,10.6,0.0,2014,14.1,4,0.0
109,8.9,281,20,61.9,7.1,20140420,1.8,0.0,2014-04-20,12.5,0.0,2014,19.8,4,0.0
110,10.9,281,21,54.5,7.1,20140421,1.9,0.0,2014-04-21,14.9,0.0,2014,24.3,4,0.0
111,8.0,281,22,55.5,7.5,20140422,1.5,0.0,2014-04-22,13.7,0.0,2014,23.0,4,0.0
112,11.6,281,23,49.4,3.7,20140423,1.6,0.0,2014-04-23,14.3,0.0,2014,25.8,4,0.0
113,8.8,281,24,46.9,5.2,20140424,1.1,0.0,2014-04-24,15.4,0.0,2014,26.6,4,0.0
114,10.5,281,25,46.3,5.6,20140425,1.1,0.0,2014-04-25,16.0,0.0,2014,26.9,4,0.0
115,4.1,281,26,49.8,5.8,20140426,1.2,0.0,2014-04-26,15.7,0.0,2014,24.6,4,0.0
116,0.0,281,27,66.8,11.2,20140427,1.0,0.0,2014-04-27,15.6,0.0,2014,21.1,4,4.0
117,0.0,281,28,88.8,11.8,20140428,3.2,0.0,2014-04-28,12.8,0.0,2014,13.7,4,22.0
118,0.0,281,29,88.5,13.4,20140429,2.2,0.0,2014-04-29,14.5,0.0,2014,16.6,4,46.0
119,0.2,281,30,86.0,12.2,20140430,1.2,0.0,2014-04-30,13.9,0.0,2014,17.8,4,3.0
120,10.3,281,1,62.5,11.6,20140501,2.0,0.0,2014-05-01,17.8,0.0,2014,25.0,5,0.0
121,10.7,281,2,47.8,9.9,20140502,2.4,0.0,2014-05-02,19.5,0.0,2014,27.5,5,0.0
122,11.3,281,3,39.3,7.6,20140503,3.9,0.0,2014-05-03,15.2,0.0,2014,22.8,5,0.0
123,0.6,281,4,51.8,4.8,20140504,1.7,0.0,2014-05-04,13.2,0.0,2014,21.4,5,0.5
124,11.7,281,5,35.3,5.3,20140505,3.6,0.0,2014-05-05,12.0,0.0,2014,18.3,5,0.1
125,12.3,281,6,45.9,1.8,20140506,1.7,0.0,2014-05-06,11.8,0.0,2014,20.9,5,0.0
126,12.1,281,7,44.9,3.4,20140507,1.8,0.0,2014-05-07,15.0,0.0,2014,24.8,5,0.0
127,7.2,281,8,54.4,9.7,20140508,2.5,0.0,2014-05-08,16.5,0.0,2014,24.2,5,0.5
128,11.8,281,9,53.4,6.8,20140509,2.0,0.0,2014-05-09,14.6,0.0,2014,23.8,5,0.0
129,12.2,281,10,55.5,4.5,20140510,2.1,0.0,2014-05-10,14.3,0.0,2014,23.1,5,0.0
130,7.5,281,11,58.8,5.5,20140511,2.4,0.0,2014-05-11,16.4,0.0,2014,24.4,5,0.1
131,8.2,281,12,61.0,13.3,20140512,2.7,0.0,2014-05-12,19.3,0.0,2014,24.3,5,22.0
132,11.6,281,13,46.9,9.9,20140513,2.1,0.0,2014-05-13,21.1,0.0,2014,30.3,5,0.0
133,1.4,281,14,69.6,12.2,20140514,1.0,0.0,2014-05-14,17.3,0.0,2014,22.7,5,0.0
134,7.7,281,15,42.9,11.9,20140515,3.2,0.0,2014-05-15,19.8,0.0,2014,26.3,5,0.0
135,12.2,281,16,30.8,13.9,20140516,2.8,0.0,2014-05-16,20.7,0.0,2014,27.8,5,0.0
136,10.7,281,17,53.5,10.3,20140517,1.5,0.0,2014-05-17,19.1,0.0,2014,28.5,5,0.0
137,10.9,281,18,66.4,10.3,20140518,1.7,0.0,2014-05-18,18.6,0.0,2014,27.0,5,0.0
138,9.9,281,19,53.9,10.3,20140519,1.1,0.0,2014-05-19,20.2,0.0,2014,29.7,5,0.0
139,0.6,281,20,69.6,14.2,20140520,1.4,0.0,2014-05-20,17.9,0.0,2014,22.2,5,0.0
140,9.2,281,21,63.3,10.8,20140521,2.0,0.0,2014-05-21,18.3,0.0,2014,27.4,5,0.0
141,11.6,281,22,65.3,10.0,20140522,2.3,0.0,2014-05-22,18.1,0.0,2014,29.4,5,0.0
142,4.7,281,23,72.0,11.9,20140523,1.3,0.0,2014-05-23,18.0,0.0,2014,24.7,5,0.0
143,7.4,281,24,58.0,13.5,20140524,1.7,0.0,2014-05-24,22.9,0.0,2014,31.7,5,0.0
144,3.8,281,25,60.9,18.1,20140525,2.1,0.0,2014-05-25,21.5,0.0,2014,27.0,5,3.5
145,6.0,281,26,57.5,13.3,20140526,2.5,0.0,2014-05-26,21.0,0.0,2014,27.5,5,2.0
146,11.4,281,27,42.9,8.9,20140527,2.0,0.0,2014-05-27,22.0,0.0,2014,31.5,5,0.0
147,5.6,281,28,68.0,14.5,20140528,1.6,0.0,2014-05-28,20.4,0.0,2014,29.8,5,17.0
148,10.8,281,29,59.8,13.1,20140529,1.0,0.0,2014-05-29,23.1,0.0,2014,33.6,5,0.0
149,12.5,281,30,51.4,14.5,20140530,1.1,0.0,2014-05-30,24.8,0.0,2014,35.0,5,0.0
150,12.3,281,31,50.1,15.0,20140531,1.1,0.0,2014-05-31,25.8,0.0,2014,35.7,5,0.0
151,4.8,281,1,56.3,16.6,20140601,1.3,0.0,2014-06-01,24.8,0.0,2014,31.8,6,0.0
152,0.5,281,2,67.1,16.9,20140602,1.5,0.0,2014-06-02,21.2,0.0,2014,25.3,6,7.0
153,0.0,281,3,88.1,17.0,20140603,2.7,0.0,2014-06-03,18.4,0.0,2014,21.2,6,6.5
154,0.1,281,4,76.9,17.4,20140604,2.1,0.0,2014-06-04,19.7,0.0,2014,23.5,6,0.0
155,0.0,281,5,78.4,17.7,20140605,1.9,0.0,2014-06-05,19.1,0.0,2014,20.9,6,0.5
156,6.0,281,6,67.4,14.9,20140606,1.5,0.0,2014-06-06,19.6,0.0,2014,24.9,6,0.0
157,8.3,281,7,74.3,12.2,20140607,2.1,0.0,2014-06-07,18.3,0.0,2014,25.2,6,0.0
158,1.5,281,8,75.3,17.1,20140608,1.8,0.0,2014-06-08,19.1,0.0,2014,23.3,6,0.0
159,0.0,281,9,79.6,17.4,20140609,2.4,0.0,2014-06-09,19.0,0.0,2014,21.6,6,2.5
160,0.1,281,10,84.4,16.7,20140610,1.8,0.0,2014-06-10,18.9,0.0,2014,21.7,6,11.0
161,1.9,281,11,77.9,16.7,20140611,1.8,0.0,2014-06-11,19.0,0.0,2014,23.0,6,1.5
162,0.2,281,12,89.3,15.1,20140612,0.9,0.0,2014-06-12,16.8,0.0,2014,19.8,6,8.5
163,3.0,281,13,76.0,15.6,20140613,1.3,0.0,2014-06-13,20.3,0.0,2014,26.1,6,0.0
164,10.1,281,14,62.6,16.1,20140614,1.4,0.0,2014-06-14,22.9,0.0,2014,30.6,6,0.0
165,10.7,281,15,57.5,14.9,20140615,1.9,0.0,2014-06-15,23.0,0.0,2014,30.4,6,0.0
166,6.1,281,16,58.6,15.0,20140616,1.3,0.0,2014-06-16,23.8,0.0,2014,30.9,6,0.0
167,1.6,281,17,71.8,19.2,20140617,2.1,0.0,2014-06-17,21.8,0.0,2014,25.6,6,0.0
168,9.0,281,18,68.1,16.9,20140618,2.1,0.0,2014-06-18,21.5,0.0,2014,27.2,6,0.0
169,7.5,281,19,59.8,15.5,20140619,1.4,0.0,2014-06-19,23.7,0.0,2014,31.8,6,0.0
170,0.5,281,20,74.8,18.0,20140620,2.7,0.0,2014-06-20,20.8,0.0,2014,24.0,6,0.0
171,0.0,281,21,77.0,18.3,20140621,1.9,0.0,2014-06-21,19.9,0.0,2014,21.4,6,0.0
172,1.6,281,22,74.5,17.6,20140622,1.7,0.0,2014-06-22,19.8,0.0,2014,23.5,6,0.0
173,0.8,281,23,81.3,15.7,20140623,1.2,0.0,2014-06-23,20.4,0.0,2014,26.9,6,4.0
174,5.4,281,24,73.3,16.4,20140624,1.6,0.0,2014-06-24,21.6,0.0,2014,28.0,6,0.5
175,7.1,281,25,69.4,17.6,20140625,1.4,0.0,2014-06-25,23.8,0.0,2014,30.8,6,0.0
176,8.9,281,26,65.3,18.4,20140626,1.3,0.0,2014-06-26,24.7,0.0,2014,31.7,6,0.0
177,10.1,281,27,65.6,17.2,20140627,1.8,0.0,2014-06-27,24.1,0.0,2014,30.9,6,0.0
178,8.3,281,28,55.3,18.3,20140628,2.4,0.0,2014-06-28,25.3,0.0,2014,32.3,6,0.0
179,5.7,281,29,61.5,18.3,20140629,2.1,0.0,2014-06-29,23.5,0.0,2014,28.4,6,0.0
180,3.7,281,30,75.1,19.6,20140630,1.3,0.0,2014-06-30,23.5,0.0,2014,29.9,6,2.0
181,7.3,281,1,71.3,19.1,20140701,1.5,0.0,2014-07-01,25.1,0.0,2014,32.1,7,0.5
182,0.0,281,2,79.0,20.9,20140702,2.0,0.0,2014-07-02,23.5,0.0,2014,28.2,7,2.0
183,0.0,281,3,87.9,19.4,20140703,2.0,0.0,2014-07-03,21.3,0.0,2014,24.2,7,44.0
184,2.3,281,4,79.4,20.3,20140704,1.3,0.0,2014-07-04,22.6,0.0,2014,26.9,7,0.1
185,0.6,281,5,78.1,18.3,20140705,1.6,0.0,2014-07-05,21.9,0.0,2014,26.1,7,0.0
186,0.0,281,6,90.1,18.6,20140706,1.3,0.0,2014-07-06,20.4,0.0,2014,23.7,7,5.5
187,0.0,281,7,85.1,19.1,20140707,1.5,0.0,2014-07-07,22.1,0.0,2014,25.6,7,0.0
188,0.4,281,8,87.3,20.0,20140708,0.8,0.0,2014-07-08,24.0,0.0,2014,28.6,7,0.5
189,1.3,281,9,82.4,21.9,20140709,2.0,0.0,2014-07-09,25.8,0.0,2014,30.5,7,1.5
190,3.2,281,10,78.8,22.2,20140710,1.5,0.0,2014-07-10,25.9,0.0,2014,29.9,7,0.5
191,8.9,281,11,52.9,21.1,20140711,2.2,0.0,2014-07-11,27.0,0.0,2014,33.3,7,0.0
192,2.6,281,12,59.3,19.1,20140712,1.2,0.0,2014-07-12,25.5,0.0,2014,31.3,7,0.0
193,4.5,281,13,70.9,20.9,20140713,1.4,0.0,2014-07-13,24.5,0.0,2014,29.0,7,2.0
194,11.5,281,14,56.9,21.3,20140714,2.1,0.0,2014-07-14,27.0,0.0,2014,33.6,7,0.0
195,0.0,281,15,76.5,20.7,20140715,0.8,0.0,2014-07-15,24.4,0.0,2014,27.8,7,1.0
196,5.9,281,16,64.4,21.7,20140716,1.6,0.0,2014-07-16,26.5,0.0,2014,32.0,7,2.5
197,1.1,281,17,83.0,20.8,20140717,1.5,0.0,2014-07-17,24.0,0.0,2014,28.0,7,7.0
198,2.0,281,18,86.5,21.8,20140718,1.7,0.0,2014-07-18,23.8,0.0,2014,27.3,7,22.5
199,5.5,281,19,75.0,20.2,20140719,1.3,0.0,2014-07-19,26.3,0.0,2014,32.6,7,0.0
200,9.9,281,20,73.5,22.0,20140720,1.6,0.0,2014-07-20,26.4,0.0,2014,31.0,7,0.0
201,11.4,281,21,66.1,20.4,20140721,1.5,0.0,2014-07-21,28.0,0.0,2014,34.4,7,0.0
202,6.6,281,22,63.8,24.2,20140722,2.4,0.0,2014-07-22,28.2,0.0,2014,33.0,7,0.0
203,2.5,281,23,73.4,24.9,20140723,2.0,0.0,2014-07-23,27.1,0.0,2014,31.7,7,0.3
204,9.0,281,24,75.4,23.0,20140724,1.7,0.0,2014-07-24,28.1,0.0,2014,36.0,7,5.5
205,7.6,281,25,65.3,24.8,20140725,2.0,0.0,2014-07-25,29.9,0.0,2014,34.7,7,0.0
206,4.4,281,26,57.0,22.4,20140726,3.7,0.0,2014-07-26,28.4,0.0,2014,32.6,7,0.0
207,11.0,281,27,65.8,18.2,20140727,2.0,0.0,2014-07-27,23.3,0.0,2014,29.8,7,0.0
208,8.8,281,28,66.8,16.4,20140728,1.9,0.0,2014-07-28,23.1,0.0,2014,29.1,7,0.0
209,4.3,281,29,71.0,20.5,20140729,1.4,0.0,2014-07-29,25.4,0.0,2014,32.2,7,0.0
210,10.4,281,30,64.5,21.0,20140730,1.2,0.0,2014-07-30,28.8,0.0,2014,36.1,7,0.0
211,7.0,281,31,76.0,22.6,20140731,1.3,0.0,2014-07-31,26.7,0.0,2014,37.7,7,9.0
212,2.4,281,1,80.6,21.9,20140801,2.1,0.0,2014-08-01,26.5,0.0,2014,31.9,8,1.0
213,1.1,281,2,82.1,23.5,20140802,2.8,0.0,2014-08-02,26.3,0.0,2014,30.2,8,14.5
214,0.0,281,3,87.8,24.0,20140803,2.6,0.0,2014-08-03,25.6,0.0,2014,27.2,8,47.5
215,0.0,281,4,89.0,24.1,20140804,1.0,0.0,2014-08-04,25.2,0.0,2014,26.9,8,4.0
216,4.7,281,5,79.4,24.4,20140805,1.7,0.0,2014-08-05,27.4,0.0,2014,33.3,8,0.0
217,4.9,281,6,74.6,23.3,20140806,1.3,0.0,2014-08-06,27.9,0.0,2014,32.6,8,0.0
218,0.0,281,7,92.1,20.5,20140807,1.2,0.0,2014-08-07,22.5,0.0,2014,25.9,8,33.0
219,0.0,281,8,82.4,19.2,20140808,2.4,0.0,2014-08-08,22.1,0.0,2014,24.8,8,19.5
220,1.8,281,9,73.1,21.8,20140809,2.8,0.0,2014-08-09,24.0,0.0,2014,26.2,8,0.0
221,0.2,281,10,89.8,20.4,20140810,1.3,0.0,2014-08-10,22.6,0.0,2014,27.3,8,12.0
222,7.2,281,11,75.9,19.8,20140811,1.5,0.0,2014-08-11,23.5,0.0,2014,29.2,8,0.5
223,11.3,281,12,68.4,19.2,20140812,1.6,0.0,2014-08-12,25.0,0.0,2014,31.7,8,0.0
224,0.0,281,13,85.6,19.8,20140813,0.8,0.0,2014-08-13,22.8,0.0,2014,27.3,8,3.5
225,0.0,281,14,94.8,18.7,20140814,0.9,0.0,2014-08-14,20.3,0.0,2014,21.2,8,51.0
226,1.4,281,15,88.4,20.6,20140815,1.3,0.0,2014-08-15,22.5,0.0,2014,25.5,8,1.0
227,1.8,281,16,81.0,19.8,20140816,1.2,0.0,2014-08-16,23.1,0.0,2014,27.5,8,0.0
228,1.3,281,17,81.9,19.5,20140817,1.8,0.0,2014-08-17,22.1,0.0,2014,27.5,8,22.5
229,0.0,281,18,96.5,19.2,20140818,1.2,0.0,2014-08-18,20.6,0.0,2014,21.6,8,128.0
230,0.4,281,19,91.8,21.1,20140819,1.3,0.0,2014-08-19,23.1,0.0,2014,28.0,8,9.5
231,0.0,281,20,95.3,21.6,20140820,1.3,0.0,2014-08-20,22.7,0.0,2014,23.9,8,25.0
232,5.1,281,21,75.3,22.2,20140821,2.1,0.0,2014-08-21,25.8,0.0,2014,30.5,8,65.5
233,9.7,281,22,70.0,20.0,20140822,1.9,0.0,2014-08-22,24.8,0.0,2014,30.5,8,0.0
234,8.6,281,23,72.6,19.7,20140823,1.2,0.0,2014-08-23,24.6,0.0,2014,31.2,8,0.0
235,0.5,281,24,78.6,20.1,20140824,0.9,0.0,2014-08-24,24.5,0.0,2014,29.9,8,1.5
236,0.0,281,25,95.5,21.2,20140825,1.2,0.0,2014-08-25,22.1,0.0,2014,23.3,8,41.0
237,4.4,281,26,77.5,21.4,20140826,1.6,0.0,2014-08-26,24.8,0.0,2014,31.0,8,0.0
238,0.4,281,27,77.9,17.5,20140827,1.4,0.0,2014-08-27,21.2,0.0,2014,23.7,8,0.0
239,4.6,281,28,76.5,17.3,20140828,1.3,0.0,2014-08-28,20.9,0.0,2014,26.2,8,0.0
240,4.8,281,29,79.8,16.1,20140829,1.5,0.0,2014-08-29,20.1,0.0,2014,25.6,8,0.0
241,7.3,281,30,75.4,15.2,20140830,1.4,0.0,2014-08-30,19.8,0.0,2014,25.3,8,0.0
242,5.8,281,31,76.9,13.1,20140831,1.1,0.0,2014-08-31,19.6,0.0,2014,26.2,8,0.0
243,8.4,281,1,76.5,15.1,20140901,1.6,0.0,2014-09-01,20.5,0.0,2014,26.5,9,0.0
244,0.9,281,2,81.3,15.9,20140902,1.7,0.0,2014-09-02,20.6,0.0,2014,25.4,9,6.0
245,0.0,281,3,92.9,19.1,20140903,0.9,0.0,2014-09-03,22.5,0.0,2014,26.1,9,17.5
246,8.1,281,4,73.9,17.6,20140904,2.1,0.0,2014-09-04,22.8,0.0,2014,28.5,9,0.0
247,10.6,281,5,71.5,16.8,20140905,1.3,0.0,2014-09-05,23.1,0.0,2014,31.4,9,0.0
248,4.6,281,6,79.4,16.6,20140906,0.9,0.0,2014-09-06,21.1,0.0,2014,28.1,9,0.0
249,7.0,281,7,81.6,15.4,20140907,1.3,0.0,2014-09-07,21.6,0.0,2014,28.7,9,0.0
250,9.1,281,8,78.0,17.6,20140908,0.9,0.0,2014-09-08,23.0,0.0,2014,30.4,9,0.0
251,4.7,281,9,75.3,16.5,20140909,1.0,0.0,2014-09-09,22.3,0.0,2014,28.9,9,0.0
252,6.6,281,10,77.0,17.2,20140910,1.2,0.0,2014-09-10,21.9,0.0,2014,28.3,9,0.0
253,10.0,281,11,74.0,15.7,20140911,1.5,0.0,2014-09-11,21.1,0.0,2014,27.3,9,0.0
254,1.7,281,12,77.8,15.8,20140912,1.1,0.0,2014-09-12,20.3,0.0,2014,25.4,9,0.0
255,8.5,281,13,74.1,14.4,20140913,1.7,0.0,2014-09-13,19.6,0.0,2014,25.8,9,0.0
256,7.6,281,14,74.6,13.5,20140914,1.3,0.0,2014-09-14,19.7,0.0,2014,26.6,9,0.0
257,4.2,281,15,72.9,16.6,20140915,1.1,0.0,2014-09-15,21.5,0.0,2014,28.9,9,0.0
258,8.5,281,16,72.9,15.3,20140916,1.4,0.0,2014-09-16,21.2,0.0,2014,27.7,9,0.0
259,0.0,281,17,85.1,17.5,20140917,1.0,0.0,2014-09-17,19.4,0.0,2014,22.0,9,9.0
260,5.3,281,18,72.6,14.5,20140918,1.4,0.0,2014-09-18,19.0,0.0,2014,24.0,9,0.0
261,3.1,281,19,81.5,10.8,20140919,0.7,0.0,2014-09-19,15.8,0.0,2014,23.7,9,0.0
262,8.3,281,20,73.1,9.5,20140920,1.2,0.0,2014-09-20,17.2,0.0,2014,26.5,9,0.0
263,10.6,281,21,71.9,10.2,20140921,1.0,0.0,2014-09-21,17.9,0.0,2014,26.8,9,0.0
264,9.4,281,22,76.1,11.3,20140922,1.4,0.0,2014-09-22,18.5,0.0,2014,27.0,9,0.0
265,6.2,281,23,76.0,11.9,20140923,1.6,0.0,2014-09-23,19.5,0.0,2014,26.2,9,4.0
266,0.0,281,24,95.9,17.5,20140924,1.0,0.0,2014-09-24,18.9,0.0,2014,21.4,9,84.5
267,4.4,281,25,78.8,16.1,20140925,1.3,0.0,2014-09-25,20.0,0.0,2014,26.3,9,0.0
268,6.0,281,26,75.3,13.0,20140926,1.5,0.0,2014-09-26,18.1,0.0,2014,23.9,9,0.0
269,7.9,281,27,77.3,10.8,20140927,1.1,0.0,2014-09-27,18.2,0.0,2014,27.0,9,0.0
270,7.4,281,28,79.0,13.3,20140928,1.2,0.0,2014-09-28,19.5,0.0,2014,27.3,9,0.0
271,0.0,281,29,89.8,17.5,20140929,0.8,0.0,2014-09-29,20.0,0.0,2014,23.2,9,1.5
272,0.5,281,30,80.9,15.8,20140930,2.1,0.0,2014-09-30,17.8,0.0,2014,20.2,9,0.0
273,2.1,281,1,78.6,13.3,20141001,1.3,0.0,2014-10-01,17.2,0.0,2014,22.5,10,0.0
274,5.9,281,2,78.4,10.9,20141002,0.9,0.0,2014-10-02,17.4,0.0,2014,24.6,10,0.0
275,9.8,281,3,67.1,11.8,20141003,2.1,0.0,2014-10-03,17.5,0.0,2014,23.5,10,0.0
276,5.4,281,4,63.5,12.4,20141004,2.9,0.0,2014-10-04,16.6,0.0,2014,20.3,10,0.0
277,6.2,281,5,59.0,9.9,20141005,2.8,0.0,2014-10-05,16.2,0.0,2014,21.3,10,0.0
278,6.7,281,6,62.0,9.3,20141006,1.6,0.0,2014-10-06,15.4,0.0,2014,22.4,10,0.0
279,10.6,281,7,70.5,6.3,20141007,0.9,0.0,2014-10-07,13.8,0.0,2014,23.0,10,0.0
280,9.8,281,8,71.1,7.0,20141008,1.1,0.0,2014-10-08,14.1,0.0,2014,23.1,10,0.0
281,9.6,281,9,74.9,7.6,20141009,0.9,0.0,2014-10-09,14.7,0.0,2014,23.6,10,0.0
282,8.6,281,10,72.4,8.0,20141010,2.5,0.0,2014-10-10,16.6,0.0,2014,24.2,10,0.0
283,8.7,281,11,60.3,13.3,20141011,3.9,0.0,2014-10-11,18.8,0.0,2014,22.3,10,0.0
284,0.0,281,12,75.6,12.5,20141012,2.3,0.0,2014-10-12,17.6,0.0,2014,20.6,10,0.4
285,0.0,281,13,78.6,12.7,20141013,2.7,0.0,2014-10-13,16.5,0.0,2014,18.7,10,29.0
286,9.7,281,14,71.4,6.3,20141014,1.2,0.0,2014-10-14,11.7,0.0,2014,19.5,10,0.0
287,9.3,281,15,75.1,5.1,20141015,1.0,0.0,2014-10-15,12.5,0.0,2014,21.1,10,0.0
288,7.0,281,16,53.8,6.6,20141016,2.4,0.0,2014-10-16,13.3,0.0,2014,20.5,10,0.0
289,10.3,281,17,62.9,1.9,20141017,1.0,0.0,2014-10-17,10.5,0.0,2014,21.2,10,0.0
290,10.3,281,18,67.5,2.2,20141018,0.7,0.0,2014-10-18,11.1,0.0,2014,22.8,10,0.0
291,7.9,281,19,71.5,3.5,20141019,0.7,0.0,2014-10-19,13.1,0.0,2014,23.2,10,0.0
292,0.0,281,20,95.5,13.1,20141020,0.4,0.0,2014-10-20,16.7,0.0,2014,19.4,10,11.0
293,0.0,281,21,90.5,14.2,20141021,2.1,0.0,2014-10-21,16.5,0.0,2014,18.4,10,32.0
294,0.0,281,22,85.0,11.6,20141022,1.4,0.0,2014-10-22,13.2,0.0,2014,14.5,10,15.5
295,6.5,281,23,78.8,6.8,20141023,0.9,0.0,2014-10-23,11.5,0.0,2014,18.7,10,0.0
296,6.8,281,24,79.5,5.6,20141024,0.9,0.0,2014-10-24,12.0,0.0,2014,22.6,10,0.0
297,8.2,281,25,76.4,4.7,20141025,0.9,0.0,2014-10-25,12.1,0.0,2014,24.0,10,0.0
298,9.6,281,26,66.0,5.1,20141026,1.4,0.0,2014-10-26,14.8,0.0,2014,24.4,10,0.0
299,7.2,281,27,70.6,7.3,20141027,1.2,0.0,2014-10-27,13.4,0.0,2014,20.0,10,0.0
300,7.0,281,28,71.3,3.8,20141028,0.7,0.0,2014-10-28,9.8,0.0,2014,20.3,10,0.0
301,6.4,281,29,77.6,3.2,20141029,0.7,0.0,2014-10-29,10.0,0.0,2014,20.6,10,0.0
302,5.2,281,30,78.4,3.7,20141030,0.5,0.0,2014-10-30,11.9,0.0,2014,20.3,10,0.0
303,0.0,281,31,95.4,10.9,20141031,0.9,0.0,2014-10-31,12.5,0.0,2014,13.7,10,19.0
304,0.2,281,1,87.9,13.0,20141101,1.1,0.0,2014-11-01,15.6,0.0,2014,18.9,11,0.0
305,1.0,281,2,62.5,9.1,20141102,3.1,0.0,2014-11-02,12.7,0.0,2014,15.8,11,0.2
306,9.6,281,3,41.8,2.3,20141103,3.6,0.0,2014-11-03,8.3,0.0,2014,14.3,11,0.0
307,9.5,281,4,71.3,-0.3,20141104,0.8,0.0,2014-11-04,7.5,0.0,2014,18.4,11,0.0
308,9.0,281,5,72.1,-0.3,20141105,0.8,0.0,2014-11-05,8.3,0.0,2014,19.6,11,0.0
309,6.1,281,6,72.3,4.7,20141106,1.2,0.0,2014-11-06,10.8,0.0,2014,19.9,11,0.0
310,0.8,281,7,85.6,3.2,20141107,0.7,0.0,2014-11-07,9.6,0.0,2014,14.9,11,0.0
311,0.3,281,8,83.3,7.9,20141108,0.6,0.0,2014-11-08,12.7,0.0,2014,17.8,11,0.1
312,8.0,281,9,61.6,2.5,20141109,2.0,0.0,2014-11-09,11.2,0.0,2014,18.3,11,0.0
313,7.9,281,10,71.4,0.1,20141110,0.8,0.0,2014-11-10,8.0,0.0,2014,18.6,11,0.0
314,5.6,281,11,70.3,1.5,20141111,0.8,0.0,2014-11-11,7.3,0.0,2014,16.9,11,0.0
315,3.7,281,12,55.4,2.5,20141112,3.6,0.0,2014-11-12,8.3,0.0,2014,15.0,11,0.2
316,7.9,281,13,40.0,-0.3,20141113,4.4,0.0,2014-11-13,3.1,0.0,2014,7.2,11,0.0
317,6.6,281,14,50.8,-4.5,20141114,2.2,0.0,2014-11-14,4.0,0.0,2014,11.6,11,0.0
318,7.9,281,15,49.3,1.2,20141115,2.5,0.0,2014-11-15,6.5,0.0,2014,13.6,11,0.0
319,3.7,281,16,52.4,0.8,20141116,0.9,0.0,2014-11-16,6.8,0.0,2014,15.2,11,0.0
320,7.2,281,17,57.6,-0.9,20141117,2.2,0.0,2014-11-17,6.1,0.0,2014,13.6,11,0.0
321,7.8,281,18,54.5,-1.7,20141118,2.0,0.0,2014-11-18,5.1,0.0,2014,12.5,11,0.0
322,7.8,281,19,61.9,-5.0,20141119,0.8,0.0,2014-11-19,2.7,0.0,2014,13.5,11,0.0
323,7.8,281,20,64.4,-3.8,20141120,0.7,0.0,2014-11-20,3.8,0.0,2014,14.4,11,0.0
324,6.3,281,21,67.1,-3.0,20141121,0.5,0.0,2014-11-21,4.6,0.0,2014,15.5,11,0.0
325,6.9,281,22,71.6,-1.4,20141122,1.1,0.0,2014-11-22,7.5,0.0,2014,18.6,11,0.0
326,4.4,281,23,73.8,0.2,20141123,0.7,0.0,2014-11-23,8.8,0.0,2014,17.5,11,0.0
327,0.0,281,24,92.9,8.6,20141124,0.5,0.0,2014-11-24,9.7,0.0,2014,11.0,11,27.0
328,0.0,281,25,74.5,8.4,20141125,1.9,0.0,2014-11-25,10.4,0.0,2014,12.0,11,3.5
329,5.7,281,26,76.3,4.1,20141126,0.9,0.0,2014-11-26,8.8,0.0,2014,16.1,11,0.0
330,3.9,281,27,87.4,1.7,20141127,0.6,0.0,2014-11-27,6.5,0.0,2014,16.4,11,0.0
331,0.0,281,28,95.5,1.1,20141128,0.7,0.0,2014-11-28,7.1,0.0,2014,10.4,11,0.5
332,7.4,281,29,70.5,7.1,20141129,1.7,0.0,2014-11-29,11.9,0.0,2014,16.9,11,0.0
333,0.0,281,30,94.9,4.7,20141130,1.0,0.0,2014-11-30,9.7,0.0,2014,12.4,11,11.0
334,2.3,281,1,58.1,-2.5,20141201,5.4,0.0,2014-12-01,3.6,0.0,2014,11.5,12,0.5
335,7.6,281,2,36.5,-4.5,20141202,5.4,0.0,2014-12-02,-2.5,0.0,2014,0.5,12,0.0
336,3.1,281,3,61.6,-6.4,20141203,2.4,0.0,2014-12-03,0.8,0.0,2014,5.3,12,0.0
337,3.0,281,4,58.5,-2.6,20141204,3.1,0.0,2014-12-04,0.4,0.0,2014,4.3,12,0.0
338,7.7,281,5,44.3,-5.1,20141205,4.2,0.0,2014-12-05,-2.2,0.0,2014,1.8,12,0.0
339,7.6,281,6,46.3,-4.7,20141206,4.0,0.0,2014-12-06,-1.5,0.0,2014,3.1,12,0.0
340,2.0,281,7,55.6,-6.0,20141207,1.6,0.0,2014-12-07,-1.6,0.0,2014,3.9,12,0.0
341,6.0,281,8,70.5,-7.1,20141208,2.1,0.0,2014-12-08,-0.3,0.0,2014,5.3,12,1.0
342,7.6,281,9,47.4,-4.4,20141209,1.5,0.0,2014-12-09,-0.3,0.0,2014,6.9,12,0.0
343,3.1,281,10,55.6,-2.1,20141210,1.3,0.0,2014-12-10,4.8,0.0,2014,11.3,12,0.1
344,3.7,281,11,50.5,-0.5,20141211,3.8,0.0,2014-12-11,3.8,0.0,2014,7.6,12,0.0
345,5.9,281,12,47.3,-2.1,20141212,3.5,0.0,2014-12-12,0.6,0.0,2014,4.6,12,0.0
346,7.3,281,13,43.1,-3.4,20141213,4.2,0.0,2014-12-13,-1.5,0.0,2014,1.6,12,0.0
347,7.5,281,14,47.3,-6.5,20141214,2.2,0.0,2014-12-14,-1.7,0.0,2014,3.7,12,0.0
348,0.2,281,15,61.6,-5.0,20141215,0.6,0.0,2014-12-15,0.4,0.0,2014,5.9,12,0.0
349,5.1,281,16,55.0,-5.9,20141216,4.6,0.0,2014-12-16,-0.7,0.0,2014,3.1,12,4.0
350,7.5,281,17,34.8,-8.2,20141217,6.4,0.0,2014-12-17,-5.7,0.0,2014,-2.7,12,0.0
351,7.6,281,18,33.4,-10.3,20141218,3.0,0.0,2014-12-18,-5.0,0.0,2014,1.3,12,0.0
352,5.1,281,19,57.6,-12.2,20141219,0.6,0.0,2014-12-19,-2.7,0.0,2014,5.6,12,0.5
353,4.3,281,20,61.5,-2.4,20141220,3.0,0.0,2014-12-20,0.8,0.0,2014,5.4,12,0.4
354,6.4,281,21,38.8,-4.6,20141221,3.1,0.0,2014-12-21,-2.1,0.0,2014,1.9,12,0.0
355,4.5,281,22,51.9,-7.6,20141222,3.2,0.0,2014-12-22,-1.2,0.0,2014,3.7,12,0.0
356,5.0,281,23,56.0,-4.4,20141223,1.2,0.0,2014-12-23,-0.3,0.0,2014,6.2,12,0.0
357,3.9,281,24,64.0,-4.8,20141224,2.0,0.0,2014-12-24,2.4,0.0,2014,10.7,12,0.2
358,7.1,281,25,37.8,-3.1,20141225,3.5,0.0,2014-12-25,0.3,0.0,2014,5.6,12,0.0
359,7.5,281,26,45.1,-7.6,20141226,1.6,0.0,2014-12-26,-2.3,0.0,2014,5.5,12,0.0
360,7.2,281,27,63.1,-9.2,20141227,0.5,0.0,2014-12-27,-1.9,0.0,2014,8.7,12,0.0
361,3.6,281,28,61.8,-8.7,20141228,1.2,0.0,2014-12-28,-1.1,0.0,2014,4.9,12,0.0
362,6.7,281,29,71.9,-6.1,20141229,1.3,0.0,2014-12-29,0.2,0.0,2014,8.4,12,0.0
363,7.0,281,30,58.4,-6.5,20141230,1.9,0.0,2014-12-30,1.1,0.0,2014,10.5,12,0.0
364,0.8,281,31,62.6,-6.2,20141231,2.5,0.0,2014-12-31,-1.1,0.0,2014,3.8,12,0.1
