,Date,rainfall,tmin,station_id,humid,snow,sunshine,date,cloud,month,day,tavg,wind,tmax,year
0,2013-01-01,0.0,-13.8,281,78.1,0.0,1.5,20130101,0.0,1,1,-5.4,0.9,4.0,2013
1,2013-01-02,0.0,-9.5,281,48.8,0.0,7.2,20130102,0.0,1,2,-5.3,4.4,-0.5,2013
2,2013-01-03,0.0,-12.1,281,41.8,0.0,7.5,20130103,0.0,1,3,-9.1,4.4,-5.9,2013
3,2013-01-04,0.0,-14.4,281,49.3,0.0,7.6,20130104,0.0,1,4,-8.7,1.7,-1.7,2013
4,2013-01-05,0.0,-15.7,281,56.9,0.0,7.3,20130105,0.0,1,5,-6.2,2.2,0.8,2013
5,2013-01-06,0.0,-7.9,281,49.4,0.0,6.4,20130106,0.0,1,6,-2.9,1.8,2.5,2013
6,2013-01-07,0.0,-10.8,281,43.0,0.0,7.6,20130107,0.0,1,7,-3.2,2.1,3.5,2013
7,2013-01-08,0.0,-11.5,281,51.4,0.0,7.4,20130108,0.0,1,8,-3.4,1.9,3.7,2013
8,2013-01-09,0.0,-8.1,281,37.8,0.0,7.1,20130109,0.0,1,9,-4.5,3.7,-0.7,2013
9,2013-01-10,0.0,-13.0,281,35.0,0.0,7.7,20130110,0.0,1,10,-6.1,2.8,-0.4,2013
10,2013-01-11,0.0,-14.9,281,56.3,0.0,7.7,20130111,0.0,1,11,-5.5,1.0,2.6,2013
11,2013-01-12,0.0,-9.4,281,62.9,0.0,7.7,20130112,0.0,1,12,-0.3,1.5,8.4,2013
12,2013-01-13,0.0,-5.7,281,74.0,0.0,0.0,20130113,0.0,1,13,-0.8,0.5,3.6,2013
13,2013-01-14,0.0,-6.2,281,63.4,0.0,7.2,20130114,0.0,1,14,0.1,2.2,6.9,2013
14,2013-01-15,0.0,-8.4,281,70.6,0.0,7.0,20130115,0.0,1,15,-1.9,0.4,7.2,2013
15,2013-01-16,0.0,-6.8,281,67.9,0.0,4.6,20130116,0.0,1,16,-0.3,2.0,5.1,2013
16,2013-01-17,0.0,-5.0,281,55.8,0.0,3.4,20130117,0.0,1,17,-1.8,3.2,2.5,2013
17,2013-01-18,0.0,-8.8,281,46.8,0.0,7.6,20130118,0.0,1,18,-2.3,2.4,4.2,2013
18,2013-01-19,0.0,-5.5,281,57.4,0.0,5.1,20130119,0.0,1,19,-0.1,2.2,6.6,2013
19,2013-01-20,0.0,-6.0,281,69.4,0.0,2.5,20130120,0.0,1,20,1.0,1.0,8.1,2013
20,2013-01-21,16.0,0.9,281,89.9,0.0,0.0,20130121,0.0,1,21,4.0,1.1,5.7,2013
21,2013-01-22,2.5,2.5,281,82.5,0.0,0.1,20130122,0.0,1,22,4.0,0.9,6.8,2013
22,2013-01-23,1.5,1.1,281,87.0,0.0,0.0,20130123,0.0,1,23,2.6,0.9,4.6,2013
23,2013-01-24,0.0,-1.9,281,60.1,0.0,3.4,20130124,0.0,1,24,1.8,3.5,5.7,2013
24,2013-01-25,0.0,-6.6,281,27.0,0.0,7.9,20130125,0.0,1,25,-3.9,5.2,0.1,2013
25,2013-01-26,0.0,-8.1,281,32.9,0.0,8.0,20130126,0.0,1,26,-4.7,4.4,-0.1,2013
26,2013-01-27,0.0,-7.8,281,47.3,0.0,7.4,20130127,0.0,1,27,-4.4,3.8,-0.2,2013
27,2013-01-28,0.0,-6.5,281,48.6,0.0,8.0,20130128,0.0,1,28,-1.4,2.6,5.3,2013
28,2013-01-29,0.0,-7.3,281,67.9,0.0,7.7,20130129,0.0,1,29,0.3,0.9,9.2,2013
29,2013-01-30,0.0,-5.1,281,69.1,0.0,7.2,20130130,0.0,1,30,2.3,0.6,12.0,2013
30,2013-01-31,0.0,-3.3,281,70.4,0.0,6.9,20130131,0.0,1,31,5.3,0.7,13.8,2013
31,2013-02-01,12.5,4.8,281,89.1,0.0,0.0,20130201,0.0,2,1,9.1,1.1,12.5,2013
32,2013-02-02,0.0,-0.4,281,41.0,0.0,7.4,20130202,0.0,2,2,5.1,4.4,10.7,2013
33,2013-02-03,1.5,-4.7,281,44.6,0.0,3.6,20130203,0.0,2,3,0.8,1.3,4.0,2013
34,2013-02-04,4.0,-0.3,281,76.0,0.0,5.4,20130204,0.0,2,4,2.2,2.7,7.2,2013
35,2013-02-05,0.5,-3.7,281,83.5,0.0,0.0,20130205,0.0,2,5,1.3,0.8,6.0,2013
36,2013-02-06,1.0,-0.5,281,70.8,0.0,4.5,20130206,0.0,2,6,2.3,3.4,6.2,2013
37,2013-02-07,0.0,-10.7,281,37.5,0.0,6.9,20130207,0.0,2,7,-5.0,4.8,0.0,2013
38,2013-02-08,0.0,-13.6,281,40.8,0.0,9.4,20130208,0.0,2,8,-7.4,2.9,-1.1,2013
39,2013-02-09,0.0,-7.6,281,37.1,0.0,9.7,20130209,0.0,2,9,-3.4,3.1,1.5,2013
40,2013-02-10,0.0,-6.1,281,50.0,0.0,8.9,20130210,0.0,2,10,-0.8,3.5,5.2,2013
41,2013-02-11,0.0,-7.9,281,42.9,0.0,9.9,20130211,0.0,2,11,-1.6,1.6,4.9,2013
42,2013-02-12,0.5,-4.2,281,70.1,0.0,0.0,20130212,0.0,2,12,-2.0,1.8,1.3,2013
43,2013-02-13,0.0,-8.2,281,53.4,0.0,9.9,20130213,0.0,2,13,-1.1,1.7,6.3,2013
44,2013-02-14,0.0,-3.1,281,44.6,0.0,6.7,20130214,0.0,2,14,2.6,1.0,9.6,2013
45,2013-02-15,0.0,-2.8,281,33.6,0.0,9.0,20130215,0.0,2,15,2.5,3.1,8.0,2013
46,2013-02-16,0.0,-6.0,281,32.6,0.0,10.5,20130216,0.0,2,16,-1.1,2.3,6.0,2013
47,2013-02-17,0.5,-4.5,281,61.6,0.0,0.5,20130217,0.0,2,17,1.3,0.7,6.8,2013
48,2013-02-18,3.0,0.6,281,84.8,0.0,1.1,20130218,0.0,2,18,2.9,0.7,6.6,2013
49,2013-02-19,0.0,-2.7,281,40.8,0.0,3.3,20130219,0.0,2,19,0.9,3.0,6.0,2013
50,2013-02-20,0.0,-5.6,281,28.6,0.0,10.6,20130220,0.0,2,20,-0.6,4.0,5.0,2013
51,2013-02-21,0.0,-3.1,281,33.9,0.0,10.3,20130221,0.0,2,21,1.0,3.2,6.4,2013
52,2013-02-22,0.2,-5.5,281,58.5,0.0,3.5,20130222,0.0,2,22,0.8,2.5,8.2,2013
53,2013-02-23,0.0,-3.8,281,33.9,0.0,10.7,20130223,0.0,2,23,1.0,4.0,6.1,2013
54,2013-02-24,0.0,-1.6,281,37.4,0.0,8.4,20130224,0.0,2,24,2.8,2.7,9.5,2013
55,2013-02-25,0.0,-3.7,281,47.1,0.0,6.9,20130225,0.0,2,25,2.7,1.0,11.3,2013
56,2013-02-26,0.0,-2.6,281,63.4,0.0,0.7,20130226,0.0,2,26,3.5,0.5,10.8,2013
57,2013-02-27,0.0,-1.7,281,48.5,0.0,10.0,20130227,0.0,2,27,6.4,2.0,15.1,2013
58,2013-02-28,0.0,-4.0,281,39.0,0.0,8.7,20130228,0.0,2,28,7.6,1.0,18.6,2013
59,2013-03-01,5.5,-1.3,281,50.3,0.0,5.2,20130301,0.0,3,1,5.6,3.9,10.9,2013
60,2013-03-02,0.0,-4.2,281,46.0,0.0,9.9,20130302,0.0,3,2,0.6,2.1,7.6,2013
61,2013-03-03,0.0,-5.8,281,44.4,0.0,10.3,20130303,0.0,3,3,1.7,2.0,9.3,2013
62,2013-03-04,0.0,-2.6,281,41.9,0.0,8.2,20130304,0.0,3,4,4.6,2.7,10.9,2013
63,2013-03-05,0.0,-5.0,281,38.9,0.0,10.6,20130305,0.0,3,5,5.0,1.6,15.7,2013
64,2013-03-06,0.0,-4.1,281,45.6,0.0,8.3,20130306,0.0,3,6,6.2,1.1,18.4,2013
65,2013-03-07,0.0,1.7,281,54.5,0.0,4.2,20130307,0.0,3,7,10.8,2.3,17.3,2013
66,2013-03-08,0.0,-0.3,281,51.0,0.0,6.1,20130308,0.0,3,8,11.1,2.2,21.4,2013
67,2013-03-09,0.0,0.2,281,43.0,0.0,9.6,20130309,0.0,3,9,14.7,1.8,25.5,2013
68,2013-03-10,0.0,2.9,281,28.4,0.0,10.0,20130310,0.0,3,10,10.5,3.8,18.5,2013
69,2013-03-11,0.0,-4.2,281,54.6,0.0,9.0,20130311,0.0,3,11,4.4,1.4,13.0,2013
70,2013-03-12,0.0,-2.6,281,52.3,0.0,9.1,20130312,0.0,3,12,9.6,1.7,19.2,2013
71,2013-03-13,26.0,3.1,281,86.1,0.0,0.0,20130313,0.0,3,13,7.2,2.1,13.4,2013
72,2013-03-14,0.1,-1.1,281,64.1,0.0,1.7,20130314,0.0,3,14,3.9,1.8,8.3,2013
73,2013-03-15,0.0,-3.5,281,57.0,0.0,10.5,20130315,0.0,3,15,6.2,1.8,16.3,2013
74,2013-03-16,0.0,1.7,281,34.4,0.0,10.0,20130316,0.0,3,16,9.0,2.0,18.5,2013
75,2013-03-17,10.5,-1.6,281,60.0,0.0,7.6,20130317,0.0,3,17,9.5,1.4,19.7,2013
76,2013-03-18,36.5,8.6,281,70.0,0.0,6.4,20130318,0.0,3,18,12.6,2.1,19.0,2013
77,2013-03-19,0.0,6.4,281,46.5,0.0,8.3,20130319,0.0,3,19,13.7,2.1,20.6,2013
78,2013-03-20,0.1,-0.6,281,58.9,0.0,2.4,20130320,0.0,3,20,7.0,3.5,11.6,2013
79,2013-03-21,0.0,-3.3,281,40.4,0.0,11.3,20130321,0.0,3,21,3.2,2.0,11.8,2013
80,2013-03-22,0.0,-2.1,281,47.3,0.0,3.1,20130322,0.0,3,22,6.3,1.9,13.8,2013
81,2013-03-23,0.0,1.4,281,60.5,0.0,7.4,20130323,0.0,3,23,8.0,1.7,15.1,2013
82,2013-03-24,0.0,0.4,281,59.5,0.0,8.2,20130324,0.0,3,24,7.8,2.0,15.7,2013
83,2013-03-25,0.0,0.1,281,58.5,0.0,11.3,20130325,0.0,3,25,5.1,2.2,12.0,2013
84,2013-03-26,0.0,-4.6,281,54.9,0.0,10.4,20130326,0.0,3,26,5.2,1.2,15.0,2013
85,2013-03-27,0.0,-0.3,281,57.8,0.0,10.8,20130327,0.0,3,27,9.6,1.0,19.8,2013
86,2013-03-28,0.0,4.4,281,30.3,0.0,9.7,20130328,0.0,3,28,13.8,2.1,21.4,2013
87,2013-03-29,0.0,2.2,281,43.8,0.0,10.2,20130329,0.0,3,29,9.0,2.4,16.6,2013
88,2013-03-30,0.0,-0.5,281,52.1,0.0,5.4,20130330,0.0,3,30,7.9,1.4,15.3,2013
89,2013-03-31,1.5,1.6,281,64.5,0.0,6.8,20130331,0.0,3,31,7.4,2.1,15.6,2013
90,2013-04-01,0.0,-1.3,281,57.6,0.0,6.6,20130401,0.0,4,1,8.7,1.3,17.7,2013
91,2013-04-02,0.0,2.0,281,63.0,0.0,4.8,20130402,0.0,4,2,9.0,2.2,18.9,2013
92,2013-04-03,0.0,6.1,281,39.1,0.0,10.5,20130403,0.0,4,3,13.2,3.9,21.5,2013
93,2013-04-04,0.0,6.0,281,47.6,0.0,9.7,20130404,0.0,4,4,11.7,2.8,17.3,2013
94,2013-04-05,0.0,1.9,281,64.4,0.0,5.7,20130405,0.0,4,5,11.9,1.7,21.3,2013
95,2013-04-06,36.0,3.7,281,88.5,0.0,0.0,20130406,0.0,4,6,10.0,1.8,12.8,2013
96,2013-04-07,1.5,2.5,281,62.3,0.0,4.5,20130407,0.0,4,7,6.3,3.5,11.0,2013
97,2013-04-08,0.0,1.7,281,38.1,0.0,9.7,20130408,0.0,4,8,10.3,2.4,18.5,2013
98,2013-04-09,0.0,6.0,281,27.1,0.0,10.5,20130409,0.0,4,9,9.9,4.6,16.1,2013
99,2013-04-10,0.0,2.3,281,39.0,0.0,8.4,20130410,0.0,4,10,6.3,4.1,10.9,2013
100,2013-04-11,0.1,-0.1,281,40.8,0.0,8.7,20130411,0.0,4,11,7.1,3.5,14.0,2013
101,2013-04-12,0.0,0.0,281,41.3,0.0,11.2,20130412,0.0,4,12,6.7,3.0,14.2,2013
102,2013-04-13,0.0,-2.0,281,42.1,0.0,11.5,20130413,0.0,4,13,11.4,2.3,20.8,2013
103,2013-04-14,0.0,6.5,281,32.8,0.0,6.7,20130414,0.0,4,14,14.6,4.1,22.1,2013
104,2013-04-15,0.0,1.1,281,36.0,0.0,3.7,20130415,0.0,4,15,8.0,1.3,15.3,2013
105,2013-04-16,0.0,2.8,281,53.6,0.0,7.9,20130416,0.0,4,16,15.5,2.6,26.9,2013
106,2013-04-17,0.0,8.2,281,75.1,0.0,0.0,20130417,0.0,4,17,9.0,3.1,10.8,2013
107,2013-04-18,0.0,7.1,281,62.9,0.0,7.1,20130418,0.0,4,18,12.0,2.4,21.9,2013
108,2013-04-19,0.0,2.5,281,50.9,0.0,8.8,20130419,0.0,4,19,8.0,2.5,12.9,2013
109,2013-04-20,12.5,3.7,281,79.8,0.0,0.0,20130420,0.0,4,20,5.4,1.2,7.0,2013
110,2013-04-21,0.0,3.6,281,60.6,0.0,10.2,20130421,0.0,4,21,8.9,2.4,16.4,2013
111,2013-04-22,0.0,-0.4,281,49.1,0.0,11.4,20130422,0.0,4,22,11.1,1.2,20.4,2013
112,2013-04-23,21.5,8.0,281,81.6,0.0,0.0,20130423,0.0,4,23,10.1,1.0,12.6,2013
113,2013-04-24,1.5,10.9,281,58.6,0.0,7.9,20130424,0.0,4,24,15.4,3.0,21.1,2013
114,2013-04-25,1.0,3.7,281,61.9,0.0,7.1,20130425,0.0,4,25,11.8,2.0,21.7,2013
115,2013-04-26,0.0,6.6,281,45.6,0.0,9.4,20130426,0.0,4,26,12.2,3.7,18.8,2013
116,2013-04-27,0.0,2.4,281,50.9,0.0,7.5,20130427,0.0,4,27,12.2,1.9,21.3,2013
117,2013-04-28,0.0,5.0,281,54.3,0.0,6.8,20130428,0.0,4,28,15.1,1.3,23.9,2013
118,2013-04-29,10.5,9.5,281,69.8,0.0,0.0,20130429,0.0,4,29,14.7,2.4,20.1,2013
119,2013-04-30,0.0,4.9,281,45.5,0.0,9.6,20130430,0.0,4,30,14.3,2.0,23.8,2013
120,2013-05-01,0.0,6.8,281,63.5,0.0,2.4,20130501,0.0,5,1,10.6,2.2,14.0,2013
121,2013-05-02,2.5,5.3,281,73.9,0.0,4.2,20130502,0.0,5,2,11.0,1.4,19.1,2013
122,2013-05-03,0.1,5.5,281,59.6,0.0,5.6,20130503,0.0,5,3,13.6,1.5,21.5,2013
123,2013-05-04,0.0,8.8,281,52.9,0.0,10.5,20130504,0.0,5,4,15.0,2.4,22.5,2013
124,2013-05-05,0.0,5.1,281,41.9,0.0,12.1,20130505,0.0,5,5,17.4,2.7,26.3,2013
125,2013-05-06,0.0,14.2,281,34.9,0.0,12.1,20130506,0.0,5,6,19.2,3.6,28.5,2013
126,2013-05-07,0.0,8.5,281,63.5,0.0,8.9,20130507,0.0,5,7,14.2,2.7,20.1,2013
127,2013-05-08,0.0,5.5,281,56.3,0.0,11.7,20130508,0.0,5,8,17.1,1.2,28.5,2013
128,2013-05-09,0.5,9.3,281,59.3,0.0,4.1,20130509,0.0,5,9,19.3,1.6,27.3,2013
129,2013-05-10,10.0,14.9,281,78.9,0.0,0.3,20130510,0.0,5,10,17.2,1.7,21.8,2013
130,2013-05-11,0.0,13.1,281,49.3,0.0,11.2,20130511,0.0,5,11,19.3,2.3,27.5,2013
131,2013-05-12,0.0,9.5,281,52.4,0.0,12.1,20130512,0.0,5,12,21.2,1.9,30.1,2013
132,2013-05-13,0.0,12.3,281,50.0,0.0,12.0,20130513,0.0,5,13,22.2,1.7,32.8,2013
133,2013-05-14,0.0,9.3,281,58.6,0.0,11.7,20130514,0.0,5,14,18.8,1.6,30.3,2013
134,2013-05-15,0.0,10.8,281,61.6,0.0,9.2,20130515,0.0,5,15,18.1,2.5,28.9,2013
135,2013-05-16,0.0,12.8,281,65.4,0.0,6.6,20130516,0.0,5,16,14.5,3.6,17.7,2013
136,2013-05-17,0.0,11.1,281,62.0,0.0,6.2,20130517,0.0,5,17,15.5,2.6,21.3,2013
137,2013-05-18,0.2,6.9,281,60.3,0.0,5.9,20130518,0.0,5,18,17.9,1.3,26.3,2013
138,2013-05-19,21.5,13.9,281,86.8,0.0,0.0,20130519,0.0,5,19,16.2,1.4,19.7,2013
139,2013-05-20,0.0,14.3,281,63.4,0.0,8.4,20130520,0.0,5,20,19.5,2.3,27.0,2013
140,2013-05-21,0.0,9.1,281,51.9,0.0,12.7,20130521,0.0,5,21,18.8,1.4,29.5,2013
141,2013-05-22,0.0,10.0,281,52.8,0.0,9.8,20130522,0.0,5,22,20.4,1.7,30.5,2013
142,2013-05-23,0.0,12.1,281,57.8,0.0,11.6,20130523,0.0,5,23,20.0,1.9,28.1,2013
143,2013-05-24,0.0,11.9,281,55.4,0.0,12.3,20130524,0.0,5,24,23.1,1.2,34.0,2013
144,2013-05-25,0.0,15.2,281,70.0,0.0,10.2,20130525,0.0,5,25,19.3,2.5,25.2,2013
145,2013-05-26,0.0,13.6,281,61.9,0.0,7.5,20130526,0.0,5,26,22.0,1.3,29.7,2013
146,2013-05-27,13.5,18.2,281,71.6,0.0,0.0,20130527,0.0,5,27,20.5,2.8,24.0,2013
147,2013-05-28,27.0,17.9,281,87.3,0.0,0.0,20130528,0.0,5,28,20.7,1.9,23.7,2013
148,2013-05-29,0.5,18.4,281,74.4,0.0,0.4,20130529,0.0,5,29,20.6,2.3,25.8,2013
149,2013-05-30,0.0,14.8,281,53.5,0.0,10.3,20130530,0.0,5,30,20.8,2.3,28.7,2013
150,2013-05-31,0.0,11.2,281,62.5,0.0,2.9,20130531,0.0,5,31,19.1,0.8,26.7,2013
151,2013-06-01,0.0,14.5,281,68.0,0.0,0.3,20130601,0.0,6,1,19.5,0.9,26.2,2013
152,2013-06-02,0.0,12.5,281,71.4,0.0,12.2,20130602,0.0,6,2,18.4,2.3,24.8,2013
153,2013-06-03,0.0,12.8,281,63.5,0.0,10.9,20130603,0.0,6,3,20.0,1.9,27.5,2013
154,2013-06-04,0.0,13.3,281,57.5,0.0,11.9,20130604,0.0,6,4,22.2,1.1,31.2,2013
155,2013-06-05,0.0,14.5,281,65.8,0.0,10.2,20130605,0.0,6,5,22.1,1.8,30.4,2013
156,2013-06-06,2.0,16.7,281,76.9,0.0,5.1,20130606,0.0,6,6,19.7,2.4,27.5,2013
157,2013-06-07,0.0,17.0,281,73.8,0.0,6.3,20130607,0.0,6,7,19.9,2.0,25.9,2013
158,2013-06-08,0.0,16.8,281,70.4,0.0,4.7,20130608,0.0,6,8,20.5,2.5,25.7,2013
159,2013-06-09,0.0,15.7,281,71.9,0.0,3.6,20130609,0.0,6,9,19.7,2.2,24.3,2013
160,2013-06-10,0.0,13.8,281,69.1,0.0,9.1,20130610,0.0,6,10,19.8,2.5,24.8,2013
161,2013-06-11,1.5,17.0,281,80.0,0.0,0.0,20130611,0.0,6,11,19.6,1.7,22.4,2013
162,2013-06-12,2.5,18.6,281,77.4,0.0,0.7,20130612,0.0,6,12,23.0,1.3,28.3,2013
163,2013-06-13,0.0,19.5,281,76.4,0.0,0.7,20130613,0.0,6,13,22.3,2.1,27.6,2013
164,2013-06-14,4.0,19.9,281,84.8,0.0,0.0,20130614,0.0,6,14,21.3,1.6,23.4,2013
165,2013-06-15,0.0,19.5,281,71.3,0.0,9.2,20130615,0.0,6,15,25.1,1.5,32.6,2013
166,2013-06-16,0.0,19.9,281,57.4,0.0,11.2,20130616,0.0,6,16,27.1,1.7,33.5,2013
167,2013-06-17,0.0,22.4,281,56.3,0.0,10.7,20130617,0.0,6,17,26.1,2.7,31.1,2013
168,2013-06-18,16.5,21.7,281,87.6,0.0,0.0,20130618,0.0,6,18,23.3,1.0,25.8,2013
169,2013-06-19,16.0,20.5,281,76.3,0.0,4.5,20130619,0.0,6,19,24.4,1.5,30.9,2013
170,2013-06-20,0.0,20.4,281,72.4,0.0,5.2,20130620,0.0,6,20,25.5,1.1,31.9,2013
171,2013-06-21,0.5,21.5,281,82.9,0.0,0.0,20130621,0.0,6,21,22.5,1.6,24.5,2013
172,2013-06-22,6.5,20.4,281,79.9,0.0,1.1,20130622,0.0,6,22,22.2,1.6,25.6,2013
173,2013-06-23,3.0,19.6,281,79.6,0.0,0.8,20130623,0.0,6,23,22.3,1.2,26.7,2013
174,2013-06-25,1.5,20.2,281,75.4,0.0,3.4,20130625,0.0,6,25,23.1,2.0,28.3,2013
175,2013-06-26,5.5,19.6,281,76.5,0.0,2.7,20130626,0.0,6,26,22.4,1.4,28.1,2013
176,2013-06-27,2.0,19.2,281,75.9,0.0,3.5,20130627,0.0,6,27,22.5,1.5,27.7,2013
177,2013-06-28,0.0,18.5,281,74.5,0.0,5.4,20130628,0.0,6,28,22.4,1.8,27.5,2013
178,2013-06-29,0.0,16.9,281,71.0,0.0,12.1,20130629,0.0,6,29,22.9,2.1,28.5,2013
179,2013-06-30,0.0,17.2,281,67.6,0.0,9.8,20130630,0.0,6,30,24.1,1.9,31.1,2013
180,2013-07-01,0.0,19.4,281,65.1,0.0,8.4,20130701,0.0,7,1,25.8,1.3,32.5,2013
181,2013-07-02,0.0,21.1,281,74.9,0.0,0.0,20130702,0.0,7,2,25.7,2.0,29.3,2013
182,2013-07-03,5.5,23.8,281,77.1,0.0,4.5,20130703,0.0,7,3,26.3,2.3,30.0,2013
183,2013-07-04,18.5,22.2,281,81.5,0.0,0.0,20130704,0.0,7,4,25.3,1.7,29.3,2013
184,2013-07-05,156.0,21.5,281,91.6,0.0,0.0,20130705,0.0,7,5,22.7,1.2,24.9,2013
185,2013-07-06,0.0,21.5,281,74.8,0.0,4.4,20130706,0.0,7,6,26.0,1.5,31.6,2013
186,2013-07-07,9.5,22.0,281,86.4,0.0,0.0,20130707,0.0,7,7,23.9,0.9,25.8,2013
187,2013-07-08,0.0,22.9,281,66.9,0.0,6.0,20130708,0.0,7,8,27.7,2.2,31.5,2013
188,2013-07-09,0.0,26.2,281,63.8,0.0,6.2,20130709,0.0,7,9,28.8,2.7,32.9,2013
189,2013-07-10,0.0,25.6,281,61.8,0.0,11.1,20130710,0.0,7,10,29.4,2.3,34.6,2013
190,2013-07-11,0.0,24.3,281,61.1,0.0,11.2,20130711,0.0,7,11,29.2,2.3,34.4,2013
191,2013-07-12,0.0,24.6,281,61.8,0.0,3.5,20130712,0.0,7,12,28.1,2.0,33.0,2013
192,2013-07-13,15.0,22.9,281,75.5,0.0,3.4,20130713,0.0,7,13,26.3,1.4,33.7,2013
193,2013-07-14,11.5,21.6,281,79.5,0.0,0.0,20130714,0.0,7,14,25.6,1.4,31.7,2013
194,2013-07-15,0.5,21.6,281,83.8,0.0,1.3,20130715,0.0,7,15,24.8,1.2,30.0,2013
195,2013-07-16,0.0,20.1,281,62.9,0.0,11.5,20130716,0.0,7,16,26.8,2.0,32.5,2013
196,2013-07-17,0.0,24.8,281,64.3,0.0,5.3,20130717,0.0,7,17,27.8,2.2,31.8,2013
197,2013-07-18,0.4,23.4,281,69.6,0.0,5.4,20130718,0.0,7,18,26.7,1.8,32.7,2013
198,2013-07-19,2.0,21.3,281,74.4,0.0,5.5,20130719,0.0,7,19,26.4,1.3,33.7,2013
199,2013-07-20,0.0,23.2,281,68.1,0.0,6.2,20130720,0.0,7,20,27.8,1.5,34.0,2013
200,2013-07-21,0.0,22.7,281,67.4,0.0,4.5,20130721,0.0,7,21,27.8,1.7,32.0,2013
201,2013-07-22,0.0,25.0,281,62.6,0.0,5.9,20130722,0.0,7,22,28.8,2.0,34.0,2013
202,2013-07-23,0.4,24.0,281,71.5,0.0,0.0,20130723,0.0,7,23,27.2,1.7,29.8,2013
203,2013-07-24,0.0,24.7,281,65.1,0.0,7.1,20130724,0.0,7,24,28.5,2.5,33.2,2013
204,2013-07-25,0.0,22.7,281,61.0,0.0,9.4,20130725,0.0,7,25,27.6,2.5,33.3,2013
205,2013-07-26,0.0,20.5,281,62.9,0.0,11.0,20130726,0.0,7,26,27.4,2.2,34.1,2013
206,2013-07-27,0.0,21.1,281,61.4,0.0,6.3,20130727,0.0,7,27,27.7,1.5,34.0,2013
207,2013-07-28,2.0,22.9,281,76.5,0.0,0.0,20130728,0.0,7,28,26.4,1.2,29.1,2013
208,2013-07-29,0.0,24.4,281,63.6,0.0,4.2,20130729,0.0,7,29,29.2,2.1,35.3,2013
209,2013-07-30,72.5,21.5,281,76.4,0.0,5.0,20130730,0.0,7,30,26.3,1.0,34.1,2013
210,2013-07-31,0.0,22.7,281,78.1,0.0,3.7,20130731,0.0,7,31,27.2,1.4,32.1,2013
211,2013-08-01,10.5,23.7,281,82.6,0.0,4.2,20130801,0.0,8,1,26.0,1.6,31.7,2013
212,2013-08-02,0.4,23.7,281,85.0,0.0,0.8,20130802,0.0,8,2,25.2,1.5,28.2,2013
213,2013-08-03,9.5,22.5,281,79.3,0.0,2.7,20130803,0.0,8,3,26.3,1.1,32.6,2013
214,2013-08-04,0.0,23.0,281,80.5,0.0,3.9,20130804,0.0,8,4,26.6,1.4,33.7,2013
215,2013-08-05,0.5,23.8,281,73.3,0.0,8.3,20130805,0.0,8,5,27.5,1.8,33.1,2013
216,2013-08-06,12.0,22.2,281,76.4,0.0,8.9,20130806,0.0,8,6,26.9,1.7,35.1,2013
217,2013-08-07,0.0,21.4,281,76.4,0.0,9.5,20130807,0.0,8,7,28.1,1.2,35.3,2013
218,2013-08-08,0.0,24.5,281,72.3,0.0,8.5,20130808,0.0,8,8,29.7,1.3,35.9,2013
219,2013-08-09,0.0,26.1,281,66.5,0.0,10.8,20130809,0.0,8,9,30.8,2.1,36.5,2013
220,2013-08-10,1.0,24.5,281,76.8,0.0,9.4,20130810,0.0,8,10,27.7,1.5,36.7,2013
221,2013-08-11,0.0,23.0,281,69.9,0.0,11.3,20130811,0.0,8,11,29.4,1.3,35.9,2013
222,2013-08-12,0.0,24.1,281,66.3,0.0,11.4,20130812,0.0,8,12,30.1,1.2,36.9,2013
223,2013-08-13,0.0,23.5,281,66.3,0.0,11.4,20130813,0.0,8,13,29.1,1.4,35.5,2013
224,2013-08-14,0.0,22.5,281,63.0,0.0,11.8,20130814,0.0,8,14,28.7,1.7,35.6,2013
225,2013-08-15,0.0,21.6,281,63.4,0.0,11.5,20130815,0.0,8,15,28.1,1.5,34.7,2013
226,2013-08-16,0.0,21.8,281,62.9,0.0,11.3,20130816,0.0,8,16,28.6,1.5,35.4,2013
227,2013-08-17,0.0,22.2,281,63.0,0.0,10.7,20130817,0.0,8,17,28.6,1.9,35.3,2013
228,2013-08-18,0.0,22.3,281,62.0,0.0,10.7,20130818,0.0,8,18,29.7,1.6,36.1,2013
229,2013-08-19,0.0,23.9,281,64.8,0.0,8.7,20130819,0.0,8,19,29.7,1.3,37.1,2013
230,2013-08-20,1.5,23.8,281,72.5,0.0,7.1,20130820,0.0,8,20,27.9,1.9,33.9,2013
231,2013-08-21,25.5,21.9,281,78.4,0.0,4.8,20130821,0.0,8,21,25.4,1.8,30.4,2013
232,2013-08-22,2.5,22.0,281,82.9,0.0,1.3,20130822,0.0,8,22,26.4,0.8,31.9,2013
233,2013-08-23,32.0,23.5,281,90.4,0.0,0.0,20130823,0.0,8,23,25.5,1.0,28.4,2013
234,2013-08-24,16.5,21.3,281,88.0,0.0,0.0,20130824,0.0,8,24,22.9,0.8,24.4,2013
235,2013-08-25,0.0,20.3,281,73.4,0.0,8.7,20130825,0.0,8,25,24.2,1.5,30.0,2013
236,2013-08-26,0.0,18.9,281,71.5,0.0,7.3,20130826,0.0,8,26,23.9,0.9,31.3,2013
237,2013-08-27,0.0,17.9,281,67.6,0.0,9.6,20130827,0.0,8,27,24.7,1.4,32.5,2013
238,2013-08-28,0.0,18.9,281,69.0,0.0,6.9,20130828,0.0,8,28,25.1,1.0,31.6,2013
239,2013-08-29,2.0,19.6,281,76.0,0.0,3.5,20130829,0.0,8,29,25.9,2.0,32.6,2013
240,2013-08-30,2.0,23.2,281,82.4,0.0,2.1,20130830,0.0,8,30,25.2,1.2,29.8,2013
241,2013-08-31,1.0,19.4,281,72.5,0.0,6.9,20130831,0.0,8,31,22.9,2.2,27.1,2013
242,2013-09-01,0.0,17.7,281,72.4,0.0,8.5,20130901,0.0,9,1,21.8,1.7,27.0,2013
243,2013-09-02,0.0,16.4,281,70.6,0.0,6.9,20130902,0.0,9,2,22.0,1.4,28.4,2013
244,2013-09-03,0.0,17.7,281,80.8,0.0,0.0,20130903,0.0,9,3,20.1,0.8,22.7,2013
245,2013-09-04,0.0,15.3,281,68.1,0.0,9.5,20130904,0.0,9,4,20.0,1.7,27.7,2013
246,2013-09-05,0.0,13.2,281,68.4,0.0,4.9,20130905,0.0,9,5,19.4,1.2,24.4,2013
247,2013-09-06,3.5,17.1,281,87.3,0.0,0.0,20130906,0.0,9,6,18.9,0.9,21.2,2013
248,2013-09-07,1.0,16.2,281,83.6,0.0,0.0,20130907,0.0,9,7,19.6,0.7,23.7,2013
249,2013-09-08,0.0,15.4,281,71.8,0.0,7.4,20130908,0.0,9,8,21.1,1.1,29.3,2013
250,2013-09-09,0.0,14.5,281,72.5,0.0,7.2,20130909,0.0,9,9,21.1,1.0,28.5,2013
251,2013-09-10,0.0,17.2,281,69.5,0.0,4.4,20130910,0.0,9,10,23.2,1.1,29.3,2013
252,2013-09-11,0.0,20.5,281,74.1,0.0,0.5,20130911,0.0,9,11,23.5,0.9,27.5,2013
253,2013-09-12,5.5,20.6,281,88.9,0.0,0.0,20130912,0.0,9,12,21.9,0.6,24.2,2013
254,2013-09-13,0.0,19.7,281,76.4,0.0,4.1,20130913,0.0,9,13,25.3,1.3,31.3,2013
255,2013-09-14,22.5,19.6,281,88.8,0.0,0.3,20130914,0.0,9,14,22.3,1.0,24.2,2013
256,2013-09-15,0.0,16.7,281,76.9,0.0,7.5,20130915,0.0,9,15,21.8,1.2,29.7,2013
257,2013-09-16,0.0,13.4,281,70.1,0.0,10.5,20130916,0.0,9,16,19.7,1.2,27.8,2013
258,2013-09-17,0.0,12.8,281,67.8,0.0,8.7,20130917,0.0,9,17,19.7,0.9,30.0,2013
259,2013-09-18,0.0,12.3,281,68.4,0.0,10.5,20130918,0.0,9,18,20.4,1.4,29.9,2013
260,2013-09-19,0.0,14.6,281,73.3,0.0,7.3,20130919,0.0,9,19,20.6,1.4,27.0,2013
261,2013-09-20,0.0,14.9,281,75.1,0.0,8.8,20130920,0.0,9,20,21.2,1.1,30.3,2013
262,2013-09-21,0.0,15.4,281,69.4,0.0,8.9,20130921,0.0,9,21,22.5,1.1,30.6,2013
263,2013-09-22,0.3,16.6,281,76.5,0.0,2.3,20130922,0.0,9,22,20.3,1.6,27.0,2013
264,2013-09-23,0.0,15.7,281,69.6,0.0,9.2,20130923,0.0,9,23,20.8,1.3,26.8,2013
265,2013-09-24,0.2,13.8,281,74.0,0.0,5.3,20130924,0.0,9,24,21.9,1.3,30.2,2013
266,2013-09-25,0.3,18.3,281,67.6,0.0,4.1,20130925,0.0,9,25,20.7,1.9,24.2,2013
267,2013-09-26,0.0,11.9,281,67.5,0.0,5.1,20130926,0.0,9,26,17.3,1.5,24.5,2013
268,2013-09-27,0.0,9.3,281,64.9,0.0,10.4,20130927,0.0,9,27,17.4,0.9,25.8,2013
269,2013-09-28,0.3,14.5,281,74.4,0.0,0.0,20130928,0.0,9,28,18.6,0.8,23.2,2013
270,2013-09-29,25.0,17.6,281,88.1,0.0,0.1,20130929,0.0,9,29,19.9,1.1,22.8,2013
271,2013-09-30,9.0,17.6,281,82.1,0.0,4.3,20130930,0.0,9,30,21.2,1.5,25.7,2013
272,2013-10-01,0.0,16.0,281,76.9,0.0,6.4,20131001,0.0,10,1,20.1,1.4,25.7,2013
273,2013-10-02,0.2,14.5,281,74.9,0.0,2.9,20131002,0.0,10,2,19.4,1.7,26.4,2013
274,2013-10-03,0.0,9.6,281,68.3,0.0,9.4,20131003,0.0,10,3,16.3,1.3,24.1,2013
275,2013-10-04,0.0,6.5,281,70.5,0.0,10.9,20131004,0.0,10,4,15.2,1.4,24.5,2013
276,2013-10-05,0.0,10.5,281,72.1,0.0,5.4,20131005,0.0,10,5,18.4,1.8,24.8,2013
277,2013-10-06,10.0,17.9,281,87.3,0.0,0.0,20131006,0.0,10,6,20.5,1.9,23.1,2013
278,2013-10-07,1.0,19.9,281,83.4,0.0,0.4,20131007,0.0,10,7,22.3,1.4,25.9,2013
279,2013-10-08,51.5,19.6,281,88.8,0.0,0.0,20131008,0.0,10,8,20.9,1.7,23.1,2013
280,2013-10-09,0.0,16.7,281,77.0,0.0,0.8,20131009,0.0,10,9,20.2,1.4,24.3,2013
281,2013-10-10,49.5,15.9,281,85.5,0.0,0.4,20131010,0.0,10,10,19.8,0.8,25.1,2013
282,2013-10-11,0.0,14.5,281,63.5,0.0,8.0,20131011,0.0,10,11,19.7,2.8,25.9,2013
283,2013-10-12,0.0,9.1,281,54.0,0.0,10.8,20131012,0.0,10,12,15.2,2.1,22.4,2013
284,2013-10-13,0.0,6.5,281,71.1,0.0,10.3,20131013,0.0,10,13,14.6,1.1,24.4,2013
285,2013-10-14,0.0,8.2,281,77.3,0.0,8.7,20131014,0.0,10,14,15.9,0.7,26.2,2013
286,2013-10-15,0.5,9.9,281,75.8,0.0,2.8,20131015,0.0,10,15,14.5,2.2,23.7,2013
287,2013-10-16,0.0,4.9,281,63.3,0.0,9.1,20131016,0.0,10,16,10.5,1.6,17.5,2013
288,2013-10-17,0.0,2.6,281,72.5,0.0,7.0,20131017,0.0,10,17,10.1,0.8,18.6,2013
289,2013-10-18,0.0,4.3,281,73.8,0.0,7.7,20131018,0.0,10,18,11.6,1.2,19.7,2013
290,2013-10-19,0.0,6.3,281,76.1,0.0,1.7,20131019,0.0,10,19,13.6,1.1,20.0,2013
291,2013-10-20,0.0,11.7,281,74.5,0.0,7.6,20131020,0.0,10,20,16.2,1.0,23.9,2013
292,2013-10-21,0.0,9.5,281,75.8,0.0,5.9,20131021,0.0,10,21,13.6,1.0,21.6,2013
293,2013-10-22,0.0,8.5,281,69.0,0.0,3.0,20131022,0.0,10,22,14.8,1.7,19.6,2013
294,2013-10-23,0.0,9.6,281,72.8,0.0,5.3,20131023,0.0,10,23,14.7,1.6,21.2,2013
295,2013-10-24,0.0,9.8,281,66.6,0.0,5.1,20131024,0.0,10,24,15.3,1.7,22.9,2013
296,2013-10-25,0.0,6.4,281,44.8,0.0,8.4,20131025,0.0,10,25,12.0,2.3,19.0,2013
297,2013-10-26,0.0,1.8,281,67.4,0.0,8.6,20131026,0.0,10,26,9.4,1.4,18.8,2013
298,2013-10-27,0.0,0.7,281,69.8,0.0,9.7,20131027,0.0,10,27,8.5,0.9,18.8,2013
299,2013-10-28,0.0,1.0,281,71.5,0.0,6.9,20131028,0.0,10,28,9.4,0.8,19.8,2013
300,2013-10-29,0.0,2.2,281,70.3,0.0,8.3,20131029,0.0,10,29,10.2,1.2,20.3,2013
301,2013-10-30,0.0,5.1,281,66.0,0.0,9.0,20131030,0.0,10,30,11.9,1.1,19.8,2013
302,2013-10-31,0.0,5.0,281,75.4,0.0,6.2,20131031,0.0,10,31,11.6,0.6,20.7,2013
303,2013-11-01,0.0,7.6,281,76.5,0.0,5.8,20131101,0.0,11,1,12.8,1.1,20.9,2013
304,2013-11-02,0.0,6.7,281,74.0,0.0,4.6,20131102,0.0,11,2,14.3,0.9,22.6,2013
305,2013-11-03,0.0,8.0,281,70.9,0.0,1.3,20131103,0.0,11,3,14.4,1.3,20.4,2013
306,2013-11-04,0.0,5.7,281,70.1,0.0,6.5,20131104,0.0,11,4,11.8,1.3,18.9,2013
307,2013-11-05,0.0,2.8,281,68.5,0.0,8.8,20131105,0.0,11,5,9.8,0.8,19.8,2013
308,2013-11-06,4.0,2.2,281,78.1,0.0,2.6,20131106,0.0,11,6,11.2,1.1,19.6,2013
309,2013-11-07,4.0,3.6,281,65.0,0.0,7.5,20131107,0.0,11,7,12.0,2.3,20.1,2013
310,2013-11-08,0.0,3.2,281,58.9,0.0,6.9,20131108,0.0,11,8,9.6,1.2,16.2,2013
311,2013-11-09,5.5,5.0,281,77.9,0.0,0.7,20131109,0.0,11,9,10.5,0.6,15.5,2013
312,2013-11-10,0.5,3.9,281,53.1,0.0,5.5,20131110,0.0,11,10,10.0,3.5,15.1,2013
313,2013-11-11,0.0,-1.5,281,42.0,0.0,8.1,20131111,0.0,11,11,3.9,2.8,9.6,2013
314,2013-11-12,0.0,-0.2,281,47.1,0.0,8.3,20131112,0.0,11,12,4.0,2.7,11.1,2013
315,2013-11-13,0.0,-4.3,281,65.8,0.0,8.1,20131113,0.0,11,13,3.4,0.8,13.2,2013
316,2013-11-14,0.0,-1.0,281,64.0,0.0,2.2,20131114,0.0,11,14,6.6,1.2,13.2,2013
317,2013-11-15,0.0,0.5,281,72.4,0.0,5.4,20131115,0.0,11,15,6.7,1.3,15.9,2013
318,2013-11-16,0.1,-2.5,281,66.8,0.0,7.3,20131116,0.0,11,16,5.1,0.8,15.4,2013
319,2013-11-17,0.1,-0.2,281,55.9,0.0,4.4,20131117,0.0,11,17,6.0,2.9,13.5,2013
320,2013-11-18,0.0,1.5,281,47.5,0.0,4.7,20131118,0.0,11,18,3.8,3.7,8.9,2013
321,2013-11-19,0.0,1.2,281,49.9,0.0,1.3,20131119,0.0,11,19,4.1,4.5,7.4,2013
322,2013-11-20,0.0,-0.4,281,46.4,0.0,6.5,20131120,0.0,11,20,3.9,3.8,8.8,2013
323,2013-11-21,0.0,-1.2,281,51.1,0.0,7.7,20131121,0.0,11,21,4.6,3.4,9.5,2013
324,2013-11-22,0.0,0.4,281,49.9,0.0,7.8,20131122,0.0,11,22,5.9,3.2,11.8,2013
325,2013-11-23,0.0,-2.6,281,63.3,0.0,7.4,20131123,0.0,11,23,4.9,1.9,13.8,2013
326,2013-11-24,1.0,-2.0,281,67.5,0.0,6.0,20131124,0.0,11,24,7.0,0.9,14.9,2013
327,2013-11-25,17.0,4.1,281,52.3,0.0,2.3,20131125,0.0,11,25,9.1,4.3,13.3,2013
328,2013-11-26,0.0,-1.6,281,50.9,0.0,6.7,20131126,0.0,11,26,3.6,2.8,9.3,2013
329,2013-11-27,1.5,-2.0,281,75.6,0.0,0.6,20131127,0.0,11,27,1.2,2.3,5.7,2013
330,2013-11-28,0.0,-5.1,281,57.1,0.0,6.7,20131128,0.0,11,28,-0.9,3.3,3.0,2013
331,2013-11-29,0.0,-3.0,281,54.3,0.0,7.6,20131129,0.0,11,29,1.8,3.7,5.8,2013
332,2013-11-30,0.0,-1.7,281,64.9,0.0,7.6,20131130,0.0,11,30,3.2,2.3,10.9,2013
333,2013-12-01,0.0,-3.9,281,66.3,0.0,6.0,20131201,0.0,12,1,3.6,1.4,12.0,2013
334,2013-12-02,0.0,-1.5,281,57.8,0.0,7.7,20131202,0.0,12,2,4.7,2.5,10.8,2013
335,2013-12-03,0.0,-4.1,281,67.1,0.0,7.3,20131203,0.0,12,3,2.3,1.4,11.7,2013
336,2013-12-04,0.0,-4.3,281,68.9,0.0,7.1,20131204,0.0,12,4,2.6,1.2,12.6,2013
337,2013-12-05,0.0,-3.7,281,66.9,0.0,2.2,20131205,0.0,12,5,4.6,1.2,11.6,2013
338,2013-12-06,0.0,-0.2,281,43.9,0.0,7.6,20131206,0.0,12,6,4.5,2.6,10.2,2013
339,2013-12-07,0.0,-2.5,281,54.8,0.0,5.4,20131207,0.0,12,7,3.3,2.0,11.6,2013
340,2013-12-08,0.0,-5.1,281,73.0,0.0,7.4,20131208,0.0,12,8,1.6,0.7,11.3,2013
341,2013-12-09,2.5,-1.7,281,78.5,0.0,0.2,20131209,0.0,12,9,4.5,1.4,11.3,2013
342,2013-12-10,0.5,0.7,281,54.0,0.0,7.0,20131210,0.0,12,10,3.4,3.7,7.1,2013
343,2013-12-11,0.4,-2.4,281,65.4,0.0,1.7,20131211,0.0,12,11,0.5,3.3,4.0,2013
344,2013-12-12,0.4,-4.5,281,54.0,0.0,6.6,20131212,0.0,12,12,2.1,3.1,6.1,2013
345,2013-12-13,0.5,-4.9,281,52.0,0.0,4.2,20131213,0.0,12,13,-1.8,3.8,2.8,2013
346,2013-12-14,0.0,-6.1,281,53.5,0.0,5.6,20131214,0.0,12,14,0.4,3.1,5.7,2013
347,2013-12-15,0.0,-5.3,281,42.1,0.0,6.2,20131215,0.0,12,15,-0.6,3.0,4.7,2013
348,2013-12-16,0.0,-9.0,281,58.1,0.0,1.4,20131216,0.0,12,16,-2.2,0.7,3.5,2013
349,2013-12-17,0.3,-3.6,281,69.9,0.0,0.8,20131217,0.0,12,17,2.5,1.0,8.4,2013
350,2013-12-18,0.5,2.9,281,71.1,0.0,0.0,20131218,0.0,12,18,5.1,1.2,7.7,2013
351,2013-12-19,0.1,-2.9,281,56.5,0.0,3.1,20131219,0.0,12,19,0.8,3.6,3.5,2013
352,2013-12-20,0.5,-5.3,281,64.0,0.0,6.7,20131220,0.0,12,20,-0.9,3.8,2.9,2013
353,2013-12-21,0.0,-4.4,281,57.1,0.0,7.3,20131221,0.0,12,21,0.6,2.5,6.6,2013
354,2013-12-22,0.0,-6.6,281,53.1,0.0,7.5,20131222,0.0,12,22,-1.3,1.5,5.9,2013
355,2013-12-23,0.0,-5.3,281,56.5,0.0,6.9,20131223,0.0,12,23,-0.1,1.9,6.4,2013
356,2013-12-24,0.0,-6.6,281,56.6,0.0,6.9,20131224,0.0,12,24,-0.4,1.1,8.6,2013
357,2013-12-25,0.0,-7.0,281,72.0,0.0,5.1,20131225,0.0,12,25,0.8,0.6,9.9,2013
358,2013-12-26,0.1,0.4,281,58.5,0.0,0.0,20131226,0.0,12,26,2.6,2.7,5.1,2013
359,2013-12-27,0.1,-5.0,281,45.1,0.0,6.9,20131227,0.0,12,27,-2.0,4.3,2.1,2013
360,2013-12-28,0.0,-6.7,281,42.5,0.0,7.6,20131228,0.0,12,28,-3.0,4.1,2.2,2013
361,2013-12-29,0.0,-5.7,281,47.8,0.0,7.5,20131229,0.0,12,29,-1.3,3.2,3.8,2013
362,2013-12-30,0.0,-3.6,281,52.9,0.0,5.7,20131230,0.0,12,30,2.0,2.3,8.8,2013
363,2013-12-31,0.0,-7.0,281,56.5,0.0,7.3,20131231,0.0,12,31,1.6,1.7,9.4,2013
