,cloud,station_id,month,humid,date,snow,Date,wind,rainfall,tmin,sunshine,year,tmax,tavg,day
0,0.0,281,1,49.4,20110101,0.0,2011-01-01,3.5,0.0,-9.2,6.9,2011,2.4,-3.5,1
1,0.0,281,1,58.4,20110102,0.0,2011-01-02,1.7,0.0,-9.9,7.5,2011,6.4,-1.9,2
2,0.0,281,1,70.5,20110103,0.0,2011-01-03,1.5,0.1,-10.5,1.2,2011,1.1,-3.0,3
3,0.0,281,1,60.1,20110104,0.0,2011-01-04,3.5,0.0,-3.1,7.3,2011,3.1,-0.7,4
4,0.0,281,1,53.3,20110105,0.0,2011-01-05,3.8,0.0,-3.2,4.3,2011,4.7,-0.4,5
5,0.0,281,1,49.0,20110106,0.0,2011-01-06,3.2,0.0,-6.7,8.9,2011,0.9,-3.6,6
6,0.0,281,1,41.9,20110107,0.0,2011-01-07,2.8,0.0,-9.9,7.7,2011,1.7,-4.5,7
7,0.0,281,1,51.1,20110108,0.0,2011-01-08,2.4,0.0,-11.0,7.7,2011,5.0,-1.5,8
8,0.0,281,1,40.4,20110109,0.0,2011-01-09,4.1,0.0,-7.6,5.9,2011,2.6,-1.4,9
9,0.0,281,1,36.5,20110110,0.0,2011-01-10,3.1,0.0,-10.9,7.7,2011,0.3,-5.6,10
10,0.0,281,1,46.3,20110111,0.0,2011-01-11,2.5,0.0,-9.8,7.2,2011,3.0,-2.9,11
11,0.0,281,1,37.4,20110112,0.0,2011-01-12,4.2,0.0,-6.8,7.7,2011,-0.7,-4.1,12
12,0.0,281,1,36.5,20110113,0.0,2011-01-13,2.6,0.0,-10.4,7.8,2011,2.6,-4.5,13
13,0.0,281,1,50.5,20110114,0.0,2011-01-14,1.9,0.0,-13.4,7.1,2011,4.9,-3.5,14
14,0.0,281,1,32.5,20110115,0.0,2011-01-15,5.3,0.0,-13.9,5.1,2011,-0.6,-6.8,15
15,0.0,281,1,36.8,20110116,0.0,2011-01-16,4.3,0.0,-15.1,7.8,2011,-4.4,-9.9,16
16,0.0,281,1,35.1,20110117,0.0,2011-01-17,3.4,0.0,-11.9,7.8,2011,0.5,-5.9,17
17,0.0,281,1,44.9,20110118,0.0,2011-01-18,3.0,0.0,-10.1,6.9,2011,1.4,-3.8,18
18,0.0,281,1,41.0,20110119,0.0,2011-01-19,3.2,0.0,-6.5,7.2,2011,2.0,-2.8,19
19,0.0,281,1,40.3,20110120,0.0,2011-01-20,3.0,0.0,-7.6,6.9,2011,1.1,-3.8,20
20,0.0,281,1,32.1,20110121,0.0,2011-01-21,2.8,0.0,-8.2,7.1,2011,2.5,-3.5,21
21,0.0,281,1,41.0,20110122,0.0,2011-01-22,2.9,0.0,-8.4,7.2,2011,4.6,-1.7,22
22,0.0,281,1,40.6,20110123,0.0,2011-01-23,1.9,0.0,-4.2,0.0,2011,3.9,-0.4,23
23,0.0,281,1,49.8,20110124,0.0,2011-01-24,4.1,0.0,-7.5,7.4,2011,0.1,-3.8,24
24,0.0,281,1,48.5,20110125,0.0,2011-01-25,3.4,0.0,-8.6,5.9,2011,0.7,-4.8,25
25,0.0,281,1,40.3,20110126,0.0,2011-01-26,3.1,0.0,-7.8,7.8,2011,0.9,-4.3,26
26,0.0,281,1,34.0,20110127,0.0,2011-01-27,3.7,0.0,-9.0,6.9,2011,1.2,-4.8,27
27,0.0,281,1,25.0,20110128,0.0,2011-01-28,2.9,0.0,-7.0,3.9,2011,1.9,-3.4,28
28,0.0,281,1,30.3,20110129,0.0,2011-01-29,4.5,0.0,-9.8,7.6,2011,-0.7,-5.4,29
29,0.0,281,1,36.9,20110130,0.0,2011-01-30,4.6,0.0,-9.9,8.4,2011,-2.2,-6.5,30
30,0.0,281,1,41.0,20110131,0.0,2011-01-31,4.0,0.0,-9.2,8.4,2011,1.9,-3.7,31
31,0.0,281,2,49.0,20110201,0.0,2011-02-01,2.3,0.0,-4.1,8.2,2011,8.6,0.6,1
32,0.0,281,2,46.0,20110202,0.0,2011-02-02,1.7,0.0,-6.6,7.3,2011,10.3,0.7,2
33,0.0,281,2,44.9,20110203,0.0,2011-02-03,1.0,0.0,-9.9,8.2,2011,11.4,-0.8,3
34,0.0,281,2,42.3,20110204,0.0,2011-02-04,1.5,0.0,-9.4,8.0,2011,11.9,1.4,4
35,0.0,281,2,46.6,20110205,0.0,2011-02-05,1.4,0.0,-4.4,8.4,2011,10.5,2.2,5
36,0.0,281,2,56.6,20110206,0.0,2011-02-06,1.6,0.0,-4.9,5.7,2011,11.3,3.0,6
37,0.0,281,2,57.4,20110207,0.0,2011-02-07,1.4,0.0,-3.9,6.7,2011,9.9,2.7,7
38,0.0,281,2,81.4,20110208,0.0,2011-02-08,0.5,1.0,-1.7,0.0,2011,4.9,2.2,8
39,0.0,281,2,63.4,20110209,0.0,2011-02-09,1.8,0.0,-4.9,7.8,2011,7.7,0.6,9
40,0.0,281,2,75.8,20110210,0.0,2011-02-10,0.6,0.4,-8.4,0.1,2011,5.6,-1.0,10
41,0.0,281,2,72.1,20110211,0.0,2011-02-11,2.0,1.0,-2.0,0.0,2011,3.5,0.0,11
42,0.0,281,2,43.5,20110212,0.0,2011-02-12,3.3,0.0,-6.6,7.8,2011,3.2,-2.2,12
43,0.0,281,2,57.8,20110213,0.0,2011-02-13,1.2,0.0,-11.3,6.7,2011,4.1,-3.5,13
44,0.0,281,2,82.9,20110214,0.0,2011-02-14,2.3,5.0,-3.3,0.0,2011,-0.8,-1.9,14
45,0.0,281,2,70.6,20110215,0.0,2011-02-15,1.2,0.0,-8.7,9.7,2011,6.4,-1.4,15
46,0.0,281,2,66.6,20110216,0.0,2011-02-16,0.9,0.5,-8.8,6.6,2011,9.0,1.0,16
47,0.0,281,2,88.9,20110217,0.0,2011-02-17,1.3,8.5,1.0,0.0,2011,3.5,2.0,17
48,0.0,281,2,67.4,20110218,0.0,2011-02-18,1.4,0.0,-2.7,7.9,2011,8.9,2.2,18
49,0.0,281,2,52.5,20110219,0.0,2011-02-19,1.5,0.0,-4.4,8.1,2011,10.9,2.9,19
50,0.0,281,2,62.0,20110220,0.0,2011-02-20,1.9,0.0,-3.6,7.4,2011,11.6,3.4,20
51,0.0,281,2,68.1,20110221,0.0,2011-02-21,1.8,0.0,-2.5,7.9,2011,9.9,2.8,21
52,0.0,281,2,69.4,20110222,0.0,2011-02-22,1.3,0.0,-1.7,4.8,2011,11.6,4.2,22
53,0.0,281,2,65.1,20110223,0.0,2011-02-23,0.7,0.0,-4.1,8.8,2011,15.2,4.1,23
54,0.0,281,2,51.8,20110224,0.0,2011-02-24,2.0,0.0,-3.1,10.0,2011,19.1,8.3,24
55,0.0,281,2,56.1,20110225,0.0,2011-02-25,3.0,0.0,-1.7,5.1,2011,13.2,6.1,25
56,0.0,281,2,68.6,20110226,0.0,2011-02-26,2.1,0.0,-4.2,6.6,2011,10.6,3.2,26
57,0.0,281,2,89.6,20110227,0.0,2011-02-27,1.5,45.0,2.2,0.0,2011,7.2,5.2,27
58,0.0,281,2,83.3,20110228,0.0,2011-02-28,1.6,5.5,4.7,0.0,2011,8.0,5.8,28
59,0.0,281,3,75.5,20110301,0.0,2011-03-01,2.3,2.5,0.5,0.8,2011,8.4,4.3,1
60,0.0,281,3,43.8,20110302,0.0,2011-03-02,3.9,0.0,-4.1,10.7,2011,6.1,0.6,2
61,0.0,281,3,39.1,20110303,0.0,2011-03-03,3.4,0.0,-4.9,10.4,2011,5.1,-0.1,3
62,0.0,281,3,42.9,20110304,0.0,2011-03-04,3.0,0.0,-3.8,10.7,2011,8.2,1.6,4
63,0.0,281,3,38.3,20110305,0.0,2011-03-05,2.0,0.0,-3.3,8.1,2011,11.3,4.2,5
64,0.0,281,3,46.8,20110306,0.0,2011-03-06,1.8,0.0,-2.4,6.2,2011,12.6,5.5,6
65,0.0,281,3,38.8,20110307,0.0,2011-03-07,3.8,0.0,1.1,9.3,2011,10.0,5.2,7
66,0.0,281,3,32.6,20110308,0.0,2011-03-08,3.0,0.0,-4.1,10.6,2011,10.9,4.0,8
67,0.0,281,3,30.9,20110309,0.0,2011-03-09,4.0,0.0,-1.2,9.4,2011,7.7,2.7,9
68,0.0,281,3,37.9,20110310,0.0,2011-03-10,3.1,0.0,-2.7,10.6,2011,10.6,3.6,10
69,0.0,281,3,41.6,20110311,0.0,2011-03-11,2.6,0.0,-3.7,10.6,2011,13.3,4.7,11
70,0.0,281,3,38.4,20110312,0.0,2011-03-12,1.4,0.0,-1.8,8.2,2011,16.6,7.1,12
71,0.0,281,3,57.1,20110313,0.0,2011-03-13,1.0,0.0,-2.8,10.3,2011,19.6,8.3,13
72,0.0,281,3,63.5,20110314,0.0,2011-03-14,1.8,0.0,1.4,5.5,2011,19.5,9.4,14
73,0.0,281,3,40.1,20110315,0.0,2011-03-15,4.3,0.0,-0.9,6.8,2011,10.9,5.8,15
74,0.0,281,3,29.6,20110316,0.0,2011-03-16,4.5,0.0,-3.3,10.0,2011,7.0,1.6,16
75,0.0,281,3,37.0,20110317,0.0,2011-03-17,2.8,0.0,-3.2,11.2,2011,9.7,2.2,17
76,0.0,281,3,42.1,20110318,0.0,2011-03-18,1.4,0.0,-6.6,5.5,2011,14.3,5.0,18
77,0.0,281,3,43.6,20110319,0.0,2011-03-19,1.7,0.0,2.1,5.8,2011,18.6,11.2,19
78,0.0,281,3,80.1,20110320,0.0,2011-03-20,1.2,14.0,5.3,0.0,2011,9.2,6.8,20
79,0.0,281,3,67.8,20110321,0.0,2011-03-21,1.2,0.0,3.9,2.6,2011,12.6,8.0,21
80,0.0,281,3,36.0,20110322,0.0,2011-03-22,3.3,0.0,1.3,6.4,2011,9.6,5.2,22
81,0.0,281,3,31.9,20110323,0.0,2011-03-23,3.1,0.0,-2.3,11.3,2011,9.8,3.6,23
82,0.0,281,3,42.0,20110324,0.0,2011-03-24,2.4,0.5,-1.5,8.6,2011,13.0,5.8,24
83,0.0,281,3,39.3,20110325,0.0,2011-03-25,4.2,0.0,-2.1,9.9,2011,8.6,3.8,25
84,0.0,281,3,47.8,20110326,0.0,2011-03-26,1.7,0.0,-5.4,11.3,2011,10.9,2.9,26
85,0.0,281,3,41.4,20110327,0.0,2011-03-27,1.7,0.0,-5.5,9.1,2011,14.4,5.7,27
86,0.0,281,3,47.0,20110328,0.0,2011-03-28,1.5,0.0,-0.9,8.1,2011,14.2,6.2,28
87,0.0,281,3,43.6,20110329,0.0,2011-03-29,2.0,0.0,-3.6,10.4,2011,13.3,5.8,29
88,0.0,281,3,31.1,20110330,0.0,2011-03-30,3.6,0.0,3.3,11.2,2011,18.8,10.3,30
89,0.0,281,3,38.1,20110331,0.0,2011-03-31,1.6,0.0,0.0,11.1,2011,21.9,10.9,31
90,0.0,281,4,32.8,20110401,0.0,2011-04-01,2.0,0.0,-0.9,11.2,2011,23.2,12.7,1
91,0.0,281,4,51.3,20110402,0.0,2011-04-02,2.9,0.0,5.9,6.3,2011,12.8,8.3,2
92,0.0,281,4,68.6,20110403,0.0,2011-04-03,1.9,3.0,0.0,3.8,2011,11.5,6.0,3
93,0.0,281,4,58.1,20110404,0.0,2011-04-04,2.0,0.0,-3.2,11.8,2011,13.5,5.3,4
94,0.0,281,4,51.9,20110405,0.0,2011-04-05,1.3,0.0,-2.8,11.6,2011,19.9,8.6,5
95,0.0,281,4,49.5,20110406,0.0,2011-04-06,1.9,0.3,-0.8,8.7,2011,20.9,11.7,6
96,0.0,281,4,85.6,20110407,0.0,2011-04-07,1.3,12.0,9.8,0.0,2011,15.4,13.0,7
97,0.0,281,4,71.5,20110408,0.0,2011-04-08,2.8,13.5,9.2,4.8,2011,16.6,12.1,8
98,0.0,281,4,56.9,20110409,0.0,2011-04-09,1.7,0.0,2.4,8.8,2011,20.1,10.5,9
99,0.0,281,4,45.1,20110410,0.0,2011-04-10,1.8,0.0,1.0,9.3,2011,23.1,12.8,10
100,0.0,281,4,59.1,20110411,0.0,2011-04-11,2.2,9.0,3.2,6.3,2011,16.4,10.0,11
101,0.0,281,4,37.9,20110412,0.0,2011-04-12,2.1,0.0,-0.8,11.8,2011,21.0,11.3,12
102,0.0,281,4,19.4,20110413,0.0,2011-04-13,3.7,0.0,7.6,11.5,2011,23.3,15.3,13
103,0.0,281,4,25.5,20110414,0.0,2011-04-14,2.3,0.0,6.9,10.0,2011,24.4,16.4,14
104,0.0,281,4,46.5,20110415,0.0,2011-04-15,2.3,0.0,7.2,9.4,2011,27.7,19.1,15
105,0.0,281,4,58.0,20110416,0.0,2011-04-16,3.5,0.0,4.8,7.7,2011,18.6,10.3,16
106,0.0,281,4,62.0,20110417,0.0,2011-04-17,2.3,0.0,0.4,11.7,2011,17.9,9.0,17
107,0.0,281,4,64.1,20110418,0.0,2011-04-18,2.4,0.5,2.8,1.1,2011,13.7,8.0,18
108,0.0,281,4,49.9,20110419,0.0,2011-04-19,2.7,0.0,4.0,4.0,2011,14.7,8.9,19
109,0.0,281,4,55.0,20110420,0.0,2011-04-20,2.0,0.0,0.0,11.1,2011,21.2,11.7,20
110,0.0,281,4,39.9,20110421,0.0,2011-04-21,1.8,0.0,4.0,7.1,2011,22.6,14.7,21
111,0.0,281,4,84.5,20110422,0.0,2011-04-22,2.3,22.0,9.4,0.0,2011,14.8,11.0,22
112,0.0,281,4,46.6,20110423,0.0,2011-04-23,3.9,0.0,8.7,9.6,2011,17.6,12.3,23
113,0.0,281,4,39.5,20110424,0.0,2011-04-24,3.1,0.0,5.8,7.6,2011,17.8,11.4,24
114,0.0,281,4,40.9,20110425,0.0,2011-04-25,2.9,0.0,4.6,7.7,2011,20.9,13.6,25
115,0.0,281,4,89.8,20110426,0.0,2011-04-26,1.2,42.5,9.3,0.0,2011,14.7,11.7,26
116,0.0,281,4,69.3,20110427,0.0,2011-04-27,2.1,0.2,11.4,5.3,2011,21.8,15.1,27
117,0.0,281,4,60.8,20110428,0.0,2011-04-28,2.2,0.0,4.9,2.5,2011,15.9,10.3,28
118,0.0,281,4,50.1,20110429,0.0,2011-04-29,1.4,0.0,1.5,7.7,2011,21.0,12.8,29
119,0.0,281,4,72.0,20110430,0.0,2011-04-30,2.3,11.5,12.9,0.2,2011,23.9,19.5,30
120,0.0,281,5,53.5,20110501,0.0,2011-05-01,3.5,5.0,12.7,9.1,2011,22.2,17.9,1
121,0.0,281,5,48.9,20110502,0.0,2011-05-02,1.8,0.0,11.4,9.9,2011,23.6,16.8,2
122,0.0,281,5,46.9,20110503,0.0,2011-05-03,1.9,0.0,11.7,5.4,2011,26.0,17.7,3
123,0.0,281,5,56.6,20110504,0.0,2011-05-04,2.6,0.0,6.4,8.7,2011,20.2,13.9,4
124,0.0,281,5,68.6,20110505,0.0,2011-05-05,2.7,0.0,8.0,9.6,2011,19.1,12.9,5
125,0.0,281,5,71.6,20110506,0.0,2011-05-06,1.2,0.5,5.6,1.8,2011,21.2,14.4,6
126,0.0,281,5,66.6,20110507,0.0,2011-05-07,1.7,1.0,12.8,6.5,2011,27.0,19.4,7
127,0.0,281,5,60.6,20110508,0.0,2011-05-08,1.9,0.0,9.7,7.9,2011,27.8,17.2,8
128,0.0,281,5,73.4,20110509,0.0,2011-05-09,2.6,2.0,11.1,3.3,2011,25.3,20.3,9
129,0.0,281,5,89.1,20110510,0.0,2011-05-10,1.6,67.0,13.6,0.0,2011,24.8,18.1,10
130,0.0,281,5,88.5,20110511,0.0,2011-05-11,1.9,60.0,12.5,0.0,2011,15.1,13.7,11
131,0.0,281,5,77.9,20110512,0.0,2011-05-12,1.6,9.0,11.9,0.0,2011,18.0,14.8,12
132,0.0,281,5,30.1,20110513,0.0,2011-05-13,4.0,0.0,10.2,12.0,2011,24.9,18.0,13
133,0.0,281,5,33.8,20110514,0.0,2011-05-14,3.0,0.0,9.0,11.7,2011,26.1,18.2,14
134,0.0,281,5,43.4,20110515,0.0,2011-05-15,1.9,0.0,6.6,10.5,2011,27.8,18.3,15
135,0.0,281,5,49.9,20110516,0.0,2011-05-16,1.5,0.0,10.6,4.4,2011,24.4,17.3,16
136,0.0,281,5,48.0,20110517,0.0,2011-05-17,1.8,0.0,6.0,12.7,2011,25.2,16.2,17
137,0.0,281,5,53.9,20110518,0.0,2011-05-18,1.5,0.0,7.6,12.2,2011,28.3,18.5,18
138,0.0,281,5,59.1,20110519,0.0,2011-05-19,2.1,0.0,11.4,8.3,2011,27.0,20.1,19
139,0.0,281,5,69.4,20110520,0.0,2011-05-20,1.8,0.0,15.4,4.2,2011,26.8,21.9,20
140,0.0,281,5,68.9,20110521,0.0,2011-05-21,2.4,7.0,13.4,6.0,2011,28.5,20.1,21
141,0.0,281,5,70.1,20110522,0.0,2011-05-22,1.7,3.5,13.1,3.8,2011,21.5,16.3,22
142,0.0,281,5,70.5,20110523,0.0,2011-05-23,1.3,0.1,9.2,0.8,2011,17.8,14.5,23
143,0.0,281,5,62.4,20110524,0.0,2011-05-24,1.4,0.0,6.2,7.5,2011,24.7,15.9,24
144,0.0,281,5,72.0,20110525,0.0,2011-05-25,2.4,0.0,10.5,2.6,2011,19.5,14.7,25
145,0.0,281,5,81.1,20110526,0.0,2011-05-26,1.6,11.0,12.5,0.0,2011,16.1,14.6,26
146,0.0,281,5,87.1,20110527,0.0,2011-05-27,1.0,1.5,14.1,0.0,2011,16.5,15.3,27
147,0.0,281,5,81.4,20110528,0.0,2011-05-28,1.7,0.0,13.3,2.9,2011,19.7,15.7,28
148,0.0,281,5,74.1,20110529,0.0,2011-05-29,1.8,0.0,12.0,4.7,2011,22.8,16.5,29
149,0.0,281,5,72.4,20110530,0.0,2011-05-30,2.1,0.0,12.8,6.3,2011,26.1,16.7,30
150,0.0,281,5,82.5,20110531,0.0,2011-05-31,2.3,1.5,13.6,0.0,2011,16.4,15.1,31
151,0.0,281,6,76.5,20110601,0.0,2011-06-01,1.4,16.0,13.9,2.9,2011,24.0,18.1,1
152,0.0,281,6,80.5,20110602,0.0,2011-06-02,2.2,0.0,15.1,6.1,2011,23.7,17.5,2
153,0.0,281,6,59.3,20110603,0.0,2011-06-03,1.7,0.0,16.3,8.4,2011,28.5,21.8,3
154,0.0,281,6,59.3,20110604,0.0,2011-06-04,2.5,0.0,16.0,6.2,2011,29.8,22.8,4
155,0.0,281,6,58.0,20110605,0.0,2011-06-05,1.6,0.0,15.6,10.2,2011,30.3,22.0,5
156,0.0,281,6,55.1,20110606,0.0,2011-06-06,1.3,0.0,13.0,8.2,2011,29.9,22.3,6
157,0.0,281,6,56.0,20110607,0.0,2011-06-07,1.4,0.0,14.8,11.9,2011,31.0,23.1,7
158,0.0,281,6,52.3,20110608,0.0,2011-06-08,1.7,0.0,15.0,10.9,2011,31.0,24.3,8
159,0.0,281,6,60.0,20110609,0.0,2011-06-09,1.7,0.0,17.3,4.4,2011,29.0,23.6,9
160,0.0,281,6,67.6,20110610,0.0,2011-06-10,1.2,0.4,18.5,1.0,2011,27.3,22.0,10
161,0.0,281,6,61.6,20110611,0.0,2011-06-11,1.7,0.0,16.9,8.6,2011,31.4,22.8,11
162,0.0,281,6,60.9,20110612,0.0,2011-06-12,1.2,0.0,17.4,4.1,2011,29.5,22.4,12
163,0.0,281,6,67.1,20110613,0.0,2011-06-13,2.3,0.0,16.6,7.5,2011,28.1,20.8,13
164,0.0,281,6,64.9,20110614,0.0,2011-06-14,1.5,0.0,15.1,6.9,2011,29.1,22.1,14
165,0.0,281,6,73.6,20110615,0.0,2011-06-15,1.9,0.0,16.5,0.0,2011,25.6,20.8,15
166,0.0,281,6,70.8,20110616,0.0,2011-06-16,2.2,0.0,16.0,9.2,2011,25.6,20.4,16
167,0.0,281,6,67.9,20110617,0.0,2011-06-17,2.0,0.0,13.7,9.1,2011,27.6,21.0,17
168,0.0,281,6,67.8,20110618,0.0,2011-06-18,1.7,4.0,18.5,4.8,2011,26.8,22.0,18
169,0.0,281,6,58.0,20110619,0.0,2011-06-19,2.2,0.0,14.2,13.0,2011,28.5,21.8,19
170,0.0,281,6,66.0,20110620,0.0,2011-06-20,1.6,0.0,18.1,4.6,2011,30.6,23.5,20
171,0.0,281,6,50.0,20110621,0.0,2011-06-21,2.5,0.0,19.4,12.1,2011,34.2,27.6,21
172,0.0,281,6,74.6,20110622,0.0,2011-06-22,1.8,9.5,22.2,1.0,2011,27.4,24.8,22
173,0.0,281,6,64.3,20110623,0.0,2011-06-23,3.7,0.5,23.3,4.7,2011,31.7,28.1,23
174,0.0,281,6,77.3,20110624,0.0,2011-06-24,3.3,1.5,18.5,0.0,2011,28.3,21.8,24
175,0.0,281,6,86.5,20110625,0.0,2011-06-25,2.6,62.0,17.1,0.0,2011,19.7,18.1,25
176,0.0,281,6,88.9,20110626,0.0,2011-06-26,2.4,44.5,17.6,0.0,2011,21.4,19.8,26
177,0.0,281,6,69.5,20110627,0.0,2011-06-27,2.2,0.0,17.8,8.2,2011,27.6,23.3,27
178,0.0,281,6,66.5,20110628,0.0,2011-06-28,1.4,0.0,18.5,7.2,2011,31.5,25.3,28
179,0.0,281,6,66.6,20110629,0.0,2011-06-29,2.2,0.0,22.6,7.0,2011,31.7,27.2,29
180,0.0,281,6,71.0,20110630,0.0,2011-06-30,1.5,1.5,22.9,0.1,2011,30.2,26.2,30
181,0.0,281,7,69.9,20110701,0.0,2011-07-01,2.2,0.0,22.6,7.6,2011,32.4,27.1,1
182,0.0,281,7,71.9,20110702,0.0,2011-07-02,1.3,5.0,22.0,6.1,2011,33.8,27.5,2
183,0.0,281,7,84.8,20110703,0.0,2011-07-03,1.4,34.5,24.0,0.0,2011,27.0,25.4,3
184,0.0,281,7,64.5,20110704,0.0,2011-07-04,2.8,3.0,23.3,8.4,2011,31.5,26.8,4
185,0.0,281,7,64.1,20110705,0.0,2011-07-05,1.5,0.0,19.4,11.3,2011,31.7,25.5,5
186,0.0,281,7,79.3,20110706,0.0,2011-07-06,0.9,0.5,19.2,0.0,2011,25.8,22.0,6
187,0.0,281,7,83.4,20110707,0.0,2011-07-07,0.9,7.5,20.4,0.0,2011,26.2,23.5,7
188,0.0,281,7,68.3,20110708,0.0,2011-07-08,2.3,1.0,25.3,4.3,2011,32.1,27.9,8
189,0.0,281,7,91.1,20110709,0.0,2011-07-09,1.0,141.0,21.4,0.0,2011,25.3,22.9,9
190,0.0,281,7,88.5,20110710,0.0,2011-07-10,1.4,79.0,20.9,0.0,2011,27.0,22.3,10
191,0.0,281,7,81.9,20110711,0.0,2011-07-11,1.4,4.5,19.7,2.5,2011,30.5,23.8,11
192,0.0,281,7,79.3,20110712,0.0,2011-07-12,0.9,0.1,20.3,1.9,2011,30.7,25.2,12
193,0.0,281,7,84.8,20110713,0.0,2011-07-13,0.8,2.5,22.4,0.0,2011,28.2,25.0,13
194,0.0,281,7,76.4,20110714,0.0,2011-07-14,1.2,3.5,23.3,2.5,2011,31.6,26.4,14
195,0.0,281,7,74.3,20110715,0.0,2011-07-15,1.3,5.5,23.1,6.2,2011,32.1,27.0,15
196,0.0,281,7,69.8,20110716,0.0,2011-07-16,1.2,0.0,21.8,8.7,2011,33.9,27.6,16
197,0.0,281,7,70.1,20110717,0.0,2011-07-17,1.6,0.0,21.3,11.5,2011,33.2,26.9,17
198,0.0,281,7,70.6,20110718,0.0,2011-07-18,2.1,0.0,21.9,8.9,2011,30.9,26.5,18
199,0.0,281,7,66.6,20110719,0.0,2011-07-19,4.2,1.0,23.6,5.7,2011,31.3,27.0,19
200,0.0,281,7,66.3,20110720,0.0,2011-07-20,2.6,0.2,20.2,11.4,2011,30.9,25.4,20
201,0.0,281,7,73.0,20110721,0.0,2011-07-21,2.5,0.0,19.3,1.3,2011,25.6,21.3,21
202,0.0,281,7,70.1,20110722,0.0,2011-07-22,1.6,0.0,19.0,0.6,2011,26.1,21.7,22
203,0.0,281,7,75.4,20110723,0.0,2011-07-23,1.1,0.1,19.0,1.4,2011,29.4,23.4,23
204,0.0,281,7,79.3,20110724,0.0,2011-07-24,2.1,0.0,20.9,0.0,2011,24.2,22.3,24
205,0.0,281,7,73.5,20110725,0.0,2011-07-25,2.1,0.0,20.2,4.0,2011,28.6,23.7,25
206,0.0,281,7,72.8,20110726,0.0,2011-07-26,1.2,0.0,20.6,3.6,2011,32.1,26.0,26
207,0.0,281,7,75.3,20110727,0.0,2011-07-27,1.2,0.5,24.3,0.6,2011,30.2,27.1,27
208,0.0,281,7,70.6,20110728,0.0,2011-07-28,1.4,6.0,22.5,3.6,2011,32.9,27.6,28
209,0.0,281,7,72.0,20110729,0.0,2011-07-29,1.6,0.5,23.6,7.7,2011,34.0,27.4,29
210,0.0,281,7,78.8,20110730,0.0,2011-07-30,1.7,0.5,22.8,3.3,2011,32.7,25.8,30
211,0.0,281,7,78.3,20110731,0.0,2011-07-31,1.9,0.5,22.4,2.0,2011,29.8,25.0,31
212,0.0,281,8,83.0,20110801,0.0,2011-08-01,2.4,1.5,22.7,0.2,2011,28.6,24.9,1
213,0.0,281,8,88.4,20110802,0.0,2011-08-02,1.7,19.5,23.6,0.0,2011,25.3,24.5,2
214,0.0,281,8,80.5,20110803,0.0,2011-08-03,1.9,0.0,23.3,3.2,2011,30.7,26.1,3
215,0.0,281,8,72.0,20110804,0.0,2011-08-04,1.3,0.0,21.4,11.0,2011,33.6,27.0,4
216,0.0,281,8,70.4,20110805,0.0,2011-08-05,1.6,0.0,21.4,9.7,2011,32.0,26.5,5
217,0.0,281,8,79.4,20110806,0.0,2011-08-06,2.0,1.0,22.7,3.7,2011,30.6,26.1,6
218,0.0,281,8,70.6,20110807,0.0,2011-08-07,3.5,0.5,25.5,2.4,2011,31.6,27.5,7
219,0.0,281,8,74.8,20110808,0.0,2011-08-08,2.4,48.5,23.6,3.6,2011,31.2,26.7,8
220,0.0,281,8,78.4,20110809,0.0,2011-08-09,1.5,3.5,22.8,0.6,2011,30.4,26.0,9
221,0.0,281,8,81.6,20110810,0.0,2011-08-10,1.7,19.0,23.5,1.0,2011,29.5,26.0,10
222,0.0,281,8,71.1,20110811,0.0,2011-08-11,2.2,0.0,23.4,8.3,2011,33.3,28.1,11
223,0.0,281,8,74.4,20110812,0.0,2011-08-12,1.8,0.5,24.0,6.0,2011,32.9,27.7,12
224,0.0,281,8,73.0,20110813,0.0,2011-08-13,1.6,14.0,22.3,8.7,2011,32.8,26.7,13
225,0.0,281,8,73.0,20110814,0.0,2011-08-14,1.6,0.2,22.9,6.5,2011,32.3,27.6,14
226,0.0,281,8,76.3,20110815,0.0,2011-08-15,1.6,1.0,23.4,4.4,2011,32.7,26.8,15
227,0.0,281,8,73.8,20110816,0.0,2011-08-16,1.5,0.0,22.9,6.7,2011,32.1,27.8,16
228,0.0,281,8,77.4,20110817,0.0,2011-08-17,1.9,1.0,23.1,0.4,2011,31.2,26.2,17
229,0.0,281,8,82.0,20110818,0.0,2011-08-18,2.0,3.5,21.9,0.5,2011,25.3,23.3,18
230,0.0,281,8,86.6,20110819,0.0,2011-08-19,0.8,10.5,19.5,0.0,2011,22.0,20.9,19
231,0.0,281,8,85.3,20110820,0.0,2011-08-20,1.1,3.0,18.9,0.0,2011,23.5,20.6,20
232,0.0,281,8,78.5,20110821,0.0,2011-08-21,1.1,0.1,16.3,2.6,2011,26.2,21.2,21
233,0.0,281,8,85.9,20110822,0.0,2011-08-22,0.7,2.5,16.4,0.0,2011,23.6,20.2,22
234,0.0,281,8,86.5,20110823,0.0,2011-08-23,1.1,2.5,18.2,0.0,2011,24.5,20.2,23
235,0.0,281,8,82.1,20110824,0.0,2011-08-24,1.1,1.0,19.7,0.1,2011,25.2,21.8,24
236,0.0,281,8,79.4,20110825,0.0,2011-08-25,1.1,1.0,19.6,0.0,2011,25.6,22.2,25
237,0.0,281,8,79.3,20110826,0.0,2011-08-26,1.3,0.0,19.7,0.0,2011,26.3,23.2,26
238,0.0,281,8,77.5,20110827,0.0,2011-08-27,1.4,0.0,20.2,1.2,2011,27.2,23.7,27
239,0.0,281,8,79.1,20110828,0.0,2011-08-28,1.3,0.0,19.6,1.6,2011,26.9,23.5,28
240,0.0,281,8,75.3,20110829,0.0,2011-08-29,1.3,0.0,19.2,9.7,2011,30.9,24.6,29
241,0.0,281,8,74.3,20110830,0.0,2011-08-30,1.3,0.0,19.7,8.1,2011,32.0,24.7,30
242,0.0,281,8,71.4,20110831,0.0,2011-08-31,1.2,0.0,21.1,9.7,2011,32.2,25.2,31
243,0.0,281,9,70.5,20110901,0.0,2011-09-01,1.5,0.0,19.6,8.9,2011,32.9,25.2,1
244,0.0,281,9,74.5,20110902,0.0,2011-09-02,1.5,0.0,18.5,0.6,2011,27.7,23.7,2
245,0.0,281,9,61.6,20110903,0.0,2011-09-03,1.6,0.0,22.8,0.8,2011,28.4,24.8,3
246,0.0,281,9,66.5,20110904,0.0,2011-09-04,1.6,0.0,18.8,0.3,2011,28.8,23.8,4
247,0.0,281,9,74.8,20110905,0.0,2011-09-05,1.3,0.0,16.6,3.4,2011,26.8,21.0,5
248,0.0,281,9,64.0,20110906,0.0,2011-09-06,1.5,0.0,16.4,9.4,2011,29.6,22.1,6
249,0.0,281,9,61.8,20110907,0.0,2011-09-07,1.1,0.0,12.5,8.5,2011,29.7,21.2,7
250,0.0,281,9,64.6,20110908,0.0,2011-09-08,1.4,0.0,17.9,3.1,2011,28.8,22.8,8
251,0.0,281,9,62.0,20110909,0.0,2011-09-09,1.6,0.0,19.9,0.4,2011,27.7,22.5,9
252,0.0,281,9,87.3,20110910,0.0,2011-09-10,1.2,18.0,18.3,0.0,2011,20.9,19.5,10
253,0.0,281,9,84.6,20110911,0.0,2011-09-11,1.3,8.5,19.8,0.5,2011,26.9,22.2,11
254,0.0,281,9,82.1,20110912,0.0,2011-09-12,1.6,7.5,21.5,2.9,2011,30.7,24.0,12
255,0.0,281,9,78.8,20110913,0.0,2011-09-13,0.9,0.0,21.4,4.2,2011,31.0,24.9,13
256,0.0,281,9,76.0,20110914,0.0,2011-09-14,0.7,0.0,21.1,6.0,2011,32.7,25.1,14
257,0.0,281,9,74.4,20110915,0.0,2011-09-15,0.9,0.0,19.3,8.6,2011,33.0,24.8,15
258,0.0,281,9,72.3,20110916,0.0,2011-09-16,1.1,0.0,18.5,8.5,2011,32.7,25.3,16
259,0.0,281,9,76.1,20110917,0.0,2011-09-17,1.8,0.0,22.0,0.4,2011,27.7,24.6,17
260,0.0,281,9,73.0,20110918,0.0,2011-09-18,2.1,0.0,19.8,1.4,2011,25.8,21.6,18
261,0.0,281,9,55.3,20110919,0.0,2011-09-19,3.3,0.0,17.4,0.0,2011,20.8,18.8,19
262,0.0,281,9,58.8,20110920,0.0,2011-09-20,3.0,0.0,16.2,0.0,2011,18.4,17.6,20
263,0.0,281,9,56.9,20110921,0.0,2011-09-21,2.2,0.0,9.8,5.0,2011,23.5,17.0,21
264,0.0,281,9,62.8,20110922,0.0,2011-09-22,1.4,0.0,6.2,11.4,2011,24.6,15.0,22
265,0.0,281,9,66.1,20110923,0.0,2011-09-23,1.2,0.0,7.6,10.5,2011,25.8,16.3,23
266,0.0,281,9,68.1,20110924,0.0,2011-09-24,1.1,0.0,10.3,10.6,2011,26.3,18.0,24
267,0.0,281,9,66.1,20110925,0.0,2011-09-25,0.9,0.0,12.3,8.9,2011,27.2,18.7,25
268,0.0,281,9,65.6,20110926,0.0,2011-09-26,1.2,0.0,9.5,9.6,2011,25.8,16.4,26
269,0.0,281,9,69.6,20110927,0.0,2011-09-27,1.5,0.0,8.8,9.4,2011,25.0,17.0,27
270,0.0,281,9,75.3,20110928,0.0,2011-09-28,0.8,0.0,11.1,1.4,2011,22.9,17.5,28
271,0.0,281,9,89.8,20110929,0.0,2011-09-29,0.8,4.0,14.5,0.0,2011,20.0,17.7,29
272,0.0,281,9,55.1,20110930,0.0,2011-09-30,3.5,1.0,12.5,6.4,2011,22.6,17.7,30
273,0.0,281,10,58.3,20111001,0.0,2011-10-01,1.9,0.0,7.0,7.9,2011,21.1,14.0,1
274,0.0,281,10,50.5,20111002,0.0,2011-10-02,2.4,0.0,7.7,6.8,2011,19.9,13.2,2
275,0.0,281,10,66.8,20111003,0.0,2011-10-03,1.0,0.0,3.0,8.6,2011,21.3,10.9,3
276,0.0,281,10,64.9,20111004,0.0,2011-10-04,0.9,0.0,3.4,10.8,2011,22.8,12.8,4
277,0.0,281,10,64.8,20111005,0.0,2011-10-05,0.9,0.0,8.7,5.1,2011,23.4,15.0,5
278,0.0,281,10,54.0,20111006,0.0,2011-10-06,2.2,0.0,7.2,6.7,2011,23.1,15.3,6
279,0.0,281,10,63.9,20111007,0.0,2011-10-07,1.1,0.0,4.7,10.5,2011,22.7,13.1,7
280,0.0,281,10,67.3,20111008,0.0,2011-10-08,0.8,0.0,4.9,10.2,2011,23.6,13.7,8
281,0.0,281,10,73.0,20111009,0.0,2011-10-09,0.7,0.0,6.4,3.1,2011,23.9,14.1,9
282,0.0,281,10,65.9,20111010,0.0,2011-10-10,1.1,0.0,7.2,9.7,2011,26.5,15.9,10
283,0.0,281,10,67.1,20111011,0.0,2011-10-11,0.9,0.0,8.5,8.9,2011,25.3,15.3,11
284,0.0,281,10,67.3,20111012,0.0,2011-10-12,1.1,0.0,6.5,6.2,2011,24.9,15.4,12
285,0.0,281,10,56.4,20111013,0.0,2011-10-13,0.8,0.0,10.2,8.5,2011,26.5,17.3,13
286,0.0,281,10,89.5,20111014,0.0,2011-10-14,1.0,19.0,12.2,0.0,2011,14.6,13.6,14
287,0.0,281,10,70.9,20111015,0.0,2011-10-15,1.7,2.0,13.0,4.1,2011,21.8,17.2,15
288,0.0,281,10,54.8,20111016,0.0,2011-10-16,2.9,0.0,10.2,7.9,2011,21.8,15.5,16
289,0.0,281,10,45.9,20111017,0.0,2011-10-17,2.9,0.0,6.7,10.6,2011,20.5,14.3,17
290,0.0,281,10,59.6,20111018,0.0,2011-10-18,1.4,0.0,1.6,10.5,2011,18.2,9.9,18
291,0.0,281,10,71.5,20111019,0.0,2011-10-19,1.2,0.0,2.8,4.8,2011,20.3,11.5,19
292,0.0,281,10,68.8,20111020,0.0,2011-10-20,1.6,0.0,8.9,7.4,2011,20.9,15.0,20
293,0.0,281,10,87.0,20111021,0.0,2011-10-21,1.0,17.5,9.0,0.0,2011,18.5,14.1,21
294,0.0,281,10,89.4,20111022,0.0,2011-10-22,2.2,36.5,11.7,0.0,2011,16.4,14.0,22
295,0.0,281,10,85.3,20111023,0.0,2011-10-23,0.6,0.0,9.3,1.3,2011,19.2,13.3,23
296,0.0,281,10,79.6,20111024,0.0,2011-10-24,1.6,1.0,12.2,0.3,2011,18.8,14.5,24
297,0.0,281,10,49.9,20111025,0.0,2011-10-25,3.1,0.0,1.0,9.9,2011,13.7,8.3,25
298,0.0,281,10,66.4,20111026,0.0,2011-10-26,0.7,0.0,-1.7,10.3,2011,17.1,6.4,26
299,0.0,281,10,73.9,20111027,0.0,2011-10-27,0.9,0.0,0.8,8.0,2011,19.2,9.4,27
300,0.0,281,10,72.8,20111028,0.0,2011-10-28,0.6,0.0,4.2,7.6,2011,21.3,11.4,28
301,0.0,281,10,78.6,20111029,0.0,2011-10-29,0.5,0.4,7.6,0.0,2011,16.5,13.2,29
302,0.0,281,10,87.6,20111030,0.0,2011-10-30,0.5,0.5,9.0,0.0,2011,16.8,13.4,30
303,0.0,281,10,77.6,20111031,0.0,2011-10-31,1.0,0.0,8.2,4.9,2011,20.8,12.2,31
304,0.0,281,11,76.8,20111101,0.0,2011-11-01,1.1,0.0,7.3,4.1,2011,21.9,14.1,1
305,0.0,281,11,82.9,20111102,0.0,2011-11-02,0.5,0.0,11.1,0.3,2011,20.3,14.8,2
306,0.0,281,11,78.3,20111103,0.0,2011-11-03,1.5,0.0,11.2,4.7,2011,22.3,16.3,3
307,0.0,281,11,76.6,20111104,0.0,2011-11-04,1.3,0.0,11.7,4.2,2011,23.5,17.9,4
308,0.0,281,11,84.3,20111105,0.0,2011-11-05,1.2,23.0,16.2,1.6,2011,23.4,18.6,5
309,0.0,281,11,80.8,20111106,0.0,2011-11-06,0.9,1.5,14.7,0.0,2011,17.8,16.4,6
310,0.0,281,11,78.4,20111107,0.0,2011-11-07,0.7,0.0,12.8,0.9,2011,20.0,15.6,7
311,0.0,281,11,78.9,20111108,0.0,2011-11-08,1.4,1.0,11.6,0.0,2011,15.4,13.5,8
312,0.0,281,11,77.0,20111109,0.0,2011-11-09,1.4,0.0,10.3,0.0,2011,16.0,12.9,9
313,0.0,281,11,70.9,20111110,0.0,2011-11-10,1.4,0.0,8.6,1.0,2011,16.7,12.0,10
314,0.0,281,11,77.0,20111111,0.0,2011-11-11,0.8,0.0,7.6,1.1,2011,18.7,11.8,11
315,0.0,281,11,72.9,20111112,0.0,2011-11-12,1.8,0.0,5.7,3.5,2011,17.8,10.7,12
316,0.0,281,11,55.0,20111113,0.0,2011-11-13,2.1,0.0,7.9,3.8,2011,17.7,12.6,13
317,0.0,281,11,43.3,20111114,0.0,2011-11-14,2.9,0.0,2.3,8.0,2011,14.7,8.7,14
318,0.0,281,11,46.6,20111115,0.0,2011-11-15,1.7,0.0,-0.2,6.9,2011,14.7,6.4,15
319,0.0,281,11,59.0,20111116,0.0,2011-11-16,0.9,0.0,-2.7,7.9,2011,17.0,6.3,16
320,0.0,281,11,71.5,20111117,0.0,2011-11-17,0.4,0.0,1.5,0.7,2011,14.3,9.2,17
321,0.0,281,11,90.6,20111118,0.0,2011-11-18,0.4,12.0,9.7,0.0,2011,15.2,12.8,18
322,0.0,281,11,74.1,20111119,0.0,2011-11-19,3.0,4.5,9.2,1.6,2011,19.6,14.3,19
323,0.0,281,11,37.8,20111120,0.0,2011-11-20,4.8,0.0,1.6,7.8,2011,9.1,4.5,20
324,0.0,281,11,40.5,20111121,0.0,2011-11-21,2.9,0.0,-2.3,7.8,2011,8.7,2.4,21
325,0.0,281,11,60.9,20111122,0.0,2011-11-22,0.9,0.0,-4.7,5.3,2011,9.5,3.4,22
326,0.0,281,11,71.1,20111123,0.0,2011-11-23,3.0,1.0,2.0,0.9,2011,10.3,4.8,23
327,0.0,281,11,40.0,20111124,0.0,2011-11-24,4.2,0.0,-1.2,7.8,2011,6.3,2.2,24
328,0.0,281,11,55.6,20111125,0.0,2011-11-25,2.3,0.0,-2.9,7.3,2011,9.7,2.3,25
329,0.0,281,11,68.5,20111126,0.0,2011-11-26,0.7,0.0,-5.2,7.7,2011,13.1,3.5,26
330,0.0,281,11,74.9,20111127,0.0,2011-11-27,0.6,0.0,-0.8,6.7,2011,18.6,7.4,27
331,0.0,281,11,84.5,20111128,0.0,2011-11-28,0.6,0.0,3.2,0.1,2011,14.7,8.3,28
332,0.0,281,11,81.6,20111129,0.0,2011-11-29,1.0,0.0,6.9,3.0,2011,18.7,12.4,29
333,0.0,281,11,80.1,20111130,0.0,2011-11-30,2.4,15.0,5.3,0.0,2011,12.3,9.2,30
334,0.0,281,12,72.6,20111201,0.0,2011-12-01,2.4,0.5,2.9,0.0,2011,7.1,5.4,1
335,0.0,281,12,83.8,20111202,0.0,2011-12-02,1.4,4.0,1.3,0.2,2011,9.1,5.6,2
336,0.0,281,12,81.5,20111203,0.0,2011-12-03,2.3,9.5,2.6,0.2,2011,9.3,6.3,3
337,0.0,281,12,64.3,20111204,0.0,2011-12-04,2.6,0.0,0.7,6.8,2011,10.8,5.2,4
338,0.0,281,12,51.9,20111205,0.0,2011-12-05,1.5,0.0,-2.3,7.6,2011,9.7,3.2,5
339,0.0,281,12,75.4,20111206,0.0,2011-12-06,1.4,0.5,-0.4,0.0,2011,6.8,3.3,6
340,0.0,281,12,48.4,20111207,0.0,2011-12-07,2.0,0.0,3.2,2.5,2011,10.7,6.5,7
341,0.0,281,12,50.0,20111208,0.0,2011-12-08,3.3,0.0,-0.4,3.9,2011,9.6,4.5,8
342,0.0,281,12,49.9,20111209,0.0,2011-12-09,3.3,0.0,-2.7,3.0,2011,4.8,-0.2,9
343,0.0,281,12,50.4,20111210,0.0,2011-12-10,3.5,0.0,-4.1,7.1,2011,4.2,-0.3,10
344,0.0,281,12,60.1,20111211,0.0,2011-12-11,3.1,0.0,-1.8,6.9,2011,8.7,3.3,11
345,0.0,281,12,59.6,20111212,0.0,2011-12-12,2.1,0.0,-0.9,2.6,2011,10.4,4.9,12
346,0.0,281,12,68.8,20111213,0.0,2011-12-13,0.6,0.0,-5.6,7.2,2011,11.3,2.0,13
347,0.0,281,12,66.0,20111214,0.0,2011-12-14,1.5,0.0,-5.3,6.5,2011,12.2,3.7,14
348,0.0,281,12,36.9,20111215,0.0,2011-12-15,4.0,0.0,-3.7,3.4,2011,6.7,1.0,15
349,0.0,281,12,38.4,20111216,0.0,2011-12-16,3.9,0.0,-6.9,7.6,2011,0.5,-3.5,16
350,0.0,281,12,45.4,20111217,0.0,2011-12-17,3.4,0.0,-8.1,7.6,2011,1.7,-3.5,17
351,0.0,281,12,48.3,20111218,0.0,2011-12-18,2.5,0.0,-6.8,2.6,2011,5.0,-0.4,18
352,0.0,281,12,45.6,20111219,0.0,2011-12-19,2.9,0.0,-5.2,7.4,2011,5.3,0.1,19
353,0.0,281,12,43.4,20111220,0.0,2011-12-20,1.8,0.0,-7.3,7.6,2011,6.2,-0.1,20
354,0.0,281,12,59.1,20111221,0.0,2011-12-21,1.2,0.0,-3.3,2.1,2011,7.9,1.4,21
355,0.0,281,12,36.3,20111222,0.0,2011-12-22,4.1,0.0,-6.4,7.2,2011,3.2,-0.9,22
356,0.0,281,12,29.1,20111223,0.0,2011-12-23,3.0,0.0,-8.7,7.6,2011,1.3,-3.9,23
357,0.0,281,12,46.3,20111224,0.0,2011-12-24,3.3,0.0,-10.2,6.5,2011,2.8,-3.8,24
358,0.0,281,12,33.3,20111225,0.0,2011-12-25,5.4,0.0,-6.5,7.5,2011,1.1,-3.3,25
359,0.0,281,12,30.1,20111226,0.0,2011-12-26,3.1,0.0,-7.8,7.5,2011,1.1,-4.1,26
360,0.0,281,12,34.5,20111227,0.0,2011-12-27,1.7,0.0,-8.3,7.5,2011,4.2,-3.4,27
361,0.0,281,12,58.5,20111228,0.0,2011-12-28,1.1,0.0,-9.4,7.0,2011,6.7,-2.7,28
362,0.0,281,12,59.3,20111229,0.0,2011-12-29,1.3,0.0,-6.1,5.5,2011,7.6,-1.1,29
363,0.0,281,12,63.8,20111230,0.0,2011-12-30,0.7,0.0,-6.4,1.9,2011,6.2,-1.5,30
364,0.0,281,12,55.4,20111231,0.0,2011-12-31,1.4,0.0,-10.3,7.3,2011,5.5,-2.0,31
