,cloud,station_id,month,humid,date,snow,Date,wind,rainfall,tmin,sunshine,year,tmax,tavg,day
0,5.0,281,1,69.8,20210101,0.0,2021-01-01,1.7,0.0,-9.0,3.8,2021,2.6,-2.7,1
1,0.6,281,1,52.5,20210102,0.0,2021-01-02,2.7,0.0,-7.2,7.0,2021,2.4,-1.9,2
2,6.1,281,1,42.3,20210103,0.0,2021-01-03,2.9,0.0,-5.0,5.9,2021,1.6,-1.8,3
3,1.5,281,1,57.1,20210104,0.0,2021-01-04,1.2,0.0,-8.0,7.1,2021,4.6,-2.2,4
4,4.6,281,1,50.4,20210105,0.0,2021-01-05,2.8,0.0,-5.9,5.2,2021,3.2,-1.7,5
5,2.4,281,1,49.6,20210106,0.0,2021-01-06,2.5,0.0,-9.4,7.3,2021,0.4,-5.0,6
6,2.3,281,1,37.9,20210107,0.0,2021-01-07,4.6,0.0,-12.9,7.3,2021,-2.7,-8.9,7
7,0.0,281,1,38.6,20210108,0.0,2021-01-08,3.6,0.0,-13.6,7.3,2021,-5.9,-10.3,8
8,0.6,281,1,45.3,20210109,0.0,2021-01-09,3.6,0.0,-13.0,6.7,2021,-3.3,-8.4,9
9,0.5,281,1,51.5,20210110,0.0,2021-01-10,2.0,0.0,-13.4,7.2,2021,1.0,-5.7,10
10,7.5,281,1,63.0,20210111,0.0,2021-01-11,1.1,0.0,-10.7,1.8,2021,-0.6,-5.4,11
11,2.0,281,1,61.5,20210112,0.0,2021-01-12,1.2,0.0,-11.2,6.4,2021,4.3,-3.7,12
12,0.0,281,1,60.1,20210113,0.0,2021-01-13,1.3,0.0,-8.4,6.9,2021,10.7,1.2,13
13,0.0,281,1,58.5,20210114,0.0,2021-01-14,0.9,0.0,-4.2,7.4,2021,12.2,2.7,14
14,7.8,281,1,63.0,20210115,0.0,2021-01-15,1.5,0.0,-1.8,4.0,2021,15.7,7.1,15
15,3.8,281,1,42.1,20210116,0.0,2021-01-16,3.5,0.0,-3.2,7.2,2021,7.8,1.6,16
16,2.6,281,1,40.5,20210117,0.0,2021-01-17,3.1,0.0,-6.3,7.0,2021,1.4,-3.4,17
17,4.0,281,1,62.9,20210118,0.0,2021-01-18,2.4,0.0,-10.6,3.5,2021,3.1,-3.5,18
18,0.3,281,1,41.3,20210119,0.0,2021-01-19,1.4,0.0,-9.6,7.6,2021,2.5,-3.8,19
19,1.8,281,1,52.4,20210120,0.0,2021-01-20,0.6,0.0,-11.5,7.6,2021,8.5,-2.9,20
20,5.3,281,1,69.5,20210121,0.0,2021-01-21,0.7,0.8,-7.6,5.6,2021,12.4,2.8,21
21,7.3,281,1,85.3,20210122,0.0,2021-01-22,0.5,0.0,4.3,0.0,2021,11.6,8.0,22
22,9.5,281,1,79.4,20210123,0.0,2021-01-23,2.4,1.0,7.0,0.0,2021,11.2,8.7,23
23,8.4,281,1,70.4,20210124,0.0,2021-01-24,1.3,0.0,5.3,0.1,2021,10.4,8.0,24
24,6.5,281,1,74.0,20210125,0.0,2021-01-25,1.5,0.0,1.7,4.3,2021,11.5,6.4,25
25,8.4,281,1,88.4,20210126,0.0,2021-01-26,1.4,10.1,3.7,0.0,2021,6.6,5.6,26
26,6.5,281,1,58.4,20210127,0.0,2021-01-27,2.0,0.0,0.5,6.7,2021,9.8,4.7,27
27,6.3,281,1,66.3,20210128,0.0,2021-01-28,3.2,0.0,-5.0,4.7,2021,10.3,0.3,28
28,0.0,281,1,37.8,20210129,0.0,2021-01-29,5.3,0.0,-8.5,7.8,2021,-0.4,-5.1,29
29,3.0,281,1,46.5,20210130,0.0,2021-01-30,2.3,0.0,-9.5,7.0,2021,8.8,0.5,30
30,2.5,281,1,53.9,20210131,0.0,2021-01-31,0.8,0.0,-6.7,7.7,2021,12.1,2.6,31
31,9.4,281,2,85.0,20210201,0.0,2021-02-01,1.2,10.1,2.1,0.0,2021,10.2,6.5,1
32,0.9,281,2,34.0,20210202,0.0,2021-02-02,5.0,0.0,-4.2,8.0,2021,6.8,-0.8,2
33,1.1,281,2,42.8,20210203,0.0,2021-02-03,2.5,0.0,-6.0,8.0,2021,4.2,-1.9,3
34,1.9,281,2,35.6,20210204,0.0,2021-02-04,3.3,0.0,-5.8,8.1,2021,5.8,1.6,4
35,6.3,281,2,36.3,20210205,0.0,2021-02-05,1.4,0.0,-6.4,4.9,2021,8.4,2.7,5
36,0.0,281,2,60.4,20210206,0.0,2021-02-06,1.0,0.0,-5.6,8.2,2021,14.2,3.0,6
37,1.4,281,2,55.6,20210207,0.0,2021-02-07,2.1,0.0,-2.2,7.8,2021,13.7,5.4,7
38,0.0,281,2,33.8,20210208,0.0,2021-02-08,3.7,0.0,-3.3,8.6,2021,5.5,0.4,8
39,0.1,281,2,34.1,20210209,0.0,2021-02-09,3.1,0.0,-4.3,8.8,2021,7.2,1.3,9
40,0.0,281,2,50.4,20210210,0.0,2021-02-10,2.4,0.0,-3.5,8.6,2021,10.4,3.8,10
41,7.0,281,2,66.4,20210211,0.0,2021-02-11,1.1,0.0,-2.2,6.6,2021,12.3,5.0,11
42,3.9,281,2,62.9,20210212,0.0,2021-02-12,0.8,0.0,-1.8,7.4,2021,15.8,5.5,12
43,0.0,281,2,57.8,20210213,0.0,2021-02-13,0.7,0.0,-3.5,9.0,2021,17.7,5.7,13
44,8.3,281,2,81.4,20210214,0.0,2021-02-14,0.5,4.6,0.2,0.7,2021,13.3,7.0,14
45,2.9,281,2,64.1,20210215,0.0,2021-02-15,3.8,0.4,-2.0,4.4,2021,9.9,5.2,15
46,1.5,281,2,50.1,20210216,0.0,2021-02-16,3.5,0.0,-4.1,7.2,2021,6.3,-0.7,16
47,3.4,281,2,40.3,20210217,0.0,2021-02-17,5.4,0.0,-6.8,9.2,2021,-1.4,-5.0,17
48,0.4,281,2,45.4,20210218,0.0,2021-02-18,3.5,0.0,-9.0,9.0,2021,0.4,-4.3,18
49,0.0,281,2,44.9,20210219,0.0,2021-02-19,2.5,0.0,-4.5,9.1,2021,12.0,3.5,19
50,0.0,281,2,53.4,20210220,0.0,2021-02-20,2.0,0.0,-0.6,8.8,2021,19.7,9.6,20
51,0.1,281,2,49.4,20210221,0.0,2021-02-21,2.1,0.0,-0.9,8.9,2021,23.6,12.3,21
52,0.9,281,2,40.3,20210222,0.0,2021-02-22,2.8,0.0,4.2,9.0,2021,22.8,13.1,22
53,2.9,281,2,23.5,20210223,0.0,2021-02-23,2.5,0.0,0.0,9.1,2021,11.7,5.2,23
54,6.8,281,2,57.1,20210224,0.0,2021-02-24,1.4,0.0,-1.9,6.0,2021,11.2,3.4,24
55,9.5,281,2,81.6,20210225,0.0,2021-02-25,0.7,0.4,-2.3,0.1,2021,10.4,4.2,25
56,8.5,281,2,65.4,20210226,0.0,2021-02-26,2.6,0.0,4.1,7.1,2021,11.9,8.0,26
57,8.6,281,2,60.6,20210227,0.0,2021-02-27,3.1,0.0,4.4,0.2,2021,8.5,6.6,27
58,7.4,281,2,75.1,20210228,0.0,2021-02-28,1.1,0.0,0.7,3.4,2021,14.5,7.2,28
59,9.6,281,3,95.1,20210301,0.0,2021-03-01,1.6,41.1,3.1,0.0,2021,12.3,7.4,1
60,7.5,281,3,86.4,20210302,0.0,2021-03-02,0.8,11.3,-0.2,0.2,2021,5.1,1.8,2
61,4.9,281,3,73.6,20210303,0.0,2021-03-03,0.7,0.0,-3.1,7.3,2021,9.3,3.2,3
62,9.1,281,3,81.9,20210304,0.0,2021-03-04,0.8,0.0,-1.0,0.6,2021,11.7,5.7,4
63,5.9,281,3,70.6,20210305,0.0,2021-03-05,1.1,0.0,3.3,7.6,2021,17.9,9.3,5
64,6.0,281,3,77.1,20210306,0.0,2021-03-06,3.0,0.0,2.7,1.9,2021,8.5,5.3,6
65,6.4,281,3,73.1,20210307,0.0,2021-03-07,1.3,0.0,0.9,0.2,2021,8.2,4.7,7
66,1.9,281,3,74.8,20210308,0.0,2021-03-08,1.5,0.0,-2.5,9.9,2021,13.2,4.6,8
67,6.8,281,3,62.1,20210309,0.0,2021-03-09,1.5,0.0,-0.4,6.8,2021,14.7,7.4,9
68,0.0,281,3,58.1,20210310,0.0,2021-03-10,2.2,0.0,-0.1,10.6,2021,13.1,6.8,10
69,6.8,281,3,58.9,20210311,0.0,2021-03-11,0.9,0.0,-1.7,7.9,2021,18.6,8.3,11
70,9.5,281,3,85.1,20210312,0.0,2021-03-12,1.4,16.0,6.9,0.0,2021,10.2,8.7,12
71,2.0,281,3,76.9,20210313,0.0,2021-03-13,1.2,0.0,1.8,9.5,2021,15.2,7.9,13
72,3.1,281,3,73.0,20210314,0.0,2021-03-14,1.4,0.0,0.8,8.1,2021,17.1,8.5,14
73,5.8,281,3,64.1,20210315,0.0,2021-03-15,1.6,0.0,0.9,8.9,2021,18.6,11.0,15
74,4.3,281,3,48.6,20210316,0.0,2021-03-16,2.5,0.0,6.3,10.1,2021,19.8,14.0,16
75,1.6,281,3,69.4,20210317,0.0,2021-03-17,1.6,0.0,0.3,10.5,2021,16.5,8.4,17
76,5.6,281,3,76.1,20210318,0.0,2021-03-18,1.7,0.0,1.9,5.0,2021,15.2,8.1,18
77,7.8,281,3,67.9,20210319,0.0,2021-03-19,2.1,0.0,5.5,4.1,2021,14.7,10.1,19
78,8.6,281,3,91.9,20210320,0.0,2021-03-20,1.1,5.9,6.4,0.0,2021,10.8,8.9,20
79,6.5,281,3,58.3,20210321,0.0,2021-03-21,4.2,0.0,4.4,7.2,2021,11.5,8.3,21
80,2.1,281,3,39.4,20210322,0.0,2021-03-22,0.0,0.0,2.5,10.7,2021,12.9,7.4,22
81,0.0,281,3,37.9,20210323,0.0,2021-03-23,2.5,0.0,2.0,11.2,2021,19.0,10.8,23
82,5.9,281,3,49.1,20210324,0.0,2021-03-24,1.2,0.0,1.0,4.8,2021,17.5,9.9,24
83,1.8,281,3,50.6,20210325,0.0,2021-03-25,1.3,0.0,1.9,11.3,2021,22.0,12.8,25
84,4.9,281,3,52.4,20210326,0.0,2021-03-26,1.4,0.0,3.5,9.8,2021,22.8,13.2,26
85,9.1,281,3,85.3,20210327,0.0,2021-03-27,0.8,11.7,5.0,0.1,2021,17.6,12.0,27
86,4.8,281,3,76.0,20210328,0.0,2021-03-28,2.3,13.7,8.7,7.0,2021,19.2,14.5,28
87,4.6,281,3,48.4,20210329,0.0,2021-03-29,3.0,0.0,6.8,6.5,2021,19.3,13.7,29
88,3.6,281,3,37.9,20210330,0.0,2021-03-30,2.2,0.0,6.1,10.1,2021,20.6,13.2,30
89,3.5,281,3,63.0,20210331,0.0,2021-03-31,1.4,0.0,1.4,10.6,2021,22.0,11.3,31
90,7.1,281,4,63.0,20210401,0.0,2021-04-01,3.0,0.0,4.3,6.8,2021,17.7,11.8,1
91,8.8,281,4,66.8,20210402,0.0,2021-04-02,3.1,0.0,11.8,3.5,2021,17.9,13.6,2
92,9.1,281,4,89.3,20210403,0.0,2021-04-03,1.2,31.6,9.5,0.0,2021,19.0,13.4,3
93,8.3,281,4,80.0,20210404,0.0,2021-04-04,2.2,23.9,6.2,0.0,2021,11.9,9.2,4
94,0.3,281,4,67.3,20210405,0.0,2021-04-05,1.7,0.0,0.4,11.7,2021,15.7,8.0,5
95,3.4,281,4,52.8,20210406,0.0,2021-04-06,1.9,0.0,0.9,9.3,2021,20.6,11.8,6
96,1.9,281,4,44.1,20210407,0.0,2021-04-07,1.7,0.0,7.1,11.2,2021,22.4,14.5,7
97,2.7,281,4,60.5,20210408,0.0,2021-04-08,1.6,0.0,5.1,11.1,2021,21.1,11.6,8
98,5.1,281,4,74.4,20210409,0.0,2021-04-09,2.0,0.2,2.6,3.0,2021,12.4,7.3,9
99,1.1,281,4,66.3,20210410,0.0,2021-04-10,1.4,0.0,-0.3,11.7,2021,17.4,8.3,10
100,1.0,281,4,54.9,20210411,0.0,2021-04-11,1.3,0.0,1.2,11.7,2021,21.3,11.6,11
101,9.9,281,4,86.1,20210412,0.0,2021-04-12,0.7,10.3,7.5,0.0,2021,13.6,11.4,12
102,5.1,281,4,64.6,20210413,0.0,2021-04-13,3.3,0.1,7.8,8.5,2021,19.6,14.9,13
103,3.3,281,4,40.4,20210414,0.0,2021-04-14,3.1,0.0,5.0,10.4,2021,17.3,10.7,14
104,3.6,281,4,48.8,20210415,0.0,2021-04-15,1.4,0.0,1.5,10.9,2021,18.3,10.5,15
105,5.6,281,4,64.6,20210416,0.0,2021-04-16,1.5,0.0,2.8,4.6,2021,20.5,12.3,16
106,4.8,281,4,46.1,20210417,0.0,2021-04-17,2.5,0.0,7.4,6.6,2021,19.5,12.7,17
107,2.0,281,4,44.1,20210418,0.0,2021-04-18,3.1,0.0,6.3,8.3,2021,17.3,11.5,18
108,0.3,281,4,34.6,20210419,0.0,2021-04-19,3.0,0.0,7.1,12.1,2021,22.7,15.6,19
109,1.6,281,4,40.1,20210420,0.0,2021-04-20,2.4,0.0,10.2,11.6,2021,25.8,17.3,20
110,3.3,281,4,58.5,20210421,0.0,2021-04-21,1.3,0.0,7.3,10.6,2021,27.7,17.2,21
111,8.8,281,4,52.0,20210422,0.0,2021-04-22,2.2,0.0,11.6,5.7,2021,26.8,18.0,22
112,9.9,281,4,54.3,20210423,0.0,2021-04-23,2.4,0.0,13.1,0.0,2021,18.4,15.1,23
113,7.6,281,4,58.8,20210424,0.0,2021-04-24,1.8,0.0,9.8,7.1,2021,20.8,14.9,24
114,2.6,281,4,61.9,20210425,0.0,2021-04-25,2.6,0.0,8.0,11.3,2021,18.1,12.9,25
115,3.4,281,4,60.1,20210426,0.0,2021-04-26,1.5,0.0,2.9,12.0,2021,19.8,11.7,26
116,7.9,281,4,48.0,20210427,0.0,2021-04-27,1.4,0.0,5.2,7.0,2021,22.7,14.7,27
117,7.6,281,4,45.8,20210428,0.0,2021-04-28,1.6,0.0,9.3,8.3,2021,23.8,17.0,28
118,8.3,281,4,61.5,20210429,0.0,2021-04-29,1.6,0.0,11.5,4.8,2021,21.6,15.0,29
119,6.3,281,4,50.0,20210430,0.0,2021-04-30,3.0,0.4,11.7,8.9,2021,21.9,16.1,30
120,8.6,281,5,75.9,20210501,0.0,2021-05-01,2.6,7.6,8.7,1.6,2021,15.3,11.0,1
121,5.9,281,5,66.8,20210502,0.0,2021-05-02,2.4,0.0,7.2,7.5,2021,19.6,12.2,2
122,2.0,281,5,56.9,20210503,0.0,2021-05-03,1.5,0.0,3.8,12.0,2021,23.3,15.0,3
123,9.8,281,5,80.8,20210504,0.0,2021-05-04,1.3,5.7,9.4,0.6,2021,19.3,16.0,4
124,3.5,281,5,46.3,20210505,0.0,2021-05-05,3.1,2.0,12.0,11.5,2021,23.4,17.6,5
125,5.4,281,5,43.9,20210506,0.0,2021-05-06,1.3,0.0,4.1,9.6,2021,24.9,15.7,6
126,5.6,281,5,54.1,20210507,0.0,2021-05-07,2.2,0.3,8.4,6.2,2021,25.1,16.3,7
127,0.9,281,5,48.9,20210508,0.0,2021-05-08,2.2,0.0,4.3,11.7,2021,25.0,16.6,8
128,0.8,281,5,36.4,20210509,0.0,2021-05-09,3.2,0.0,11.3,12.6,2021,24.3,18.0,9
129,8.4,281,5,83.3,20210510,0.0,2021-05-10,0.9,5.5,8.0,0.5,2021,14.8,11.6,10
130,10.0,281,5,80.4,20210511,0.0,2021-05-11,1.6,1.5,11.9,0.4,2021,17.6,14.1,11
131,4.5,281,5,73.8,20210512,0.0,2021-05-12,2.1,0.0,9.4,9.0,2021,21.3,15.0,12
132,2.8,281,5,62.4,20210513,0.0,2021-05-13,1.4,0.0,8.8,12.5,2021,28.3,18.0,13
133,6.0,281,5,70.6,20210514,0.0,2021-05-14,1.8,0.0,11.2,10.9,2021,28.3,19.6,14
134,8.9,281,5,89.9,20210515,0.0,2021-05-15,0.9,2.6,16.8,0.0,2021,22.4,19.6,15
135,10.0,281,5,95.8,20210516,0.0,2021-05-16,1.4,25.3,12.6,0.0,2021,23.8,18.6,16
136,7.8,281,5,97.5,20210517,0.0,2021-05-17,1.6,12.5,12.7,0.0,2021,15.4,13.8,17
137,7.8,281,5,88.8,20210518,0.0,2021-05-18,0.6,0.1,13.2,3.1,2021,21.5,16.3,18
138,5.4,281,5,67.5,20210519,0.0,2021-05-19,1.1,0.0,12.6,9.9,2021,28.6,20.2,19
139,9.6,281,5,91.9,20210520,0.0,2021-05-20,1.0,8.7,14.2,0.0,2021,17.4,15.3,20
140,7.4,281,5,85.5,20210521,0.0,2021-05-21,1.2,0.4,14.3,0.2,2021,19.6,16.0,21
141,1.6,281,5,66.5,20210522,0.0,2021-05-22,2.3,0.0,12.9,11.7,2021,26.5,19.9,22
142,5.5,281,5,63.3,20210523,0.0,2021-05-23,1.2,0.0,12.5,8.6,2021,30.3,21.6,23
143,7.5,281,5,63.0,20210524,0.0,2021-05-24,1.5,1.0,14.4,5.1,2021,26.7,20.5,24
144,4.3,281,5,58.4,20210525,0.0,2021-05-25,2.1,0.3,9.5,6.0,2021,23.0,15.6,25
145,9.5,281,5,53.1,20210526,0.0,2021-05-26,1.1,0.0,8.1,2.5,2021,23.7,16.7,26
146,5.6,281,5,63.5,20210527,0.0,2021-05-27,1.9,0.0,14.2,3.9,2021,23.9,17.8,27
147,2.8,281,5,81.8,20210528,0.0,2021-05-28,1.3,16.6,8.3,9.2,2021,27.0,14.8,28
148,5.8,281,5,58.6,20210529,0.0,2021-05-29,2.3,0.0,13.5,9.5,2021,25.6,19.0,29
149,1.8,281,5,64.6,20210530,0.0,2021-05-30,1.5,0.0,10.7,12.8,2021,26.6,18.6,30
150,6.9,281,5,77.4,20210531,0.0,2021-05-31,1.6,3.6,14.8,4.0,2021,25.4,18.8,31
151,5.3,281,6,70.1,20210601,0.0,2021-06-01,1.0,0.0,13.0,11.0,2021,28.6,20.9,1
152,6.6,281,6,68.8,20210602,0.0,2021-06-02,0.9,0.0,15.3,7.9,2021,29.8,22.1,2
153,9.1,281,6,93.8,20210603,0.0,2021-06-03,1.0,13.1,14.3,0.3,2021,19.5,18.0,3
154,6.8,281,6,67.0,20210604,0.0,2021-06-04,2.1,2.5,15.0,10.4,2021,25.8,19.7,4
155,3.9,281,6,63.1,20210605,0.0,2021-06-05,1.9,0.0,10.0,12.1,2021,29.4,21.4,5
156,4.0,281,6,66.4,20210606,0.0,2021-06-06,1.3,0.2,17.8,9.8,2021,28.9,23.1,6
157,3.6,281,6,69.1,20210607,0.0,2021-06-07,1.1,0.0,16.0,8.7,2021,30.1,23.2,7
158,5.4,281,6,66.0,20210608,0.0,2021-06-08,1.6,0.0,18.1,10.3,2021,30.0,23.0,8
159,4.3,281,6,64.4,20210609,0.0,2021-06-09,1.9,0.0,17.2,11.6,2021,29.9,23.1,9
160,8.1,281,6,64.9,20210610,0.0,2021-06-10,1.1,0.0,15.4,4.4,2021,29.8,23.0,10
161,8.6,281,6,92.0,20210611,0.0,2021-06-11,0.9,6.4,19.7,0.8,2021,24.3,21.1,11
162,7.5,281,6,83.4,20210612,0.0,2021-06-12,1.5,0.0,18.3,1.2,2021,26.9,22.7,12
163,5.1,281,6,78.6,20210613,0.0,2021-06-13,1.7,0.0,20.3,9.2,2021,29.8,24.0,13
164,7.0,281,6,80.8,20210614,0.0,2021-06-14,2.0,0.0,20.1,2.8,2021,26.5,22.2,14
165,8.5,281,6,88.3,20210615,0.0,2021-06-15,1.8,3.1,19.1,0.0,2021,22.7,20.6,15
166,8.0,281,6,83.9,20210616,0.0,2021-06-16,2.8,0.4,17.8,0.1,2021,22.0,19.5,16
167,9.7,281,6,81.3,20210617,0.0,2021-06-17,1.3,0.1,17.4,0.0,2021,21.2,19.0,17
168,8.6,281,6,84.9,20210618,0.0,2021-06-18,0.9,1.7,17.3,0.4,2021,25.8,20.9,18
169,3.5,281,6,66.6,20210619,0.0,2021-06-19,1.8,0.0,17.6,11.5,2021,29.3,23.0,19
170,5.3,281,6,64.3,20210620,0.0,2021-06-20,1.4,0.0,15.2,9.6,2021,32.6,23.7,20
171,5.0,281,6,72.3,20210621,0.0,2021-06-21,2.3,0.0,16.6,8.0,2021,30.1,21.5,21
172,7.5,281,6,77.8,20210622,0.0,2021-06-22,1.7,0.1,15.0,0.7,2021,23.2,19.3,22
173,8.3,281,6,80.9,20210623,0.0,2021-06-23,1.8,0.2,16.2,0.3,2021,22.1,19.2,23
174,6.8,281,6,73.5,20210624,0.0,2021-06-24,1.3,0.0,17.7,4.5,2021,27.3,21.7,24
175,5.9,281,6,74.5,20210625,0.0,2021-06-25,1.5,0.0,16.0,8.7,2021,30.3,22.7,25
176,8.4,281,6,80.0,20210626,0.0,2021-06-26,1.1,0.9,18.9,2.5,2021,26.9,21.8,26
177,5.5,281,6,74.3,20210627,0.0,2021-06-27,1.8,0.0,16.3,10.8,2021,28.7,22.2,27
178,7.1,281,6,74.8,20210628,0.0,2021-06-28,2.0,0.0,18.7,6.2,2021,27.0,22.5,28
179,6.4,281,6,72.9,20210629,0.0,2021-06-29,1.8,0.0,17.4,7.4,2021,28.7,23.1,29
180,6.7,281,6,75.6,20210630,0.0,2021-06-30,1.8,0.0,19.9,1.8,2021,28.4,23.1,30
181,3.8,281,7,68.9,20210701,0.0,2021-07-01,1.6,0.0,16.8,11.8,2021,30.9,23.4,1
182,7.0,281,7,77.1,20210702,0.0,2021-07-02,1.7,0.0,17.1,2.3,2021,27.7,22.7,2
183,8.6,281,7,89.8,20210703,0.0,2021-07-03,2.2,32.7,20.5,0.0,2021,23.4,21.5,3
184,8.9,281,7,74.8,20210704,0.0,2021-07-04,2.1,15.7,21.0,6.8,2021,30.8,26.3,4
185,10.0,281,7,79.8,20210705,0.0,2021-07-05,1.5,18.7,20.3,0.8,2021,25.9,23.1,5
186,10.0,281,7,96.4,20210706,0.0,2021-07-06,0.9,25.6,20.2,0.0,2021,24.5,22.0,6
187,10.0,281,7,97.4,20210707,0.0,2021-07-07,0.5,50.4,21.7,0.0,2021,26.1,23.6,7
188,9.1,281,7,88.4,20210708,0.0,2021-07-08,1.3,35.9,21.8,0.6,2021,27.8,23.6,8
189,8.4,281,7,92.5,20210709,0.0,2021-07-09,1.4,37.7,21.4,3.4,2021,27.5,23.1,9
190,7.0,281,7,85.8,20210710,0.0,2021-07-10,1.1,40.2,19.7,4.4,2021,31.0,23.8,10
191,7.4,281,7,82.9,20210711,0.0,2021-07-11,1.2,2.7,19.5,8.6,2021,31.9,24.7,11
192,5.1,281,7,77.4,20210712,0.0,2021-07-12,1.1,0.0,21.0,10.5,2021,33.3,26.7,12
193,5.0,281,7,74.5,20210713,0.0,2021-07-13,1.0,0.0,21.7,10.6,2021,33.8,27.8,13
194,3.4,281,7,75.9,20210714,0.0,2021-07-14,1.1,0.0,22.6,9.9,2021,33.8,28.2,14
195,4.9,281,7,83.1,20210715,0.0,2021-07-15,1.5,0.0,22.7,8.2,2021,31.9,26.3,15
196,5.8,281,7,79.3,20210716,0.0,2021-07-16,1.9,0.4,21.8,11.2,2021,31.0,25.9,16
197,7.9,281,7,81.3,20210717,0.0,2021-07-17,1.7,4.4,21.9,5.4,2021,29.4,25.2,17
198,6.4,281,7,84.5,20210718,0.0,2021-07-18,1.7,0.0,21.4,5.3,2021,30.7,25.2,18
199,8.0,281,7,82.6,20210719,0.0,2021-07-19,1.0,0.1,22.2,3.0,2021,30.2,25.9,19
200,7.5,281,7,75.0,20210720,0.0,2021-07-20,1.5,0.0,22.9,9.9,2021,32.8,27.0,20
201,7.5,281,7,78.8,20210721,0.0,2021-07-21,1.4,0.0,21.0,8.1,2021,30.9,25.7,21
202,7.0,281,7,78.5,20210722,0.0,2021-07-22,1.8,0.0,21.1,9.5,2021,30.9,26.3,22
203,7.1,281,7,80.0,20210723,0.0,2021-07-23,1.5,0.0,21.2,6.9,2021,31.3,26.1,23
204,7.6,281,7,78.0,20210724,0.0,2021-07-24,1.7,0.0,21.9,8.7,2021,31.5,26.2,24
205,6.6,281,7,81.3,20210725,0.0,2021-07-25,1.7,0.0,21.7,5.6,2021,30.7,26.1,25
206,2.3,281,7,74.9,20210726,0.0,2021-07-26,1.5,0.0,21.6,9.6,2021,32.9,26.6,26
207,2.5,281,7,77.3,20210727,0.0,2021-07-27,1.5,0.0,21.1,11.5,2021,32.7,26.2,27
208,3.5,281,7,77.6,20210728,0.0,2021-07-28,1.4,0.0,20.6,11.5,2021,32.3,26.3,28
209,5.3,281,7,73.9,20210729,0.0,2021-07-29,1.0,0.0,21.7,8.5,2021,34.1,27.5,29
210,6.9,281,7,71.9,20210730,0.0,2021-07-30,1.0,0.0,22.3,9.4,2021,35.3,28.2,30
211,6.6,281,7,80.0,20210731,0.0,2021-07-31,1.1,6.9,22.0,6.8,2021,36.4,27.5,31
212,7.6,281,8,89.8,20210801,0.0,2021-08-01,1.0,13.2,24.3,5.2,2021,32.9,26.8,1
213,7.1,281,8,88.1,20210802,0.0,2021-08-02,0.9,3.2,23.6,3.6,2021,33.3,26.4,2
214,6.3,281,8,78.8,20210803,0.0,2021-08-03,1.0,0.0,23.2,7.7,2021,33.1,27.7,3
215,2.7,281,8,73.5,20210804,0.0,2021-08-04,1.0,0.0,23.1,10.1,2021,34.7,28.5,4
216,3.5,281,8,72.9,20210805,0.0,2021-08-05,1.2,0.0,22.9,11.9,2021,34.8,28.7,5
217,2.8,281,8,71.9,20210806,0.0,2021-08-06,1.4,0.0,22.6,11.1,2021,35.1,28.7,6
218,6.6,281,8,76.1,20210807,0.0,2021-08-07,1.5,0.8,23.0,9.9,2021,34.9,28.1,7
219,9.4,281,8,87.9,20210808,0.0,2021-08-08,1.4,4.1,22.6,0.7,2021,28.8,24.9,8
220,8.0,281,8,80.8,20210809,0.0,2021-08-09,1.8,3.0,21.5,4.3,2021,31.0,25.3,9
221,7.9,281,8,89.6,20210810,0.0,2021-08-10,1.1,12.5,20.8,0.9,2021,26.8,23.4,10
222,6.3,281,8,85.1,20210811,0.0,2021-08-11,1.3,0.0,21.6,7.0,2021,30.5,25.1,11
223,7.5,281,8,81.5,20210812,0.0,2021-08-12,1.4,0.0,20.5,6.0,2021,30.3,25.1,12
224,8.5,281,8,82.3,20210813,0.0,2021-08-13,1.4,0.0,21.3,1.8,2021,28.6,24.5,13
225,8.7,281,8,90.6,20210814,0.0,2021-08-14,1.1,18.7,20.5,0.2,2021,26.0,22.3,14
226,8.4,281,8,87.1,20210815,0.0,2021-08-15,1.2,0.0,19.2,2.2,2021,25.9,22.3,15
227,6.3,281,8,80.9,20210816,0.0,2021-08-16,1.5,0.0,19.4,2.9,2021,26.6,22.5,16
228,6.8,281,8,83.9,20210817,0.0,2021-08-17,1.3,0.2,20.1,0.0,2021,25.8,22.3,17
229,8.0,281,8,88.1,20210818,0.0,2021-08-18,1.3,3.2,20.1,0.3,2021,24.6,21.9,18
230,7.1,281,8,82.6,20210819,0.0,2021-08-19,1.0,0.0,20.4,1.5,2021,26.2,23.1,19
231,5.3,281,8,83.0,20210820,0.0,2021-08-20,1.1,0.0,18.9,4.9,2021,29.2,23.7,20
232,9.1,281,8,95.9,20210821,0.0,2021-08-21,0.9,32.7,20.5,0.0,2021,24.2,22.2,21
233,7.1,281,8,82.1,20210822,0.0,2021-08-22,1.2,0.0,20.4,4.9,2021,30.0,24.7,22
234,10.0,281,8,96.3,20210823,0.0,2021-08-23,1.0,30.7,20.0,0.0,2021,24.2,22.1,23
235,9.0,281,8,95.0,20210824,0.0,2021-08-24,1.6,95.6,21.0,0.1,2021,27.1,23.7,24
236,8.9,281,8,92.1,20210825,0.0,2021-08-25,0.6,1.4,21.7,0.2,2021,26.8,24.5,25
237,4.9,281,8,81.1,20210826,0.0,2021-08-26,1.1,7.4,21.4,9.7,2021,31.8,25.2,26
238,7.0,281,8,93.1,20210827,0.0,2021-08-27,1.0,16.1,19.5,2.6,2021,28.4,22.4,27
239,6.6,281,8,78.0,20210828,0.0,2021-08-28,1.3,0.0,19.7,10.4,2021,30.3,23.9,28
240,7.4,281,8,90.9,20210829,0.0,2021-08-29,0.8,2.8,20.2,0.1,2021,24.3,22.0,29
241,8.1,281,8,82.1,20210830,0.0,2021-08-30,0.9,0.2,20.2,3.2,2021,28.5,23.6,30
242,8.3,281,8,82.0,20210831,0.0,2021-08-31,1.5,26.2,19.4,1.6,2021,27.3,22.8,31
243,9.9,281,9,98.9,20210901,0.0,2021-09-01,1.0,67.4,19.4,0.0,2021,22.8,20.5,1
244,7.6,281,9,85.1,20210902,0.0,2021-09-02,1.3,1.6,19.2,0.6,2021,24.3,21.1,2
245,4.3,281,9,94.6,20210903,0.0,2021-09-03,0.9,5.0,18.9,0.3,2021,23.6,19.6,3
246,8.0,281,9,81.3,20210904,0.0,2021-09-04,1.3,0.0,17.1,7.0,2021,26.1,20.9,4
247,8.5,281,9,82.5,20210905,0.0,2021-09-05,1.2,0.0,16.1,2.8,2021,24.6,20.6,5
248,9.8,281,9,86.0,20210906,0.0,2021-09-06,1.6,3.1,18.9,1.7,2021,25.8,21.1,6
249,9.5,281,9,92.8,20210907,0.0,2021-09-07,0.7,0.6,19.4,0.5,2021,25.4,22.0,7
250,6.5,281,9,80.3,20210908,0.0,2021-09-08,1.5,0.0,19.7,5.8,2021,28.6,22.9,8
251,8.0,281,9,83.1,20210909,0.0,2021-09-09,0.9,0.0,17.3,5.1,2021,27.8,22.0,9
252,7.3,281,9,88.6,20210910,0.0,2021-09-10,0.7,0.7,18.4,0.6,2021,25.2,21.2,10
253,1.3,281,9,78.1,20210911,0.0,2021-09-11,0.8,0.0,16.2,10.8,2021,30.1,22.2,11
254,5.6,281,9,79.9,20210912,0.0,2021-09-12,1.1,0.0,15.7,8.2,2021,29.5,21.8,12
255,9.4,281,9,80.0,20210913,0.0,2021-09-13,1.5,0.0,17.7,1.0,2021,24.8,21.0,13
256,9.1,281,9,76.0,20210914,0.0,2021-09-14,2.3,0.0,17.7,0.0,2021,23.6,21.3,14
257,4.4,281,9,65.6,20210915,0.0,2021-09-15,3.4,0.0,18.6,7.7,2021,25.9,22.1,15
258,7.5,281,9,78.8,20210916,0.0,2021-09-16,1.7,0.2,14.7,6.5,2021,25.5,20.9,16
259,9.0,281,9,83.6,20210917,0.0,2021-09-17,1.6,12.3,18.0,0.0,2021,21.1,19.7,17
260,5.4,281,9,82.9,20210918,0.0,2021-09-18,0.8,0.0,14.6,5.3,2021,25.5,19.9,18
261,4.9,281,9,81.0,20210919,0.0,2021-09-19,1.1,0.0,15.1,9.0,2021,26.0,19.8,19
262,7.0,281,9,82.9,20210920,0.0,2021-09-20,1.5,0.0,15.0,5.4,2021,25.2,20.5,20
263,6.4,281,9,93.8,20210921,0.0,2021-09-21,0.6,6.3,18.0,1.1,2021,24.7,21.1,21
264,1.3,281,9,72.3,20210922,0.0,2021-09-22,1.6,0.0,17.0,9.4,2021,28.6,22.4,22
265,5.4,281,9,70.0,20210923,0.0,2021-09-23,2.0,0.0,15.4,7.9,2021,26.1,20.3,23
266,5.6,281,9,86.9,20210924,0.0,2021-09-24,0.8,0.0,14.0,4.3,2021,24.2,18.3,24
267,6.4,281,9,89.0,20210925,0.0,2021-09-25,1.3,7.6,15.9,0.4,2021,23.2,19.4,25
268,8.9,281,9,78.3,20210926,0.0,2021-09-26,1.4,0.0,16.1,2.7,2021,23.8,19.3,26
269,7.9,281,9,79.4,20210927,0.0,2021-09-27,1.0,0.0,16.5,0.7,2021,23.7,19.5,27
270,7.0,281,9,82.9,20210928,0.0,2021-09-28,1.1,0.0,17.6,0.2,2021,23.7,20.5,28
271,9.3,281,9,91.9,20210929,0.0,2021-09-29,0.6,5.4,19.1,0.4,2021,26.7,21.8,29
272,3.4,281,9,84.8,20210930,0.0,2021-09-30,1.1,10.2,15.8,8.1,2021,25.9,20.7,30
273,0.0,281,10,85.5,20211001,0.0,2021-10-01,0.6,0.0,12.8,8.0,2021,27.2,19.3,1
274,0.9,281,10,80.8,20211002,0.0,2021-10-02,0.8,0.0,14.4,9.6,2021,27.8,19.8,2
275,1.6,281,10,73.8,20211003,0.0,2021-10-03,0.7,0.0,13.2,9.6,2021,30.5,20.3,3
276,4.4,281,10,76.8,20211004,0.0,2021-10-04,1.4,0.0,12.9,6.3,2021,29.7,21.9,4
277,1.3,281,10,79.3,20211005,0.0,2021-10-05,1.1,0.0,16.2,10.4,2021,29.5,22.1,5
278,7.8,281,10,89.9,20211006,0.0,2021-10-06,0.6,0.2,16.6,2.1,2021,23.9,20.0,6
279,6.5,281,10,80.0,20211007,0.0,2021-10-07,0.8,0.0,18.1,6.6,2021,27.6,21.9,7
280,9.0,281,10,90.1,20211008,0.0,2021-10-08,0.7,2.8,19.7,0.1,2021,23.7,20.7,8
281,7.8,281,10,90.9,20211009,0.0,2021-10-09,1.3,6.6,19.0,2.6,2021,26.0,21.3,9
282,4.9,281,10,77.6,20211010,0.0,2021-10-10,1.1,0.0,18.4,7.3,2021,29.7,23.9,10
283,9.5,281,10,92.5,20211011,0.0,2021-10-11,1.2,22.8,15.7,0.0,2021,24.8,17.3,11
284,7.5,281,10,89.4,20211012,0.0,2021-10-12,1.2,9.6,14.3,0.0,2021,17.6,15.7,12
285,8.5,281,10,87.5,20211013,0.0,2021-10-13,1.0,1.0,14.4,0.1,2021,21.3,17.1,13
286,3.5,281,10,83.5,20211014,0.0,2021-10-14,1.0,0.0,12.5,7.3,2021,25.2,18.0,14
287,8.0,281,10,88.4,20211015,0.0,2021-10-15,1.0,5.8,14.0,3.6,2021,23.0,17.8,15
288,9.5,281,10,73.4,20211016,0.0,2021-10-16,2.1,14.7,7.3,0.0,2021,16.8,13.3,16
289,0.9,281,10,59.4,20211017,0.0,2021-10-17,1.7,0.0,2.2,9.9,2021,13.2,6.8,17
290,1.6,281,10,71.3,20211018,0.0,2021-10-18,0.7,0.0,-0.1,9.7,2021,16.8,7.6,18
291,5.5,281,10,80.9,20211019,0.0,2021-10-19,1.4,0.2,4.4,5.3,2021,18.1,9.7,19
292,1.9,281,10,79.6,20211020,0.0,2021-10-20,0.6,0.0,2.5,8.1,2021,16.5,9.0,20
293,5.9,281,10,87.1,20211021,0.0,2021-10-21,0.6,0.0,3.5,2.7,2021,15.8,9.7,21
294,3.3,281,10,77.3,20211022,0.0,2021-10-22,1.3,0.0,3.7,7.9,2021,17.5,10.0,22
295,1.5,281,10,75.3,20211023,0.0,2021-10-23,0.6,0.0,2.8,7.8,2021,18.7,9.9,23
296,5.1,281,10,80.8,20211024,0.0,2021-10-24,0.3,0.0,3.9,7.0,2021,19.0,10.1,24
297,3.0,281,10,76.1,20211025,0.0,2021-10-25,0.7,0.0,4.6,7.9,2021,19.8,10.3,25
298,5.3,281,10,77.6,20211026,0.0,2021-10-26,0.7,0.0,1.6,8.8,2021,19.4,9.8,26
299,2.5,281,10,70.0,20211027,0.0,2021-10-27,1.2,0.0,7.5,8.2,2021,20.5,12.6,27
300,1.8,281,10,69.6,20211028,0.0,2021-10-28,1.0,0.0,3.6,8.1,2021,20.6,11.5,28
301,5.6,281,10,74.4,20211029,0.0,2021-10-29,0.9,0.0,5.2,4.2,2021,17.6,11.7,29
302,6.6,281,10,85.4,20211030,0.0,2021-10-30,0.2,0.0,6.2,0.4,2021,16.9,10.5,30
303,2.0,281,10,78.9,20211031,0.0,2021-10-31,0.5,0.0,4.4,7.5,2021,20.8,10.5,31
304,2.6,281,11,76.3,20211101,0.0,2021-11-01,1.0,0.0,5.4,7.9,2021,19.9,11.4,1
305,2.6,281,11,75.9,20211102,0.0,2021-11-02,1.0,0.0,4.0,8.0,2021,18.1,10.4,2
306,3.0,281,11,77.5,20211103,0.0,2021-11-03,0.9,0.0,3.8,7.8,2021,19.4,10.1,3
307,0.8,281,11,72.4,20211104,0.0,2021-11-04,0.8,0.0,3.7,8.1,2021,19.9,10.4,4
308,2.9,281,11,80.6,20211105,0.0,2021-11-05,0.6,0.0,2.8,7.0,2021,19.8,10.5,5
309,1.9,281,11,76.4,20211106,0.0,2021-11-06,0.8,0.0,4.1,7.4,2021,20.0,11.2,6
310,6.5,281,11,77.4,20211107,0.0,2021-11-07,0.9,0.0,6.9,4.8,2021,20.2,13.0,7
311,7.4,281,11,86.0,20211108,0.0,2021-11-08,1.7,30.2,5.8,0.0,2021,18.0,9.8,8
312,5.6,281,11,65.5,20211109,0.0,2021-11-09,2.6,0.0,5.6,3.4,2021,12.6,8.5,9
313,7.4,281,11,69.0,20211110,0.0,2021-11-10,2.5,0.0,5.4,1.1,2021,10.8,7.6,10
314,3.9,281,11,59.6,20211111,0.0,2021-11-11,3.1,0.0,4.8,5.3,2021,13.0,8.0,11
315,1.0,281,11,60.3,20211112,0.0,2021-11-12,3.1,0.0,3.8,5.4,2021,10.7,6.6,12
316,0.3,281,11,72.4,20211113,0.0,2021-11-13,1.6,0.0,0.1,7.7,2021,14.5,6.8,13
317,1.0,281,11,79.8,20211114,0.0,2021-11-14,0.8,0.0,0.4,7.2,2021,17.1,7.4,14
318,2.1,281,11,74.3,20211115,0.0,2021-11-15,0.6,0.0,0.6,7.0,2021,17.2,7.4,15
319,1.5,281,11,71.5,20211116,0.0,2021-11-16,1.0,0.0,0.5,7.4,2021,16.6,6.7,16
320,3.1,281,11,62.1,20211117,0.0,2021-11-17,1.0,0.0,-1.0,7.5,2021,15.4,7.1,17
321,2.9,281,11,74.0,20211118,0.0,2021-11-18,0.8,0.0,1.3,7.0,2021,17.1,8.0,18
322,2.3,281,11,81.3,20211119,0.0,2021-11-19,1.1,0.0,0.8,7.4,2021,17.7,8.3,19
323,3.1,281,11,82.8,20211120,0.0,2021-11-20,0.3,0.0,2.0,5.7,2021,18.5,8.5,20
324,8.8,281,11,84.4,20211121,0.0,2021-11-21,0.2,0.0,4.2,2.0,2021,17.5,9.9,21
325,6.4,281,11,62.5,20211122,0.0,2021-11-22,3.9,0.0,2.2,1.5,2021,13.2,6.8,22
326,4.9,281,11,57.1,20211123,0.0,2021-11-23,3.5,0.0,0.7,6.4,2021,7.8,3.7,23
327,1.1,281,11,55.0,20211124,0.0,2021-11-24,2.5,0.0,1.1,7.0,2021,12.7,6.0,24
328,1.4,281,11,59.5,20211125,0.0,2021-11-25,1.7,0.0,-1.0,6.3,2021,15.4,7.3,25
329,0.0,281,11,45.9,20211126,0.0,2021-11-26,2.5,0.0,3.2,7.4,2021,11.6,6.9,26
330,0.0,281,11,60.8,20211127,0.0,2021-11-27,0.9,0.0,-2.0,7.4,2021,10.6,4.2,27
331,3.3,281,11,67.9,20211128,0.0,2021-11-28,0.4,0.0,-4.2,7.4,2021,13.8,3.4,28
332,4.3,281,11,64.9,20211129,0.0,2021-11-29,0.4,0.0,-3.5,7.4,2021,14.7,4.8,29
333,7.0,281,11,82.6,20211130,0.0,2021-11-30,1.4,20.4,0.8,0.0,2021,9.9,5.3,30
334,0.5,281,12,43.6,20211201,0.0,2021-12-01,5.1,0.0,-1.5,7.2,2021,5.5,1.8,1
335,0.5,281,12,56.1,20211202,0.0,2021-12-02,2.5,0.0,-2.6,7.2,2021,7.1,1.3,2
336,3.5,281,12,53.5,20211203,0.0,2021-12-03,2.3,0.0,-2.2,4.5,2021,10.2,5.0,3
337,1.0,281,12,56.3,20211204,0.0,2021-12-04,2.3,0.0,-1.5,6.1,2021,8.7,2.9,4
338,1.6,281,12,80.0,20211205,0.0,2021-12-05,0.2,0.0,-4.5,7.2,2021,11.3,1.9,5
339,3.6,281,12,82.3,20211206,0.0,2021-12-06,0.2,0.0,-2.9,4.3,2021,12.6,3.6,6
340,2.6,281,12,73.3,20211207,0.0,2021-12-07,0.7,0.0,-1.1,6.3,2021,14.7,6.3,7
341,1.0,281,12,79.5,20211208,0.0,2021-12-08,0.4,0.0,-1.1,6.4,2021,13.1,4.8,8
342,8.8,281,12,83.3,20211209,0.0,2021-12-09,0.3,0.0,-1.4,3.4,2021,13.5,5.2,9
343,5.1,281,12,85.6,20211210,0.0,2021-12-10,0.4,0.0,0.0,2.5,2021,0.0,0.0,10
344,6.9,281,12,77.1,20211211,0.0,2021-12-11,0.8,0.0,1.2,5.7,2021,13.1,7.4,11
345,4.0,281,12,52.4,20211212,0.0,2021-12-12,3.8,0.0,-0.8,5.5,2021,11.0,6.1,12
346,0.0,281,12,34.8,20211213,0.0,2021-12-13,2.8,0.0,-4.6,7.3,2021,5.5,-0.1,13
347,2.0,281,12,57.9,20211214,0.0,2021-12-14,1.8,0.0,-4.3,7.1,2021,8.6,2.0,14
348,1.9,281,12,74.5,20211215,0.0,2021-12-15,0.7,0.0,-3.5,6.3,2021,13.7,4.0,15
349,9.0,281,12,83.0,20211216,0.0,2021-12-16,0.4,0.1,-0.7,0.5,2021,9.5,4.7,16
350,3.3,281,12,42.4,20211217,0.0,2021-12-17,5.4,0.0,-6.9,6.6,2021,7.0,-0.1,17
351,1.1,281,12,45.1,20211218,0.0,2021-12-18,2.5,0.0,-9.4,7.2,2021,1.3,-4.5,18
352,1.3,281,12,56.4,20211219,0.0,2021-12-19,2.5,0.0,-5.9,7.2,2021,5.6,0.1,19
353,3.9,281,12,64.3,20211220,0.0,2021-12-20,1.3,0.0,-5.8,6.8,2021,12.1,3.2,20
354,0.6,281,12,71.4,20211221,0.0,2021-12-21,0.8,0.0,-4.2,7.1,2021,13.9,3.9,21
355,0.1,281,12,57.4,20211222,0.0,2021-12-22,0.7,0.0,-3.9,7.2,2021,11.2,2.4,22
356,2.3,281,12,65.6,20211223,0.0,2021-12-23,0.8,0.0,-6.1,7.0,2021,10.2,0.6,23
357,7.3,281,12,63.9,20211224,0.0,2021-12-24,1.3,0.0,-3.1,2.2,2021,10.8,3.1,24
358,0.3,281,12,37.4,20211225,0.0,2021-12-25,4.1,0.0,-8.9,7.2,2021,1.5,-4.8,25
359,0.5,281,12,35.5,20211226,0.0,2021-12-26,3.8,0.0,-11.3,7.3,2021,-3.8,-7.5,26
360,0.8,281,12,45.4,20211227,0.0,2021-12-27,3.8,0.0,-9.0,7.2,2021,1.2,-2.8,27
361,2.9,281,12,65.3,20211228,0.0,2021-12-28,1.9,0.0,-4.3,6.4,2021,7.5,2.0,28
362,4.9,281,12,65.6,20211229,0.0,2021-12-29,1.3,0.0,-5.0,4.1,2021,9.5,2.4,29
363,1.6,281,12,45.6,20211230,0.0,2021-12-30,4.3,0.0,-2.1,7.2,2021,3.9,0.5,30
364,0.0,281,12,32.5,20211231,0.0,2021-12-31,4.9,0.0,-5.6,7.3,2021,1.2,-2.9,31
