,snow,month,sunshine,date,station_id,year,cloud,wind,tmax,rainfall,day,tavg,humid,Date,tmin
0,0.0,1,4.5,20190101,232,2019,5.6,1.3,0.0,0.0,1,-4.1,65.0,2019-01-01,-9.7
1,0.0,1,8.3,20190102,232,2019,0.0,1.1,0.6,0.0,2,-5.6,56.0,2019-01-02,-11.7
2,0.0,1,8.5,20190103,232,2019,0.0,0.8,1.2,0.0,3,-5.1,48.8,2019-01-03,-12.9
3,0.0,1,5.2,20190104,232,2019,2.9,0.6,3.0,0.0,4,-3.3,61.8,2019-01-04,-11.8
4,0.0,1,8.5,20190105,232,2019,3.0,1.3,4.4,0.0,5,-2.4,46.9,2019-01-05,-9.0
5,0.0,1,7.5,20190106,232,2019,3.5,1.0,1.9,0.0,6,-4.8,54.8,2019-01-06,-10.8
6,0.0,1,7.1,20190107,232,2019,3.1,1.0,2.8,0.0,7,-3.4,65.4,2019-01-07,-11.2
7,0.0,1,8.0,20190108,232,2019,3.5,1.7,3.8,0.0,8,-3.7,49.5,2019-01-08,-8.9
8,0.0,1,8.0,20190109,232,2019,7.4,0.7,2.1,0.0,9,-5.6,39.4,2019-01-09,-13.2
9,0.0,1,0.0,20190110,232,2019,6.4,0.7,1.9,0.0,10,-2.6,63.3,2019-01-10,-5.9
10,0.0,1,4.7,20190111,232,2019,7.6,0.7,1.1,0.0,11,1.2,62.1,2019-01-11,-6.2
11,0.0,1,3.7,20190112,232,2019,4.9,1.2,7.3,0.0,12,2.9,54.3,2019-01-12,-1.9
12,0.0,1,8.1,20190113,232,2019,1.1,0.9,7.8,0.0,13,-0.6,63.5,2019-01-13,-6.7
13,0.0,1,1.2,20190114,232,2019,8.3,0.5,7.1,0.0,14,-0.2,75.0,2019-01-14,-3.5
14,0.0,1,2.6,20190115,232,2019,6.1,1.8,5.2,0.0,15,-1.1,65.9,2019-01-15,-6.2
15,0.0,1,8.4,20190116,232,2019,3.5,1.4,3.7,0.0,16,-5.2,50.9,2019-01-16,-12.1
16,0.0,1,7.0,20190117,232,2019,4.1,1.7,-0.6,0.0,17,-0.8,52.0,2019-01-17,-5.5
17,0.0,1,8.0,20190118,232,2019,2.1,0.7,5.0,0.0,18,-2.0,63.1,2019-01-18,-9.3
18,0.0,1,6.3,20190119,232,2019,6.8,0.5,6.5,0.0,19,0.4,66.0,2019-01-19,-5.7
19,0.0,1,8.9,20190120,232,2019,2.0,2.6,8.0,0.0,20,-0.1,45.6,2019-01-20,-4.1
20,0.0,1,5.6,20190121,232,2019,2.3,1.5,3.4,0.0,21,-1.4,54.6,2019-01-21,-10.5
21,0.0,1,6.8,20190122,232,2019,2.9,1.1,6.5,0.0,22,0.2,60.9,2019-01-22,-4.7
22,0.0,1,7.8,20190123,232,2019,1.6,1.5,8.2,0.0,23,0.7,48.4,2019-01-23,-6.0
23,0.0,1,8.6,20190124,232,2019,1.5,1.3,8.0,0.0,24,-1.1,33.5,2019-01-24,-9.0
24,0.0,1,8.3,20190125,232,2019,1.3,1.8,6.6,0.0,25,-2.6,43.6,2019-01-25,-8.7
25,0.0,1,8.9,20190126,232,2019,0.0,1.9,3.9,0.0,26,-3.6,34.4,2019-01-26,-8.7
26,0.0,1,8.9,20190127,232,2019,3.6,1.1,1.9,0.0,27,-2.4,53.8,2019-01-27,-12.7
27,0.0,1,7.0,20190128,232,2019,2.8,1.8,6.1,0.6,28,0.5,51.6,2019-01-28,-4.3
28,0.0,1,8.6,20190129,232,2019,3.1,0.9,4.3,0.0,29,-2.3,42.9,2019-01-29,-10.7
29,0.0,1,7.1,20190130,232,2019,6.6,1.0,6.7,0.0,30,1.3,52.1,2019-01-30,-6.3
30,0.0,1,2.5,20190131,232,2019,7.6,2.0,8.1,0.0,31,-0.7,39.9,2019-01-31,-4.5
31,0.0,2,8.1,20190201,232,2019,3.0,1.4,0.0,0.0,1,-3.1,52.9,2019-02-01,-10.5
32,0.0,2,2.9,20190202,232,2019,6.5,0.9,4.3,0.0,2,-0.2,61.9,2019-02-02,-8.2
33,0.0,2,0.0,20190203,232,2019,9.8,2.0,7.1,12.8,3,4.4,85.4,2019-02-03,3.0
34,0.0,2,8.5,20190204,232,2019,2.5,1.5,7.5,0.0,4,0.0,41.3,2019-02-04,-4.2
35,0.0,2,7.0,20190205,232,2019,3.8,0.7,4.3,0.0,5,0.9,46.8,2019-02-05,-7.3
36,0.0,2,5.5,20190206,232,2019,7.8,0.8,10.5,0.0,6,4.2,57.8,2019-02-06,-3.2
37,0.0,2,6.9,20190207,232,2019,6.0,2.5,12.4,0.0,7,-0.4,45.8,2019-02-07,-6.0
38,0.0,2,7.3,20190208,232,2019,8.0,1.9,4.2,0.0,8,-4.4,32.8,2019-02-08,-8.6
39,0.0,2,9.1,20190209,232,2019,5.6,2.2,0.5,0.0,9,-4.1,34.1,2019-02-09,-6.6
40,0.0,2,4.0,20190210,232,2019,9.0,1.3,-0.5,0.0,10,-4.2,34.0,2019-02-10,-10.2
41,0.0,2,9.2,20190211,232,2019,0.1,1.8,1.1,0.0,11,-2.6,36.9,2019-02-11,-6.3
42,0.0,2,6.2,20190212,232,2019,6.5,1.3,1.8,0.0,12,-1.4,50.4,2019-02-12,-8.5
43,0.0,2,8.9,20190213,232,2019,3.1,1.5,4.9,0.0,13,-1.9,41.0,2019-02-13,-7.3
44,0.0,2,7.6,20190214,232,2019,7.1,1.0,3.2,0.0,14,-0.7,43.4,2019-02-14,-6.6
45,0.0,2,0.0,20190215,232,2019,9.6,1.5,6.6,0.3,15,0.5,58.5,2019-02-15,-1.6
46,0.0,2,7.4,20190216,232,2019,4.9,1.9,3.3,0.4,16,-2.3,63.8,2019-02-16,-6.3
47,0.0,2,9.2,20190217,232,2019,0.1,1.3,1.5,0.0,17,-2.6,51.5,2019-02-17,-9.9
48,0.0,2,5.1,20190218,232,2019,9.6,0.8,4.3,0.0,18,0.1,49.5,2019-02-18,-8.0
49,0.0,2,0.0,20190219,232,2019,7.6,0.9,6.2,12.0,19,1.0,87.1,2019-02-19,-0.4
50,0.0,2,2.7,20190220,232,2019,6.6,1.4,2.6,0.0,20,1.4,69.3,2019-02-20,-2.5
51,0.0,2,8.8,20190221,232,2019,1.8,1.0,5.1,0.0,21,0.7,65.9,2019-02-21,-5.4
52,0.0,2,5.8,20190222,232,2019,7.4,1.0,7.8,0.0,22,1.5,62.5,2019-02-22,-4.3
53,0.0,2,7.5,20190223,232,2019,4.1,0.9,10.1,0.0,23,3.6,53.5,2019-02-23,-3.3
54,0.0,2,9.5,20190224,232,2019,2.0,1.2,13.4,0.0,24,4.4,58.1,2019-02-24,-3.6
55,0.0,2,8.2,20190225,232,2019,3.9,1.5,13.3,0.0,25,3.5,57.1,2019-02-25,-1.6
56,0.0,2,8.7,20190226,232,2019,4.1,1.2,10.0,0.0,26,3.6,45.4,2019-02-26,-5.2
57,0.0,2,1.9,20190227,232,2019,9.4,1.0,11.6,0.0,27,5.3,57.0,2019-02-27,1.0
58,0.0,2,8.0,20190228,232,2019,4.1,1.1,11.7,0.0,28,4.6,56.1,2019-02-28,-3.0
59,0.0,3,9.0,20190301,232,2019,0.9,1.3,0.0,0.0,1,4.2,49.3,2019-03-01,-3.6
60,0.0,3,6.3,20190302,232,2019,5.1,0.8,12.8,0.0,2,5.2,47.3,2019-03-02,-3.9
61,0.0,3,5.9,20190303,232,2019,5.8,1.0,14.8,0.0,3,7.3,44.3,2019-03-03,-2.2
62,0.0,3,7.7,20190304,232,2019,3.4,1.2,15.4,0.0,4,7.5,47.5,2019-03-04,1.5
63,0.0,3,1.8,20190305,232,2019,6.0,0.7,14.8,0.0,5,6.4,60.9,2019-03-05,-1.3
64,0.0,3,7.4,20190306,232,2019,6.3,1.5,13.8,0.0,6,7.7,54.3,2019-03-06,2.1
65,0.0,3,7.7,20190307,232,2019,2.5,1.9,13.6,0.0,7,5.8,59.9,2019-03-07,0.8
66,0.0,3,9.9,20190308,232,2019,0.6,1.1,12.3,0.0,8,4.4,46.0,2019-03-08,-4.1
67,0.0,3,9.5,20190309,232,2019,6.9,0.9,14.3,0.0,9,5.8,36.1,2019-03-09,-4.7
68,0.0,3,0.2,20190310,232,2019,7.4,1.2,16.1,0.0,10,7.2,44.6,2019-03-10,0.8
69,0.0,3,1.9,20190311,232,2019,6.4,1.3,14.3,0.8,11,4.8,72.1,2019-03-11,-2.5
70,0.0,3,1.0,20190312,232,2019,3.9,2.0,10.7,0.0,12,3.4,69.8,2019-03-12,-1.4
71,0.0,3,10.1,20190313,232,2019,1.0,2.4,9.4,0.0,13,2.4,38.0,2019-03-13,-4.7
72,0.0,3,6.9,20190314,232,2019,2.9,1.6,8.4,0.0,14,5.0,39.4,2019-03-14,-5.1
73,0.0,3,4.3,20190315,232,2019,4.3,1.9,11.2,1.4,15,5.3,61.3,2019-03-15,-0.8
74,0.0,3,0.0,20190316,232,2019,6.9,1.5,12.3,0.0,16,5.7,58.4,2019-03-16,1.9
75,0.0,3,0.0,20190317,232,2019,1.8,1.5,11.4,0.0,17,4.8,48.5,2019-03-17,-0.4
76,0.0,3,0.0,20190318,232,2019,7.5,0.9,11.4,0.0,18,5.3,0.0,2019-03-18,-4.2
77,0.0,3,0.0,20190319,232,2019,1.8,1.0,14.7,0.0,19,9.1,0.0,2019-03-19,-1.3
78,0.0,3,0.0,20190320,232,2019,9.1,1.5,19.7,16.0,20,9.7,0.0,2019-03-20,3.1
79,0.0,3,0.0,20190321,232,2019,8.1,3.0,16.5,0.3,21,8.1,0.0,2019-03-21,3.0
80,0.0,3,3.4,20190322,232,2019,3.1,2.2,12.8,0.0,22,3.4,0.0,2019-03-22,-1.7
81,0.0,3,8.5,20190323,232,2019,2.5,2.0,8.0,3.9,23,3.3,44.9,2019-03-23,-3.4
82,0.0,3,10.6,20190324,232,2019,0.8,1.7,9.0,0.0,24,3.3,47.5,2019-03-24,-3.9
83,0.0,3,9.2,20190325,232,2019,3.8,1.5,10.8,0.0,25,5.7,55.5,2019-03-25,-2.4
84,0.0,3,8.1,20190326,232,2019,3.0,1.2,14.9,0.0,26,8.5,44.3,2019-03-26,-0.4
85,0.0,3,6.2,20190327,232,2019,7.4,2.9,18.1,0.0,27,12.1,0.0,2019-03-27,3.1
86,0.0,3,8.1,20190328,232,2019,6.7,1.9,20.1,0.0,28,9.9,0.0,2019-03-28,6.3
87,0.0,3,7.7,20190329,232,2019,6.6,1.8,15.5,0.0,29,9.5,0.0,2019-03-29,4.1
88,0.0,3,2.5,20190330,232,2019,9.5,2.7,16.1,2.9,30,5.4,0.0,2019-03-30,2.6
89,0.0,3,7.2,20190331,232,2019,5.6,3.3,10.4,0.4,31,4.6,0.0,2019-03-31,0.9
90,0.0,4,8.4,20190401,232,2019,2.1,1.8,0.0,0.0,1,3.1,0.0,2019-04-01,-3.3
91,0.0,4,10.9,20190402,232,2019,1.1,1.7,9.9,0.0,2,4.2,0.0,2019-04-02,-4.7
92,0.0,4,10.8,20190403,232,2019,0.0,1.7,11.6,0.0,3,5.5,42.3,2019-04-03,-3.8
93,0.0,4,10.4,20190404,232,2019,1.0,1.9,13.8,0.0,4,7.5,43.5,2019-04-04,-3.2
94,0.0,4,6.8,20190405,232,2019,4.3,2.2,17.2,0.0,5,10.1,46.3,2019-04-05,5.5
95,0.0,4,4.6,20190406,232,2019,4.8,1.1,17.5,0.0,6,9.1,41.3,2019-04-06,-0.5
96,0.0,4,5.6,20190407,232,2019,4.9,1.7,18.3,0.0,7,12.7,39.6,2019-04-07,7.4
97,0.0,4,9.2,20190408,232,2019,4.1,2.0,20.2,0.0,8,9.8,36.5,2019-04-08,1.6
98,0.0,4,0.7,20190409,232,2019,8.8,4.2,17.2,22.0,9,8.6,54.0,2019-04-09,4.4
99,0.0,4,0.0,20190410,232,2019,8.0,2.6,13.9,1.8,10,7.0,76.1,2019-04-10,4.5
100,0.0,4,5.2,20190411,232,2019,6.4,1.2,9.3,0.0,11,7.7,69.5,2019-04-11,1.5
101,0.0,4,10.6,20190412,232,2019,1.3,1.7,15.1,0.0,12,9.2,51.5,2019-04-12,0.6
102,0.0,4,9.4,20190413,232,2019,5.1,1.3,16.7,0.0,13,9.8,45.6,2019-04-13,0.6
103,0.0,4,3.9,20190414,232,2019,5.6,1.6,18.3,0.8,14,7.7,63.6,2019-04-14,3.3
104,0.0,4,10.8,20190415,232,2019,0.0,1.5,13.1,0.0,15,8.7,47.1,2019-04-15,-1.6
105,0.0,4,9.6,20190416,232,2019,4.5,1.1,19.1,0.0,16,12.0,39.4,2019-04-16,-0.2
106,0.0,4,11.5,20190417,232,2019,2.5,1.5,22.0,0.0,17,13.5,46.3,2019-04-17,3.5
107,0.0,4,5.0,20190418,232,2019,5.8,1.8,23.1,0.0,18,13.1,68.1,2019-04-18,5.6
108,0.0,4,3.7,20190419,232,2019,6.9,2.2,19.9,0.0,19,12.7,69.9,2019-04-19,9.6
109,0.0,4,8.7,20190420,232,2019,4.6,1.6,16.2,0.0,20,14.8,61.8,2019-04-20,8.6
110,0.0,4,2.1,20190421,232,2019,8.5,1.2,21.8,0.0,21,15.2,71.5,2019-04-21,11.5
111,0.0,4,10.6,20190422,232,2019,2.5,1.2,19.2,0.0,22,18.2,53.9,2019-04-22,6.9
112,0.0,4,1.5,20190423,232,2019,9.3,1.5,27.9,3.2,23,17.6,66.0,2019-04-23,12.1
113,0.0,4,1.2,20190424,232,2019,5.5,0.9,22.9,8.2,24,16.5,84.5,2019-04-24,13.2
114,0.0,4,0.0,20190425,232,2019,9.3,1.5,21.8,5.0,25,13.3,89.1,2019-04-25,10.0
115,0.0,4,0.0,20190426,232,2019,9.4,1.8,16.5,1.6,26,8.8,80.5,2019-04-26,6.8
116,0.0,4,9.3,20190427,232,2019,5.4,1.3,11.5,0.0,27,10.4,62.1,2019-04-27,1.7
117,0.0,4,1.7,20190428,232,2019,8.6,1.0,17.2,0.7,28,10.7,70.8,2019-04-28,7.2
118,0.0,4,2.0,20190429,232,2019,7.8,0.9,16.2,0.6,29,10.3,81.6,2019-04-29,4.8
119,0.0,4,7.6,20190430,232,2019,3.1,1.4,16.3,0.0,30,13.7,69.1,2019-04-30,6.2
120,0.0,5,10.4,20190501,232,2019,1.3,1.8,0.0,0.0,1,13.9,57.8,2019-05-01,6.6
121,0.0,5,11.0,20190502,232,2019,0.4,1.7,20.9,0.0,2,14.0,49.8,2019-05-02,4.7
122,0.0,5,11.2,20190503,232,2019,0.8,1.2,23.0,0.0,3,15.3,50.3,2019-05-03,3.6
123,0.0,5,10.1,20190504,232,2019,5.1,1.0,26.9,0.0,4,16.2,48.9,2019-05-04,6.2
124,0.0,5,9.8,20190505,232,2019,3.9,1.5,26.5,0.0,5,17.0,38.3,2019-05-05,7.0
125,0.0,5,11.5,20190506,232,2019,2.1,2.5,26.6,0.0,6,12.8,38.8,2019-05-06,7.0
126,0.0,5,11.5,20190507,232,2019,0.0,1.6,18.3,0.0,7,12.2,44.0,2019-05-07,2.2
127,0.0,5,9.1,20190508,232,2019,6.1,1.7,21.1,0.0,8,13.2,49.0,2019-05-08,2.3
128,0.0,5,12.0,20190509,232,2019,3.5,1.6,21.4,0.0,9,14.8,46.5,2019-05-09,8.7
129,0.0,5,10.6,20190510,232,2019,3.0,1.2,22.4,0.0,10,15.4,49.0,2019-05-10,3.8
130,0.0,5,11.4,20190511,232,2019,2.0,0.8,25.6,0.0,11,16.8,47.6,2019-05-11,7.1
131,0.0,5,11.5,20190512,232,2019,1.8,0.8,26.2,0.0,12,18.1,51.9,2019-05-12,8.1
132,0.0,5,5.2,20190513,232,2019,8.6,1.0,27.1,0.0,13,17.6,54.0,2019-05-13,9.7
133,0.0,5,9.4,20190514,232,2019,2.9,0.7,24.9,0.0,14,18.1,62.4,2019-05-14,10.5
134,0.0,5,7.9,20190515,232,2019,5.3,1.1,26.1,0.0,15,19.1,62.9,2019-05-15,11.2
135,0.0,5,9.7,20190516,232,2019,4.9,1.1,27.2,0.0,16,21.2,54.6,2019-05-16,12.8
136,0.0,5,3.4,20190517,232,2019,8.5,1.2,28.9,0.0,17,21.4,53.3,2019-05-17,14.6
137,0.0,5,2.5,20190518,232,2019,8.3,4.0,26.9,1.7,18,19.1,70.8,2019-05-18,16.0
138,0.0,5,0.9,20190519,232,2019,8.6,2.4,22.2,2.4,19,19.2,84.4,2019-05-19,16.6
139,0.0,5,8.0,20190520,232,2019,8.0,2.7,22.7,0.9,20,14.9,62.1,2019-05-20,7.7
140,0.0,5,12.4,20190521,232,2019,0.0,2.2,18.8,0.0,21,14.9,59.0,2019-05-21,4.8
141,0.0,5,11.2,20190522,232,2019,0.1,1.8,23.6,0.0,22,17.0,53.0,2019-05-22,6.2
142,0.0,5,12.0,20190523,232,2019,0.9,1.1,26.8,0.0,23,19.0,55.5,2019-05-23,9.0
143,0.0,5,11.5,20190524,232,2019,1.3,1.3,28.5,0.0,24,22.0,58.6,2019-05-24,11.2
144,0.0,5,7.3,20190525,232,2019,7.6,0.8,30.7,0.0,25,21.4,58.1,2019-05-25,13.8
145,0.0,5,9.1,20190526,232,2019,5.6,1.6,29.5,0.0,26,22.8,49.0,2019-05-26,13.7
146,0.0,5,0.0,20190527,232,2019,10.0,2.8,30.5,9.3,27,16.8,87.5,2019-05-27,13.3
147,0.0,5,9.9,20190528,232,2019,2.2,1.6,22.6,0.0,28,16.6,52.8,2019-05-28,11.1
148,0.0,5,11.9,20190529,232,2019,0.1,1.4,24.1,0.0,29,17.6,54.4,2019-05-29,7.1
149,0.0,5,5.7,20190530,232,2019,7.1,1.7,26.9,0.7,30,17.8,59.1,2019-05-30,7.9
150,0.0,5,10.2,20190531,232,2019,3.3,1.6,25.8,0.1,31,17.6,64.3,2019-05-31,12.6
151,0.0,6,8.1,20190601,232,2019,6.0,0.9,0.0,0.0,1,16.6,72.4,2019-06-01,8.7
152,0.0,6,11.4,20190602,232,2019,2.6,1.2,23.2,0.0,2,19.2,56.4,2019-06-02,11.3
153,0.0,6,11.3,20190603,232,2019,0.1,1.0,26.9,0.0,3,20.1,54.1,2019-06-03,10.8
154,0.0,6,11.2,20190604,232,2019,1.8,1.3,28.5,0.0,4,21.2,65.1,2019-06-04,13.8
155,0.0,6,9.1,20190605,232,2019,3.6,1.3,29.4,0.0,5,21.8,73.4,2019-06-05,15.8
156,0.0,6,0.3,20190606,232,2019,9.0,1.6,29.2,18.8,6,19.8,82.3,2019-06-06,16.5
157,0.0,6,0.0,20190607,232,2019,6.3,2.2,26.2,31.6,7,17.7,89.5,2019-06-07,15.6
158,0.0,6,9.0,20190608,232,2019,6.4,0.9,21.0,0.0,8,20.0,74.3,2019-06-08,13.8
159,0.0,6,6.9,20190609,232,2019,7.4,1.3,26.3,3.6,9,20.1,74.1,2019-06-09,14.8
160,0.0,6,1.6,20190610,232,2019,8.8,1.3,26.2,26.4,10,17.4,76.6,2019-06-10,14.2
161,0.0,6,10.1,20190611,232,2019,3.4,1.5,22.1,0.0,11,19.0,60.4,2019-06-11,15.1
162,0.0,6,11.7,20190612,232,2019,1.4,1.1,24.5,0.0,12,18.9,69.8,2019-06-12,11.3
163,0.0,6,11.5,20190613,232,2019,2.9,1.1,26.2,0.0,13,21.2,63.5,2019-06-13,12.5
164,0.0,6,2.0,20190614,232,2019,7.9,0.8,28.7,0.0,14,19.8,71.1,2019-06-14,15.7
165,0.0,6,10.9,20190615,232,2019,2.3,1.8,25.5,0.0,15,19.6,72.8,2019-06-15,14.4
166,0.0,6,10.3,20190616,232,2019,3.5,1.0,25.2,0.0,16,19.3,71.9,2019-06-16,12.3
167,0.0,6,10.1,20190617,232,2019,4.8,1.1,26.1,0.0,17,19.6,73.6,2019-06-17,14.5
168,0.0,6,3.7,20190618,232,2019,8.4,1.1,26.1,0.0,18,19.8,77.0,2019-06-18,15.2
169,0.0,6,2.4,20190619,232,2019,7.5,0.9,23.8,0.0,19,20.8,77.3,2019-06-19,17.9
170,0.0,6,6.8,20190620,232,2019,7.5,1.1,25.3,0.0,20,21.2,73.6,2019-06-20,16.4
171,0.0,6,6.9,20190621,232,2019,6.1,1.1,26.6,0.0,21,21.3,74.0,2019-06-21,17.2
172,0.0,6,9.9,20190622,232,2019,2.9,1.2,26.4,0.0,22,21.7,66.8,2019-06-22,15.7
173,0.0,6,11.5,20190623,232,2019,2.3,1.6,28.0,0.0,23,21.8,58.3,2019-06-23,14.1
174,0.0,6,11.2,20190624,232,2019,2.4,1.3,28.3,0.0,24,22.1,59.9,2019-06-24,15.3
175,0.0,6,11.8,20190625,232,2019,1.5,1.2,29.1,0.0,25,23.1,56.8,2019-06-25,13.8
176,0.0,6,0.0,20190626,232,2019,9.6,1.7,31.1,1.3,26,20.5,78.6,2019-06-26,16.4
177,0.0,6,2.9,20190627,232,2019,7.0,0.8,23.8,0.0,27,23.3,80.1,2019-06-27,19.6
178,0.0,6,5.2,20190628,232,2019,8.8,1.0,27.8,0.0,28,23.3,77.6,2019-06-28,20.2
179,0.0,6,0.2,20190629,232,2019,8.3,1.2,28.8,3.2,29,20.7,90.5,2019-06-29,18.9
180,0.0,6,4.2,20190630,232,2019,7.4,1.3,23.8,0.0,30,22.5,80.8,2019-06-30,18.4
181,0.0,7,5.2,20190701,232,2019,6.5,1.2,0.0,0.0,1,22.2,75.9,2019-07-01,18.3
182,0.0,7,9.6,20190702,232,2019,2.4,1.1,27.0,0.0,2,21.6,74.0,2019-07-02,14.5
183,0.0,7,6.8,20190703,232,2019,5.5,1.1,28.3,0.0,3,22.2,78.1,2019-07-03,16.5
184,0.0,7,10.6,20190704,232,2019,3.0,1.4,28.3,0.0,4,23.5,61.8,2019-07-04,15.5
185,0.0,7,12.0,20190705,232,2019,4.0,1.2,30.7,0.0,5,24.4,57.0,2019-07-05,15.4
186,0.0,7,12.3,20190706,232,2019,0.5,2.9,33.4,0.0,6,25.8,51.1,2019-07-06,16.7
187,0.0,7,8.1,20190707,232,2019,7.3,2.4,32.2,0.0,7,23.9,59.4,2019-07-07,18.1
188,0.0,7,7.2,20190708,232,2019,7.0,2.4,29.7,0.0,8,23.2,58.5,2019-07-08,19.1
189,0.0,7,9.3,20190709,232,2019,4.9,2.2,27.6,0.0,9,22.7,63.1,2019-07-09,15.7
190,0.0,7,1.4,20190710,232,2019,8.5,2.7,28.4,10.5,10,20.8,76.8,2019-07-10,18.8
191,0.0,7,0.0,20190711,232,2019,4.9,1.3,24.0,7.8,11,20.3,94.1,2019-07-11,18.7
192,0.0,7,4.7,20190712,232,2019,7.9,1.6,22.7,0.0,12,21.9,79.8,2019-07-12,18.0
193,0.0,7,2.2,20190713,232,2019,7.1,0.9,26.4,0.7,13,22.4,82.6,2019-07-13,18.7
194,0.0,7,7.9,20190714,232,2019,5.4,1.0,26.8,0.0,14,23.9,77.9,2019-07-14,18.4
195,0.0,7,3.2,20190715,232,2019,7.9,1.0,29.6,13.6,15,23.3,84.5,2019-07-15,20.6
196,0.0,7,6.5,20190716,232,2019,6.5,1.3,26.8,0.0,16,23.2,80.8,2019-07-16,19.7
197,0.0,7,4.1,20190717,232,2019,9.3,0.9,29.3,0.0,17,24.5,79.8,2019-07-17,20.5
198,0.0,7,8.5,20190718,232,2019,7.3,1.3,29.4,0.0,18,24.9,78.6,2019-07-18,22.0
199,0.0,7,6.0,20190719,232,2019,7.3,2.4,29.0,0.0,19,26.1,75.9,2019-07-19,22.2
200,0.0,7,1.7,20190720,232,2019,9.9,4.4,30.1,8.9,20,25.2,83.1,2019-07-20,23.1
201,0.0,7,0.0,20190721,232,2019,7.9,1.5,28.6,20.3,21,24.1,90.6,2019-07-21,21.6
202,0.0,7,7.4,20190722,232,2019,6.0,1.0,26.2,0.0,22,26.3,80.4,2019-07-22,23.1
203,0.0,7,5.6,20190723,232,2019,7.5,1.0,31.4,0.0,23,26.9,80.0,2019-07-23,22.6
204,0.0,7,0.0,20190724,232,2019,8.9,0.9,32.0,0.1,24,25.8,84.6,2019-07-24,24.3
205,0.0,7,0.2,20190725,232,2019,9.5,0.8,28.1,132.6,25,24.4,96.6,2019-07-25,23.8
206,0.0,7,0.0,20190726,232,2019,9.8,0.5,25.1,9.3,26,25.0,94.3,2019-07-26,24.0
207,0.0,7,5.4,20190727,232,2019,6.5,1.1,25.8,7.6,27,26.8,85.9,2019-07-27,24.2
208,0.0,7,0.2,20190728,232,2019,9.1,1.1,30.6,23.3,28,25.1,92.3,2019-07-28,23.9
209,0.0,7,9.2,20190729,232,2019,5.4,1.5,26.1,0.0,29,26.6,78.6,2019-07-29,22.6
210,0.0,7,8.7,20190730,232,2019,5.8,2.1,30.8,0.0,30,27.7,76.6,2019-07-30,25.1
211,0.0,7,3.0,20190731,232,2019,7.5,1.9,32.0,0.0,31,27.2,79.3,2019-07-31,24.3
212,0.0,8,6.8,20190801,232,2019,6.8,0.8,0.0,0.0,1,26.6,83.4,2019-08-01,23.3
213,0.0,8,11.3,20190802,232,2019,2.6,0.9,31.1,0.0,2,27.6,76.1,2019-08-02,22.6
214,0.0,8,9.9,20190803,232,2019,7.1,0.9,33.4,0.0,3,28.1,77.0,2019-08-03,23.0
215,0.0,8,9.1,20190804,232,2019,4.1,1.0,34.3,0.0,4,27.4,79.0,2019-08-04,23.0
216,0.0,8,7.7,20190805,232,2019,4.3,0.7,33.6,0.0,5,28.0,79.8,2019-08-05,22.8
217,0.0,8,7.4,20190806,232,2019,7.9,1.5,34.1,0.0,6,27.7,71.6,2019-08-06,22.7
218,0.0,8,7.5,20190807,232,2019,6.6,1.5,32.5,5.4,7,26.6,82.4,2019-08-07,22.5
219,0.0,8,4.7,20190808,232,2019,7.4,0.9,32.0,22.3,8,25.2,88.0,2019-08-08,22.5
220,0.0,8,7.9,20190809,232,2019,5.4,0.9,31.0,0.0,9,26.6,84.0,2019-08-09,22.0
221,0.0,8,10.3,20190810,232,2019,4.3,2.4,32.6,0.0,10,28.6,70.8,2019-08-10,22.9
222,0.0,8,8.3,20190811,232,2019,7.4,4.8,33.9,0.2,11,28.7,63.4,2019-08-11,25.0
223,0.0,8,1.3,20190812,232,2019,7.9,2.1,33.0,14.2,12,26.4,87.4,2019-08-12,24.2
224,0.0,8,10.4,20190813,232,2019,3.8,0.9,30.6,0.0,13,28.1,80.6,2019-08-13,22.9
225,0.0,8,11.2,20190814,232,2019,5.3,1.5,33.6,0.0,14,28.6,73.6,2019-08-14,22.8
226,0.0,8,0.0,20190815,232,2019,8.3,1.1,33.5,25.2,15,24.1,92.5,2019-08-15,23.0
227,0.0,8,6.9,20190816,232,2019,5.4,1.8,27.8,4.8,16,24.8,85.5,2019-08-16,21.4
228,0.0,8,6.3,20190817,232,2019,5.0,1.2,28.3,2.3,17,23.6,87.3,2019-08-17,19.9
229,0.0,8,8.4,20190818,232,2019,4.6,0.7,28.6,0.0,18,22.3,82.8,2019-08-18,17.8
230,0.0,8,9.9,20190819,232,2019,4.5,0.8,28.9,0.0,19,23.6,76.3,2019-08-19,17.2
231,0.0,8,9.2,20190820,232,2019,3.3,1.5,30.2,0.0,20,24.7,76.0,2019-08-20,19.4
232,0.0,8,7.7,20190821,232,2019,6.8,1.0,30.4,0.9,21,25.1,79.1,2019-08-21,19.2
233,0.0,8,4.3,20190822,232,2019,7.6,0.9,31.0,0.7,22,24.4,81.4,2019-08-22,20.3
234,0.0,8,9.2,20190823,232,2019,5.6,1.1,29.0,0.0,23,22.7,74.6,2019-08-23,17.5
235,0.0,8,2.0,20190824,232,2019,7.8,0.7,28.9,0.3,24,21.4,84.5,2019-08-24,17.3
236,0.0,8,11.4,20190825,232,2019,3.4,0.8,26.0,0.0,25,22.1,77.4,2019-08-25,16.4
237,0.0,8,9.4,20190826,232,2019,5.0,0.7,29.1,0.0,26,23.3,75.8,2019-08-26,16.7
238,0.0,8,0.4,20190827,232,2019,8.4,1.1,30.3,10.9,27,21.5,88.8,2019-08-27,19.7
239,0.0,8,5.3,20190828,232,2019,6.5,0.8,24.5,0.3,28,22.8,86.5,2019-08-28,19.4
240,0.0,8,3.4,20190829,232,2019,7.0,0.7,27.8,3.2,29,21.1,89.9,2019-08-29,18.5
241,0.0,8,7.5,20190830,232,2019,3.0,1.2,26.0,0.0,30,20.7,80.6,2019-08-30,17.2
242,0.0,8,8.9,20190831,232,2019,3.6,0.7,26.1,0.0,31,20.8,80.8,2019-08-31,15.0
243,0.0,9,5.4,20190901,232,2019,7.6,0.5,0.0,0.0,1,21.0,83.0,2019-09-01,15.1
244,0.0,9,3.9,20190902,232,2019,7.0,0.9,26.6,0.0,2,21.6,81.8,2019-09-02,17.0
245,0.0,9,0.0,20190903,232,2019,9.6,1.2,26.9,0.9,3,21.6,89.1,2019-09-03,19.3
246,0.0,9,0.6,20190904,232,2019,9.1,1.9,24.0,6.5,4,22.1,89.9,2019-09-04,20.0
247,0.0,9,1.5,20190905,232,2019,9.3,1.1,26.8,9.7,5,22.6,92.5,2019-09-05,19.6
248,0.0,9,0.8,20190906,232,2019,9.9,1.6,26.7,0.1,6,24.5,85.0,2019-09-06,20.6
249,0.0,9,0.4,20190907,232,2019,8.5,5.7,27.4,1.1,7,25.2,77.3,2019-09-07,20.7
250,0.0,9,1.2,20190908,232,2019,9.6,0.6,29.3,0.7,8,23.1,89.4,2019-09-08,19.9
251,0.0,9,0.0,20190909,232,2019,9.6,0.6,27.4,4.7,9,22.4,93.6,2019-09-09,20.8
252,0.0,9,4.0,20190910,232,2019,7.6,1.1,24.3,0.1,10,25.5,76.5,2019-09-10,21.9
253,0.0,9,0.4,20190911,232,2019,6.4,1.9,29.3,6.6,11,22.2,89.9,2019-09-11,21.1
254,0.0,9,0.0,20190912,232,2019,8.1,2.3,25.0,1.1,12,19.4,81.4,2019-09-12,17.6
255,0.0,9,10.7,20190913,232,2019,3.8,1.7,21.7,0.0,13,20.5,74.3,2019-09-13,16.4
256,0.0,9,0.7,20190914,232,2019,8.1,0.6,26.7,0.0,14,20.6,85.0,2019-09-14,15.8
257,0.0,9,9.7,20190915,232,2019,5.1,0.9,25.7,0.0,15,23.0,77.0,2019-09-15,18.4
258,0.0,9,9.3,20190916,232,2019,4.5,0.9,28.9,0.0,16,21.8,74.6,2019-09-16,17.1
259,0.0,9,10.3,20190917,232,2019,3.4,0.8,27.4,0.0,17,19.8,69.3,2019-09-17,11.9
260,0.0,9,10.8,20190918,232,2019,2.3,1.3,27.7,0.0,18,18.7,66.4,2019-09-18,11.2
261,0.0,9,9.4,20190919,232,2019,2.6,1.0,25.5,0.0,19,17.2,70.8,2019-09-19,8.5
262,0.0,9,2.2,20190920,232,2019,9.4,2.0,25.7,0.0,20,18.0,69.1,2019-09-20,13.3
263,0.0,9,0.0,20190921,232,2019,10.0,2.0,22.7,30.7,21,16.9,80.8,2019-09-21,14.5
264,0.0,9,0.0,20190922,232,2019,9.9,3.1,20.1,40.5,22,15.7,87.8,2019-09-22,14.4
265,0.0,9,5.2,20190923,232,2019,4.6,1.3,17.4,0.1,23,16.7,72.9,2019-09-23,11.3
266,0.0,9,6.9,20190924,232,2019,3.4,0.7,20.8,0.0,24,15.4,81.8,2019-09-24,9.6
267,0.0,9,8.0,20190925,232,2019,7.6,0.7,23.6,0.0,25,16.4,81.0,2019-09-25,8.9
268,0.0,9,3.9,20190926,232,2019,8.5,1.6,23.4,0.0,26,18.8,79.5,2019-09-26,14.1
269,0.0,9,7.5,20190927,232,2019,7.9,0.9,23.9,0.0,27,20.0,75.6,2019-09-27,13.8
270,0.0,9,7.6,20190928,232,2019,5.0,0.4,26.5,0.0,28,21.5,79.8,2019-09-28,17.2
271,0.0,9,9.7,20190929,232,2019,0.3,0.7,27.7,0.0,29,19.4,77.3,2019-09-29,13.9
272,0.0,9,9.9,20190930,232,2019,1.8,0.4,26.7,0.0,30,18.5,78.3,2019-09-30,11.2
273,0.0,10,0.2,20191001,232,2019,8.8,0.6,0.0,0.0,1,19.9,86.6,2019-10-01,14.1
274,0.0,10,0.0,20191002,232,2019,10.0,3.3,25.4,44.7,2,20.1,90.8,2019-10-02,19.1
275,0.0,10,5.0,20191003,232,2019,6.6,2.3,21.0,25.4,3,20.9,82.6,2019-10-03,16.6
276,0.0,10,5.0,20191004,232,2019,5.5,0.6,25.8,0.0,4,20.3,86.8,2019-10-04,15.0
277,0.0,10,1.6,20191005,232,2019,8.5,1.1,26.5,0.0,5,17.7,82.4,2019-10-05,13.4
278,0.0,10,7.9,20191006,232,2019,6.5,2.2,21.0,0.0,6,16.2,70.5,2019-10-06,13.1
279,0.0,10,0.0,20191007,232,2019,8.0,1.0,21.5,9.7,7,14.0,93.0,2019-10-07,13.0
280,0.0,10,7.1,20191008,232,2019,3.3,1.3,14.8,0.0,8,13.6,74.3,2019-10-08,7.0
281,0.0,10,10.1,20191009,232,2019,1.8,0.5,20.2,0.0,9,10.4,74.9,2019-10-09,2.7
282,0.0,10,0.0,20191010,232,2019,7.7,0.4,19.2,0.0,10,12.0,85.1,2019-10-10,7.1
283,0.0,10,8.7,20191011,232,2019,1.4,1.2,17.5,0.0,11,16.0,69.6,2019-10-11,8.5
284,0.0,10,10.2,20191012,232,2019,0.5,2.8,23.1,0.0,12,16.3,63.6,2019-10-12,10.2
285,0.0,10,9.5,20191013,232,2019,2.9,1.0,23.0,0.0,13,13.9,73.8,2019-10-13,7.1
286,0.0,10,7.3,20191014,232,2019,4.0,1.0,21.6,0.0,14,11.7,77.6,2019-10-14,6.2
287,0.0,10,8.9,20191015,232,2019,4.4,1.0,18.7,0.0,15,11.5,76.3,2019-10-15,5.3
288,0.0,10,9.2,20191016,232,2019,4.6,0.2,18.5,0.0,16,11.6,79.1,2019-10-16,5.2
289,0.0,10,3.6,20191017,232,2019,7.5,0.6,19.2,0.0,17,12.1,81.0,2019-10-17,8.1
290,0.0,10,2.5,20191018,232,2019,7.0,1.2,18.6,0.0,18,13.4,81.8,2019-10-18,8.0
291,0.0,10,9.4,20191019,232,2019,0.8,0.7,20.1,0.0,19,14.4,78.5,2019-10-19,8.2
292,0.0,10,5.4,20191020,232,2019,3.9,0.5,21.6,0.0,20,12.6,84.6,2019-10-20,8.1
293,0.0,10,9.5,20191021,232,2019,4.0,0.7,20.8,0.0,21,12.7,76.9,2019-10-21,5.1
294,0.0,10,8.9,20191022,232,2019,2.9,1.0,22.1,0.0,22,13.8,77.0,2019-10-22,7.2
295,0.0,10,0.5,20191023,232,2019,9.6,1.5,22.4,0.0,23,14.4,76.9,2019-10-23,9.0
296,0.0,10,6.5,20191024,232,2019,4.5,1.6,18.8,0.0,24,17.0,63.4,2019-10-24,12.0
297,0.0,10,7.6,20191025,232,2019,5.3,1.0,22.1,0.6,25,15.4,71.9,2019-10-25,9.0
298,0.0,10,7.0,20191026,232,2019,6.0,1.6,21.6,0.0,26,10.1,72.3,2019-10-26,4.7
299,0.0,10,9.4,20191027,232,2019,1.6,1.0,14.7,0.0,27,8.5,74.8,2019-10-27,1.2
300,0.0,10,7.8,20191028,232,2019,3.8,0.9,16.4,0.0,28,10.6,72.9,2019-10-28,1.5
301,0.0,10,5.0,20191029,232,2019,2.1,1.1,17.4,1.5,29,12.0,77.3,2019-10-29,6.1
302,0.0,10,9.3,20191030,232,2019,1.3,0.6,17.4,0.0,30,8.4,81.1,2019-10-30,1.6
303,0.0,10,8.1,20191031,232,2019,4.8,1.0,16.4,0.0,31,11.1,82.6,2019-10-31,2.5
304,0.0,11,6.2,20191101,232,2019,5.4,0.7,0.0,0.0,1,12.1,74.0,2019-11-01,6.4
305,0.0,11,4.2,20191102,232,2019,6.1,0.2,19.9,0.0,2,11.5,83.0,2019-11-02,3.6
306,0.0,11,6.8,20191103,232,2019,5.8,1.4,19.1,0.0,3,13.3,75.0,2019-11-03,7.4
307,0.0,11,8.3,20191104,232,2019,0.0,0.4,19.9,0.0,4,11.5,74.5,2019-11-04,6.2
308,0.0,11,7.6,20191105,232,2019,3.3,1.1,19.3,0.0,5,9.4,84.5,2019-11-05,3.0
309,0.0,11,5.2,20191106,232,2019,6.9,0.5,17.6,0.0,6,8.4,82.9,2019-11-06,2.1
310,0.0,11,7.6,20191107,232,2019,3.0,1.6,16.7,0.0,7,8.0,71.5,2019-11-07,0.8
311,0.0,11,8.4,20191108,232,2019,0.0,0.7,15.2,0.0,8,4.0,64.3,2019-11-08,-3.2
312,0.0,11,8.7,20191109,232,2019,0.0,1.1,12.8,0.0,9,5.8,65.1,2019-11-09,-2.6
313,0.0,11,3.9,20191110,232,2019,8.1,1.0,16.0,15.8,10,7.5,77.4,2019-11-10,0.4
314,0.0,11,2.8,20191111,232,2019,4.8,1.0,15.6,3.7,11,10.8,83.9,2019-11-11,7.1
315,0.0,11,6.2,20191112,232,2019,3.1,0.4,15.0,0.0,12,7.4,80.1,2019-11-12,1.9
316,0.0,11,0.0,20191113,232,2019,8.6,0.9,16.6,8.0,13,6.4,85.4,2019-11-13,1.4
317,0.0,11,8.7,20191114,232,2019,1.0,1.8,10.9,0.0,14,1.4,47.8,2019-11-14,-3.1
318,0.0,11,5.4,20191115,232,2019,6.5,1.2,6.4,22.7,15,8.1,75.9,2019-11-15,-3.5
319,0.0,11,4.0,20191116,232,2019,3.9,0.0,16.2,0.2,16,9.7,92.5,2019-11-16,3.9
320,0.0,11,0.0,20191117,232,2019,8.9,2.2,15.1,60.5,17,8.3,98.1,2019-11-17,2.1
321,0.0,11,2.2,20191118,232,2019,9.6,2.7,12.8,7.7,18,6.4,75.1,2019-11-18,1.2
322,0.0,11,7.5,20191119,232,2019,4.0,1.2,13.5,0.9,19,1.5,72.6,2019-11-19,-1.5
323,0.0,11,8.4,20191120,232,2019,0.5,0.9,5.1,0.0,20,0.3,65.8,2019-11-20,-4.4
324,0.0,11,5.7,20191121,232,2019,6.1,0.9,6.6,0.0,21,3.0,60.4,2019-11-21,-5.1
325,0.0,11,8.3,20191122,232,2019,3.5,1.1,10.8,0.0,22,7.7,66.3,2019-11-22,0.4
326,0.0,11,7.0,20191123,232,2019,5.3,0.8,17.0,0.0,23,9.4,78.9,2019-11-23,1.8
327,0.0,11,5.2,20191124,232,2019,6.6,1.8,18.2,1.1,24,10.9,82.0,2019-11-24,5.4
328,0.0,11,5.5,20191127,232,2019,5.0,1.5,13.4,0.0,27,4.2,65.0,2019-11-27,-0.9
329,0.0,11,7.7,20191128,232,2019,2.5,0.8,8.2,0.0,28,2.7,77.5,2019-11-28,-3.5
330,0.0,11,9.3,20191129,232,2019,1.3,0.9,10.8,0.0,29,0.8,67.6,2019-11-29,-4.6
331,0.0,11,7.5,20191130,232,2019,5.9,0.7,7.9,0.0,30,3.2,64.0,2019-11-30,-4.7
332,0.0,12,0.0,20191201,232,2019,9.7,0.4,0.0,5.9,1,5.3,88.3,2019-12-01,2.8
333,0.0,12,6.2,20191202,232,2019,3.3,2.0,7.8,0.1,2,1.9,62.5,2019-12-02,-2.2
334,0.0,12,2.6,20191203,232,2019,6.3,0.7,5.6,1.1,3,-0.1,89.6,2019-12-03,-5.6
335,0.0,12,5.0,20191204,232,2019,4.0,1.1,3.8,0.0,4,3.7,74.1,2019-12-04,-0.7
336,0.0,12,8.3,20191205,232,2019,1.4,2.3,9.1,0.0,5,-1.8,50.6,2019-12-05,-6.5
337,0.0,12,9.2,20191206,232,2019,0.0,1.1,3.4,0.0,6,-5.9,61.3,2019-12-06,-11.4
338,0.0,12,1.7,20191207,232,2019,4.3,0.7,-0.2,0.0,7,-3.1,83.3,2019-12-07,-9.9
339,0.0,12,7.0,20191208,232,2019,0.4,0.7,3.0,0.0,8,-1.7,82.1,2019-12-08,-6.0
340,0.0,12,4.3,20191209,232,2019,2.1,0.8,5.7,0.0,9,0.1,83.0,2019-12-09,-6.2
341,0.0,12,4.6,20191210,232,2019,3.9,0.9,8.8,0.0,10,5.7,86.4,2019-12-10,-1.2
342,0.0,12,2.1,20191211,232,2019,6.1,1.9,13.4,0.0,11,4.8,75.6,2019-12-11,1.0
343,0.0,12,9.1,20191212,232,2019,0.1,1.6,10.4,0.0,12,0.0,56.4,2019-12-12,-5.1
344,0.0,12,8.6,20191213,232,2019,4.8,0.6,4.6,0.0,13,-1.0,65.0,2019-12-13,-7.8
345,0.0,12,8.9,20191214,232,2019,4.6,1.4,6.6,0.1,14,2.4,69.8,2019-12-14,-1.4
346,0.0,12,7.8,20191215,232,2019,2.4,0.6,6.9,0.0,15,2.7,78.1,2019-12-15,-4.5
347,0.0,12,8.0,20191216,232,2019,5.8,0.7,12.0,0.0,16,5.5,80.5,2019-12-16,-1.3
348,0.0,12,0.0,20191217,232,2019,8.1,1.2,14.0,2.3,17,6.5,93.5,2019-12-17,3.1
349,0.0,12,5.1,20191218,232,2019,5.4,1.4,10.0,0.0,18,2.2,73.1,2019-12-18,-0.4
350,0.0,12,8.4,20191219,232,2019,3.3,1.3,5.3,0.0,19,-0.6,58.3,2019-12-19,-4.1
351,0.0,12,6.9,20191220,232,2019,4.4,0.9,4.2,0.0,20,-1.3,76.0,2019-12-20,-5.8
352,0.0,12,1.0,20191221,232,2019,5.9,0.5,3.5,0.0,21,-2.0,80.0,2019-12-21,-7.9
353,0.0,12,4.5,20191222,232,2019,6.9,0.8,4.9,0.0,22,2.1,78.6,2019-12-22,-1.9
354,0.0,12,0.2,20191223,232,2019,4.5,0.9,8.1,1.5,23,1.5,88.5,2019-12-23,-2.5
355,0.0,12,3.8,20191224,232,2019,3.3,0.5,5.6,0.0,24,-1.6,92.0,2019-12-24,-4.8
356,0.0,12,2.8,20191225,232,2019,5.8,0.7,5.9,0.0,25,-0.4,72.3,2019-12-25,-6.8
357,0.0,12,0.1,20191226,232,2019,7.0,1.2,7.5,1.2,26,1.3,83.5,2019-12-26,-0.2
358,0.0,12,9.1,20191227,232,2019,0.0,1.5,2.9,0.0,27,-1.2,64.5,2019-12-27,-5.4
359,0.0,12,8.8,20191228,232,2019,0.6,0.7,3.7,0.0,28,-1.8,70.6,2019-12-28,-7.7
360,0.0,12,0.0,20191229,232,2019,9.4,0.8,6.6,5.5,29,1.2,84.6,2019-12-29,-4.8
361,0.0,12,0.0,20191230,232,2019,8.5,1.6,7.3,0.3,30,3.2,87.3,2019-12-30,-1.7
362,0.0,12,9.2,20191231,232,2019,1.3,2.2,-1.7,0.0,31,-6.6,61.3,2019-12-31,-9.4
