,station_id,sunshine,humid,day,tmin,snow,Date,date,cloud,tavg,year,wind,month,rainfall,tmax
0,232,3.2,65.3,1,-8.0,0.0,2008-01-01,20080101,0.0,-5.4,2008,3.8,1,0.0,-3.4
1,232,8.4,76.6,2,-10.6,0.0,2008-01-02,20080102,0.0,-4.8,2008,1.4,1,0.0,1.0
2,232,7.4,73.1,3,-6.5,0.0,2008-01-03,20080103,0.0,0.2,2008,1.8,1,0.0,6.4
3,232,7.3,77.5,4,-6.1,0.0,2008-01-04,20080104,0.0,-0.8,2008,1.3,1,0.0,4.6
4,232,7.8,83.6,5,-4.5,0.0,2008-01-05,20080105,0.0,-0.4,2008,0.9,1,0.0,6.5
5,232,0.9,84.6,6,-3.2,0.0,2008-01-06,20080106,0.0,2.6,2008,1.3,1,0.0,9.1
6,232,0.0,93.0,7,-1.3,0.0,2008-01-07,20080107,0.0,1.7,2008,0.9,1,0.0,6.5
7,232,0.0,87.6,8,-2.1,0.0,2008-01-08,20080108,0.0,0.6,2008,0.6,1,0.0,5.3
8,232,6.8,71.4,9,-3.2,0.0,2008-01-09,20080109,0.0,0.8,2008,1.2,1,0.0,7.4
9,232,5.5,68.8,10,-3.7,0.0,2008-01-10,20080110,0.0,0.4,2008,1.2,1,0.0,5.4
10,232,0.0,84.5,11,0.1,0.0,2008-01-11,20080111,0.0,1.3,2008,1.3,1,13.5,1.8
11,232,0.1,79.3,12,-2.1,0.0,2008-01-12,20080112,0.0,1.7,2008,2.6,1,0.4,5.1
12,232,4.2,50.6,13,-6.5,0.0,2008-01-13,20080113,0.0,-4.0,2008,2.9,1,0.0,-2.1
13,232,7.9,66.3,14,-6.3,0.0,2008-01-14,20080114,0.0,-2.4,2008,2.1,1,0.0,2.1
14,232,6.8,58.6,15,-8.7,0.0,2008-01-15,20080115,0.0,-3.9,2008,1.9,1,0.0,0.3
15,232,8.7,46.8,16,-9.2,0.0,2008-01-16,20080116,0.0,-5.7,2008,3.6,1,0.0,-2.4
16,232,3.8,51.9,17,-12.9,0.0,2008-01-17,20080117,0.0,-7.1,2008,1.5,1,0.0,-2.4
17,232,8.1,58.5,18,-11.8,0.0,2008-01-18,20080118,0.0,-6.0,2008,1.5,1,0.0,-0.4
18,232,5.3,60.9,19,-9.4,0.0,2008-01-19,20080119,0.0,-3.2,2008,1.0,1,0.0,2.2
19,232,0.0,76.3,20,-2.7,0.0,2008-01-20,20080120,0.0,0.2,2008,0.7,1,0.2,3.7
20,232,0.0,83.5,21,0.0,1.0,2008-01-21,20080121,0.0,1.4,2008,2.3,1,1.2,3.6
21,232,0.0,90.8,22,0.0,0.0,2008-01-22,20080122,0.0,1.1,2008,1.4,1,1.5,2.4
22,232,4.8,72.6,23,-6.7,0.0,2008-01-23,20080123,0.0,-1.5,2008,4.4,1,0.0,1.1
23,232,8.9,54.1,24,-8.8,0.0,2008-01-24,20080124,0.0,-6.2,2008,3.8,1,0.0,-3.2
24,232,7.3,56.1,25,-11.0,0.0,2008-01-25,20080125,0.0,-5.9,2008,1.6,1,0.0,-1.3
25,232,7.6,67.8,26,-9.7,0.0,2008-01-26,20080126,0.0,-4.7,2008,1.5,1,0.0,2.5
26,232,9.1,71.4,27,-10.4,0.0,2008-01-27,20080127,0.0,-3.7,2008,1.0,1,0.0,4.4
27,232,0.0,70.0,28,-6.3,0.0,2008-01-28,20080128,0.0,-2.4,2008,1.2,1,0.0,1.0
28,232,6.2,63.4,29,-4.1,0.0,2008-01-29,20080129,0.0,-0.8,2008,1.5,1,0.0,4.2
29,232,4.6,63.0,30,-6.1,0.5,2008-01-30,20080130,0.0,-1.8,2008,3.3,1,0.2,0.3
30,232,8.6,68.9,31,-9.0,0.0,2008-01-31,20080131,0.0,-5.0,2008,2.3,1,0.0,-0.6
31,232,8.9,61.8,1,-11.6,0.0,2008-02-01,20080201,0.0,-4.5,2008,1.5,2,0.0,2.0
32,232,7.9,67.6,2,-7.9,0.0,2008-02-02,20080202,0.0,-3.3,2008,1.1,2,0.0,3.7
33,232,6.9,72.3,3,-7.3,0.0,2008-02-03,20080203,0.0,-2.7,2008,1.8,2,0.0,4.4
34,232,7.2,66.6,4,-8.5,0.0,2008-02-04,20080204,0.0,-3.2,2008,2.6,2,0.0,2.8
35,232,1.7,63.0,5,-10.2,0.0,2008-02-05,20080205,0.0,-4.4,2008,1.3,2,0.0,0.3
36,232,9.4,62.3,6,-9.2,0.0,2008-02-06,20080206,0.0,-3.7,2008,2.4,2,0.0,1.1
37,232,8.7,69.3,7,-11.8,0.0,2008-02-07,20080207,0.0,-5.3,2008,1.8,2,0.0,1.2
38,232,3.8,67.0,8,-11.9,0.0,2008-02-08,20080208,0.0,-4.4,2008,1.0,2,0.0,1.6
39,232,5.2,71.8,9,-8.4,0.8,2008-02-09,20080209,0.0,-3.6,2008,2.0,2,0.4,0.5
40,232,6.9,67.4,10,-11.3,0.0,2008-02-10,20080210,0.0,-3.8,2008,1.2,2,0.0,3.7
41,232,3.7,61.6,11,-7.6,0.0,2008-02-11,20080211,0.0,-1.4,2008,2.1,2,0.0,4.4
42,232,9.4,41.9,12,-8.2,0.0,2008-02-12,20080212,0.0,-5.4,2008,4.9,2,0.0,-2.4
43,232,10.0,52.0,13,-13.4,0.0,2008-02-13,20080213,0.0,-7.3,2008,2.6,2,0.0,-1.5
44,232,10.0,57.1,14,-11.9,0.0,2008-02-14,20080214,0.0,-3.9,2008,1.6,2,0.0,3.4
45,232,10.0,46.0,15,-7.8,0.0,2008-02-15,20080215,0.0,-3.3,2008,3.5,2,0.0,0.6
46,232,9.0,54.6,16,-12.6,0.0,2008-02-16,20080216,0.0,-4.7,2008,2.6,2,0.0,1.0
47,232,9.5,57.4,17,-11.6,0.0,2008-02-17,20080217,0.0,-5.2,2008,2.0,2,0.0,1.9
48,232,9.1,55.6,18,-11.7,0.0,2008-02-18,20080218,0.0,-3.9,2008,1.3,2,0.0,4.5
49,232,8.9,67.5,19,-10.7,0.0,2008-02-19,20080219,0.0,-2.3,2008,1.4,2,0.0,6.2
50,232,8.7,57.4,20,-5.9,0.0,2008-02-20,20080220,0.0,0.4,2008,2.0,2,0.0,7.7
51,232,9.2,47.3,21,-8.5,0.0,2008-02-21,20080221,0.0,0.4,2008,1.5,2,0.0,10.8
52,232,7.6,56.1,22,-4.5,0.0,2008-02-22,20080222,0.0,5.2,2008,2.4,2,0.5,13.2
53,232,8.7,51.4,23,-4.3,0.0,2008-02-23,20080223,0.0,-1.9,2008,5.4,2,0.1,2.5
54,232,10.3,53.6,24,-10.5,0.0,2008-02-24,20080224,0.0,-2.9,2008,1.6,2,0.0,4.4
55,232,0.0,76.3,25,-7.7,3.7,2008-02-25,20080225,0.0,-1.0,2008,1.6,2,5.6,4.4
56,232,2.5,79.9,26,-2.9,6.6,2008-02-26,20080226,0.0,-0.7,2008,3.3,2,4.5,0.8
57,232,8.6,63.5,27,-9.7,0.0,2008-02-27,20080227,0.0,-0.6,2008,2.7,2,0.0,5.9
58,232,10.0,65.8,28,-6.3,0.0,2008-02-28,20080228,0.0,1.4,2008,1.9,2,0.0,8.6
59,232,3.8,62.8,29,-1.4,0.0,2008-02-29,20080229,0.0,4.2,2008,3.1,2,0.0,11.6
60,232,10.4,61.4,1,-2.8,0.0,2008-03-01,20080301,0.0,1.8,2008,2.4,3,0.0,7.5
61,232,0.0,69.5,2,-2.7,0.0,2008-03-02,20080302,0.0,2.4,2008,1.6,3,0.0,8.5
62,232,5.8,70.8,3,-0.9,0.0,2008-03-03,20080303,0.0,2.5,2008,2.8,3,0.0,7.7
63,232,8.0,74.8,4,-5.1,0.0,2008-03-04,20080304,0.0,0.1,2008,1.5,3,0.0,6.8
64,232,10.1,69.5,5,-5.5,0.0,2008-03-05,20080305,0.0,1.1,2008,1.6,3,0.0,8.7
65,232,5.1,73.8,6,-2.7,0.0,2008-03-06,20080306,0.0,2.7,2008,3.0,3,0.0,9.6
66,232,10.6,63.8,7,-4.2,0.0,2008-03-07,20080307,0.0,1.8,2008,2.1,3,0.0,8.1
67,232,10.2,62.5,8,-5.6,0.0,2008-03-08,20080308,0.0,3.1,2008,1.4,3,0.0,11.8
68,232,8.9,65.3,9,-1.8,0.0,2008-03-09,20080309,0.0,4.1,2008,1.8,3,0.0,12.2
69,232,7.7,72.3,10,-2.1,0.0,2008-03-10,20080310,0.0,5.0,2008,1.4,3,0.0,13.6
70,232,4.8,66.4,11,3.5,0.0,2008-03-11,20080311,0.0,9.6,2008,1.4,3,0.0,17.3
71,232,8.2,68.5,12,0.4,0.0,2008-03-12,20080312,0.0,9.5,2008,1.7,3,0.0,19.5
72,232,0.0,73.3,13,4.1,0.0,2008-03-13,20080313,0.0,9.7,2008,2.1,3,1.0,14.5
73,232,8.6,71.8,14,1.7,0.0,2008-03-14,20080314,0.0,7.3,2008,2.1,3,0.0,14.5
74,232,9.5,62.3,15,-0.6,0.0,2008-03-15,20080315,0.0,8.4,2008,2.8,3,0.0,16.2
75,232,9.3,57.5,16,0.0,0.0,2008-03-16,20080316,0.0,6.7,2008,3.1,3,0.0,12.0
76,232,10.1,53.1,17,-3.9,0.0,2008-03-17,20080317,0.0,6.3,2008,1.2,3,0.0,17.0
77,232,5.5,51.1,18,0.1,0.0,2008-03-18,20080318,0.0,10.2,2008,1.8,3,0.0,19.7
78,232,6.3,57.6,19,5.3,0.0,2008-03-19,20080319,0.0,10.4,2008,2.7,3,0.0,19.6
79,232,11.0,40.3,20,-1.5,0.0,2008-03-20,20080320,0.0,8.6,2008,1.2,3,0.0,18.4
80,232,9.4,38.3,21,0.6,0.0,2008-03-21,20080321,0.0,10.5,2008,2.2,3,0.0,20.7
81,232,3.2,42.1,22,7.4,0.0,2008-03-22,20080322,0.0,11.7,2008,2.4,3,5.5,17.2
82,232,0.0,91.8,23,5.6,0.0,2008-03-23,20080323,0.0,8.2,2008,2.2,3,32.0,10.4
83,232,9.0,73.0,24,3.1,0.0,2008-03-24,20080324,0.0,7.9,2008,3.6,3,0.5,15.4
84,232,3.6,71.8,25,-0.8,0.0,2008-03-25,20080325,0.0,4.7,2008,3.0,3,0.1,9.1
85,232,7.3,68.8,26,-0.8,0.0,2008-03-26,20080326,0.0,5.3,2008,2.4,3,0.0,11.2
86,232,7.5,64.6,27,3.6,0.0,2008-03-27,20080327,0.0,6.8,2008,3.2,3,0.0,10.8
87,232,9.5,64.6,28,-1.1,0.0,2008-03-28,20080328,0.0,6.4,2008,1.7,3,0.0,11.8
88,232,0.0,79.5,29,5.5,0.0,2008-03-29,20080329,0.0,7.1,2008,1.8,3,0.5,9.5
89,232,0.0,81.6,30,5.3,0.0,2008-03-30,20080330,0.0,6.8,2008,2.0,3,0.5,8.7
90,232,4.5,72.3,31,3.2,0.0,2008-03-31,20080331,0.0,6.9,2008,4.0,3,0.0,11.3
91,232,8.5,61.6,1,-0.7,0.0,2008-04-01,20080401,0.0,7.4,2008,2.6,4,0.0,14.1
92,232,1.1,66.8,2,3.4,0.0,2008-04-02,20080402,0.0,8.3,2008,2.9,4,0.0,14.1
93,232,10.5,59.5,3,-0.2,0.0,2008-04-03,20080403,0.0,7.6,2008,2.3,4,0.0,16.0
94,232,11.4,52.4,4,-1.2,0.0,2008-04-04,20080404,0.0,9.0,2008,2.3,4,0.0,19.0
95,232,9.6,58.0,5,3.6,0.0,2008-04-05,20080405,0.0,11.6,2008,1.7,4,0.0,20.4
96,232,7.6,52.9,6,2.3,0.0,2008-04-06,20080406,0.0,13.3,2008,2.3,4,4.5,23.7
97,232,4.4,77.5,7,7.5,0.0,2008-04-07,20080407,0.0,11.5,2008,1.7,4,1.5,17.3
98,232,10.8,52.6,8,3.9,0.0,2008-04-08,20080408,0.0,14.2,2008,1.9,4,0.0,23.7
99,232,0.0,61.1,9,9.3,0.0,2008-04-09,20080409,0.0,12.1,2008,4.2,4,11.0,15.1
100,232,7.4,67.1,10,8.0,0.0,2008-04-10,20080410,0.0,13.0,2008,2.5,4,6.5,20.0
101,232,8.0,68.0,11,4.3,0.0,2008-04-11,20080411,0.0,12.4,2008,2.1,4,0.0,20.5
102,232,3.3,68.8,12,4.7,0.0,2008-04-12,20080412,0.0,12.3,2008,2.5,4,0.0,18.0
103,232,2.1,72.0,13,7.0,0.0,2008-04-13,20080413,0.0,12.2,2008,1.9,4,0.0,17.0
104,232,11.8,61.4,14,2.3,0.0,2008-04-14,20080414,0.0,11.0,2008,1.6,4,0.0,20.4
105,232,10.6,55.8,15,3.2,0.0,2008-04-15,20080415,0.0,13.2,2008,1.6,4,0.0,22.9
106,232,9.1,57.8,16,6.2,0.0,2008-04-16,20080416,0.0,15.1,2008,1.4,4,0.0,24.8
107,232,7.7,59.8,17,8.9,0.0,2008-04-17,20080417,0.0,16.5,2008,2.4,4,0.0,23.7
108,232,11.8,58.0,18,6.9,0.0,2008-04-18,20080418,0.0,15.6,2008,1.7,4,0.0,24.3
109,232,11.3,50.1,19,6.5,0.0,2008-04-19,20080419,0.0,17.6,2008,1.5,4,0.0,28.1
110,232,8.0,36.1,20,8.4,0.0,2008-04-20,20080420,0.0,18.3,2008,3.6,4,0.0,24.8
111,232,0.1,31.8,21,14.9,0.0,2008-04-21,20080421,0.0,18.1,2008,3.3,4,0.0,22.7
112,232,0.0,48.3,22,12.6,0.0,2008-04-22,20080422,0.0,16.8,2008,1.9,4,6.0,21.0
113,232,1.2,77.1,23,7.2,0.0,2008-04-23,20080423,0.0,11.0,2008,3.7,4,2.5,14.1
114,232,11.6,50.3,24,4.7,0.0,2008-04-24,20080424,0.0,9.4,2008,3.2,4,0.0,14.8
115,232,5.8,47.4,25,6.8,0.0,2008-04-25,20080425,0.0,13.8,2008,4.2,4,0.5,21.3
116,232,1.2,73.1,26,5.6,0.0,2008-04-26,20080426,0.0,9.7,2008,4.1,4,1.5,13.6
117,232,4.4,73.0,27,2.5,0.0,2008-04-27,20080427,0.0,8.7,2008,1.6,4,0.0,14.6
118,232,11.4,61.1,28,2.2,0.0,2008-04-28,20080428,0.0,12.1,2008,1.7,4,0.0,21.8
119,232,6.8,71.6,29,6.4,0.0,2008-04-29,20080429,0.0,15.4,2008,1.6,4,0.0,23.7
120,232,8.7,67.5,30,10.6,0.0,2008-04-30,20080430,0.0,18.3,2008,2.0,4,0.0,25.9
121,232,9.6,63.5,1,13.3,0.0,2008-05-01,20080501,0.0,19.6,2008,2.2,5,0.0,27.0
122,232,10.0,68.3,2,11.8,0.0,2008-05-02,20080502,0.0,19.4,2008,1.5,5,0.0,27.4
123,232,10.2,65.4,3,11.9,0.0,2008-05-03,20080503,0.0,19.8,2008,1.4,5,0.0,28.9
124,232,0.0,72.0,4,14.8,0.0,2008-05-04,20080504,0.0,18.5,2008,1.8,5,1.5,21.9
125,232,12.9,53.6,5,8.7,0.0,2008-05-05,20080505,0.0,15.4,2008,4.1,5,0.5,21.8
126,232,11.9,39.3,6,7.1,0.0,2008-05-06,20080506,0.0,16.5,2008,2.8,5,0.0,26.0
127,232,7.4,41.0,7,9.1,0.0,2008-05-07,20080507,0.0,17.8,2008,2.7,5,0.0,25.8
128,232,0.6,62.8,8,14.1,0.0,2008-05-08,20080508,0.0,18.2,2008,1.6,5,0.0,24.1
129,232,6.3,41.1,9,12.1,0.0,2008-05-09,20080509,0.0,17.8,2008,4.0,5,0.0,23.4
130,232,11.0,41.5,10,7.7,0.0,2008-05-10,20080510,0.0,15.4,2008,2.9,5,0.0,21.6
131,232,13.0,49.9,11,8.3,0.0,2008-05-11,20080511,0.0,14.9,2008,2.6,5,0.0,22.5
132,232,4.8,47.5,12,10.0,0.0,2008-05-12,20080512,0.0,14.9,2008,3.9,5,0.0,19.7
133,232,4.7,76.1,13,9.7,0.0,2008-05-13,20080513,0.0,11.7,2008,2.3,5,3.0,16.3
134,232,12.1,63.8,14,7.2,0.0,2008-05-14,20080514,0.0,12.9,2008,1.9,5,0.0,18.4
135,232,9.9,65.3,15,6.3,0.0,2008-05-15,20080515,0.0,13.8,2008,1.6,5,0.0,20.9
136,232,10.2,62.4,16,8.9,0.0,2008-05-16,20080516,0.0,15.2,2008,1.8,5,0.0,22.6
137,232,9.6,56.3,17,7.3,0.0,2008-05-17,20080517,0.0,16.2,2008,1.4,5,0.0,24.7
138,232,0.0,81.4,18,11.9,0.0,2008-05-18,20080518,0.0,14.2,2008,1.6,5,51.0,17.5
139,232,10.3,66.5,19,10.7,0.0,2008-05-19,20080519,0.0,14.3,2008,4.0,5,0.1,20.7
140,232,12.0,68.5,20,8.2,0.0,2008-05-20,20080520,0.0,15.1,2008,2.0,5,0.0,21.3
141,232,6.1,48.3,21,12.3,0.0,2008-05-21,20080521,0.0,19.2,2008,3.1,5,0.0,25.8
142,232,5.5,67.0,22,14.5,0.0,2008-05-22,20080522,0.0,21.0,2008,2.2,5,0.0,26.7
143,232,0.0,75.8,23,16.0,0.0,2008-05-23,20080523,0.0,20.8,2008,1.3,5,0.0,25.2
144,232,3.8,69.3,24,16.9,0.0,2008-05-24,20080524,0.0,22.1,2008,1.4,5,0.0,27.7
145,232,10.4,72.4,25,15.7,0.0,2008-05-25,20080525,0.0,20.8,2008,1.9,5,0.0,28.2
146,232,6.3,71.8,26,15.2,0.0,2008-05-26,20080526,0.0,19.1,2008,1.6,5,0.0,24.9
147,232,7.4,61.9,27,15.0,0.0,2008-05-27,20080527,0.0,21.7,2008,2.4,5,0.0,29.5
148,232,0.0,82.3,28,18.7,0.0,2008-05-28,20080528,0.0,20.7,2008,2.0,5,6.5,22.9
149,232,8.3,72.0,29,18.9,0.0,2008-05-29,20080529,0.0,22.9,2008,2.3,5,0.0,27.4
150,232,1.5,63.3,30,12.1,0.0,2008-05-30,20080530,0.0,18.8,2008,2.1,5,0.0,22.2
151,232,12.5,60.3,31,8.2,0.0,2008-05-31,20080531,0.0,16.8,2008,2.0,5,0.0,24.8
152,232,9.2,53.1,1,12.7,0.0,2008-06-01,20080601,0.0,20.3,2008,2.0,6,0.0,26.3
153,232,5.2,66.0,2,14.4,0.0,2008-06-02,20080602,0.0,19.6,2008,2.4,6,15.0,25.6
154,232,6.7,67.6,3,15.6,0.0,2008-06-03,20080603,0.0,20.3,2008,2.2,6,0.5,25.6
155,232,1.5,72.0,4,16.2,0.0,2008-06-04,20080604,0.0,17.9,2008,3.2,6,0.2,19.8
156,232,0.0,87.1,5,14.6,0.0,2008-06-05,20080605,0.0,15.7,2008,1.7,6,5.5,17.9
157,232,2.4,77.1,6,14.9,0.0,2008-06-06,20080606,0.0,18.0,2008,2.1,6,0.0,22.8
158,232,4.7,74.5,7,15.0,0.0,2008-06-07,20080607,0.0,19.2,2008,1.4,6,0.0,25.2
159,232,4.4,79.4,8,14.7,0.0,2008-06-08,20080608,0.0,18.6,2008,1.7,6,20.0,25.2
160,232,9.3,74.5,9,15.6,0.0,2008-06-09,20080609,0.0,21.3,2008,1.5,6,0.1,27.6
161,232,4.9,75.6,10,19.1,0.0,2008-06-10,20080610,0.0,22.7,2008,1.4,6,0.0,27.8
162,232,2.7,66.9,11,17.6,0.0,2008-06-11,20080611,0.0,22.0,2008,2.3,6,0.0,27.4
163,232,13.1,62.1,12,13.4,0.0,2008-06-12,20080612,0.0,21.7,2008,1.7,6,0.0,29.2
164,232,7.7,76.9,13,17.3,0.0,2008-06-13,20080613,0.0,21.7,2008,1.6,6,0.0,28.8
165,232,7.1,69.3,14,16.3,0.0,2008-06-14,20080614,0.0,22.0,2008,2.6,6,0.0,26.8
166,232,11.8,54.3,15,17.4,0.0,2008-06-15,20080615,0.0,21.5,2008,4.1,6,0.0,26.8
167,232,9.7,55.4,16,14.4,0.0,2008-06-16,20080616,0.0,21.1,2008,3.2,6,0.0,27.3
168,232,1.0,65.1,17,18.2,0.0,2008-06-17,20080617,0.0,22.7,2008,3.3,6,0.1,26.4
169,232,0.0,90.0,18,18.4,0.0,2008-06-18,20080618,0.0,19.9,2008,2.9,6,68.5,24.4
170,232,5.3,79.4,19,18.0,0.0,2008-06-19,20080619,0.0,21.8,2008,1.7,6,0.1,27.3
171,232,4.2,76.1,20,19.0,0.0,2008-06-20,20080620,0.0,23.9,2008,1.4,6,0.0,29.4
172,232,0.0,82.3,21,21.0,0.0,2008-06-21,20080621,0.0,22.3,2008,2.1,6,0.1,23.9
173,232,1.9,70.9,22,20.2,0.0,2008-06-22,20080622,0.0,23.0,2008,2.0,6,0.1,26.9
174,232,5.8,73.8,23,18.0,0.0,2008-06-23,20080623,0.0,21.9,2008,1.8,6,0.0,26.7
175,232,5.7,70.5,24,18.9,0.0,2008-06-24,20080624,0.0,21.7,2008,1.9,6,0.0,25.7
176,232,6.9,69.1,25,18.0,0.0,2008-06-25,20080625,0.0,22.5,2008,1.7,6,0.0,28.4
177,232,9.5,73.8,26,17.6,0.0,2008-06-26,20080626,0.0,23.1,2008,2.0,6,0.0,28.5
178,232,9.3,72.8,27,17.2,0.0,2008-06-27,20080627,0.0,22.7,2008,1.6,6,0.0,29.4
179,232,0.0,85.6,28,18.7,0.0,2008-06-28,20080628,0.0,20.2,2008,2.0,6,9.0,22.8
180,232,0.1,83.4,29,18.5,0.0,2008-06-29,20080629,0.0,20.5,2008,1.7,6,7.5,23.7
181,232,4.2,81.9,30,17.0,0.0,2008-06-30,20080630,0.0,21.7,2008,1.5,6,0.0,27.0
182,232,0.2,76.1,1,19.2,0.0,2008-07-01,20080701,0.0,23.4,2008,1.5,7,0.0,26.9
183,232,0.3,77.0,2,21.2,0.0,2008-07-02,20080702,0.0,24.1,2008,2.5,7,0.4,26.4
184,232,3.0,82.5,3,21.3,0.0,2008-07-03,20080703,0.0,23.3,2008,2.2,7,8.5,27.1
185,232,4.1,80.4,4,21.4,0.0,2008-07-04,20080704,0.0,25.3,2008,2.1,7,0.0,30.5
186,232,0.6,81.1,5,22.0,0.0,2008-07-05,20080705,0.0,25.8,2008,2.0,7,0.0,29.3
187,232,9.6,73.0,6,25.2,0.0,2008-07-06,20080706,0.0,28.6,2008,3.0,7,0.0,33.2
188,232,2.0,81.1,7,24.2,0.0,2008-07-07,20080707,0.0,26.9,2008,1.4,7,0.0,30.9
189,232,8.6,72.0,8,23.2,0.0,2008-07-08,20080708,0.0,27.8,2008,1.4,7,0.0,33.2
190,232,12.2,70.1,9,20.7,0.0,2008-07-09,20080709,0.0,27.1,2008,1.8,7,0.0,32.8
191,232,9.2,70.5,10,20.2,0.0,2008-07-10,20080710,0.0,26.3,2008,1.8,7,0.0,32.1
192,232,0.6,74.5,11,22.9,0.0,2008-07-11,20080711,0.0,26.3,2008,1.1,7,0.0,30.0
193,232,1.3,80.4,12,22.3,0.0,2008-07-12,20080712,0.0,25.6,2008,2.0,7,0.5,29.5
194,232,0.4,83.5,13,22.7,0.0,2008-07-13,20080713,0.0,25.9,2008,1.5,7,46.0,29.7
195,232,3.7,79.5,14,21.6,0.0,2008-07-14,20080714,0.0,27.0,2008,1.3,7,0.0,32.9
196,232,2.9,77.3,15,24.4,0.0,2008-07-15,20080715,0.0,27.8,2008,1.5,7,0.0,32.3
197,232,1.6,81.0,16,22.7,0.0,2008-07-16,20080716,0.0,25.8,2008,2.2,7,29.5,29.7
198,232,8.7,77.1,17,21.3,0.0,2008-07-17,20080717,0.0,25.0,2008,1.5,7,0.0,30.9
199,232,2.8,78.4,18,19.5,0.0,2008-07-18,20080718,0.0,25.3,2008,1.3,7,0.0,31.4
200,232,0.4,90.9,19,22.4,0.0,2008-07-19,20080719,0.0,24.4,2008,1.7,7,85.0,27.4
201,232,1.3,85.1,20,23.5,0.0,2008-07-20,20080720,0.0,26.2,2008,2.8,7,41.0,30.3
202,232,0.0,85.1,21,22.8,0.0,2008-07-21,20080721,0.0,24.1,2008,2.3,7,1.5,26.0
203,232,2.7,81.3,22,21.9,0.0,2008-07-22,20080722,0.0,25.0,2008,1.2,7,0.0,29.6
204,232,0.0,85.4,23,21.4,0.0,2008-07-23,20080723,0.0,24.0,2008,1.4,7,13.5,28.0
205,232,0.0,88.3,24,23.1,0.0,2008-07-24,20080724,0.0,25.8,2008,1.6,7,34.0,28.0
206,232,0.8,86.6,25,23.7,0.0,2008-07-25,20080725,0.0,25.6,2008,1.4,7,13.0,29.6
207,232,0.0,88.5,26,23.1,0.0,2008-07-26,20080726,0.0,24.5,2008,1.3,7,11.0,26.5
208,232,1.9,82.3,27,23.1,0.0,2008-07-27,20080727,0.0,26.0,2008,1.3,7,0.5,30.3
209,232,7.0,79.6,28,22.3,0.0,2008-07-28,20080728,0.0,27.3,2008,1.2,7,0.0,32.5
210,232,12.1,76.6,29,22.8,0.0,2008-07-29,20080729,0.0,27.9,2008,1.4,7,0.0,33.4
211,232,0.6,87.4,30,23.6,0.0,2008-07-30,20080730,0.0,25.5,2008,1.2,7,2.5,30.7
212,232,2.1,80.0,31,23.5,0.0,2008-07-31,20080731,0.0,26.9,2008,1.6,7,0.3,31.6
213,232,6.7,70.9,1,24.0,0.0,2008-08-01,20080801,0.0,28.2,2008,2.4,8,0.0,32.3
214,232,1.2,79.3,2,25.5,0.0,2008-08-02,20080802,0.0,27.3,2008,2.8,8,3.0,31.3
215,232,6.7,78.0,3,20.8,0.0,2008-08-03,20080803,0.0,25.4,2008,2.3,8,0.0,30.7
216,232,9.1,76.3,4,18.5,0.0,2008-08-04,20080804,0.0,23.9,2008,1.4,8,0.0,31.4
217,232,10.4,75.3,5,18.9,0.0,2008-08-05,20080805,0.0,24.9,2008,1.3,8,0.0,31.9
218,232,7.7,75.4,6,19.0,0.0,2008-08-06,20080806,0.0,25.7,2008,1.2,8,0.0,33.1
219,232,11.6,63.9,7,21.6,0.0,2008-08-07,20080807,0.0,26.7,2008,1.8,8,0.0,32.7
220,232,12.7,61.4,8,20.7,0.0,2008-08-08,20080808,0.0,27.7,2008,1.9,8,0.5,34.2
221,232,6.5,77.6,9,22.2,0.0,2008-08-09,20080809,0.0,26.8,2008,1.9,8,23.0,33.6
222,232,12.3,74.0,10,22.8,0.0,2008-08-10,20080810,0.0,27.9,2008,2.2,8,0.0,33.0
223,232,5.5,74.8,11,24.3,0.0,2008-08-11,20080811,0.0,27.6,2008,2.2,8,0.5,32.9
224,232,0.0,86.4,12,25.0,0.0,2008-08-12,20080812,0.0,26.6,2008,1.2,8,8.5,28.8
225,232,1.1,85.8,13,24.2,0.0,2008-08-13,20080813,0.0,26.6,2008,1.5,8,3.0,29.7
226,232,9.2,77.9,14,22.4,0.0,2008-08-14,20080814,0.0,27.1,2008,1.2,8,0.0,32.5
227,232,1.2,82.1,15,22.9,0.0,2008-08-15,20080815,0.0,25.7,2008,1.5,8,6.5,29.9
228,232,0.1,80.4,16,19.0,0.0,2008-08-16,20080816,0.0,21.8,2008,2.8,8,39.0,24.0
229,232,0.2,75.5,17,19.1,0.0,2008-08-17,20080817,0.0,23.1,2008,2.3,8,0.3,26.6
230,232,0.3,80.4,18,21.6,0.0,2008-08-18,20080818,0.0,24.5,2008,3.1,8,19.5,27.6
231,232,8.5,72.0,19,20.8,0.0,2008-08-19,20080819,0.0,23.9,2008,3.2,8,0.0,27.6
232,232,6.4,75.5,20,18.8,0.0,2008-08-20,20080820,0.0,23.3,2008,1.3,8,0.0,28.6
233,232,10.4,69.1,21,17.7,0.0,2008-08-21,20080821,0.0,22.9,2008,2.4,8,0.0,27.5
234,232,0.0,85.5,22,16.8,0.0,2008-08-22,20080822,0.0,19.6,2008,3.2,8,34.0,22.2
235,232,0.0,87.4,23,18.7,0.0,2008-08-23,20080823,0.0,21.2,2008,2.3,8,1.0,23.5
236,232,10.3,76.9,24,16.8,0.0,2008-08-24,20080824,0.0,22.9,2008,1.1,8,0.0,28.9
237,232,8.4,74.6,25,19.5,0.0,2008-08-25,20080825,0.0,23.6,2008,1.8,8,0.0,29.3
238,232,7.7,72.5,26,18.6,0.0,2008-08-26,20080826,0.0,22.2,2008,1.9,8,0.0,27.6
239,232,10.2,73.9,27,15.6,0.0,2008-08-27,20080827,0.0,21.9,2008,1.2,8,0.0,28.5
240,232,10.0,74.5,28,17.7,0.0,2008-08-28,20080828,0.0,23.2,2008,1.4,8,0.0,29.5
241,232,8.6,78.8,29,17.3,0.0,2008-08-29,20080829,0.0,23.1,2008,1.0,8,0.0,30.3
242,232,10.2,73.9,30,18.9,0.0,2008-08-30,20080830,0.0,23.5,2008,2.0,8,0.0,29.5
243,232,11.4,69.5,31,18.0,0.0,2008-08-31,20080831,0.0,23.2,2008,2.2,8,0.0,28.3
244,232,0.0,87.9,1,21.2,0.0,2008-09-01,20080901,0.0,22.2,2008,1.4,9,33.5,23.7
245,232,1.2,87.4,2,18.5,0.0,2008-09-02,20080902,0.0,21.1,2008,1.3,9,21.5,25.5
246,232,7.5,82.1,3,17.7,0.0,2008-09-03,20080903,0.0,21.9,2008,1.1,9,0.0,29.6
247,232,2.5,78.0,4,18.8,0.0,2008-09-04,20080904,0.0,22.1,2008,1.5,9,0.0,28.0
248,232,0.7,76.0,5,19.4,0.0,2008-09-05,20080905,0.0,22.3,2008,1.7,9,0.0,27.0
249,232,6.7,80.4,6,17.6,0.0,2008-09-06,20080906,0.0,22.3,2008,1.1,9,0.1,28.8
250,232,10.9,75.5,7,15.9,0.0,2008-09-07,20080907,0.0,23.1,2008,1.0,9,0.0,30.9
251,232,5.2,78.1,8,18.9,0.0,2008-09-08,20080908,0.0,24.1,2008,1.2,9,0.0,30.4
252,232,9.7,73.3,9,18.2,0.0,2008-09-09,20080909,0.0,23.6,2008,1.7,9,0.0,31.0
253,232,9.2,77.5,10,18.6,0.0,2008-09-10,20080910,0.0,23.0,2008,1.9,9,0.0,29.3
254,232,1.9,81.6,11,18.7,0.0,2008-09-11,20080911,0.0,22.2,2008,1.5,9,0.0,28.2
255,232,9.0,78.4,12,16.1,0.0,2008-09-12,20080912,0.0,22.3,2008,1.2,9,0.0,28.9
256,232,9.3,71.0,13,15.7,0.0,2008-09-13,20080913,0.0,21.9,2008,1.3,9,0.0,29.9
257,232,9.7,77.5,14,14.8,0.0,2008-09-14,20080914,0.0,22.5,2008,1.5,9,0.0,30.2
258,232,3.4,80.6,15,18.8,0.0,2008-09-15,20080915,0.0,23.2,2008,1.6,9,0.1,29.6
259,232,9.5,79.3,16,16.3,0.0,2008-09-16,20080916,0.0,22.2,2008,0.9,9,0.0,30.4
260,232,10.6,72.1,17,15.5,0.0,2008-09-17,20080917,0.0,22.7,2008,1.1,9,0.0,31.4
261,232,11.2,71.0,18,17.2,0.0,2008-09-18,20080918,0.0,23.0,2008,1.8,9,0.0,31.3
262,232,7.0,72.4,19,15.4,0.0,2008-09-19,20080919,0.0,22.3,2008,1.3,9,0.0,30.9
263,232,0.9,80.5,20,20.3,0.0,2008-09-20,20080920,0.0,22.0,2008,1.8,9,20.5,25.3
264,232,7.0,81.5,21,19.6,0.0,2008-09-21,20080921,0.0,22.5,2008,1.6,9,0.0,28.1
265,232,0.3,78.5,22,19.0,0.0,2008-09-22,20080922,0.0,22.7,2008,1.6,9,0.5,27.3
266,232,1.2,83.4,23,19.9,0.0,2008-09-23,20080923,0.0,22.8,2008,1.3,9,1.5,27.2
267,232,0.5,81.6,24,18.3,0.0,2008-09-24,20080924,0.0,21.8,2008,1.7,9,0.1,25.5
268,232,0.0,87.0,25,13.8,0.0,2008-09-25,20080925,0.0,17.5,2008,1.1,9,11.5,19.8
269,232,7.0,47.3,26,9.6,0.0,2008-09-26,20080926,0.0,15.0,2008,3.5,9,0.0,18.0
270,232,7.0,65.5,27,7.3,0.0,2008-09-27,20080927,0.0,12.2,2008,1.5,9,0.0,19.6
271,232,3.6,66.5,28,9.1,0.0,2008-09-28,20080928,0.0,14.7,2008,1.2,9,0.0,21.1
272,232,8.5,70.5,29,10.4,0.0,2008-09-29,20080929,0.0,16.1,2008,1.5,9,0.0,23.3
273,232,2.0,77.5,30,8.9,0.0,2008-09-30,20080930,0.0,15.2,2008,0.9,9,0.0,23.2
274,232,7.9,80.0,1,9.5,0.0,2008-10-01,20081001,0.0,16.9,2008,1.1,10,0.0,25.9
275,232,9.9,73.1,2,13.1,0.0,2008-10-02,20081002,0.0,18.7,2008,2.0,10,0.0,25.7
276,232,7.2,78.6,3,11.1,0.0,2008-10-03,20081003,0.0,18.0,2008,1.2,10,0.0,25.1
277,232,4.3,77.6,4,12.4,0.0,2008-10-04,20081004,0.0,17.3,2008,1.1,10,0.0,24.9
278,232,1.2,79.0,5,12.4,0.0,2008-10-05,20081005,0.0,17.6,2008,1.2,10,0.0,24.2
279,232,7.9,77.3,6,10.1,0.0,2008-10-06,20081006,0.0,16.3,2008,1.5,10,0.0,23.0
280,232,8.3,76.0,7,10.1,0.0,2008-10-07,20081007,0.0,15.4,2008,1.1,10,0.0,22.3
281,232,5.3,74.3,8,8.7,0.0,2008-10-08,20081008,0.0,16.3,2008,1.4,10,0.0,23.5
282,232,9.4,75.6,9,11.7,0.0,2008-10-09,20081009,0.0,17.4,2008,0.9,10,0.0,25.6
283,232,0.1,79.3,10,9.6,0.0,2008-10-10,20081010,0.0,16.4,2008,1.2,10,0.8,21.2
284,232,10.6,64.4,11,5.3,0.0,2008-10-11,20081011,0.0,11.6,2008,2.0,10,0.0,18.9
285,232,8.7,71.1,12,5.5,0.0,2008-10-12,20081012,0.0,11.1,2008,1.2,10,0.0,20.4
286,232,7.9,71.6,13,4.2,0.0,2008-10-13,20081013,0.0,12.7,2008,1.1,10,0.0,22.0
287,232,10.1,75.6,14,5.2,0.0,2008-10-14,20081014,0.0,13.7,2008,1.3,10,0.0,22.7
288,232,7.1,82.4,15,7.3,0.0,2008-10-15,20081015,0.0,14.2,2008,1.0,10,0.0,23.1
289,232,4.8,81.9,16,8.9,0.0,2008-10-16,20081016,0.0,15.6,2008,1.5,10,0.0,24.2
290,232,8.0,77.9,17,10.2,0.0,2008-10-17,20081017,0.0,16.0,2008,1.0,10,0.0,26.0
291,232,9.3,72.8,18,8.4,0.0,2008-10-18,20081018,0.0,16.1,2008,1.2,10,0.0,27.8
292,232,2.1,75.3,19,9.0,0.0,2008-10-19,20081019,0.0,15.7,2008,1.0,10,0.0,23.5
293,232,6.3,76.9,20,10.9,0.0,2008-10-20,20081020,0.0,17.0,2008,0.9,10,0.0,26.8
294,232,5.5,65.8,21,10.1,0.0,2008-10-21,20081021,0.0,17.8,2008,1.5,10,0.0,25.3
295,232,0.0,85.4,22,14.7,0.0,2008-10-22,20081022,0.0,16.2,2008,1.9,10,16.0,18.6
296,232,0.1,82.0,23,14.8,0.0,2008-10-23,20081023,0.0,17.9,2008,2.4,10,4.0,22.2
297,232,5.4,68.1,24,4.6,0.0,2008-10-24,20081024,0.0,10.9,2008,2.5,10,0.0,17.0
298,232,3.8,72.1,25,4.1,0.0,2008-10-25,20081025,0.0,11.3,2008,2.3,10,8.0,17.1
299,232,7.4,64.4,26,6.8,0.0,2008-10-26,20081026,0.0,12.9,2008,2.1,10,0.1,17.3
300,232,4.4,58.5,27,7.2,0.0,2008-10-27,20081027,0.0,11.7,2008,2.5,10,0.0,16.4
301,232,6.5,68.5,28,5.1,0.0,2008-10-28,20081028,5.1,10.7,2008,1.7,10,0.0,17.1
302,232,2.8,75.6,29,6.2,0.0,2008-10-29,20081029,6.6,11.2,2008,1.4,10,0.0,17.9
303,232,7.9,74.3,30,3.2,0.0,2008-10-30,20081030,1.5,9.2,2008,1.1,10,0.0,16.3
304,232,0.8,83.5,31,5.0,0.0,2008-10-31,20081031,5.5,9.4,2008,2.0,10,1.5,15.5
305,232,5.1,82.5,1,2.4,0.0,2008-11-01,20081101,6.1,8.5,2008,1.5,11,0.0,16.5
306,232,1.6,76.5,2,5.9,0.0,2008-11-02,20081102,6.6,11.3,2008,1.6,11,0.0,17.8
307,232,5.7,70.1,3,3.8,0.0,2008-11-03,20081103,1.9,10.2,2008,2.0,11,0.0,18.9
308,232,9.6,63.5,4,-1.4,0.0,2008-11-04,20081104,0.0,5.7,2008,0.9,11,0.0,15.1
309,232,8.7,57.8,5,0.4,0.0,2008-11-05,20081105,2.0,9.5,2008,1.3,11,0.0,19.8
310,232,2.7,66.6,6,6.2,0.0,2008-11-06,20081106,7.8,15.8,2008,2.1,11,0.0,22.0
311,232,0.0,75.0,7,9.3,0.0,2008-11-07,20081107,9.5,12.6,2008,1.7,11,0.0,16.2
312,232,3.8,62.6,8,3.8,0.0,2008-11-08,20081108,7.0,10.7,2008,1.1,11,0.0,16.2
313,232,4.8,68.5,9,7.0,0.0,2008-11-09,20081109,5.4,11.2,2008,1.6,11,0.4,16.1
314,232,7.8,73.5,10,3.0,0.0,2008-11-10,20081110,2.9,8.7,2008,1.1,11,0.0,16.2
315,232,9.2,65.9,11,2.5,0.0,2008-11-11,20081111,0.0,8.2,2008,1.5,11,0.0,16.0
316,232,9.1,71.3,12,-0.1,0.0,2008-11-12,20081112,0.1,7.1,2008,0.8,11,0.0,16.4
317,232,8.2,74.1,13,-0.1,0.0,2008-11-13,20081113,2.0,8.4,2008,1.4,11,0.0,17.4
318,232,5.0,75.8,14,2.6,0.0,2008-11-14,20081114,4.4,8.7,2008,0.8,11,0.0,16.0
319,232,0.0,77.0,15,4.5,0.0,2008-11-15,20081115,9.5,10.2,2008,1.2,11,0.4,15.8
320,232,4.1,69.6,16,2.0,0.0,2008-11-16,20081116,3.3,8.0,2008,1.9,11,0.0,12.9
321,232,1.4,63.1,17,-0.8,0.0,2008-11-17,20081117,6.1,3.6,2008,2.5,11,0.0,9.9
322,232,6.8,52.4,18,-3.9,6.6,2008-11-18,20081118,4.9,-1.3,2008,2.4,11,1.9,3.1
323,232,7.0,59.4,19,-8.0,0.0,2008-11-19,20081119,2.4,-3.1,2008,2.5,11,0.0,1.2
324,232,2.6,78.1,20,-5.6,0.0,2008-11-20,20081120,5.8,0.8,2008,2.5,11,0.4,7.1
325,232,8.8,66.3,21,-2.8,0.0,2008-11-21,20081121,1.8,3.4,2008,2.5,11,2.5,8.0
326,232,2.9,71.8,22,-3.9,0.0,2008-11-22,20081122,5.3,3.4,2008,1.3,11,0.0,10.2
327,232,7.6,73.1,23,-0.4,0.0,2008-11-23,20081123,4.6,5.4,2008,0.9,11,0.0,13.6
328,232,0.1,74.6,24,1.4,0.0,2008-11-24,20081124,7.5,6.2,2008,1.1,11,0.0,11.9
329,232,3.1,86.4,25,-0.1,0.0,2008-11-25,20081125,6.5,4.8,2008,1.1,11,2.0,10.9
330,232,4.1,79.9,26,-1.3,0.0,2008-11-26,20081126,4.8,4.8,2008,1.1,11,0.0,11.0
331,232,0.0,83.6,27,1.7,0.0,2008-11-27,20081127,8.5,4.8,2008,2.3,11,5.5,6.9
332,232,1.2,81.5,28,0.9,0.0,2008-11-28,20081128,7.9,5.2,2008,1.7,11,0.0,9.2
333,232,1.4,64.6,29,1.4,0.0,2008-11-29,20081129,6.6,4.3,2008,3.7,11,3.5,6.4
334,232,8.7,68.3,30,-3.6,0.0,2008-11-30,20081130,0.0,2.2,2008,0.9,11,0.0,9.2
335,232,4.3,60.1,1,1.2,0.0,2008-12-01,20081201,3.6,6.3,2008,3.1,12,0.0,12.3
336,232,6.5,69.5,2,-0.6,0.0,2008-12-02,20081202,1.3,6.9,2008,1.6,12,0.0,13.5
337,232,7.5,63.8,3,-3.4,0.0,2008-12-03,20081203,3.0,4.9,2008,1.4,12,0.0,13.8
338,232,0.0,71.8,4,2.7,0.0,2008-12-04,20081204,9.5,6.5,2008,3.4,12,3.0,10.3
339,232,1.8,50.6,5,-9.8,0.2,2008-12-05,20081205,6.3,-5.0,2008,4.5,12,0.2,2.7
340,232,8.6,49.9,6,-11.1,0.0,2008-12-06,20081206,1.1,-7.7,2008,2.4,12,0.0,-3.5
341,232,3.8,62.9,7,-8.0,0.0,2008-12-07,20081207,7.5,-0.5,2008,2.9,12,0.0,3.9
342,232,4.7,70.5,8,2.5,0.0,2008-12-08,20081208,6.0,6.2,2008,2.6,12,1.0,11.7
343,232,5.8,68.3,9,2.0,0.0,2008-12-09,20081209,1.0,7.4,2008,2.1,12,0.0,13.8
344,232,6.6,75.5,10,2.2,0.0,2008-12-10,20081210,2.4,8.8,2008,1.4,12,0.0,15.8
345,232,5.5,70.8,11,-1.4,0.0,2008-12-11,20081211,4.5,4.2,2008,3.0,12,3.0,8.5
346,232,8.2,76.1,12,-3.0,0.0,2008-12-12,20081212,3.3,2.2,2008,1.2,12,0.0,10.1
347,232,2.3,67.5,13,-1.6,0.0,2008-12-13,20081213,6.4,1.7,2008,2.0,12,0.0,5.5
348,232,8.4,55.5,14,-7.0,0.0,2008-12-14,20081214,1.0,-1.6,2008,1.7,12,0.0,3.8
349,232,7.1,64.0,15,-3.4,0.0,2008-12-15,20081215,3.1,1.0,2008,1.4,12,0.0,7.7
350,232,5.9,73.6,16,-4.8,0.0,2008-12-16,20081216,4.3,2.4,2008,1.7,12,0.0,8.6
351,232,1.6,71.5,17,2.9,0.0,2008-12-17,20081217,7.0,6.4,2008,3.6,12,0.5,12.2
352,232,8.3,67.5,18,-4.3,0.0,2008-12-18,20081218,0.4,0.4,2008,2.1,12,0.0,4.6
353,232,5.0,72.6,19,-6.3,0.0,2008-12-19,20081219,3.5,0.4,2008,1.6,12,0.0,7.6
354,232,1.2,60.5,20,-1.1,0.0,2008-12-20,20081220,9.0,2.9,2008,2.9,12,5.5,5.6
355,232,1.7,65.0,21,-1.6,0.0,2008-12-21,20081221,7.9,-0.3,2008,1.6,12,0.0,2.5
356,232,5.2,65.9,22,-5.4,0.2,2008-12-22,20081222,5.1,-3.5,2008,3.6,12,0.1,-0.1
357,232,7.5,75.1,23,-4.5,1.8,2008-12-23,20081223,5.1,-1.3,2008,1.2,12,1.6,3.7
358,232,1.3,71.1,24,-1.9,0.0,2008-12-24,20081224,7.8,2.7,2008,2.1,12,0.0,7.4
359,232,8.0,49.0,25,-4.3,0.0,2008-12-25,20081225,2.8,0.3,2008,4.6,12,0.0,4.4
360,232,8.4,50.6,26,-8.7,0.0,2008-12-26,20081226,1.1,-4.9,2008,2.3,12,0.0,-1.2
361,232,8.4,68.3,27,-10.5,0.0,2008-12-27,20081227,0.4,-4.3,2008,0.7,12,0.0,3.4
362,232,6.0,69.9,28,-6.8,0.0,2008-12-28,20081228,6.5,-1.0,2008,0.9,12,0.0,5.4
363,232,0.7,81.4,29,-2.0,0.0,2008-12-29,20081229,8.1,1.1,2008,1.2,12,0.4,4.6
364,232,3.5,67.9,30,-5.4,1.2,2008-12-30,20081230,7.1,-2.6,2008,3.3,12,0.4,1.7
365,232,5.2,62.0,31,-8.8,0.3,2008-12-31,20081231,4.6,-4.7,2008,2.5,12,0.1,-1.1
