,tmin,cloud,sunshine,tavg,wind,day,rainfall,date,humid,tmax,year,snow,Date,station_id,month
0,-6.6,7.1,0.4,-1.9,2.4,1,0.5,20120101,75.0,1.0,2012,1.1,2012-01-01,232,1
1,-10.1,4.9,3.5,-4.0,1.3,2,0.0,20120102,72.8,0.6,2012,0.0,2012-01-02,232,1
2,-7.4,8.3,2.5,-3.3,2.4,3,1.0,20120103,75.6,1.7,2012,1.9,2012-01-03,232,1
3,-6.9,7.9,4.5,-5.2,3.3,4,2.4,20120104,70.5,-3.0,2012,3.5,2012-01-04,232,1
4,-10.9,2.9,7.3,-6.0,1.5,5,0.0,20120105,71.0,-0.6,2012,0.0,2012-01-05,232,1
5,-9.5,3.3,7.8,-3.5,1.9,6,0.0,20120106,60.4,2.3,2012,0.0,2012-01-06,232,1
6,-11.9,0.0,8.6,-5.6,1.1,7,0.0,20120107,64.4,1.8,2012,0.0,2012-01-07,232,1
7,-10.6,3.8,4.7,-4.2,1.3,8,0.0,20120108,72.9,1.9,2012,0.0,2012-01-08,232,1
8,-6.4,7.0,0.1,-1.2,0.8,9,0.0,20120109,78.1,3.5,2012,0.0,2012-01-09,232,1
9,-5.4,3.8,8.0,-0.4,2.1,10,0.0,20120110,55.6,3.1,2012,0.0,2012-01-10,232,1
10,-10.2,0.3,8.6,-5.1,3.3,11,0.0,20120111,55.9,-0.4,2012,0.0,2012-01-11,232,1
11,-11.2,3.9,7.2,-4.5,1.6,12,0.0,20120112,69.1,2.2,2012,0.0,2012-01-12,232,1
12,-5.1,3.9,2.7,-1.2,1.9,13,0.0,20120113,68.1,3.8,2012,0.0,2012-01-13,232,1
13,-10.2,1.4,8.8,-3.5,1.2,14,0.0,20120114,61.6,3.8,2012,0.0,2012-01-14,232,1
14,-6.1,7.4,2.8,-2.6,1.5,15,0.0,20120115,56.0,2.0,2012,0.0,2012-01-15,232,1
15,-8.8,2.5,7.8,-0.9,0.8,16,0.0,20120116,65.0,8.7,2012,0.0,2012-01-16,232,1
16,-4.0,4.5,3.4,0.5,1.4,17,0.0,20120117,76.4,9.6,2012,0.0,2012-01-17,232,1
17,-5.6,3.3,5.0,-0.5,1.2,18,0.0,20120118,67.0,5.9,2012,0.0,2012-01-18,232,1
18,-1.0,9.8,0.0,3.1,0.7,19,3.5,20120119,84.8,5.7,2012,0.0,2012-01-19,232,1
19,1.7,9.5,0.0,5.1,1.7,20,0.2,20120120,76.9,8.1,2012,0.0,2012-01-20,232,1
20,-0.7,9.9,0.0,2.2,2.0,21,0.5,20120121,82.9,4.2,2012,0.0,2012-01-21,232,1
21,-8.4,3.5,7.9,-5.0,4.8,22,0.0,20120122,51.6,-0.7,2012,0.0,2012-01-22,232,1
22,-11.9,0.9,8.6,-7.3,3.2,23,0.0,20120123,46.1,-3.8,2012,0.0,2012-01-23,232,1
23,-12.8,2.3,9.2,-7.1,1.7,24,0.2,20120124,52.9,-1.8,2012,0.4,2012-01-24,232,1
24,-12.6,3.3,9.3,-7.4,2.8,25,2.2,20120125,63.1,-3.7,2012,4.1,2012-01-25,232,1
25,-12.2,2.9,3.5,-3.9,2.2,26,0.0,20120126,74.3,2.4,2012,0.0,2012-01-26,232,1
26,-6.0,5.1,2.1,-0.5,1.5,27,0.1,20120127,84.0,5.3,2012,0.3,2012-01-27,232,1
27,-5.4,4.6,8.0,-0.7,1.9,28,0.0,20120128,37.5,4.2,2012,0.0,2012-01-28,232,1
28,-7.0,0.9,7.6,-2.1,2.6,29,0.0,20120129,41.6,2.8,2012,0.0,2012-01-29,232,1
29,-8.9,0.0,9.4,-4.2,2.6,30,0.0,20120130,36.4,0.5,2012,0.0,2012-01-30,232,1
30,-11.4,7.0,1.8,-3.9,2.1,31,3.9,20120131,66.4,1.4,2012,5.5,2012-01-31,232,1
31,-12.9,2.5,6.3,-9.4,0.0,1,0.0,20120201,58.9,-3.2,2012,0.0,2012-02-01,232,2
32,-15.8,1.1,9.5,-12.5,3.1,2,0.0,20120202,58.6,-9.0,2012,0.0,2012-02-02,232,2
33,-17.8,2.4,9.3,-9.6,1.2,3,0.0,20120203,67.3,-2.8,2012,0.0,2012-02-03,232,2
34,-9.3,4.3,7.4,-2.9,1.9,4,0.0,20120204,58.8,3.4,2012,0.1,2012-02-04,232,2
35,-5.5,3.8,7.2,-1.4,0.7,5,0.0,20120205,53.1,6.0,2012,0.0,2012-02-05,232,2
36,-5.7,8.5,0.4,0.6,1.3,6,0.0,20120206,55.1,6.2,2012,0.0,2012-02-06,232,2
37,-9.3,5.1,6.9,-6.0,5.5,7,0.0,20120207,53.1,1.0,2012,0.0,2012-02-07,232,2
38,-12.7,4.9,7.5,-7.3,2.7,8,0.0,20120208,54.1,-2.7,2012,0.1,2012-02-08,232,2
39,-14.5,3.8,8.4,-4.6,1.8,9,1.0,20120209,70.1,1.7,2012,2.7,2012-02-09,232,2
40,-7.8,4.1,6.8,-1.8,2.4,10,0.0,20120210,63.5,4.1,2012,0.0,2012-02-10,232,2
41,-10.9,0.0,10.0,-4.2,1.9,11,0.0,20120211,47.4,2.6,2012,0.0,2012-02-11,232,2
42,-8.6,4.4,8.1,-1.0,1.2,12,0.0,20120212,53.3,5.6,2012,0.0,2012-02-12,232,2
43,-2.3,5.5,3.7,2.4,0.8,13,0.0,20120213,48.3,9.2,2012,0.0,2012-02-13,232,2
44,-3.1,5.0,5.7,2.0,2.1,14,0.0,20120214,64.4,8.4,2012,0.0,2012-02-14,232,2
45,-2.6,6.1,6.3,0.0,3.2,15,0.0,20120215,46.0,3.9,2012,0.0,2012-02-15,232,2
46,-7.0,3.3,9.5,-1.0,3.8,16,0.0,20120216,38.1,3.9,2012,0.0,2012-02-16,232,2
47,-7.1,3.5,8.0,-4.6,4.6,17,0.6,20120217,50.1,-1.4,2012,1.5,2012-02-17,232,2
48,-9.3,2.8,9.9,-5.3,3.3,18,0.0,20120218,50.9,-2.3,2012,0.0,2012-02-18,232,2
49,-11.7,0.3,10.2,-4.7,2.1,19,0.1,20120219,47.3,1.5,2012,0.2,2012-02-19,232,2
50,-10.5,1.1,9.9,-2.1,1.5,20,0.0,20120220,50.3,7.3,2012,0.0,2012-02-20,232,2
51,-5.8,4.9,2.4,0.7,0.4,21,0.0,20120221,54.9,7.8,2012,0.0,2012-02-21,232,2
52,-3.7,5.1,6.1,4.3,1.6,22,0.0,20120222,62.6,11.5,2012,0.0,2012-02-22,232,2
53,-1.8,7.8,3.1,3.6,2.9,23,0.1,20120223,72.8,7.6,2012,0.0,2012-02-23,232,2
54,-3.6,7.0,3.9,3.6,1.6,24,0.5,20120224,70.4,10.7,2012,0.0,2012-02-24,232,2
55,-1.8,6.6,1.1,0.8,3.4,25,0.0,20120225,69.4,3.3,2012,0.0,2012-02-25,232,2
56,-3.2,5.4,3.8,-1.2,2.9,26,0.0,20120226,46.8,2.8,2012,0.0,2012-02-26,232,2
57,-8.6,0.5,10.3,-1.6,1.6,27,0.0,20120227,46.6,5.2,2012,0.0,2012-02-27,232,2
58,-6.8,5.3,1.9,1.0,1.1,28,0.0,20120228,54.5,8.1,2012,0.0,2012-02-28,232,2
59,-4.8,2.9,8.4,4.5,1.6,29,0.0,20120229,56.3,13.1,2012,0.0,2012-02-29,232,2
60,-1.6,6.0,7.8,6.2,1.4,1,0.0,20120301,42.1,15.4,2012,0.0,2012-03-01,232,3
61,2.7,9.1,0.5,4.7,1.2,2,2.0,20120302,73.3,7.1,2012,0.0,2012-03-02,232,3
62,0.4,4.8,5.8,7.0,2.2,3,0.0,20120303,63.4,13.0,2012,0.0,2012-03-03,232,3
63,3.5,9.3,0.6,6.2,4.1,4,0.3,20120304,58.8,9.0,2012,0.0,2012-03-04,232,3
64,3.7,10.0,0.0,4.9,3.7,5,9.5,20120305,82.6,6.4,2012,0.0,2012-03-05,232,3
65,2.8,9.4,0.4,4.6,3.8,6,1.5,20120306,75.0,6.6,2012,0.0,2012-03-06,232,3
66,-1.0,7.5,1.4,3.1,2.4,7,0.0,20120307,65.8,7.5,2012,0.0,2012-03-07,232,3
67,-2.2,6.3,4.4,1.5,2.5,8,0.0,20120308,64.3,6.8,2012,0.0,2012-03-08,232,3
68,-3.2,6.5,6.0,2.0,2.1,9,0.0,20120309,63.9,8.7,2012,0.0,2012-03-09,232,3
69,-0.3,5.8,7.5,3.4,2.7,10,0.0,20120310,63.3,9.1,2012,0.0,2012-03-10,232,3
70,-2.8,4.0,8.4,-0.6,6.2,11,0.0,20120311,49.8,2.2,2012,0.0,2012-03-11,232,3
71,-4.7,0.0,11.1,-1.1,3.9,12,0.0,20120312,43.1,3.0,2012,0.0,2012-03-12,232,3
72,-5.6,0.8,10.4,1.0,1.9,13,0.0,20120313,58.8,8.4,2012,0.0,2012-03-13,232,3
73,-3.0,4.1,6.0,3.9,2.9,14,0.0,20120314,67.5,10.7,2012,0.0,2012-03-14,232,3
74,-3.8,2.3,10.4,4.8,1.4,15,0.0,20120315,48.0,13.2,2012,0.0,2012-03-15,232,3
75,2.6,10.0,0.3,7.7,2.6,16,3.0,20120316,59.5,12.4,2012,0.0,2012-03-16,232,3
76,6.2,9.4,0.0,8.7,1.2,17,3.5,20120317,87.8,11.6,2012,0.0,2012-03-17,232,3
77,1.9,5.5,3.5,6.2,3.3,18,0.0,20120318,80.6,9.8,2012,0.0,2012-03-18,232,3
78,-2.3,1.8,7.4,1.9,2.5,19,0.0,20120319,54.5,6.5,2012,0.0,2012-03-19,232,3
79,-4.0,0.6,10.6,2.4,3.5,20,0.0,20120320,51.4,8.1,2012,0.0,2012-03-20,232,3
80,-4.2,0.6,10.8,3.7,2.0,21,0.0,20120321,46.8,11.1,2012,0.0,2012-03-21,232,3
81,1.8,9.8,1.7,7.1,1.5,22,0.1,20120322,60.6,11.8,2012,0.0,2012-03-22,232,3
82,2.9,10.0,0.0,5.9,2.7,23,17.0,20120323,86.4,8.5,2012,0.0,2012-03-23,232,3
83,2.0,4.4,8.0,4.1,6.3,24,0.5,20120324,59.1,8.1,2012,0.0,2012-03-24,232,3
84,0.7,1.9,10.6,3.8,5.3,25,0.0,20120325,47.6,7.8,2012,0.0,2012-03-25,232,3
85,-1.4,0.0,11.5,3.6,2.9,26,0.0,20120326,47.6,9.8,2012,0.0,2012-03-26,232,3
86,-2.7,3.6,6.5,7.1,2.7,27,0.0,20120327,50.0,15.4,2012,0.0,2012-03-27,232,3
87,3.6,3.4,7.5,9.1,1.3,28,0.0,20120328,61.5,16.8,2012,0.0,2012-03-28,232,3
88,1.6,5.6,6.3,13.1,2.9,29,0.5,20120329,53.4,20.7,2012,0.0,2012-03-29,232,3
89,4.9,9.5,0.0,10.5,3.4,30,7.0,20120330,77.6,15.7,2012,0.0,2012-03-30,232,3
90,1.8,3.1,8.6,5.9,4.2,31,0.0,20120331,47.3,11.2,2012,0.0,2012-03-31,232,3
91,-0.7,0.0,11.0,4.5,2.8,1,0.0,20120401,39.3,9.8,2012,0.0,2012-04-01,232,4
92,0.6,8.3,1.0,10.4,2.9,2,1.0,20120402,54.5,17.4,2012,0.0,2012-04-02,232,4
93,2.7,6.1,2.2,5.7,6.0,3,34.5,20120403,69.5,13.6,2012,0.0,2012-04-03,232,4
94,-0.7,0.9,8.8,7.6,3.7,4,0.0,20120404,62.0,14.8,2012,0.0,2012-04-04,232,4
95,-0.2,0.0,11.8,6.1,3.9,5,0.0,20120405,52.6,12.8,2012,0.0,2012-04-05,232,4
96,-0.9,1.4,9.6,5.1,4.2,6,0.0,20120406,50.1,11.0,2012,0.0,2012-04-06,232,4
97,-0.4,0.0,11.8,6.4,2.4,7,0.0,20120407,46.8,13.2,2012,0.0,2012-04-07,232,4
98,2.5,1.0,11.0,14.0,3.7,8,0.0,20120408,41.4,20.6,2012,0.0,2012-04-08,232,4
99,10.5,4.1,7.1,16.5,1.5,9,0.0,20120409,63.5,24.0,2012,0.0,2012-04-09,232,4
100,10.1,9.5,0.0,13.8,1.8,10,2.5,20120410,82.0,17.7,2012,0.0,2012-04-10,232,4
101,6.6,5.8,3.0,12.2,3.4,11,0.5,20120411,79.4,17.0,2012,0.0,2012-04-11,232,4
102,2.1,5.1,6.0,8.8,2.3,12,0.0,20120412,54.1,15.2,2012,0.0,2012-04-12,232,4
103,6.2,9.6,0.0,9.7,2.0,13,0.1,20120413,50.9,15.2,2012,0.0,2012-04-13,232,4
104,3.3,2.8,7.5,10.0,2.2,14,0.0,20120414,69.4,18.4,2012,0.0,2012-04-14,232,4
105,4.3,3.5,10.8,12.8,1.6,15,0.0,20120415,57.6,23.4,2012,0.0,2012-04-15,232,4
106,4.2,1.1,9.8,10.4,2.5,16,0.0,20120416,64.9,17.6,2012,0.0,2012-04-16,232,4
107,1.6,0.4,12.1,11.4,1.8,17,0.0,20120417,47.4,20.5,2012,0.0,2012-04-17,232,4
108,4.1,5.0,8.9,14.0,1.8,18,0.0,20120418,44.8,23.2,2012,0.0,2012-04-18,232,4
109,8.1,7.5,6.3,15.8,2.1,19,0.0,20120419,39.8,24.0,2012,0.0,2012-04-19,232,4
110,13.3,7.0,8.7,17.3,3.9,20,0.0,20120420,48.1,22.2,2012,0.0,2012-04-20,232,4
111,11.4,10.0,0.0,13.0,4.7,21,26.0,20120421,78.3,15.3,2012,0.0,2012-04-21,232,4
112,9.2,9.4,0.0,11.0,2.7,22,2.5,20120422,83.4,14.6,2012,0.0,2012-04-22,232,4
113,8.4,4.5,2.3,15.5,2.0,23,0.0,20120423,74.5,23.3,2012,0.0,2012-04-23,232,4
114,10.6,4.1,9.5,19.5,1.9,24,0.0,20120424,60.8,29.7,2012,0.0,2012-04-24,232,4
115,10.9,10.0,0.0,16.1,4.0,25,14.0,20120425,65.4,20.9,2012,0.0,2012-04-25,232,4
116,7.1,1.8,12.8,12.2,4.6,26,0.5,20120426,49.4,16.8,2012,0.0,2012-04-26,232,4
117,6.6,0.0,12.1,15.0,3.4,27,0.0,20120427,38.0,24.9,2012,0.0,2012-04-27,232,4
118,8.3,0.9,10.1,17.6,2.5,28,0.0,20120428,43.4,25.6,2012,0.0,2012-04-28,232,4
119,9.8,7.4,0.7,17.1,1.5,29,0.0,20120429,59.5,23.9,2012,0.0,2012-04-29,232,4
120,9.9,0.8,12.5,20.0,3.3,30,0.0,20120430,51.0,27.5,2012,0.0,2012-04-30,232,4
121,13.5,8.0,2.8,20.7,2.0,1,0.0,20120501,60.8,26.5,2012,0.0,2012-05-01,232,5
122,17.3,5.6,8.4,22.5,2.4,2,0.0,20120502,54.5,29.5,2012,0.0,2012-05-02,232,5
123,13.6,1.9,7.8,19.8,2.2,3,0.0,20120503,59.9,26.1,2012,0.0,2012-05-03,232,5
124,10.9,0.0,12.4,19.4,2.2,4,0.0,20120504,55.6,27.4,2012,0.0,2012-05-04,232,5
125,12.2,1.1,12.0,18.8,2.7,5,0.0,20120505,46.0,27.1,2012,0.0,2012-05-05,232,5
126,8.6,1.3,11.4,17.3,2.4,6,0.0,20120506,41.3,25.1,2012,0.0,2012-05-06,232,5
127,7.8,2.4,10.2,17.6,1.6,7,0.0,20120507,46.8,26.8,2012,0.0,2012-05-07,232,5
128,10.9,5.8,7.5,19.5,1.6,8,0.3,20120508,54.6,28.7,2012,0.0,2012-05-08,232,5
129,13.5,1.4,8.4,19.0,1.4,9,0.0,20120509,64.0,27.1,2012,0.0,2012-05-09,232,5
130,11.4,2.4,11.0,19.4,2.0,10,0.0,20120510,58.3,27.6,2012,0.0,2012-05-10,232,5
131,13.4,7.9,1.2,16.5,2.1,11,0.0,20120511,60.0,21.6,2012,0.0,2012-05-11,232,5
132,10.9,5.8,8.8,16.4,2.3,12,0.0,20120512,63.0,23.6,2012,0.0,2012-05-12,232,5
133,13.9,7.1,4.8,19.0,1.3,13,0.0,20120513,63.5,25.6,2012,0.0,2012-05-13,232,5
134,15.3,10.0,0.0,16.0,1.2,14,16.0,20120514,83.3,17.3,2012,0.0,2012-05-14,232,5
135,13.1,7.8,6.6,17.0,2.4,15,0.0,20120515,75.0,23.6,2012,0.0,2012-05-15,232,5
136,12.0,6.6,5.7,17.6,1.6,16,0.0,20120516,66.5,24.6,2012,0.0,2012-05-16,232,5
137,12.0,4.3,7.7,16.4,2.9,17,0.0,20120517,64.6,20.9,2012,0.0,2012-05-17,232,5
138,9.6,2.1,9.6,17.0,1.7,18,0.0,20120518,63.5,25.9,2012,0.0,2012-05-18,232,5
139,10.5,4.6,9.8,18.6,1.6,19,0.0,20120519,53.4,26.6,2012,0.0,2012-05-19,232,5
140,10.5,0.0,12.3,19.0,1.8,20,0.0,20120520,51.1,27.3,2012,0.0,2012-05-20,232,5
141,14.4,0.0,12.7,21.5,2.4,21,0.0,20120521,45.5,28.3,2012,0.0,2012-05-21,232,5
142,14.2,3.1,11.7,21.7,1.8,22,0.0,20120522,45.0,29.3,2012,0.0,2012-05-22,232,5
143,15.4,3.1,10.0,21.1,1.5,23,0.0,20120523,47.6,28.8,2012,0.0,2012-05-23,232,5
144,13.6,0.0,2.0,19.0,1.7,24,0.0,20120524,57.8,24.2,2012,0.0,2012-05-24,232,5
145,14.3,3.3,11.2,20.2,2.0,25,0.0,20120525,55.5,27.6,2012,0.0,2012-05-25,232,5
146,10.6,4.5,7.0,19.2,1.5,26,0.0,20120526,52.0,27.8,2012,0.0,2012-05-26,232,5
147,13.6,1.6,12.4,21.5,1.8,27,0.0,20120527,49.5,28.1,2012,0.0,2012-05-27,232,5
148,17.0,6.0,1.4,21.9,1.9,28,0.0,20120528,60.1,27.8,2012,0.0,2012-05-28,232,5
149,16.5,4.8,9.2,22.4,1.7,29,0.0,20120529,35.1,28.8,2012,0.0,2012-05-29,232,5
150,17.0,9.5,0.2,19.2,2.6,30,0.5,20120530,66.9,22.2,2012,0.0,2012-05-30,232,5
151,16.1,4.5,5.6,20.5,2.1,31,0.0,20120531,66.3,27.8,2012,0.0,2012-05-31,232,5
152,13.5,6.3,9.6,20.9,1.4,1,0.0,20120601,57.0,27.4,2012,0.0,2012-06-01,232,6
153,17.1,4.0,8.0,22.1,1.7,2,0.0,20120602,51.9,29.5,2012,0.0,2012-06-02,232,6
154,14.0,1.3,12.5,21.8,1.6,3,0.0,20120603,49.5,30.6,2012,0.0,2012-06-03,232,6
155,14.9,5.9,8.7,22.9,1.7,4,0.0,20120604,49.5,30.5,2012,0.0,2012-06-04,232,6
156,18.8,5.6,6.8,23.2,2.1,5,0.0,20120605,66.8,29.7,2012,0.0,2012-06-05,232,6
157,18.7,7.6,3.4,23.4,1.9,6,0.0,20120606,66.5,29.3,2012,0.0,2012-06-06,232,6
158,17.6,6.9,4.3,23.2,1.4,7,0.0,20120607,68.3,30.2,2012,0.0,2012-06-07,232,6
159,18.6,7.8,1.0,20.7,1.0,8,1.0,20120608,82.1,24.0,2012,0.0,2012-06-08,232,6
160,16.8,4.6,8.2,22.7,1.5,9,0.0,20120609,67.9,29.7,2012,0.0,2012-06-09,232,6
161,18.4,6.6,5.8,23.5,1.5,10,0.0,20120610,68.3,30.9,2012,0.0,2012-06-10,232,6
162,19.0,7.9,0.7,22.5,1.4,11,0.1,20120611,74.1,27.3,2012,0.0,2012-06-11,232,6
163,18.5,5.4,7.5,23.3,1.6,12,7.5,20120612,64.9,30.1,2012,0.0,2012-06-12,232,6
164,18.5,4.4,6.2,22.2,2.1,13,14.0,20120613,73.6,28.5,2012,0.0,2012-06-13,232,6
165,18.6,4.0,9.5,23.4,3.2,14,0.0,20120614,59.3,28.6,2012,0.0,2012-06-14,232,6
166,18.4,6.1,1.6,21.6,3.2,15,0.0,20120615,65.6,24.6,2012,0.0,2012-06-15,232,6
167,16.5,2.5,11.2,23.0,1.8,16,0.0,20120616,67.8,29.8,2012,0.0,2012-06-16,232,6
168,17.2,3.6,10.6,23.3,1.7,17,0.0,20120617,61.8,30.2,2012,0.0,2012-06-17,232,6
169,18.0,8.1,4.5,23.6,1.4,18,0.0,20120618,66.1,29.7,2012,0.0,2012-06-18,232,6
170,19.2,4.5,10.7,25.1,2.2,19,0.0,20120619,62.5,32.7,2012,0.0,2012-06-19,232,6
171,19.0,2.6,10.7,24.6,2.2,20,0.0,20120620,59.1,31.2,2012,0.0,2012-06-20,232,6
172,16.8,1.9,11.8,24.4,1.5,21,0.0,20120621,59.5,32.6,2012,0.0,2012-06-21,232,6
173,18.3,1.9,7.1,23.9,1.9,22,0.0,20120622,68.5,31.5,2012,0.0,2012-06-22,232,6
174,18.9,2.6,9.3,24.9,1.6,23,0.0,20120623,62.4,32.7,2012,0.0,2012-06-23,232,6
175,20.5,6.3,1.5,25.0,2.4,24,0.0,20120624,59.9,28.7,2012,0.0,2012-06-24,232,6
176,16.8,0.4,12.2,23.6,3.6,25,0.0,20120625,51.1,29.4,2012,0.0,2012-06-25,232,6
177,18.3,6.0,8.0,23.6,3.6,26,0.0,20120626,50.9,28.1,2012,0.0,2012-06-26,232,6
178,19.8,3.4,11.4,23.6,3.8,27,0.0,20120627,54.9,28.9,2012,0.0,2012-06-27,232,6
179,17.7,5.8,6.8,23.6,1.9,28,0.0,20120628,64.9,29.6,2012,0.0,2012-06-28,232,6
180,21.6,8.9,1.2,25.2,2.1,29,1.5,20120629,69.8,30.9,2012,0.0,2012-06-29,232,6
181,21.6,10.0,0.0,23.1,2.2,30,51.0,20120630,87.5,25.2,2012,0.0,2012-06-30,232,6
182,21.1,6.9,3.3,23.8,1.8,1,0.0,20120701,77.8,29.3,2012,0.0,2012-07-01,232,7
183,20.5,7.6,4.3,24.2,1.5,2,0.0,20120702,71.3,29.0,2012,0.0,2012-07-02,232,7
184,19.4,7.3,0.8,24.8,1.4,3,0.0,20120703,76.4,29.9,2012,0.0,2012-07-03,232,7
185,22.2,7.9,1.3,25.6,1.4,4,0.0,20120704,78.8,30.2,2012,0.0,2012-07-04,232,7
186,23.0,10.0,0.0,23.6,1.6,5,13.5,20120705,89.1,24.8,2012,0.0,2012-07-05,232,7
187,20.7,10.0,0.0,23.6,2.4,6,71.0,20120706,87.4,26.6,2012,0.0,2012-07-06,232,7
188,19.7,3.6,9.9,24.4,1.4,7,0.0,20120707,68.6,30.4,2012,0.0,2012-07-07,232,7
189,19.0,2.6,11.4,24.9,1.4,8,0.0,20120708,73.3,31.1,2012,0.0,2012-07-08,232,7
190,19.5,5.3,9.6,25.7,1.2,9,0.0,20120709,70.0,32.4,2012,0.0,2012-07-09,232,7
191,20.8,8.9,0.1,24.4,2.0,10,2.5,20120710,79.8,28.7,2012,0.0,2012-07-10,232,7
192,21.9,8.9,1.2,24.6,2.5,11,5.0,20120711,83.9,29.8,2012,0.0,2012-07-11,232,7
193,19.7,7.4,3.1,24.9,1.7,12,0.0,20120712,78.8,29.2,2012,0.0,2012-07-12,232,7
194,22.4,8.9,2.7,25.3,2.0,13,21.5,20120713,84.3,28.2,2012,0.0,2012-07-13,232,7
195,22.5,9.8,0.0,25.1,1.2,14,30.5,20120714,87.5,28.6,2012,0.0,2012-07-14,232,7
196,20.9,9.8,0.1,22.9,2.5,15,45.5,20120715,86.4,27.1,2012,0.0,2012-07-15,232,7
197,20.4,8.9,2.3,23.8,1.2,16,0.0,20120716,78.6,28.3,2012,0.0,2012-07-16,232,7
198,22.2,9.9,0.0,24.4,1.7,17,2.0,20120717,85.4,26.7,2012,0.0,2012-07-17,232,7
199,23.3,8.9,1.3,27.0,2.9,18,2.0,20120718,78.6,30.9,2012,0.0,2012-07-18,232,7
200,23.4,8.4,1.2,25.1,3.8,19,44.0,20120719,85.0,27.4,2012,0.0,2012-07-19,232,7
201,23.1,6.5,2.7,26.0,0.7,20,0.0,20120720,80.3,31.4,2012,0.0,2012-07-20,232,7
202,22.6,5.6,6.8,27.3,0.7,21,0.0,20120721,76.4,33.1,2012,0.0,2012-07-21,232,7
203,24.2,7.1,3.5,26.5,1.9,22,15.0,20120722,87.3,31.6,2012,0.0,2012-07-22,232,7
204,24.3,6.5,2.2,27.5,1.9,23,0.0,20120723,79.3,32.5,2012,0.0,2012-07-23,232,7
205,23.0,4.9,9.7,28.1,1.3,24,0.0,20120724,75.3,33.8,2012,0.0,2012-07-24,232,7
206,23.2,5.3,9.8,27.6,1.5,25,0.0,20120725,77.3,33.5,2012,0.0,2012-07-25,232,7
207,22.2,1.5,11.2,27.3,1.3,26,0.0,20120726,73.5,33.2,2012,0.0,2012-07-26,232,7
208,22.8,2.3,9.5,27.3,1.6,27,0.0,20120727,76.3,33.4,2012,0.0,2012-07-27,232,7
209,22.8,3.9,10.9,28.1,1.4,28,0.0,20120728,74.4,34.1,2012,0.0,2012-07-28,232,7
210,24.1,4.0,9.9,28.3,2.1,29,0.0,20120729,75.9,33.7,2012,0.0,2012-07-29,232,7
211,23.9,5.1,8.7,28.6,2.0,30,0.0,20120730,74.8,34.2,2012,0.0,2012-07-30,232,7
212,24.2,4.3,8.9,28.8,1.7,31,0.0,20120731,75.4,34.7,2012,0.0,2012-07-31,232,7
213,24.1,3.1,11.5,30.3,2.0,1,0.0,20120801,63.9,36.0,2012,0.0,2012-08-01,232,8
214,25.8,4.9,10.1,30.4,3.3,2,0.0,20120802,57.1,34.8,2012,0.0,2012-08-02,232,8
215,26.4,1.8,11.5,30.2,3.0,3,0.0,20120803,60.4,34.7,2012,0.0,2012-08-03,232,8
216,23.7,1.4,12.5,29.4,1.8,4,0.0,20120804,67.0,35.3,2012,0.0,2012-08-04,232,8
217,23.4,0.0,12.9,29.9,1.9,5,0.0,20120805,64.6,36.4,2012,0.0,2012-08-05,232,8
218,24.5,2.4,9.4,30.2,1.6,6,0.0,20120806,66.8,36.4,2012,0.0,2012-08-06,232,8
219,25.6,3.3,10.2,30.0,2.3,7,0.0,20120807,58.9,34.8,2012,0.0,2012-08-07,232,8
220,24.3,5.8,10.7,28.5,2.0,8,0.0,20120808,60.9,33.3,2012,0.0,2012-08-08,232,8
221,23.7,7.1,3.9,27.1,1.1,9,0.5,20120809,80.4,33.2,2012,0.0,2012-08-09,232,8
222,23.3,9.0,0.0,24.5,1.2,10,4.5,20120810,88.5,25.9,2012,0.0,2012-08-10,232,8
223,23.3,5.9,5.8,27.2,1.5,11,0.0,20120811,76.9,32.0,2012,0.0,2012-08-11,232,8
224,23.4,9.5,0.0,24.8,1.0,12,80.0,20120812,91.5,26.0,2012,0.0,2012-08-12,232,8
225,22.2,8.1,3.6,25.8,1.0,13,9.0,20120813,84.6,31.7,2012,0.0,2012-08-13,232,8
226,22.7,7.4,5.0,26.5,2.9,14,3.5,20120814,76.4,30.0,2012,0.0,2012-08-14,232,8
227,22.8,10.0,0.0,25.0,2.3,15,65.5,20120815,87.4,28.9,2012,0.0,2012-08-15,232,8
228,22.6,9.1,0.2,24.1,0.7,16,7.0,20120816,90.8,27.8,2012,0.0,2012-08-16,232,8
229,23.8,6.9,3.6,27.3,1.6,17,4.0,20120817,84.1,33.5,2012,0.0,2012-08-17,232,8
230,24.5,8.6,0.8,27.4,2.1,18,0.2,20120818,85.0,32.2,2012,0.0,2012-08-18,232,8
231,25.9,7.9,3.8,28.5,2.1,19,0.0,20120819,80.1,31.6,2012,0.0,2012-08-19,232,8
232,25.6,10.0,0.1,26.7,2.1,20,19.0,20120820,88.6,28.2,2012,0.0,2012-08-20,232,8
233,23.8,9.9,1.4,25.9,2.2,21,27.0,20120821,87.4,31.2,2012,0.0,2012-08-21,232,8
234,20.7,9.5,0.0,22.1,1.7,22,54.5,20120822,92.4,24.5,2012,0.0,2012-08-22,232,8
235,21.1,9.4,0.7,22.9,1.7,23,2.5,20120823,86.9,26.4,2012,0.0,2012-08-23,232,8
236,21.6,10.0,0.0,23.3,2.8,24,10.0,20120824,86.4,25.8,2012,0.0,2012-08-24,232,8
237,23.1,9.0,4.1,25.5,1.7,25,45.5,20120825,86.4,31.2,2012,0.0,2012-08-25,232,8
238,24.1,5.4,10.6,28.2,1.3,26,0.0,20120826,75.0,33.7,2012,0.0,2012-08-26,232,8
239,22.1,6.4,4.9,27.7,3.3,27,0.0,20120827,68.9,32.0,2012,0.0,2012-08-27,232,8
240,22.2,10.0,0.0,26.8,7.8,28,14.5,20120828,72.0,30.5,2012,0.0,2012-08-28,232,8
241,23.9,7.4,7.2,26.5,2.9,29,0.5,20120829,72.6,30.6,2012,0.0,2012-08-29,232,8
242,19.1,9.8,0.0,21.0,3.1,30,136.0,20120830,90.9,24.0,2012,0.0,2012-08-30,232,8
243,16.9,4.1,9.2,23.0,2.4,31,0.0,20120831,76.1,28.0,2012,0.0,2012-08-31,232,8
244,20.9,7.8,4.7,24.5,1.5,1,0.1,20120901,80.4,29.2,2012,0.0,2012-09-01,232,9
245,20.0,7.1,4.2,23.3,1.4,2,0.5,20120902,85.8,29.2,2012,0.0,2012-09-02,232,9
246,20.2,5.8,5.7,24.8,1.0,3,0.0,20120903,78.6,30.3,2012,0.0,2012-09-03,232,9
247,20.5,9.4,0.0,22.1,1.8,4,43.5,20120904,91.6,24.0,2012,0.0,2012-09-04,232,9
248,15.0,4.8,7.9,21.8,2.1,5,3.5,20120905,79.6,26.8,2012,0.0,2012-09-05,232,9
249,13.2,0.1,11.7,19.7,1.4,6,0.0,20120906,71.9,26.9,2012,0.0,2012-09-06,232,9
250,14.6,6.5,6.4,21.6,1.6,7,12.0,20120907,75.5,27.2,2012,0.0,2012-09-07,232,9
251,18.7,8.4,3.9,21.6,3.5,8,17.0,20120908,78.1,25.9,2012,0.0,2012-09-08,232,9
252,17.9,9.1,0.3,20.4,1.0,9,0.0,20120909,81.4,24.3,2012,0.0,2012-09-09,232,9
253,17.3,4.5,5.2,21.6,0.8,10,0.0,20120910,80.1,27.7,2012,0.0,2012-09-10,232,9
254,17.0,3.4,10.9,21.8,1.6,11,0.0,20120911,72.6,27.8,2012,0.0,2012-09-11,232,9
255,18.1,9.1,0.4,21.3,1.5,12,0.0,20120912,80.4,25.8,2012,0.0,2012-09-12,232,9
256,19.2,10.0,0.0,20.2,0.7,13,2.5,20120913,92.0,21.3,2012,0.0,2012-09-13,232,9
257,16.6,9.9,0.3,19.2,1.7,14,3.5,20120914,80.4,23.9,2012,0.0,2012-09-14,232,9
258,15.3,9.5,1.9,19.8,1.0,15,0.0,20120915,80.3,24.8,2012,0.0,2012-09-15,232,9
259,16.7,10.0,0.0,18.7,1.4,16,9.5,20120916,84.8,21.2,2012,0.0,2012-09-16,232,9
260,17.1,10.0,0.0,17.8,3.4,17,97.5,20120917,90.0,18.8,2012,0.0,2012-09-17,232,9
261,16.9,6.6,8.6,20.7,2.0,18,0.0,20120918,75.9,26.0,2012,0.0,2012-09-18,232,9
262,14.6,4.5,7.6,19.5,2.0,19,0.0,20120919,76.3,25.7,2012,0.0,2012-09-19,232,9
263,13.6,2.0,5.6,18.5,1.5,20,0.0,20120920,80.6,26.3,2012,0.0,2012-09-20,232,9
264,13.4,4.3,7.9,18.7,1.1,21,0.0,20120921,77.3,25.9,2012,0.0,2012-09-21,232,9
265,13.7,4.4,7.8,18.7,1.1,22,0.0,20120922,76.0,27.1,2012,0.0,2012-09-22,232,9
266,12.9,0.9,10.1,19.0,1.0,23,0.0,20120923,74.9,26.9,2012,0.0,2012-09-23,232,9
267,12.8,0.0,11.3,19.1,1.0,24,0.0,20120924,69.9,27.4,2012,0.0,2012-09-24,232,9
268,12.5,0.3,11.3,19.1,1.7,25,0.0,20120925,69.6,26.6,2012,0.0,2012-09-25,232,9
269,14.2,6.0,8.1,19.0,2.0,26,0.0,20120926,67.4,25.3,2012,0.0,2012-09-26,232,9
270,14.2,7.1,1.2,17.9,1.5,27,0.0,20120927,81.3,22.8,2012,0.0,2012-09-27,232,9
271,13.5,3.1,5.3,17.5,1.8,28,0.5,20120928,82.9,25.1,2012,0.0,2012-09-28,232,9
272,11.3,5.8,9.4,15.7,2.2,29,0.0,20120929,71.6,21.2,2012,0.0,2012-09-29,232,9
273,9.9,2.0,11.2,15.3,1.6,30,0.0,20120930,75.5,21.9,2012,0.0,2012-09-30,232,9
274,9.4,1.1,10.0,15.8,1.0,1,0.0,20121001,75.3,24.0,2012,0.0,2012-10-01,232,10
275,10.5,0.8,10.7,17.2,1.0,2,0.0,20121002,75.3,25.8,2012,0.0,2012-10-02,232,10
276,11.3,3.8,10.0,17.7,1.2,3,0.0,20121003,71.5,25.9,2012,0.0,2012-10-03,232,10
277,10.9,1.5,8.5,17.5,1.5,4,0.0,20121004,73.6,25.1,2012,0.0,2012-10-04,232,10
278,11.2,6.9,4.0,17.2,0.8,5,0.0,20121005,82.5,23.0,2012,0.0,2012-10-05,232,10
279,13.1,4.3,5.8,17.6,1.1,6,0.0,20121006,75.8,24.9,2012,0.0,2012-10-06,232,10
280,10.6,1.0,10.2,16.3,1.5,7,0.0,20121007,73.9,25.1,2012,0.0,2012-10-07,232,10
281,10.5,1.8,9.9,16.0,1.9,8,0.0,20121008,66.1,23.5,2012,0.0,2012-10-08,232,10
282,9.2,4.1,7.4,15.0,1.4,9,0.0,20121009,71.5,21.9,2012,0.0,2012-10-09,232,10
283,9.5,4.4,5.0,14.6,2.2,10,0.4,20121010,82.0,22.4,2012,0.0,2012-10-10,232,10
284,5.8,0.0,11.1,11.9,1.6,11,0.0,20121011,66.4,18.7,2012,0.0,2012-10-11,232,10
285,3.7,1.1,10.6,11.8,0.9,12,0.0,20121012,66.9,22.7,2012,0.0,2012-10-12,232,10
286,7.0,4.4,8.4,13.6,1.3,13,0.0,20121013,71.5,24.4,2012,0.0,2012-10-13,232,10
287,6.9,2.4,8.9,13.8,1.7,14,0.0,20121014,68.6,23.1,2012,0.0,2012-10-14,232,10
288,4.1,1.1,10.1,11.7,1.3,15,0.0,20121015,61.5,20.9,2012,0.0,2012-10-15,232,10
289,4.8,4.1,8.7,15.4,2.0,16,0.0,20121016,63.9,24.1,2012,0.0,2012-10-16,232,10
290,5.6,4.6,6.1,12.5,3.1,17,6.0,20121017,65.5,15.7,2012,0.0,2012-10-17,232,10
291,1.4,0.0,10.4,8.8,1.7,18,0.0,20121018,65.8,17.3,2012,0.0,2012-10-18,232,10
292,5.0,2.3,9.2,11.9,1.0,19,0.0,20121019,66.9,21.1,2012,0.0,2012-10-19,232,10
293,6.5,3.0,6.7,14.1,1.6,20,0.0,20121020,71.9,22.1,2012,0.0,2012-10-20,232,10
294,9.3,1.6,9.7,15.5,1.1,21,0.0,20121021,76.1,24.2,2012,0.0,2012-10-21,232,10
295,10.7,9.0,0.0,13.9,3.3,22,33.0,20121022,83.6,18.5,2012,0.0,2012-10-22,232,10
296,5.1,1.3,10.3,9.6,3.3,23,0.0,20121023,61.4,14.7,2012,0.0,2012-10-23,232,10
297,5.5,4.5,6.6,10.8,1.9,24,0.0,20121024,74.5,18.8,2012,0.0,2012-10-24,232,10
298,7.1,2.4,6.0,12.8,1.7,25,0.0,20121025,79.8,21.7,2012,0.0,2012-10-25,232,10
299,6.9,3.8,9.6,14.2,1.3,26,0.0,20121026,71.3,22.6,2012,0.0,2012-10-26,232,10
300,13.1,10.0,0.0,15.5,2.8,27,26.0,20121027,86.4,17.7,2012,0.0,2012-10-27,232,10
301,7.8,2.6,9.6,14.5,3.1,28,0.0,20121028,74.9,19.7,2012,0.0,2012-10-28,232,10
302,4.5,6.0,8.6,11.0,1.1,29,0.0,20121029,74.5,17.8,2012,0.0,2012-10-29,232,10
303,2.2,2.8,9.6,8.2,2.6,30,0.2,20121030,69.5,12.4,2012,0.0,2012-10-30,232,10
304,0.1,5.9,7.3,7.0,1.7,31,1.0,20121031,70.4,13.2,2012,0.0,2012-10-31,232,10
305,0.9,1.3,10.1,6.0,3.0,1,0.2,20121101,56.9,10.8,2012,0.0,2012-11-01,232,11
306,-1.8,0.3,10.0,4.8,1.2,2,0.0,20121102,65.3,13.2,2012,0.0,2012-11-02,232,11
307,-0.7,1.0,9.7,7.5,1.1,3,0.0,20121103,63.5,17.9,2012,0.0,2012-11-03,232,11
308,5.6,8.9,0.8,11.7,3.8,4,4.0,20121104,65.0,15.0,2012,0.0,2012-11-04,232,11
309,7.0,8.8,1.9,9.9,1.9,5,1.5,20121105,86.1,14.1,2012,0.0,2012-11-05,232,11
310,6.4,9.3,1.0,8.4,2.2,6,3.0,20121106,83.5,10.8,2012,0.0,2012-11-06,232,11
311,4.2,6.3,4.5,8.3,1.8,7,0.0,20121107,81.4,13.9,2012,0.0,2012-11-07,232,11
312,3.5,9.1,0.7,8.6,1.0,8,0.0,20121108,86.4,14.8,2012,0.0,2012-11-08,232,11
313,4.4,3.8,2.8,7.3,1.3,9,0.0,20121109,91.0,13.8,2012,0.0,2012-11-09,232,11
314,3.4,5.8,8.0,11.4,3.9,10,0.4,20121110,60.8,16.2,2012,0.0,2012-11-10,232,11
315,6.9,8.6,1.7,10.1,4.4,11,20.0,20121111,67.6,13.9,2012,0.0,2012-11-11,232,11
316,5.3,8.0,3.4,9.3,4.1,12,1.0,20121112,57.8,12.0,2012,0.0,2012-11-12,232,11
317,2.9,9.0,2.2,5.3,2.8,13,10.5,20121113,82.0,8.5,2012,0.0,2012-11-13,232,11
318,0.8,6.8,7.0,4.0,2.9,14,2.0,20121114,68.1,7.1,2012,0.0,2012-11-14,232,11
319,-2.2,0.0,9.6,3.0,1.1,15,0.0,20121115,68.3,11.0,2012,0.0,2012-11-15,232,11
320,-1.8,7.1,0.7,4.1,1.6,16,4.5,20121116,81.1,8.0,2012,0.0,2012-11-16,232,11
321,4.2,6.0,6.0,6.6,2.9,17,1.0,20121117,69.3,8.9,2012,0.0,2012-11-17,232,11
322,-2.4,0.0,9.5,2.8,1.3,18,0.0,20121118,60.9,9.7,2012,0.0,2012-11-18,232,11
323,-1.0,7.0,6.5,4.9,3.6,19,2.0,20121119,65.3,10.2,2012,0.0,2012-11-19,232,11
324,-3.3,3.5,7.7,2.1,1.7,20,0.0,20121120,62.1,7.1,2012,0.0,2012-11-20,232,11
325,-3.2,4.3,6.1,2.3,1.3,21,0.0,20121121,73.0,9.6,2012,0.0,2012-11-21,232,11
326,-2.0,5.4,6.0,4.7,1.0,22,0.0,20121122,75.4,11.8,2012,0.0,2012-11-22,232,11
327,2.6,5.3,6.3,4.6,3.0,23,0.0,20121123,62.3,7.4,2012,0.0,2012-11-23,232,11
328,-3.6,0.0,9.1,1.4,1.9,24,0.0,20121124,61.6,6.9,2012,0.0,2012-11-24,232,11
329,-4.8,6.6,5.9,2.4,1.2,25,0.4,20121125,66.4,8.6,2012,0.0,2012-11-25,232,11
330,0.8,6.0,6.5,3.4,3.6,26,0.5,20121126,60.5,6.8,2012,0.0,2012-11-26,232,11
331,-5.1,1.4,9.1,0.7,1.2,27,0.0,20121127,56.0,7.0,2012,0.0,2012-11-27,232,11
332,0.3,6.8,2.3,5.9,3.6,28,1.5,20121128,61.5,13.4,2012,0.0,2012-11-28,232,11
333,-3.5,3.6,6.4,0.5,2.0,29,0.0,20121129,50.0,5.3,2012,0.0,2012-11-29,232,11
334,-3.8,4.3,7.6,2.2,1.6,30,0.1,20121130,54.4,8.2,2012,0.0,2012-11-30,232,11
335,-5.4,2.9,8.9,-0.9,1.9,1,0.0,20121201,52.8,4.7,2012,0.0,2012-12-01,232,12
336,-2.5,3.5,7.1,2.4,1.7,2,0.0,20121202,67.0,8.4,2012,0.0,2012-12-02,232,12
337,-3.5,7.6,0.5,2.0,3.3,3,4.7,20121203,77.8,7.6,2012,0.3,2012-12-03,232,12
338,-4.1,2.8,8.6,-1.3,3.0,4,0.7,20121204,63.0,2.9,2012,1.2,2012-12-04,232,12
339,-5.0,7.5,3.3,-1.6,2.7,5,18.1,20121205,80.1,4.5,2012,8.5,2012-12-05,232,12
340,-13.4,4.4,7.7,-5.6,2.2,6,1.2,20121206,68.8,-3.4,2012,2.4,2012-12-06,232,12
341,-4.8,8.5,3.2,-2.6,2.9,7,5.8,20121207,83.1,0.4,2012,7.6,2012-12-07,232,12
342,-12.9,4.5,6.8,-7.7,1.7,8,0.2,20121208,67.9,-2.3,2012,0.5,2012-12-08,232,12
343,-14.0,1.5,8.6,-10.1,1.9,9,0.0,20121209,62.4,-4.9,2012,0.0,2012-12-09,232,12
344,-15.8,0.9,8.6,-9.3,1.1,10,0.0,20121210,74.8,-2.0,2012,0.0,2012-12-10,232,12
345,-14.9,2.8,8.4,-6.8,1.2,11,0.0,20121211,70.5,-1.3,2012,0.0,2012-12-11,232,12
346,-13.7,0.0,8.6,-7.6,0.7,12,0.0,20121212,74.3,0.8,2012,0.0,2012-12-12,232,12
347,-11.8,2.1,8.6,-4.1,1.1,13,0.0,20121213,72.8,4.0,2012,0.0,2012-12-13,232,12
348,-2.8,10.0,0.2,2.5,2.6,14,17.5,20121214,82.1,5.2,2012,0.0,2012-12-14,232,12
349,-1.2,9.3,0.0,2.4,1.2,15,0.2,20121215,95.1,4.8,2012,0.0,2012-12-15,232,12
350,-2.4,8.3,0.4,-0.3,0.8,16,0.0,20121216,94.8,2.7,2012,0.0,2012-12-16,232,12
351,-1.5,7.6,5.5,1.0,3.3,17,0.0,20121217,77.8,4.3,2012,0.0,2012-12-17,232,12
352,-5.9,2.3,8.6,-4.4,3.8,18,0.0,20121218,57.0,-1.5,2012,0.0,2012-12-18,232,12
353,-10.2,1.4,8.4,-6.1,1.8,19,0.0,20121219,60.4,-1.1,2012,0.0,2012-12-19,232,12
354,-9.5,3.6,7.5,-3.9,1.3,20,0.0,20121220,68.3,1.3,2012,0.0,2012-12-20,232,12
355,-2.1,8.9,0.1,0.0,1.8,21,1.3,20121221,72.8,1.4,2012,2.0,2012-12-21,232,12
356,-4.8,5.1,4.3,-1.3,2.7,22,0.0,20121222,76.6,0.6,2012,0.0,2012-12-22,232,12
357,-9.5,5.0,3.6,-6.1,3.9,23,2.2,20121223,61.6,-2.4,2012,5.3,2012-12-23,232,12
358,-15.9,2.0,8.5,-8.8,1.0,24,0.1,20121224,63.8,-3.4,2012,0.5,2012-12-24,232,12
359,-11.5,2.6,7.3,-7.2,3.4,25,0.4,20121225,55.8,-2.6,2012,1.0,2012-12-25,232,12
360,-15.6,0.6,8.5,-10.6,1.8,26,0.0,20121226,45.3,-5.7,2012,0.0,2012-12-26,232,12
361,-14.5,4.9,7.1,-6.8,1.1,27,0.0,20121227,57.8,-0.3,2012,0.0,2012-12-27,232,12
362,-5.5,8.1,0.0,-2.6,1.3,28,1.0,20121228,80.8,0.2,2012,1.5,2012-12-28,232,12
363,-7.0,8.1,0.8,-1.0,1.0,29,1.6,20121229,88.1,3.0,2012,2.4,2012-12-29,232,12
364,-11.0,4.6,6.7,-5.8,3.5,30,1.0,20121230,66.1,0.5,2012,1.4,2012-12-30,232,12
365,-13.4,1.0,8.2,-8.4,1.1,31,0.0,20121231,62.3,-2.7,2012,0.0,2012-12-31,232,12
