,Date,tavg,year,tmax,snow,humid,sunshine,day,rainfall,month,tmin,wind,station_id,cloud,date
0,2024-01-01,2.5,2024,7.3,0.0,89.8,2.3,1,0.0,1,-1.3,0.6,232,3.6,20240101
1,2024-01-02,2.9,2024,5.6,0.0,87.3,0.0,2,0.0,1,-0.2,0.5,232,7.0,20240102
2,2024-01-03,1.4,2024,4.8,0.0,90.1,0.0,3,2.2,1,-1.0,0.6,232,6.8,20240103
3,2024-01-04,0.1,2024,5.2,0.0,83.3,5.9,4,0.0,1,-5.2,0.8,232,1.6,20240104
4,2024-01-05,3.5,2024,10.1,0.0,85.9,1.7,5,0.0,1,-1.9,0.8,232,3.5,20240105
5,2024-01-06,1.3,2024,5.4,0.0,68.6,9.0,6,0.4,1,-1.6,1.3,232,1.6,20240106
6,2024-01-07,-2.6,2024,0.7,0.0,58.4,7.7,7,0.0,1,-5.8,2.1,232,0.9,20240107
7,2024-01-08,-5.0,2024,0.8,0.0,60.1,9.2,8,0.0,1,-11.0,1.0,232,2.3,20240108
8,2024-01-10,-0.7,2024,0.8,0.0,87.5,0.0,10,0.0,1,-2.3,0.8,232,6.0,20240110
9,2024-01-11,0.2,2024,3.6,0.0,84.4,0.1,11,0.0,1,-2.8,0.8,232,5.0,20240111
10,2024-01-12,1.4,2024,6.7,0.0,67.5,8.7,12,0.0,1,-3.8,1.1,232,0.0,20240112
11,2024-01-13,-1.2,2024,5.8,0.0,67.0,9.1,13,0.0,1,-6.7,0.8,232,0.0,20240113
12,2024-01-14,-0.1,2024,6.2,0.0,83.0,3.1,14,4.8,1,-6.4,0.9,232,4.3,20240114
13,2024-01-15,-2.6,2024,1.4,0.0,54.3,9.4,15,0.0,1,-5.5,1.4,232,0.0,20240115
14,2024-01-16,-3.2,2024,3.6,0.0,64.5,8.2,16,0.0,1,-9.0,0.6,232,2.8,20240116
15,2024-01-17,0.5,2024,2.4,0.0,89.6,0.0,17,8.1,1,-4.9,0.5,232,8.1,20240117
16,2024-01-18,4.6,2024,7.1,0.0,90.8,0.1,18,6.3,1,2.4,1.3,232,7.3,20240118
17,2024-01-19,6.1,2024,8.7,0.0,68.5,1.3,19,0.0,1,4.6,3.6,232,6.5,20240119
18,2024-01-20,4.0,2024,5.7,0.0,78.9,0.0,20,7.2,1,2.5,3.6,232,9.4,20240120
19,2024-01-21,2.8,2024,6.5,0.0,80.1,0.0,21,0.0,1,-0.2,1.5,232,7.0,20240121
20,2024-01-22,-6.6,2024,-0.2,0.0,78.3,0.8,22,2.9,1,-10.7,2.7,232,9.4,20240122
21,2024-01-25,-6.8,2024,-0.5,0.0,65.0,9.4,25,0.0,1,-13.9,1.0,232,1.3,20240125
22,2024-01-26,-4.1,2024,2.4,0.0,79.1,2.6,26,0.0,1,-10.7,0.6,232,3.4,20240126
23,2024-01-27,-2.1,2024,4.0,0.0,74.5,8.4,27,0.0,1,-8.2,0.7,232,2.8,20240127
24,2024-01-30,-0.6,2024,8.0,0.0,68.6,9.5,30,0.0,1,-7.2,0.5,232,0.9,20240130
25,2024-01-31,4.3,2024,11.6,0.0,57.8,7.3,31,0.0,1,-2.3,0.9,232,4.6,20240131
26,2024-02-01,2.6,2024,5.9,0.0,75.0,0.0,1,0.0,2,-0.7,0.8,232,9.1,20240201
27,2024-02-02,1.7,2024,7.3,0.0,77.5,4.6,2,0.0,2,-2.1,0.7,232,5.9,20240202
28,2024-02-03,3.3,2024,9.3,0.0,84.4,0.2,3,1.1,2,-3.0,0.8,232,8.3,20240203
29,2024-02-04,5.3,2024,10.1,0.0,79.0,3.4,4,0.5,2,-0.8,1.7,232,7.9,20240204
30,2024-02-05,3.5,2024,5.7,0.0,86.3,0.0,5,10.5,2,0.9,3.8,232,10.0,20240205
31,2024-02-06,2.0,2024,4.3,0.0,84.0,0.0,6,0.0,2,0.6,1.3,232,9.6,20240206
32,2024-02-08,-0.4,2024,5.5,0.0,77.4,9.1,8,0.0,2,-5.2,0.8,232,3.3,20240208
33,2024-02-09,0.1,2024,6.1,0.0,71.6,7.6,9,0.0,2,-5.8,1.1,232,2.5,20240209
34,2024-02-10,-0.1,2024,7.3,0.0,76.4,4.8,10,0.0,2,-5.1,0.9,232,1.3,20240210
35,2024-02-11,-0.1,2024,6.3,0.0,77.5,5.3,11,0.1,2,-6.2,1.2,232,2.0,20240211
36,2024-02-12,2.0,2024,10.6,0.0,71.8,9.2,12,0.0,2,-4.7,0.8,232,0.0,20240212
37,2024-02-13,6.7,2024,15.8,0.0,72.9,8.1,13,0.0,2,-3.1,1.3,232,2.3,20240213
38,2024-02-14,11.9,2024,18.7,0.0,77.5,3.9,14,0.0,2,6.7,1.2,232,5.6,20240214
39,2024-02-15,4.4,2024,11.4,0.0,89.1,0.0,15,2.5,2,-0.9,1.7,232,7.3,20240215
40,2024-02-16,1.7,2024,8.4,0.0,75.3,9.4,16,0.0,2,-3.8,0.7,232,1.6,20240216
41,2024-02-17,3.7,2024,13.1,0.0,76.3,8.3,17,0.0,2,-3.7,0.8,232,1.1,20240217
42,2024-02-18,5.3,2024,11.4,0.0,87.8,0.4,18,24.4,2,-2.7,1.0,232,7.3,20240218
43,2024-02-19,10.0,2024,13.6,0.0,97.6,0.0,19,9.6,2,4.8,1.3,232,8.4,20240219
44,2024-02-20,5.2,2024,8.0,0.0,90.4,0.0,20,6.5,2,3.5,2.0,232,10.0,20240220
45,2024-02-21,4.0,2024,5.5,0.0,91.5,0.0,21,24.2,2,1.6,3.8,232,10.0,20240221
46,2024-02-22,1.1,2024,2.1,0.0,89.0,0.0,22,6.8,2,0.4,3.5,232,9.9,20240222
47,2024-02-23,2.6,2024,5.6,0.0,72.0,3.4,23,0.0,2,0.3,3.8,232,9.1,20240223
48,2024-02-24,2.5,2024,6.2,0.0,70.6,3.0,24,1.8,2,0.1,3.1,232,9.1,20240224
49,2024-02-25,2.5,2024,5.4,0.0,91.6,0.0,25,1.7,2,0.7,0.8,232,8.5,20240225
50,2024-02-26,2.6,2024,8.0,0.0,78.0,7.0,26,0.0,2,-2.2,1.0,232,3.9,20240226
51,2024-02-27,4.4,2024,9.4,0.0,60.6,7.3,27,0.0,2,-0.5,2.1,232,5.1,20240227
52,2024-02-28,4.9,2024,10.8,0.0,67.6,1.7,28,0.0,2,-0.4,0.9,232,7.5,20240228
53,2024-02-29,5.0,2024,8.7,0.0,71.4,0.0,29,0.0,2,1.8,1.2,232,9.0,20240229
54,2024-03-01,-2.6,2024,2.1,0.0,38.5,10.1,1,0.0,3,-5.6,3.3,232,0.3,20240301
55,2024-03-02,-0.8,2024,5.4,0.0,56.9,8.8,2,0.0,3,-9.5,1.9,232,2.6,20240302
56,2024-03-03,5.3,2024,11.1,0.0,70.6,3.9,3,0.1,3,0.6,1.8,232,2.6,20240303
57,2024-03-04,5.5,2024,11.6,0.0,69.8,3.5,4,0.0,3,-0.8,0.7,232,6.8,20240304
58,2024-03-05,7.3,2024,8.5,0.0,73.6,0.0,5,1.4,3,5.6,1.8,232,9.6,20240305
59,2024-03-06,6.1,2024,11.3,0.0,68.5,5.8,6,0.0,3,0.0,1.2,232,3.1,20240306
60,2024-03-07,4.5,2024,9.0,0.0,57.6,5.3,7,0.0,3,1.0,2.1,232,4.5,20240307
61,2024-03-08,2.9,2024,7.2,0.0,51.4,10.3,8,0.0,3,0.0,2.4,232,0.0,20240308
62,2024-03-09,1.1,2024,7.2,0.0,50.4,11.0,9,0.0,3,-5.2,1.6,232,0.0,20240309
63,2024-03-10,2.9,2024,11.4,0.0,53.4,11.0,10,0.0,3,-5.6,1.0,232,1.1,20240310
64,2024-03-11,5.1,2024,12.4,0.0,66.0,2.5,11,0.6,3,-2.1,1.0,232,6.9,20240311
65,2024-03-12,4.6,2024,9.5,0.0,89.9,0.1,12,1.0,3,0.9,0.8,232,5.9,20240312
66,2024-03-13,5.4,2024,13.2,0.0,63.9,10.2,13,0.0,3,-1.8,1.6,232,0.5,20240313
67,2024-03-14,6.5,2024,16.0,0.0,64.1,10.8,14,0.0,3,-2.1,1.2,232,0.4,20240314
68,2024-03-15,7.7,2024,17.4,0.0,62.0,10.5,15,0.0,3,-1.6,1.3,232,0.0,20240315
69,2024-03-16,10.2,2024,19.2,0.0,56.1,8.5,16,0.0,3,-0.2,1.0,232,3.3,20240316
70,2024-03-17,8.4,2024,12.8,0.0,53.4,5.8,17,0.2,3,4.5,2.1,232,7.0,20240317
71,2024-03-18,6.5,2024,14.6,0.0,38.8,10.0,18,0.0,3,-2.0,1.3,232,3.4,20240318
72,2024-03-19,6.0,2024,12.3,0.0,59.3,3.2,19,0.3,3,2.2,2.8,232,7.6,20240319
73,2024-03-20,4.4,2024,8.4,0.0,50.9,10.3,20,0.0,3,0.8,2.8,232,0.8,20240320
74,2024-03-21,4.1,2024,11.7,0.0,57.9,11.2,21,0.0,3,-3.5,1.4,232,2.1,20240321
75,2024-03-22,10.0,2024,17.0,0.0,60.0,6.2,22,0.3,3,0.9,2.3,232,6.8,20240322
76,2024-03-23,13.5,2024,20.0,0.0,65.5,9.7,23,0.0,3,7.9,1.5,232,4.0,20240323
77,2024-03-24,14.2,2024,20.5,0.0,46.3,7.5,24,0.0,3,7.4,2.2,232,4.6,20240324
78,2024-03-25,9.9,2024,13.7,0.0,72.0,0.4,25,7.5,3,6.9,3.0,232,9.9,20240325
79,2024-03-26,6.4,2024,10.2,0.0,83.5,0.9,26,20.4,3,2.5,1.9,232,7.6,20240326
80,2024-03-27,9.4,2024,17.1,0.0,76.1,7.9,27,0.0,3,1.3,0.9,232,5.5,20240327
81,2024-03-28,9.4,2024,10.3,0.0,91.8,0.0,28,9.1,3,8.1,1.1,232,8.5,20240328
82,2024-03-29,7.8,2024,12.7,0.0,84.8,2.5,29,0.4,3,2.8,2.0,232,3.8,20240329
83,2024-03-30,8.3,2024,17.4,0.0,70.5,5.4,30,0.0,3,-0.1,1.2,232,3.0,20240330
84,2024-03-31,9.7,2024,18.5,0.0,52.1,11.3,31,0.0,3,-0.5,1.2,232,3.0,20240331
85,2024-04-01,10.8,2024,20.4,0.0,49.0,11.6,1,0.0,4,1.3,1.1,232,0.4,20240401
86,2024-04-02,14.6,2024,25.1,0.0,50.0,8.4,2,0.0,4,2.7,0.9,232,6.5,20240402
87,2024-04-03,14.6,2024,16.8,0.0,89.9,0.1,3,5.3,4,13.3,1.8,232,9.5,20240403
88,2024-04-04,14.3,2024,16.4,0.0,71.0,0.3,4,0.0,4,12.6,2.1,232,8.9,20240404
89,2024-04-05,13.2,2024,18.6,0.0,60.1,5.3,5,0.0,4,8.2,1.7,232,5.8,20240405
90,2024-04-06,11.4,2024,19.1,0.0,63.1,4.9,6,0.0,4,4.9,0.8,232,4.5,20240406
91,2024-04-07,14.1,2024,24.1,0.0,49.0,11.6,7,0.0,4,4.0,1.1,232,3.5,20240407
92,2024-04-08,14.6,2024,22.5,0.0,48.8,3.7,8,0.0,4,6.3,1.1,232,7.0,20240408
93,2024-04-09,13.9,2024,20.5,0.0,50.9,11.6,9,0.0,4,7.0,2.3,232,0.0,20240409
94,2024-04-10,13.9,2024,19.4,0.0,58.6,8.1,10,0.0,4,9.8,1.5,232,6.5,20240410
95,2024-04-11,15.2,2024,21.8,0.0,64.8,5.3,11,0.0,4,10.0,0.9,232,5.3,20240411
96,2024-04-12,16.1,2024,24.7,0.0,65.5,10.6,12,0.0,4,8.1,1.2,232,1.9,20240412
97,2024-04-13,17.3,2024,27.8,0.0,59.0,11.8,13,0.0,4,7.8,1.0,232,0.0,20240413
98,2024-04-14,18.5,2024,27.8,0.0,55.1,11.0,14,0.0,4,8.1,1.1,232,4.1,20240414
99,2024-04-15,16.2,2024,19.9,0.0,80.9,0.0,15,20.1,4,12.6,2.0,232,6.4,20240415
100,2024-04-16,14.7,2024,20.7,0.0,72.6,8.3,16,0.2,4,11.0,1.5,232,2.6,20240416
101,2024-04-17,13.8,2024,22.0,0.0,67.9,8.1,17,0.0,4,6.8,1.1,232,3.0,20240417
102,2024-04-18,15.6,2024,24.7,0.0,56.0,11.5,18,0.0,4,6.7,1.2,232,0.0,20240418
103,2024-04-19,16.4,2024,25.9,0.0,55.1,10.8,19,0.0,4,6.2,1.0,232,4.0,20240419
104,2024-04-20,13.6,2024,15.0,0.0,87.3,0.0,20,12.8,4,12.4,2.5,232,9.9,20240420
105,2024-04-21,16.3,2024,18.9,0.0,75.8,0.0,21,0.0,4,13.4,2.3,232,9.5,20240421
106,2024-04-22,17.2,2024,23.2,0.0,61.0,5.3,22,0.0,4,11.6,1.8,232,6.0,20240422
107,2024-04-23,15.9,2024,21.8,0.0,61.8,8.1,23,0.0,4,9.2,2.4,232,6.8,20240423
108,2024-04-24,13.9,2024,18.6,0.0,76.1,4.8,24,9.0,4,10.8,1.8,232,5.5,20240424
109,2024-04-25,14.4,2024,22.7,0.0,73.4,7.4,25,0.0,4,10.5,1.0,232,4.6,20240425
110,2024-04-26,16.9,2024,26.7,0.0,65.0,10.2,26,0.0,4,8.2,0.9,232,4.6,20240426
111,2024-04-27,17.0,2024,25.4,0.0,59.4,12.3,27,0.0,4,8.4,1.2,232,0.0,20240427
112,2024-04-28,17.8,2024,27.8,0.0,60.5,11.1,28,0.0,4,6.8,0.7,232,5.5,20240428
113,2024-04-29,17.5,2024,19.9,0.0,73.4,0.0,29,0.8,4,14.7,1.7,232,9.6,20240429
114,2024-04-30,16.4,2024,21.4,0.0,78.8,1.2,30,0.0,4,12.8,0.9,232,7.6,20240430
115,2024-05-01,16.9,2024,21.6,0.0,51.9,10.0,1,0.0,5,12.5,2.1,232,5.4,20240501
116,2024-05-02,15.5,2024,23.6,0.0,61.4,12.4,2,0.0,5,7.3,1.2,232,0.0,20240502
117,2024-05-03,16.8,2024,26.2,0.0,54.8,12.6,3,0.0,5,6.2,0.9,232,0.0,20240503
118,2024-05-04,18.7,2024,27.9,0.0,56.6,12.2,4,0.0,5,8.0,1.0,232,1.8,20240504
119,2024-05-05,17.7,2024,18.7,0.0,89.8,0.0,5,36.4,5,16.4,1.9,232,10.0,20240505
120,2024-05-06,14.6,2024,17.4,0.0,92.6,0.0,6,5.2,5,13.4,1.3,232,8.9,20240506
121,2024-05-07,13.1,2024,15.7,0.0,91.0,0.0,7,9.1,5,11.0,1.4,232,10.0,20240507
122,2024-05-08,13.9,2024,20.5,0.0,63.6,11.1,8,0.0,5,7.6,1.6,232,2.9,20240508
123,2024-05-09,14.7,2024,22.7,0.0,59.4,12.8,9,0.0,5,6.2,1.3,232,0.5,20240509
124,2024-05-10,16.2,2024,25.1,0.0,60.5,12.5,10,0.0,5,7.5,1.1,232,2.5,20240510
125,2024-05-11,16.5,2024,23.0,0.0,80.4,3.3,11,9.6,5,9.0,1.6,232,6.8,20240511
126,2024-05-12,15.0,2024,21.1,0.0,70.6,8.8,12,0.2,5,9.6,1.2,232,4.1,20240512
127,2024-05-13,16.1,2024,24.4,0.0,61.6,0.0,13,0.0,5,7.7,1.0,232,0.0,20240513
128,2024-05-14,16.8,2024,26.0,0.0,63.6,12.6,14,0.0,5,7.6,0.9,232,0.0,20240514
129,2024-05-15,12.4,2024,22.2,0.0,78.8,7.0,15,16.0,5,7.6,1.7,232,5.1,20240515
130,2024-05-16,13.7,2024,20.0,0.0,67.6,12.4,16,3.2,5,7.6,2.0,232,1.6,20240516
131,2024-05-17,17.0,2024,25.5,0.0,65.9,11.4,17,0.0,5,8.4,1.0,232,2.6,20240517
132,2024-05-18,19.3,2024,27.0,0.0,69.0,12.6,18,0.0,5,10.7,0.9,232,0.0,20240518
133,2024-05-19,20.4,2024,27.8,0.0,68.1,12.6,19,0.0,5,13.0,1.1,232,1.4,20240519
134,2024-05-20,18.4,2024,24.7,0.0,79.9,4.6,20,0.0,5,12.3,0.9,232,4.9,20240520
135,2024-05-21,19.9,2024,26.2,0.0,75.9,6.3,21,0.0,5,15.4,1.0,232,4.9,20240521
136,2024-05-22,19.3,2024,25.9,0.0,79.0,7.9,22,0.0,5,13.1,0.8,232,5.8,20240522
137,2024-05-23,19.8,2024,27.7,0.0,69.5,12.5,23,0.0,5,12.9,1.0,232,0.0,20240523
138,2024-05-24,19.3,2024,26.0,0.0,78.3,8.7,24,0.0,5,12.5,1.1,232,4.6,20240524
139,2024-05-25,19.3,2024,23.3,0.0,62.6,1.2,25,0.0,5,16.2,1.5,232,5.9,20240525
140,2024-05-26,19.0,2024,25.4,0.0,81.1,4.0,26,28.0,5,13.8,1.5,232,7.5,20240526
141,2024-05-27,17.6,2024,22.4,0.0,66.1,11.6,27,0.0,5,13.7,2.1,232,5.3,20240527
142,2024-05-28,17.4,2024,24.8,0.0,69.5,9.9,28,0.0,5,10.5,1.5,232,3.5,20240528
143,2024-05-29,19.6,2024,27.2,0.0,61.5,13.0,29,0.0,5,10.5,1.0,232,1.5,20240529
144,2024-05-30,19.4,2024,25.6,0.0,66.3,1.4,30,0.0,5,13.8,0.7,232,9.5,20240530
145,2024-05-31,19.9,2024,25.6,0.0,58.4,12.7,31,0.0,5,14.0,1.3,232,3.3,20240531
146,2024-06-01,19.4,2024,24.0,0.0,64.6,7.9,1,0.0,6,16.4,1.6,232,4.1,20240601
147,2024-06-02,19.3,2024,25.5,0.0,60.6,13.1,2,0.0,6,12.1,1.4,232,0.8,20240602
148,2024-06-03,19.6,2024,26.4,0.0,60.3,12.8,3,0.0,6,10.8,1.1,232,0.8,20240603
149,2024-06-04,20.3,2024,27.6,0.0,56.5,13.3,4,0.0,6,13.0,1.2,232,0.0,20240604
150,2024-06-05,20.7,2024,28.7,0.0,65.9,10.3,5,0.0,6,12.2,0.9,232,5.1,20240605
151,2024-06-06,21.8,2024,28.8,0.0,64.1,10.5,6,0.0,6,15.1,1.0,232,3.1,20240606
152,2024-06-07,21.5,2024,27.7,0.0,64.9,5.5,7,0.0,6,13.9,0.8,232,7.6,20240607
153,2024-06-08,20.5,2024,25.1,0.0,84.8,2.6,8,1.8,6,17.5,1.0,232,7.1,20240608
154,2024-06-09,22.5,2024,29.1,0.0,74.8,11.2,9,0.0,6,18.0,1.0,232,3.8,20240609
155,2024-06-10,23.2,2024,30.0,0.0,70.8,11.5,10,0.0,6,16.0,1.2,232,1.0,20240610
156,2024-06-11,23.6,2024,31.1,0.0,68.9,10.5,11,0.0,6,16.6,1.0,232,1.3,20240611
157,2024-06-12,23.3,2024,32.3,0.0,60.0,13.0,12,0.0,6,15.6,1.1,232,2.3,20240612
158,2024-06-13,23.6,2024,32.5,0.0,62.3,12.7,13,0.0,6,14.4,1.0,232,0.0,20240613
159,2024-06-14,24.1,2024,31.4,0.0,61.0,12.1,14,0.0,6,16.7,1.2,232,4.5,20240614
160,2024-06-15,23.2,2024,27.5,0.0,72.4,2.5,15,0.3,6,18.9,1.0,232,7.4,20240615
161,2024-06-16,23.5,2024,28.9,0.0,60.8,12.6,16,0.0,6,18.1,1.4,232,1.9,20240616
162,2024-06-17,22.2,2024,29.9,0.0,62.3,10.9,17,0.0,6,14.2,0.9,232,6.4,20240617
163,2024-06-18,23.8,2024,32.5,0.0,60.3,13.3,18,0.0,6,13.5,1.1,232,0.0,20240618
164,2024-06-19,25.9,2024,34.7,0.0,62.0,12.3,19,0.0,6,17.0,0.9,232,4.3,20240619
165,2024-06-20,24.2,2024,31.7,0.0,57.9,7.9,20,0.0,6,17.3,1.3,232,4.8,20240620
166,2024-06-21,24.9,2024,31.9,0.0,62.6,11.9,21,0.0,6,16.0,0.9,232,6.1,20240621
167,2024-06-22,22.2,2024,24.1,0.0,92.8,0.0,22,40.7,6,21.5,1.5,232,9.8,20240622
168,2024-06-23,24.4,2024,29.1,0.0,85.8,2.1,23,7.5,6,22.2,1.4,232,7.4,20240623
169,2024-06-24,23.9,2024,29.0,0.0,79.0,4.6,24,0.0,6,18.5,1.3,232,6.8,20240624
170,2024-06-25,21.8,2024,27.7,0.0,65.8,11.0,25,0.0,6,15.2,1.6,232,6.0,20240625
171,2024-06-26,22.5,2024,29.3,0.0,69.8,12.7,26,0.0,6,15.3,0.9,232,2.8,20240626
172,2024-06-27,21.7,2024,27.8,0.0,71.8,5.0,27,0.0,6,15.7,0.7,232,5.5,20240627
173,2024-06-28,23.3,2024,30.9,0.0,65.1,12.9,28,0.0,6,14.4,0.8,232,2.1,20240628
174,2024-06-29,24.4,2024,30.0,0.0,79.3,5.1,29,52.1,6,19.5,1.6,232,7.8,20240629
175,2024-06-30,24.8,2024,27.7,0.0,85.1,1.9,30,4.0,6,21.9,2.0,232,8.6,20240630
176,2024-07-01,25.2,2024,30.4,0.0,75.3,11.3,1,0.0,7,20.9,0.9,232,3.4,20240701
177,2024-07-02,22.9,2024,25.0,0.0,92.6,0.0,2,57.2,7,20.8,1.8,232,10.0,20240702
178,2024-07-03,25.1,2024,27.6,0.0,81.3,0.7,3,1.6,7,23.2,1.7,232,9.4,20240703
179,2024-07-04,26.6,2024,30.9,0.0,76.9,7.5,4,0.0,7,21.5,1.2,232,3.3,20240704
180,2024-07-05,24.7,2024,28.4,0.0,77.6,5.9,5,0.7,7,21.7,2.0,232,7.3,20240705
181,2024-07-06,26.5,2024,30.5,0.0,82.0,2.0,6,0.7,7,21.5,2.0,232,8.5,20240706
182,2024-07-07,23.2,2024,26.3,0.0,97.0,0.0,7,108.7,7,21.2,0.9,232,10.0,20240707
183,2024-07-08,23.7,2024,25.6,0.0,96.9,0.0,8,76.9,7,22.7,0.9,232,9.9,20240708
184,2024-07-09,23.3,2024,24.5,0.0,95.9,0.0,9,13.6,7,22.6,1.0,232,9.5,20240709
185,2024-07-10,24.6,2024,29.4,0.0,82.3,7.1,10,61.0,7,21.2,1.8,232,6.9,20240710
186,2024-07-11,24.6,2024,29.1,0.0,86.0,2.2,11,0.5,7,21.9,0.8,232,6.8,20240711
187,2024-07-12,24.9,2024,29.8,0.0,82.9,5.5,12,0.0,7,21.2,0.7,232,3.4,20240712
188,2024-07-13,25.7,2024,31.7,0.0,80.4,7.5,13,0.5,7,21.3,1.0,232,4.1,20240713
189,2024-07-14,25.4,2024,29.8,0.0,80.3,5.4,14,0.0,7,21.7,2.3,232,6.4,20240714
190,2024-07-15,26.5,2024,30.2,0.0,75.4,6.9,15,0.0,7,22.6,1.9,232,4.5,20240715
191,2024-07-16,24.7,2024,28.6,0.0,89.6,2.5,16,37.5,7,22.6,1.5,232,6.1,20240716
192,2024-07-17,26.7,2024,30.1,0.0,84.3,0.8,17,60.5,7,22.2,1.4,232,9.0,20240717
193,2024-07-18,25.4,2024,27.1,0.0,89.5,0.0,18,52.3,7,23.7,1.5,232,9.6,20240718
194,2024-07-19,25.6,2024,30.2,0.0,87.6,3.5,19,0.0,7,23.1,0.8,232,6.8,20240719
195,2024-07-20,26.1,2024,29.9,0.0,87.8,3.0,20,7.2,7,23.0,1.7,232,7.0,20240720
196,2024-07-21,26.9,2024,30.8,0.0,82.1,3.9,21,0.2,7,23.2,1.6,232,5.3,20240721
197,2024-07-22,28.3,2024,30.7,0.0,77.9,1.6,22,0.0,7,25.3,1.4,232,8.5,20240722
198,2024-07-23,26.4,2024,28.1,0.0,89.5,0.0,23,7.5,7,24.7,1.3,232,8.9,20240723
199,2024-07-24,26.9,2024,31.5,0.0,89.1,3.1,24,2.1,7,24.4,0.8,232,3.9,20240724
200,2024-07-25,27.9,2024,33.1,0.0,82.6,9.3,25,0.7,7,23.5,1.0,232,5.5,20240725
201,2024-07-26,27.9,2024,33.0,0.0,84.5,6.5,26,15.9,7,24.3,1.8,232,8.3,20240726
202,2024-07-27,27.3,2024,32.0,0.0,90.4,1.6,27,4.6,7,25.3,1.1,232,9.4,20240727
203,2024-07-28,28.5,2024,32.3,0.0,79.0,7.4,28,0.0,7,25.5,1.4,232,7.1,20240728
204,2024-07-29,27.2,2024,30.5,0.0,82.4,2.9,29,0.0,7,24.3,1.6,232,4.3,20240729
205,2024-07-30,27.4,2024,32.1,0.0,82.8,2.4,30,0.0,7,24.6,0.8,232,3.3,20240730
206,2024-07-31,28.1,2024,32.6,0.0,82.4,5.7,31,0.0,7,24.1,0.9,232,4.5,20240731
207,2024-08-01,28.5,2024,32.4,0.0,83.9,4.2,1,0.0,8,24.7,0.8,232,2.9,20240801
208,2024-08-02,28.9,2024,32.7,0.0,84.9,4.6,2,0.0,8,26.1,0.9,232,5.1,20240802
209,2024-08-03,29.3,2024,34.2,0.0,81.0,9.5,3,0.0,8,25.8,0.8,232,3.4,20240803
210,2024-08-04,29.7,2024,35.1,0.0,78.1,9.6,4,0.0,8,24.0,0.8,232,2.9,20240804
211,2024-08-05,27.9,2024,33.9,0.0,84.1,6.1,5,21.7,8,23.2,1.2,232,6.6,20240805
212,2024-08-06,27.4,2024,32.4,0.0,84.0,7.2,6,0.0,8,23.1,0.8,232,6.0,20240806
213,2024-08-07,28.3,2024,33.7,0.0,79.5,8.0,7,0.0,8,24.0,0.8,232,4.6,20240807
214,2024-08-08,26.5,2024,29.8,0.0,86.5,1.0,8,0.0,8,23.5,0.6,232,7.4,20240808
215,2024-08-09,27.3,2024,32.8,0.0,81.8,9.1,9,0.0,8,22.8,0.7,232,1.0,20240809
216,2024-08-10,27.6,2024,33.2,0.0,83.6,7.3,10,0.0,8,23.0,0.9,232,4.4,20240810
217,2024-08-11,28.4,2024,33.5,0.0,78.8,10.8,11,0.0,8,24.8,1.0,232,2.6,20240811
218,2024-08-12,29.1,2024,34.3,0.0,78.3,10.2,12,0.0,8,24.0,0.9,232,4.0,20240812
219,2024-08-13,29.0,2024,34.1,0.0,77.6,10.6,13,0.6,8,24.8,1.2,232,4.3,20240813
220,2024-08-14,28.6,2024,33.9,0.0,78.8,12.0,14,8.3,8,24.8,1.0,232,4.5,20240814
221,2024-08-15,28.1,2024,33.6,0.0,78.1,10.5,15,0.0,8,24.1,1.1,232,3.8,20240815
222,2024-08-16,28.3,2024,33.6,0.0,74.9,11.5,16,0.0,8,23.2,1.1,232,3.1,20240816
223,2024-08-17,28.6,2024,33.7,0.0,74.8,9.8,17,0.0,8,24.5,1.0,232,6.1,20240817
224,2024-08-18,28.0,2024,33.7,0.0,79.9,9.4,18,0.0,8,24.3,1.0,232,4.0,20240818
225,2024-08-19,28.4,2024,34.1,0.0,76.4,11.4,19,0.0,8,24.3,0.9,232,3.3,20240819
226,2024-08-20,28.5,2024,34.0,0.0,81.5,6.2,20,5.8,8,25.2,1.7,232,6.8,20240820
227,2024-08-21,27.5,2024,31.1,0.0,92.1,0.7,21,22.1,8,26.1,1.3,232,8.3,20240821
228,2024-08-22,27.2,2024,31.2,0.0,88.6,3.5,22,2.8,8,25.2,1.4,232,7.1,20240822
229,2024-08-23,25.2,2024,30.6,0.0,89.8,5.0,23,5.0,8,22.8,0.8,232,3.8,20240823
230,2024-08-24,26.5,2024,31.0,0.0,86.9,5.6,24,0.0,8,23.3,0.6,232,4.1,20240824
231,2024-08-25,26.5,2024,32.1,0.0,86.3,7.3,25,0.0,8,22.7,0.7,232,3.8,20240825
232,2024-08-26,26.6,2024,30.8,0.0,87.0,2.6,26,0.0,8,22.8,0.5,232,7.5,20240826
233,2024-08-27,25.3,2024,26.9,0.0,88.4,0.7,27,0.1,8,23.7,1.3,232,8.1,20240827
234,2024-08-28,26.4,2024,31.7,0.0,71.1,10.9,28,0.0,8,21.0,2.3,232,0.8,20240828
235,2024-08-29,26.7,2024,32.4,0.0,71.8,10.6,29,0.0,8,21.6,2.0,232,1.0,20240829
236,2024-08-30,26.5,2024,32.3,0.0,75.5,11.1,30,0.0,8,21.2,1.0,232,1.0,20240830
237,2024-08-31,25.7,2024,30.8,0.0,77.1,10.6,31,0.0,8,21.6,0.8,232,1.5,20240831
238,2024-09-01,25.3,2024,31.2,0.0,80.0,5.8,1,0.0,9,20.6,0.8,232,3.6,20240901
239,2024-09-02,23.6,2024,27.7,0.0,79.0,0.3,2,0.1,9,20.1,0.7,232,7.4,20240902
240,2024-09-03,25.7,2024,30.7,0.0,68.0,8.0,3,0.0,9,22.2,2.1,232,5.8,20240903
241,2024-09-04,24.6,2024,31.6,0.0,70.5,11.3,4,0.0,9,18.2,1.0,232,2.8,20240904
242,2024-09-05,25.6,2024,31.3,0.0,82.4,5.5,5,0.1,9,21.3,1.1,232,7.8,20240905
243,2024-09-06,25.0,2024,27.5,0.0,88.8,0.0,6,0.9,9,22.9,1.0,232,9.6,20240906
244,2024-09-07,25.5,2024,30.9,0.0,80.6,6.3,7,0.0,9,22.0,0.8,232,3.9,20240907
245,2024-09-08,25.5,2024,31.6,0.0,78.4,10.0,8,0.0,9,20.2,0.6,232,1.3,20240908
246,2024-09-09,27.3,2024,32.9,0.0,77.0,8.0,9,0.0,9,22.8,1.0,232,3.3,20240909
247,2024-09-10,27.7,2024,34.1,0.0,75.9,10.8,10,0.0,9,22.9,0.9,232,0.4,20240910
248,2024-09-11,26.6,2024,32.8,0.0,86.1,1.3,11,24.8,9,23.1,0.7,232,7.8,20240911
249,2024-09-12,25.3,2024,27.9,0.0,95.6,0.0,12,51.6,9,23.8,0.9,232,9.4,20240912
250,2024-09-13,26.3,2024,31.1,0.0,88.8,1.4,13,0.0,9,23.2,0.9,232,9.3,20240913
251,2024-09-14,26.9,2024,31.5,0.0,88.3,4.0,14,0.2,9,24.1,0.6,232,6.6,20240914
252,2024-09-15,27.9,2024,32.9,0.0,77.5,8.4,15,0.0,9,23.8,2.0,232,4.6,20240915
253,2024-09-16,26.9,2024,31.0,0.0,77.0,5.1,16,0.0,9,23.4,2.1,232,7.6,20240916
254,2024-09-17,28.3,2024,33.6,0.0,82.4,8.0,17,0.0,9,24.2,0.7,232,6.9,20240917
255,2024-09-18,27.7,2024,32.9,0.0,85.0,4.2,18,8.3,9,23.9,1.0,232,6.8,20240918
256,2024-09-19,27.2,2024,31.7,0.0,87.3,3.3,19,0.0,9,23.2,0.8,232,8.6,20240919
257,2024-09-20,25.2,2024,27.2,0.0,95.5,0.0,20,79.4,9,22.4,1.0,232,10.0,20240920
258,2024-09-22,20.2,2024,24.2,0.0,82.3,0.8,22,0.1,9,16.7,1.3,232,6.4,20240922
259,2024-09-23,19.7,2024,24.8,0.0,68.9,10.1,23,0.0,9,16.1,2.1,232,1.6,20240923
260,2024-09-24,18.9,2024,25.9,0.0,74.0,10.3,24,0.0,9,13.6,1.3,232,2.9,20240924
261,2024-09-25,21.8,2024,27.5,0.0,80.8,6.1,25,0.0,9,16.5,0.8,232,7.6,20240925
262,2024-09-26,22.7,2024,28.3,0.0,82.4,5.2,26,0.0,9,19.0,0.7,232,5.6,20240926
263,2024-09-27,21.2,2024,27.5,0.0,83.0,8.0,27,0.0,9,17.4,0.6,232,1.3,20240927
264,2024-09-28,22.5,2024,27.6,0.0,73.1,8.4,28,0.0,9,16.8,2.2,232,3.8,20240928
265,2024-09-29,21.6,2024,27.2,0.0,73.9,8.7,29,0.0,9,16.9,1.8,232,2.9,20240929
