,Date,rainfall,tmin,station_id,humid,snow,sunshine,date,cloud,month,day,tavg,wind,tmax,year
0,2005-01-01,0.0,-10.1,232,58.9,0.0,8.5,20050101,0.0,1,1,-4.5,1.8,1.7,2005
1,2005-01-02,0.0,-5.4,232,61.5,0.0,2.6,20050102,0.0,1,2,1.8,1.9,6.6,2005
2,2005-01-03,0.5,1.6,232,65.6,0.0,0.9,20050103,0.0,1,3,4.5,3.1,9.6,2005
3,2005-01-04,0.0,-7.0,232,44.1,0.0,8.4,20050104,0.0,1,4,-2.7,3.6,1.7,2005
4,2005-01-05,0.0,-12.5,232,57.4,0.0,7.5,20050105,0.0,1,5,-4.6,0.9,2.9,2005
5,2005-01-06,0.0,-5.8,232,65.8,0.0,4.6,20050106,0.0,1,6,0.4,1.0,5.0,2005
6,2005-01-07,0.0,-7.0,232,56.4,0.0,8.6,20050107,0.0,1,7,-0.9,3.7,3.5,2005
7,2005-01-08,0.0,-11.1,232,61.9,0.0,7.0,20050108,0.0,1,8,-4.1,2.3,3.0,2005
8,2005-01-09,0.0,-11.6,232,52.8,0.0,8.7,20050109,0.0,1,9,-6.2,2.5,-1.8,2005
9,2005-01-10,0.0,-13.1,232,69.3,0.0,4.7,20050110,0.0,1,10,-4.9,1.2,0.3,2005
10,2005-01-11,0.0,-7.8,232,62.4,0.0,5.3,20050111,0.0,1,11,-2.8,3.0,0.0,2005
11,2005-01-12,0.0,-9.3,232,55.6,0.0,8.7,20050112,0.0,1,12,-3.7,2.1,0.4,2005
12,2005-01-13,0.0,-9.0,232,65.9,0.0,6.7,20050113,0.0,1,13,-4.3,1.9,1.3,2005
13,2005-01-14,0.0,-10.8,232,69.0,0.0,5.1,20050114,0.0,1,14,-3.8,1.5,2.2,2005
14,2005-01-15,0.0,-9.5,232,68.6,0.0,8.2,20050115,0.0,1,15,-2.2,1.5,3.2,2005
15,2005-01-16,0.1,-6.6,232,70.3,0.3,3.4,20050116,0.0,1,16,-1.1,2.5,5.1,2005
16,2005-01-17,0.0,-8.6,232,74.5,0.0,6.9,20050117,0.0,1,17,-1.6,0.9,6.8,2005
17,2005-01-18,1.5,-5.4,232,79.0,0.0,0.5,20050118,0.0,1,18,0.9,1.8,6.5,2005
18,2005-01-19,0.0,-3.5,232,58.4,0.0,8.2,20050119,0.0,1,19,-1.1,2.9,2.2,2005
19,2005-01-20,0.1,-5.3,232,57.5,0.3,5.0,20050120,0.0,1,20,-3.1,4.0,-0.6,2005
20,2005-01-21,0.0,-12.1,232,62.4,0.0,9.1,20050121,0.0,1,21,-6.0,1.5,1.2,2005
21,2005-01-22,0.0,-10.5,232,56.0,0.0,5.7,20050122,0.0,1,22,-2.6,0.7,4.6,2005
22,2005-01-23,0.0,-2.0,232,47.6,0.0,8.4,20050123,0.0,1,23,2.3,1.3,10.6,2005
23,2005-01-24,0.0,-5.0,232,73.8,0.0,1.9,20050124,0.0,1,24,0.0,1.1,7.3,2005
24,2005-01-25,0.0,-5.9,232,83.4,0.0,0.0,20050125,0.0,1,25,-0.4,0.8,3.7,2005
25,2005-01-26,0.0,-4.1,232,72.3,0.0,7.1,20050126,0.0,1,26,1.0,1.3,7.9,2005
26,2005-01-27,0.0,-5.9,232,66.6,0.0,6.3,20050127,0.0,1,27,-0.5,1.0,6.9,2005
27,2005-01-28,0.0,-8.1,232,61.3,0.0,8.3,20050128,0.0,1,28,-0.6,0.8,11.0,2005
28,2005-01-29,0.5,-5.8,232,68.1,0.3,1.9,20050129,0.0,1,29,-1.0,2.8,2.7,2005
29,2005-01-30,0.0,-6.6,232,45.6,0.0,6.8,20050130,0.0,1,30,-4.3,3.8,-2.0,2005
30,2005-01-31,0.3,-11.1,232,55.6,0.7,6.2,20050131,0.0,1,31,-5.0,3.0,0.6,2005
31,2005-02-01,0.1,-10.1,232,59.8,0.2,3.7,20050201,0.0,2,1,-7.7,5.8,-5.3,2005
32,2005-02-02,0.0,-11.1,232,64.8,0.0,5.4,20050202,0.0,2,2,-4.8,2.5,-0.8,2005
33,2005-02-03,0.0,-7.5,232,61.0,0.0,9.0,20050203,0.0,2,3,-2.8,1.6,1.8,2005
34,2005-02-04,0.0,-6.5,232,58.6,0.0,8.4,20050204,0.0,2,4,-1.3,1.3,4.1,2005
35,2005-02-05,0.0,-6.3,232,61.0,0.0,7.9,20050205,0.0,2,5,-1.1,1.8,3.7,2005
36,2005-02-06,0.0,-9.8,232,59.5,0.0,7.5,20050206,0.0,2,6,-1.8,0.7,8.6,2005
37,2005-02-07,0.0,-5.0,232,73.8,0.0,0.0,20050207,0.0,2,7,2.4,1.5,6.0,2005
38,2005-02-08,0.7,-5.0,232,78.0,1.5,8.0,20050208,0.0,2,8,1.0,1.7,6.4,2005
39,2005-02-09,0.0,-6.0,232,74.0,0.0,0.0,20050209,0.0,2,9,-1.3,1.9,2.2,2005
40,2005-02-10,0.0,-6.0,232,44.4,0.0,9.6,20050210,0.0,2,10,-3.6,3.9,-0.8,2005
41,2005-02-11,0.0,-12.8,232,55.5,0.0,9.0,20050211,0.0,2,11,-6.2,2.1,-0.4,2005
42,2005-02-12,0.0,-11.1,232,52.0,0.0,2.7,20050212,0.0,2,12,-5.0,1.2,1.7,2005
43,2005-02-13,0.0,-12.1,232,60.9,0.0,9.3,20050213,0.0,2,13,-3.9,1.2,5.0,2005
44,2005-02-14,0.0,-6.9,232,47.6,0.0,1.8,20050214,0.0,2,14,1.5,1.3,6.9,2005
45,2005-02-15,8.5,-2.0,232,56.4,0.0,0.1,20050215,0.0,2,15,5.3,3.1,11.6,2005
46,2005-02-16,19.5,3.2,232,85.8,0.0,0.0,20050216,0.0,2,16,4.7,2.6,6.5,2005
47,2005-02-17,0.0,0.1,232,69.8,0.0,8.4,20050217,0.0,2,17,6.1,1.5,12.1,2005
48,2005-02-18,0.0,0.1,232,69.4,0.0,1.2,20050218,0.0,2,18,4.0,3.2,5.8,2005
49,2005-02-19,0.9,-5.6,232,63.3,0.0,5.6,20050219,0.0,2,19,-1.0,4.6,2.0,2005
50,2005-02-20,0.0,-9.1,232,47.9,0.0,7.2,20050220,0.0,2,20,-4.8,3.5,-1.7,2005
51,2005-02-21,0.0,-10.1,232,50.9,0.0,10.4,20050221,0.0,2,21,-4.9,2.0,-0.2,2005
52,2005-02-22,0.1,-6.8,232,61.1,0.0,0.3,20050222,0.0,2,22,2.2,4.5,8.1,2005
53,2005-02-23,0.0,-3.7,232,57.0,0.0,6.7,20050223,0.0,2,23,0.0,3.3,3.0,2005
54,2005-02-24,0.0,-3.7,232,50.4,0.0,4.7,20050224,0.0,2,24,-0.3,2.0,6.4,2005
55,2005-02-25,0.0,-4.5,232,39.3,0.0,10.3,20050225,0.0,2,25,-2.0,3.9,1.3,2005
56,2005-02-26,0.0,-8.3,232,47.8,0.0,10.6,20050226,0.0,2,26,-4.0,2.9,0.8,2005
57,2005-02-27,0.0,-10.3,232,58.1,0.0,9.7,20050227,0.0,2,27,-2.9,1.4,3.5,2005
58,2005-02-28,0.0,-5.8,232,60.9,0.0,8.0,20050228,0.0,2,28,0.5,2.2,7.0,2005
59,2005-03-01,0.0,-7.8,232,53.0,0.0,9.9,20050301,0.0,3,1,0.2,1.6,6.1,2005
60,2005-03-02,0.5,-2.5,232,67.5,0.3,1.3,20050302,0.0,3,2,0.7,1.6,4.6,2005
61,2005-03-03,0.0,-7.1,232,58.1,0.0,9.5,20050303,0.0,3,3,-1.3,2.2,3.5,2005
62,2005-03-04,0.0,-8.6,232,57.1,0.0,10.0,20050304,0.0,3,4,-0.9,1.8,5.4,2005
63,2005-03-05,0.0,-7.6,232,61.4,0.0,9.8,20050305,0.0,3,5,-1.7,2.3,3.7,2005
64,2005-03-06,0.0,-8.1,232,64.5,0.0,10.4,20050306,0.0,3,6,-0.4,1.4,7.9,2005
65,2005-03-07,0.0,-5.4,232,61.9,0.0,9.6,20050307,0.0,3,7,6.3,3.1,14.0,2005
66,2005-03-08,0.0,-1.1,232,61.8,0.0,6.7,20050308,0.0,3,8,5.2,1.8,12.6,2005
67,2005-03-09,0.0,-4.9,232,61.0,0.0,9.1,20050309,0.0,3,9,7.8,2.0,18.3,2005
68,2005-03-10,5.5,6.3,232,73.3,0.0,0.0,20050310,0.0,3,10,12.4,2.3,17.0,2005
69,2005-03-11,2.5,-1.3,232,70.4,0.0,2.5,20050311,0.0,3,11,1.9,5.2,6.4,2005
70,2005-03-12,0.0,-4.3,232,41.6,0.0,8.7,20050312,0.0,3,12,-1.9,5.8,0.3,2005
71,2005-03-13,0.0,-4.1,232,45.5,0.0,10.1,20050313,0.0,3,13,-0.5,3.6,4.3,2005
72,2005-03-14,0.0,-6.3,232,59.6,0.0,11.0,20050314,0.0,3,14,1.9,1.8,9.8,2005
73,2005-03-15,0.0,-1.0,232,70.0,0.0,1.9,20050315,0.0,3,15,4.5,1.5,9.6,2005
74,2005-03-16,0.0,2.2,232,68.4,0.0,4.9,20050316,0.0,3,16,8.1,1.2,14.8,2005
75,2005-03-17,11.0,4.6,232,77.5,0.0,3.7,20050317,0.0,3,17,7.4,3.1,12.6,2005
76,2005-03-18,0.0,0.6,232,52.3,0.0,11.2,20050318,0.0,3,18,4.5,4.8,8.1,2005
77,2005-03-19,0.0,-3.7,232,60.5,0.0,10.2,20050319,0.0,3,19,4.1,1.3,12.6,2005
78,2005-03-20,0.0,0.4,232,65.1,0.0,10.3,20050320,0.0,3,20,5.7,2.0,12.3,2005
79,2005-03-21,1.0,-1.3,232,64.0,0.0,6.3,20050321,0.0,3,21,7.5,2.1,16.2,2005
80,2005-03-22,14.5,4.9,232,74.3,0.0,5.5,20050322,0.0,3,22,8.0,1.9,12.8,2005
81,2005-03-23,0.0,1.2,232,53.4,0.0,8.5,20050323,0.0,3,23,7.9,2.3,14.6,2005
82,2005-03-24,2.0,1.7,232,55.9,0.0,5.9,20050324,0.0,3,24,3.9,6.1,7.4,2005
83,2005-03-25,0.0,-0.4,232,53.4,0.0,8.6,20050325,0.0,3,25,4.6,3.6,9.8,2005
84,2005-03-26,0.0,0.0,232,69.3,0.0,7.7,20050326,0.0,3,26,7.6,2.1,16.0,2005
85,2005-03-27,0.0,-0.8,232,66.0,0.0,8.6,20050327,0.0,3,27,9.2,1.2,20.2,2005
86,2005-03-28,0.0,4.4,232,68.8,0.0,4.5,20050328,0.0,3,28,7.5,3.1,12.3,2005
87,2005-03-29,0.0,2.2,232,44.5,0.0,10.6,20050329,0.0,3,29,5.7,4.7,10.1,2005
88,2005-03-30,0.0,-2.5,232,50.4,0.0,11.0,20050330,0.0,3,30,6.6,2.5,14.6,2005
89,2005-03-31,0.0,-1.8,232,56.6,0.0,10.3,20050331,0.0,3,31,7.6,1.4,17.0,2005
90,2005-04-01,0.0,-1.7,232,51.3,0.0,2.8,20050401,0.0,4,1,8.0,0.9,17.3,2005
91,2005-04-02,0.0,-0.3,232,52.9,0.0,7.9,20050402,0.0,4,2,9.5,1.8,19.2,2005
92,2005-04-03,0.5,1.6,232,70.6,0.0,4.3,20050403,0.0,4,3,7.2,2.0,13.3,2005
93,2005-04-04,0.0,-2.0,232,48.4,0.0,10.7,20050404,0.0,4,4,8.0,2.0,16.0,2005
94,2005-04-05,0.0,6.5,232,39.0,0.0,10.8,20050405,0.0,4,5,13.9,2.6,23.8,2005
95,2005-04-06,1.0,9.1,232,57.5,0.0,0.0,20050406,0.0,4,6,15.7,3.7,21.0,2005
96,2005-04-07,0.0,8.1,232,73.8,0.0,0.7,20050407,0.0,4,7,14.6,2.7,20.0,2005
97,2005-04-08,0.0,3.0,232,54.5,0.0,10.1,20050408,0.0,4,8,13.3,1.0,24.7,2005
98,2005-04-09,19.0,9.8,232,73.4,0.0,0.1,20050409,0.0,4,9,13.5,3.1,16.7,2005
99,2005-04-10,24.5,7.8,232,77.3,0.0,3.3,20050410,0.0,4,10,10.8,2.9,16.7,2005
100,2005-04-11,0.0,5.8,232,60.5,0.0,6.4,20050411,0.0,4,11,11.6,2.0,18.0,2005
101,2005-04-12,0.0,6.6,232,66.9,0.0,0.5,20050412,0.0,4,12,10.6,1.8,15.8,2005
102,2005-04-13,0.0,2.2,232,58.4,0.0,11.5,20050413,0.0,4,13,8.5,2.3,14.8,2005
103,2005-04-14,0.0,1.7,232,52.3,0.0,10.9,20050414,0.0,4,14,10.5,3.4,18.3,2005
104,2005-04-15,0.0,0.5,232,47.5,0.0,11.9,20050415,0.0,4,15,7.6,2.1,14.8,2005
105,2005-04-16,0.0,-1.3,232,41.8,0.0,11.8,20050416,0.0,4,16,8.6,1.8,19.0,2005
106,2005-04-17,0.0,2.7,232,44.0,0.0,6.2,20050417,0.0,4,17,13.3,1.6,22.6,2005
107,2005-04-18,0.0,9.8,232,57.0,0.0,3.2,20050418,0.0,4,18,16.2,2.0,24.0,2005
108,2005-04-19,6.5,8.6,232,66.1,0.0,1.1,20050419,0.0,4,19,16.2,2.4,24.2,2005
109,2005-04-20,2.0,7.8,232,49.4,0.0,10.3,20050420,0.0,4,20,11.3,4.0,15.1,2005
110,2005-04-21,0.0,4.6,232,46.1,0.0,11.1,20050421,0.0,4,21,11.0,3.4,15.8,2005
111,2005-04-22,0.0,2.2,232,45.1,0.0,11.7,20050422,0.0,4,22,10.7,3.2,17.7,2005
112,2005-04-23,0.0,1.5,232,52.1,0.0,12.3,20050423,0.0,4,23,10.9,1.4,19.7,2005
113,2005-04-24,0.0,3.7,232,51.8,0.0,10.4,20050424,0.0,4,24,13.6,2.5,22.8,2005
114,2005-04-25,0.0,10.3,232,55.4,0.0,11.5,20050425,0.0,4,25,15.2,1.8,21.5,2005
115,2005-04-26,0.0,5.0,232,51.5,0.0,12.2,20050426,0.0,4,26,14.3,1.8,22.7,2005
116,2005-04-27,0.2,8.1,232,42.6,0.0,3.4,20050427,0.0,4,27,17.7,2.9,26.5,2005
117,2005-04-28,0.0,14.0,232,58.9,0.0,10.4,20050428,0.0,4,28,21.0,3.6,29.5,2005
118,2005-04-29,0.0,14.5,232,69.1,0.0,4.4,20050429,0.0,4,29,19.0,1.4,25.7,2005
119,2005-04-30,0.0,14.0,232,65.3,0.0,8.9,20050430,0.0,4,30,23.0,1.8,31.2,2005
120,2005-05-01,0.5,14.5,232,72.3,0.0,3.0,20050501,0.0,5,1,19.5,2.8,24.7,2005
121,2005-05-02,0.0,9.1,232,42.3,0.0,12.0,20050502,0.0,5,2,17.1,2.0,25.8,2005
122,2005-05-03,0.0,5.3,232,39.1,0.0,12.6,20050503,0.0,5,3,16.9,1.6,28.0,2005
123,2005-05-04,0.0,6.5,232,43.4,0.0,11.6,20050504,0.0,5,4,18.1,1.4,30.5,2005
124,2005-05-05,4.0,10.1,232,66.1,0.0,3.3,20050505,0.0,5,5,18.5,2.7,26.1,2005
125,2005-05-06,13.0,10.6,232,89.4,0.0,0.0,20050506,0.0,5,6,14.0,2.3,16.7,2005
126,2005-05-07,0.0,7.4,232,72.1,0.0,9.0,20050507,0.0,5,7,13.7,1.7,19.1,2005
127,2005-05-08,0.0,8.1,232,77.6,0.0,0.0,20050508,0.0,5,8,13.4,1.8,16.8,2005
128,2005-05-09,0.0,4.6,232,60.0,0.0,11.3,20050509,0.0,5,9,11.9,2.4,19.1,2005
129,2005-05-10,0.0,5.7,232,60.3,0.0,12.4,20050510,0.0,5,10,12.8,1.4,22.3,2005
130,2005-05-11,10.5,9.8,232,66.8,0.0,1.8,20050511,0.0,5,11,14.2,1.6,20.7,2005
131,2005-05-12,2.5,10.6,232,76.8,0.0,6.1,20050512,0.0,5,12,13.9,2.1,18.3,2005
132,2005-05-13,0.0,7.5,232,64.6,0.0,9.9,20050513,0.0,5,13,15.7,1.5,23.3,2005
133,2005-05-14,0.0,12.1,232,67.4,0.0,7.6,20050514,0.0,5,14,16.6,1.6,22.3,2005
134,2005-05-15,0.0,9.8,232,64.0,0.0,11.1,20050515,0.0,5,15,18.1,1.2,27.0,2005
135,2005-05-16,0.0,13.0,232,56.9,0.0,10.4,20050516,0.0,5,16,19.5,1.9,27.6,2005
136,2005-05-17,16.0,16.1,232,63.5,0.0,0.6,20050517,0.0,5,17,19.7,2.6,24.1,2005
137,2005-05-18,1.0,11.3,232,80.0,0.0,1.5,20050518,0.0,5,18,15.4,3.2,19.0,2005
138,2005-05-19,0.0,9.3,232,67.6,0.0,11.0,20050519,0.0,5,19,16.4,2.2,24.5,2005
139,2005-05-20,0.0,9.6,232,55.5,0.0,12.7,20050520,0.0,5,20,16.8,2.0,24.3,2005
140,2005-05-21,0.0,9.8,232,57.3,0.0,2.2,20050521,0.0,5,21,16.5,1.0,22.7,2005
141,2005-05-22,0.0,12.0,232,68.5,0.0,0.2,20050522,0.0,5,22,16.3,1.0,20.5,2005
142,2005-05-23,0.5,11.5,232,64.4,0.0,10.3,20050523,0.0,5,23,16.0,3.4,20.8,2005
143,2005-05-24,0.0,8.3,232,59.6,0.0,12.4,20050524,0.0,5,24,16.4,1.5,23.7,2005
144,2005-05-25,0.0,10.1,232,61.5,0.0,8.6,20050525,0.0,5,25,18.1,1.8,25.7,2005
145,2005-05-26,0.0,12.1,232,60.0,0.0,12.5,20050526,0.0,5,26,19.5,1.9,26.7,2005
146,2005-05-27,0.0,11.8,232,55.0,0.0,12.5,20050527,0.0,5,27,20.3,1.1,28.6,2005
147,2005-05-28,0.0,12.8,232,53.5,0.0,7.2,20050528,0.0,5,28,20.2,1.3,28.6,2005
148,2005-05-29,0.0,13.1,232,52.4,0.0,12.0,20050529,0.0,5,29,22.2,1.6,30.6,2005
149,2005-05-30,0.0,15.3,232,55.6,0.0,10.1,20050530,0.0,5,30,20.0,1.8,27.3,2005
150,2005-05-31,0.0,11.1,232,54.1,0.0,12.7,20050531,0.0,5,31,19.6,1.5,27.8,2005
151,2005-06-01,15.0,12.6,232,68.3,0.0,3.1,20050601,0.0,6,1,18.9,2.2,24.2,2005
152,2005-06-02,26.0,17.1,232,83.8,0.0,1.9,20050602,0.0,6,2,18.9,1.9,22.1,2005
153,2005-06-03,0.0,15.0,232,76.4,0.0,9.5,20050603,0.0,6,3,18.9,2.0,23.8,2005
154,2005-06-04,0.0,15.8,232,71.6,0.0,5.6,20050604,0.0,6,4,19.4,1.6,25.8,2005
155,2005-06-05,0.0,14.1,232,61.9,0.0,12.0,20050605,0.0,6,5,21.2,1.5,29.1,2005
156,2005-06-06,0.0,14.6,232,65.9,0.0,5.8,20050606,0.0,6,6,20.9,1.2,26.8,2005
157,2005-06-07,0.0,17.0,232,69.8,0.0,0.0,20050607,0.0,6,7,21.4,1.4,27.2,2005
158,2005-06-08,0.0,16.5,232,66.4,0.0,8.5,20050608,0.0,6,8,22.4,1.4,28.3,2005
159,2005-06-09,0.0,16.6,232,63.6,0.0,6.1,20050609,0.0,6,9,23.0,1.2,29.0,2005
160,2005-06-10,37.0,17.2,232,87.8,0.0,0.0,20050610,0.0,6,10,18.4,1.6,21.8,2005
161,2005-06-11,0.0,16.6,232,75.4,0.0,8.4,20050611,0.0,6,11,20.8,1.9,27.2,2005
162,2005-06-12,0.0,17.2,232,69.9,0.0,8.9,20050612,0.0,6,12,21.8,1.3,28.3,2005
163,2005-06-13,0.0,17.2,232,70.3,0.0,7.5,20050613,0.0,6,13,24.2,1.4,31.8,2005
164,2005-06-14,0.0,19.2,232,64.4,0.0,7.1,20050614,0.0,6,14,24.5,1.7,30.7,2005
165,2005-06-15,14.5,16.7,232,74.5,0.0,1.1,20050615,0.0,6,15,19.9,1.8,24.8,2005
166,2005-06-16,12.5,15.6,232,79.0,0.0,5.2,20050616,0.0,6,16,20.4,1.4,27.2,2005
167,2005-06-17,0.0,18.2,232,70.8,0.0,6.4,20050617,0.0,6,17,22.6,2.0,27.7,2005
168,2005-06-18,0.0,18.7,232,71.0,0.0,2.1,20050618,0.0,6,18,22.5,1.5,28.5,2005
169,2005-06-19,1.0,17.8,232,76.3,0.0,1.8,20050619,0.0,6,19,21.9,1.1,27.5,2005
170,2005-06-20,0.0,17.3,232,71.6,0.0,9.5,20050620,0.0,6,20,23.4,1.5,30.2,2005
171,2005-06-21,0.0,19.7,232,70.8,0.0,5.0,20050621,0.0,6,21,24.0,1.6,30.2,2005
172,2005-06-22,0.0,18.7,232,73.3,0.0,6.3,20050622,0.0,6,22,23.8,1.2,29.3,2005
173,2005-06-23,0.0,19.6,232,71.6,0.0,9.5,20050623,0.0,6,23,24.4,1.5,30.6,2005
174,2005-06-24,0.0,20.2,232,69.1,0.0,8.8,20050624,0.0,6,24,25.5,1.4,31.8,2005
175,2005-06-25,0.0,20.2,232,74.4,0.0,1.6,20050625,0.0,6,25,24.8,1.6,30.2,2005
176,2005-06-26,7.0,21.0,232,78.5,0.0,0.9,20050626,0.0,6,26,25.5,1.5,30.1,2005
177,2005-06-27,27.5,23.5,232,82.8,0.0,0.0,20050627,0.0,6,27,24.7,2.4,26.2,2005
178,2005-06-28,0.0,21.7,232,75.3,0.0,1.4,20050628,0.0,6,28,24.8,1.1,29.2,2005
179,2005-06-29,42.5,22.2,232,83.3,0.0,0.5,20050629,0.0,6,29,24.7,1.8,29.3,2005
180,2005-06-30,0.0,24.2,232,71.6,0.0,5.7,20050630,0.0,6,30,27.5,1.7,32.4,2005
181,2005-07-01,21.5,22.7,232,80.8,0.0,0.3,20050701,0.0,7,1,24.7,2.2,27.1,2005
182,2005-07-02,17.5,23.1,232,85.6,0.0,0.0,20050702,0.0,7,2,24.9,1.4,28.0,2005
183,2005-07-03,57.0,21.1,232,90.1,0.0,0.0,20050703,0.0,7,3,22.6,1.4,24.3,2005
184,2005-07-04,2.0,21.0,232,77.8,0.0,6.4,20050704,0.0,7,4,23.9,1.9,29.1,2005
185,2005-07-05,0.0,20.2,232,79.9,0.0,0.7,20050705,0.0,7,5,22.9,1.4,27.8,2005
186,2005-07-06,0.0,19.7,232,76.4,0.0,5.6,20050706,0.0,7,6,24.6,2.1,30.3,2005
187,2005-07-07,0.5,20.8,232,80.0,0.0,0.0,20050707,0.0,7,7,24.4,1.5,27.7,2005
188,2005-07-08,0.5,20.5,232,74.1,0.0,4.9,20050708,0.0,7,8,24.6,2.1,28.8,2005
189,2005-07-09,25.5,22.0,232,86.6,0.0,0.0,20050709,0.0,7,9,23.0,1.7,24.6,2005
190,2005-07-10,0.0,21.0,232,81.4,0.0,0.0,20050710,0.0,7,10,23.7,0.7,26.7,2005
191,2005-07-11,83.0,19.2,232,87.6,0.0,0.0,20050711,0.0,7,11,20.2,2.3,22.7,2005
192,2005-07-12,0.0,18.1,232,75.0,0.0,9.1,20050712,0.0,7,12,23.6,1.0,28.7,2005
193,2005-07-13,9.0,21.2,232,79.6,0.0,1.1,20050713,0.0,7,13,23.4,1.2,27.8,2005
194,2005-07-14,0.0,20.2,232,74.3,0.0,7.1,20050714,0.0,7,14,25.3,1.5,31.8,2005
195,2005-07-15,0.0,20.5,232,74.6,0.0,6.7,20050715,0.0,7,15,26.1,1.1,32.0,2005
196,2005-07-16,2.0,22.2,232,80.4,0.0,0.4,20050716,0.0,7,16,25.7,0.8,30.2,2005
197,2005-07-17,23.0,21.5,232,82.9,0.0,2.2,20050717,0.0,7,17,24.7,1.6,29.7,2005
198,2005-07-18,0.0,22.3,232,75.9,0.0,8.7,20050718,0.0,7,18,26.0,1.7,30.7,2005
199,2005-07-19,0.0,23.0,232,77.3,0.0,2.0,20050719,0.0,7,19,25.6,1.7,29.8,2005
200,2005-07-20,0.0,21.3,232,75.9,0.0,6.6,20050720,0.0,7,20,26.0,1.5,31.2,2005
201,2005-07-21,0.0,22.1,232,74.8,0.0,5.4,20050721,0.0,7,21,26.1,1.3,31.7,2005
202,2005-07-22,0.0,21.0,232,73.8,0.0,7.5,20050722,0.0,7,22,27.1,1.1,33.7,2005
203,2005-07-23,0.0,22.2,232,74.4,0.0,5.2,20050723,0.0,7,23,28.1,1.1,35.4,2005
204,2005-07-24,0.0,24.0,232,71.3,0.0,6.3,20050724,0.0,7,24,28.7,1.3,35.4,2005
205,2005-07-25,0.0,23.6,232,73.9,0.0,1.8,20050725,0.0,7,25,27.6,1.4,34.5,2005
206,2005-07-26,0.0,23.2,232,73.9,0.0,4.7,20050726,0.0,7,26,27.1,1.6,32.5,2005
207,2005-07-27,1.0,22.6,232,78.8,0.0,0.6,20050727,0.0,7,27,26.4,1.1,31.7,2005
208,2005-07-28,71.0,22.2,232,85.3,0.0,0.0,20050728,0.0,7,28,24.4,2.0,26.3,2005
209,2005-07-29,0.0,21.7,232,75.6,0.0,7.4,20050729,0.0,7,29,25.9,1.2,30.6,2005
210,2005-07-30,0.0,21.7,232,75.3,0.0,3.9,20050730,0.0,7,30,26.3,1.1,32.0,2005
211,2005-07-31,0.3,21.8,232,74.3,0.0,6.3,20050731,0.0,7,31,26.7,1.1,33.0,2005
212,2005-08-01,44.0,23.2,232,82.1,0.0,1.5,20050801,0.0,8,1,25.8,2.1,30.1,2005
213,2005-08-02,6.5,22.7,232,83.8,0.0,1.6,20050802,0.0,8,2,25.9,1.4,30.1,2005
214,2005-08-03,14.5,23.2,232,86.1,0.0,1.5,20050803,0.0,8,3,25.2,1.4,29.2,2005
215,2005-08-04,4.5,23.1,232,79.0,0.0,6.1,20050804,0.0,8,4,27.2,1.6,33.7,2005
216,2005-08-05,0.2,23.5,232,76.3,0.0,8.7,20050805,0.0,8,5,28.7,1.1,36.2,2005
217,2005-08-06,8.5,23.3,232,75.9,0.0,10.5,20050806,0.0,8,6,27.9,1.8,35.7,2005
218,2005-08-07,0.3,22.5,232,78.5,0.0,3.9,20050807,0.0,8,7,26.8,1.3,32.2,2005
219,2005-08-08,17.0,24.5,232,80.9,0.0,0.5,20050808,0.0,8,8,26.5,1.9,31.1,2005
220,2005-08-09,0.5,22.6,232,75.0,0.0,6.0,20050809,0.0,8,9,26.5,2.3,31.0,2005
221,2005-08-10,3.0,22.2,232,84.6,0.0,0.6,20050810,0.0,8,10,25.6,1.4,29.7,2005
222,2005-08-11,21.0,23.2,232,86.8,0.0,0.2,20050811,0.0,8,11,25.1,1.3,27.7,2005
223,2005-08-12,0.5,23.5,232,78.5,0.0,3.7,20050812,0.0,8,12,26.8,1.3,31.3,2005
224,2005-08-13,0.0,23.7,232,76.5,0.0,6.4,20050813,0.0,8,13,27.3,1.6,31.6,2005
225,2005-08-14,0.0,23.0,232,76.0,0.0,8.7,20050814,0.0,8,14,27.2,1.5,31.5,2005
226,2005-08-15,0.0,24.2,232,76.5,0.0,6.1,20050815,0.0,8,15,26.9,1.5,31.2,2005
227,2005-08-16,0.0,23.1,232,78.8,0.0,4.0,20050816,0.0,8,16,26.8,1.1,32.7,2005
228,2005-08-17,3.0,22.6,232,75.9,0.0,6.6,20050817,0.0,8,17,27.5,1.2,34.0,2005
229,2005-08-18,3.5,22.7,232,81.1,0.0,2.6,20050818,0.0,8,18,25.5,1.6,32.4,2005
230,2005-08-19,5.0,21.2,232,85.9,0.0,0.0,20050819,0.0,8,19,23.4,1.2,27.6,2005
231,2005-08-20,13.0,19.7,232,84.9,0.0,0.0,20050820,0.0,8,20,21.5,1.2,24.0,2005
232,2005-08-21,7.0,19.2,232,77.8,0.0,2.0,20050821,0.0,8,21,23.2,1.1,29.0,2005
233,2005-08-22,21.5,20.1,232,84.6,0.0,0.0,20050822,0.0,8,22,21.5,1.5,23.7,2005
234,2005-08-23,0.0,18.0,232,62.9,0.0,12.6,20050823,0.0,8,23,23.1,2.6,28.3,2005
235,2005-08-24,7.0,16.5,232,68.1,0.0,1.0,20050824,0.0,8,24,20.4,2.6,24.5,2005
236,2005-08-25,21.0,17.8,232,89.6,0.0,0.0,20050825,0.0,8,25,20.0,1.5,23.7,2005
237,2005-08-26,0.5,17.8,232,78.6,0.0,5.2,20050826,0.0,8,26,21.1,1.7,26.5,2005
238,2005-08-27,0.0,18.1,232,76.9,0.0,5.7,20050827,0.0,8,27,22.3,0.7,29.7,2005
239,2005-08-28,0.0,17.0,232,79.4,0.0,8.7,20050828,0.0,8,28,21.9,1.5,27.8,2005
240,2005-08-29,0.0,18.3,232,74.5,0.0,7.1,20050829,0.0,8,29,24.1,1.1,29.7,2005
241,2005-08-30,0.0,18.8,232,78.8,0.0,0.0,20050830,0.0,8,30,23.1,1.0,27.3,2005
242,2005-08-31,0.0,17.1,232,75.1,0.0,9.0,20050831,0.0,8,31,24.2,1.2,32.5,2005
243,2005-09-01,0.0,22.0,232,73.4,0.0,8.1,20050901,0.0,9,1,27.2,1.6,31.8,2005
244,2005-09-02,0.5,22.7,232,83.0,0.0,0.5,20050902,0.0,9,2,25.2,1.4,29.1,2005
245,2005-09-03,0.5,19.6,232,74.8,0.0,0.1,20050903,0.0,9,3,22.6,1.0,27.0,2005
246,2005-09-04,0.0,19.1,232,71.9,0.0,1.9,20050904,0.0,9,4,22.7,2.2,27.3,2005
247,2005-09-05,0.0,13.8,232,61.1,0.0,12.1,20050905,0.0,9,5,21.2,3.3,27.7,2005
248,2005-09-06,0.0,18.1,232,57.1,0.0,4.7,20050906,0.0,9,6,22.2,3.3,27.2,2005
249,2005-09-07,0.0,17.6,232,67.8,0.0,8.9,20050907,0.0,9,7,22.3,1.7,29.2,2005
250,2005-09-08,0.0,17.8,232,74.4,0.0,6.6,20050908,0.0,9,8,23.5,1.1,30.5,2005
251,2005-09-09,8.0,20.1,232,78.1,0.0,0.3,20050909,0.0,9,9,22.3,1.9,26.3,2005
252,2005-09-10,1.0,19.7,232,76.8,0.0,5.7,20050910,0.0,9,10,23.6,1.4,31.0,2005
253,2005-09-11,0.0,20.1,232,74.4,0.0,6.4,20050911,0.0,9,11,25.5,1.0,32.2,2005
254,2005-09-12,0.0,20.7,232,75.4,0.0,4.8,20050912,0.0,9,12,25.7,0.9,31.1,2005
255,2005-09-13,19.0,19.2,232,82.8,0.0,1.2,20050913,0.0,9,13,24.0,2.3,29.6,2005
256,2005-09-14,0.0,16.8,232,72.8,0.0,9.1,20050914,0.0,9,14,20.7,1.6,26.6,2005
257,2005-09-15,0.0,15.8,232,70.6,0.0,10.4,20050915,0.0,9,15,21.1,1.7,28.0,2005
258,2005-09-16,0.0,17.7,232,68.6,0.0,8.6,20050916,0.0,9,16,22.5,1.8,28.2,2005
259,2005-09-17,162.0,21.7,232,79.8,0.0,0.2,20050917,0.0,9,17,23.7,2.2,28.2,2005
260,2005-09-18,53.0,19.7,232,82.4,0.0,4.4,20050918,0.0,9,18,22.2,1.2,27.3,2005
261,2005-09-19,3.5,17.2,232,86.0,0.0,0.0,20050919,0.0,9,19,19.7,0.8,23.5,2005
262,2005-09-20,0.0,15.8,232,81.6,0.0,0.0,20050920,0.0,9,20,19.9,0.9,23.7,2005
263,2005-09-21,102.5,14.8,232,87.8,0.0,0.0,20050921,0.0,9,21,16.3,2.7,21.1,2005
264,2005-09-22,4.0,16.3,232,89.5,0.0,0.0,20050922,0.0,9,22,17.3,0.8,18.2,2005
265,2005-09-23,0.0,17.5,232,79.6,0.0,1.9,20050923,0.0,9,23,20.4,1.1,25.2,2005
266,2005-09-24,0.0,14.8,232,73.8,0.0,8.3,20050924,0.0,9,24,20.1,1.7,26.3,2005
267,2005-09-25,0.0,13.6,232,74.9,0.0,4.5,20050925,0.0,9,25,18.9,1.2,25.5,2005
268,2005-09-26,0.0,15.3,232,71.0,0.0,8.4,20050926,0.0,9,26,20.0,1.2,27.5,2005
269,2005-09-27,0.0,13.8,232,72.5,0.0,5.1,20050927,0.0,9,27,18.7,1.6,26.1,2005
270,2005-09-28,0.0,12.0,232,73.0,0.0,7.3,20050928,0.0,9,28,18.3,1.3,26.1,2005
271,2005-09-29,0.0,13.6,232,66.1,0.0,5.8,20050929,0.0,9,29,19.9,2.2,26.1,2005
272,2005-09-30,23.5,16.5,232,87.9,0.0,0.0,20050930,0.0,9,30,18.6,2.2,22.0,2005
273,2005-10-01,10.0,20.0,232,88.5,0.0,0.0,20051001,0.0,10,1,21.2,0.6,23.7,2005
274,2005-10-02,0.0,15.0,232,72.0,0.0,2.4,20051002,0.0,10,2,19.7,2.2,24.2,2005
275,2005-10-03,2.0,13.0,232,74.5,0.0,0.4,20051003,0.0,10,3,15.7,1.0,20.2,2005
276,2005-10-04,1.0,9.1,232,79.1,0.0,1.8,20051004,0.0,10,4,13.9,0.7,19.5,2005
277,2005-10-05,0.0,8.5,232,77.0,0.0,8.5,20051005,0.0,10,5,14.2,0.7,24.5,2005
278,2005-10-06,0.0,7.8,232,74.3,0.0,8.6,20051006,0.0,10,6,15.2,0.8,24.8,2005
279,2005-10-07,9.0,14.3,232,87.3,0.0,0.0,20051007,0.0,10,7,15.3,1.0,16.5,2005
280,2005-10-08,0.0,9.5,232,78.8,0.0,7.1,20051008,0.0,10,8,14.9,1.6,20.2,2005
281,2005-10-09,0.0,8.0,232,78.5,0.0,9.5,20051009,0.0,10,9,14.5,1.2,23.7,2005
282,2005-10-10,0.0,9.3,232,70.1,0.0,9.9,20051010,0.0,10,10,16.3,1.1,24.7,2005
283,2005-10-11,0.0,8.3,232,69.4,0.0,10.6,20051011,0.0,10,11,15.4,1.1,24.2,2005
284,2005-10-12,0.0,7.8,232,73.0,0.0,10.6,20051012,0.0,10,12,15.2,1.4,24.8,2005
285,2005-10-13,0.0,13.1,232,71.6,0.0,3.9,20051013,0.0,10,13,17.8,1.6,23.6,2005
286,2005-10-14,0.5,6.1,232,66.5,0.0,6.5,20051014,0.0,10,14,13.5,2.1,18.2,2005
287,2005-10-15,0.0,7.5,232,68.8,0.0,7.5,20051015,0.0,10,15,12.3,1.3,19.7,2005
288,2005-10-16,0.0,4.4,232,70.8,0.0,10.3,20051016,0.0,10,16,11.6,0.8,20.7,2005
289,2005-10-17,0.0,3.9,232,74.9,0.0,9.7,20051017,0.0,10,17,12.6,0.7,22.3,2005
290,2005-10-18,0.0,6.9,232,71.1,0.0,9.4,20051018,0.0,10,18,12.8,1.1,21.0,2005
291,2005-10-19,0.0,6.1,232,78.1,0.0,7.1,20051019,0.0,10,19,12.9,0.8,22.0,2005
292,2005-10-20,0.0,7.6,232,73.3,0.0,9.0,20051020,0.0,10,20,14.0,0.8,22.8,2005
293,2005-10-21,4.0,8.3,232,80.4,0.0,0.0,20051021,0.0,10,21,12.0,1.8,15.3,2005
294,2005-10-22,0.0,2.0,232,57.9,0.0,10.3,20051022,0.0,10,22,8.1,2.1,13.0,2005
295,2005-10-23,0.0,-1.2,232,69.9,0.0,10.0,20051023,0.0,10,23,7.4,1.3,17.1,2005
296,2005-10-24,0.0,2.7,232,76.0,0.0,6.8,20051024,0.0,10,24,10.2,1.1,19.7,2005
297,2005-10-25,0.0,6.3,232,79.5,0.0,4.5,20051025,0.0,10,25,12.1,0.7,20.6,2005
298,2005-10-26,0.0,7.9,232,74.5,0.0,8.2,20051026,0.0,10,26,13.3,1.2,22.3,2005
299,2005-10-27,0.0,6.1,232,79.0,0.0,6.8,20051027,0.0,10,27,12.4,0.7,22.2,2005
300,2005-10-28,0.2,9.3,232,67.5,0.0,3.9,20051028,0.0,10,28,12.5,2.6,17.2,2005
301,2005-10-29,0.0,5.0,232,64.6,0.0,6.7,20051029,0.0,10,29,10.1,1.9,13.5,2005
302,2005-10-30,0.0,2.5,232,74.9,0.0,2.2,20051030,0.0,10,30,7.1,1.1,12.6,2005
303,2005-10-31,0.0,-0.4,232,71.3,0.0,9.5,20051031,0.0,10,31,6.7,0.9,15.6,2005
304,2005-11-01,0.0,2.0,232,73.5,0.0,4.2,20051101,0.0,11,1,9.7,1.2,18.2,2005
305,2005-11-02,0.0,3.4,232,76.1,0.0,4.5,20051102,0.0,11,2,11.3,0.8,19.2,2005
306,2005-11-03,0.0,9.1,232,70.0,0.0,6.9,20051103,0.0,11,3,14.3,1.0,23.7,2005
307,2005-11-04,0.0,7.0,232,72.9,0.0,3.8,20051104,0.0,11,4,14.6,1.1,23.2,2005
308,2005-11-05,1.0,9.1,232,72.6,0.0,2.9,20051105,0.0,11,5,16.7,1.2,22.0,2005
309,2005-11-06,9.0,8.8,232,76.6,0.0,0.1,20051106,0.0,11,6,14.6,2.6,18.2,2005
310,2005-11-07,2.0,4.5,232,60.1,0.0,8.8,20051107,0.0,11,7,10.6,1.4,17.3,2005
311,2005-11-08,0.0,1.6,232,59.0,0.0,7.8,20051108,0.0,11,8,8.7,2.0,14.1,2005
312,2005-11-09,0.0,1.2,232,70.1,0.0,8.9,20051109,0.0,11,9,7.5,1.0,16.6,2005
313,2005-11-10,0.0,3.2,232,70.5,0.0,5.3,20051110,0.0,11,10,12.9,2.5,20.5,2005
314,2005-11-11,0.0,6.4,232,63.3,0.0,0.0,20051111,0.0,11,11,12.6,1.6,17.3,2005
315,2005-11-12,0.0,-0.5,232,57.5,0.0,8.9,20051112,0.0,11,12,6.4,0.7,15.6,2005
316,2005-11-13,0.0,0.1,232,52.5,0.0,3.2,20051113,0.0,11,13,8.7,1.5,16.8,2005
317,2005-11-14,0.0,3.5,232,38.4,0.0,8.0,20051114,0.0,11,14,6.7,2.6,10.6,2005
318,2005-11-15,0.0,-3.5,232,50.9,0.0,9.2,20051115,0.0,11,15,2.3,2.2,7.5,2005
319,2005-11-16,0.0,-5.6,232,61.0,0.0,9.1,20051116,0.0,11,16,0.3,1.1,8.1,2005
320,2005-11-17,0.0,-6.4,232,61.1,0.0,9.1,20051117,0.0,11,17,1.3,1.3,9.3,2005
321,2005-11-18,0.0,-5.0,232,56.1,0.0,9.1,20051118,0.0,11,18,1.8,1.9,8.6,2005
322,2005-11-19,0.0,-5.6,232,63.0,0.0,6.3,20051119,0.0,11,19,-0.2,1.1,7.1,2005
323,2005-11-20,0.0,-6.9,232,67.6,0.0,9.1,20051120,0.0,11,20,0.1,0.9,9.0,2005
324,2005-11-21,4.5,-2.7,232,66.9,0.0,5.4,20051121,0.0,11,21,5.1,1.9,10.8,2005
325,2005-11-22,0.0,-2.5,232,62.4,0.0,9.1,20051122,0.0,11,22,2.6,1.2,9.6,2005
326,2005-11-23,1.5,0.1,232,67.0,0.0,4.4,20051123,0.0,11,23,6.7,2.1,13.3,2005
327,2005-11-24,0.5,0.6,232,81.5,0.0,3.1,20051124,0.0,11,24,5.5,0.5,13.1,2005
328,2005-11-25,0.0,-0.6,232,79.6,0.0,4.9,20051125,0.0,11,25,4.7,1.1,14.1,2005
329,2005-11-26,0.0,-1.0,232,75.8,0.0,3.8,20051126,0.0,11,26,6.8,1.6,14.8,2005
330,2005-11-27,1.0,0.8,232,73.4,0.0,4.5,20051127,0.0,11,27,6.8,1.7,13.6,2005
331,2005-11-28,4.0,0.4,232,67.6,0.0,0.9,20051128,0.0,11,28,7.4,3.6,14.6,2005
332,2005-11-29,0.0,0.8,232,59.6,0.0,7.1,20051129,0.0,11,29,4.5,2.8,9.0,2005
333,2005-11-30,0.0,-2.7,232,58.9,0.0,8.8,20051130,0.0,11,30,2.9,1.0,10.8,2005
334,2005-12-01,1.0,-1.3,232,67.1,0.0,2.6,20051201,0.0,12,1,5.4,2.3,13.3,2005
335,2005-12-02,0.0,-3.0,232,50.5,0.0,8.6,20051202,0.0,12,2,1.9,2.8,5.0,2005
336,2005-12-03,1.5,-6.4,232,61.8,4.6,7.4,20051203,0.0,12,3,-0.8,1.0,5.5,2005
337,2005-12-04,2.0,-6.0,232,66.0,5.4,5.1,20051204,0.0,12,4,-3.2,3.1,-0.5,2005
338,2005-12-05,0.0,-9.8,232,60.9,0.0,7.8,20051205,0.0,12,5,-6.0,1.9,-1.7,2005
339,2005-12-06,0.4,-10.1,232,73.4,1.2,3.1,20051206,0.0,12,6,-2.0,0.8,3.9,2005
340,2005-12-07,0.0,-6.1,232,77.6,0.0,1.7,20051207,0.0,12,7,-1.6,0.7,2.2,2005
341,2005-12-08,0.5,-6.4,232,73.5,1.5,4.6,20051208,0.0,12,8,-2.4,1.6,1.3,2005
342,2005-12-09,0.0,-7.3,232,72.1,0.0,4.3,20051209,0.0,12,9,-2.0,0.7,3.5,2005
343,2005-12-10,0.0,-5.3,232,54.4,0.0,3.0,20051210,0.0,12,10,-1.1,2.3,2.2,2005
344,2005-12-11,0.0,-7.4,232,52.9,0.0,7.5,20051211,0.0,12,11,-4.9,2.7,-2.2,2005
345,2005-12-12,0.5,-9.6,232,57.5,1.3,4.5,20051212,0.0,12,12,-6.3,2.9,-4.0,2005
346,2005-12-13,1.8,-13.8,232,66.6,4.7,6.5,20051213,0.0,12,13,-7.4,2.1,-4.6,2005
347,2005-12-14,0.5,-17.8,232,73.3,2.0,8.1,20051214,0.0,12,14,-8.3,1.1,-0.1,2005
348,2005-12-15,0.0,-14.3,232,76.9,0.0,8.1,20051215,0.0,12,15,-6.2,0.9,-0.2,2005
349,2005-12-16,0.0,-11.1,232,72.3,0.1,1.8,20051216,0.0,12,16,-4.4,1.0,2.4,2005
350,2005-12-17,0.0,-12.6,232,46.9,0.0,3.0,20051217,0.0,12,17,-9.0,3.7,-4.1,2005
351,2005-12-18,1.5,-17.2,232,72.4,5.3,2.4,20051218,0.0,12,18,-10.8,1.5,-3.2,2005
352,2005-12-19,0.0,-17.2,232,69.5,0.0,8.1,20051219,0.0,12,19,-9.6,0.5,0.2,2005
353,2005-12-20,0.0,-15.3,232,68.3,0.0,7.1,20051220,0.0,12,20,-6.7,0.7,2.7,2005
354,2005-12-21,1.4,-9.3,232,66.1,5.0,1.4,20051221,0.0,12,21,-6.1,3.4,-3.0,2005
355,2005-12-22,0.0,-14.8,232,64.8,0.0,7.4,20051222,0.0,12,22,-6.0,1.7,-2.0,2005
356,2005-12-23,0.0,-6.0,232,72.0,0.1,1.2,20051223,0.0,12,23,-2.4,2.0,1.2,2005
357,2005-12-24,0.0,-13.1,232,55.5,0.0,8.5,20051224,0.0,12,24,-6.7,1.4,-0.1,2005
358,2005-12-25,0.0,-6.4,232,56.9,0.0,3.6,20051225,0.0,12,25,-1.6,3.1,3.9,2005
359,2005-12-26,0.0,-12.3,232,64.1,0.0,8.0,20051226,0.0,12,26,-7.5,2.2,-2.9,2005
360,2005-12-27,0.0,-14.8,232,67.8,0.0,8.5,20051227,0.0,12,27,-9.0,1.5,-2.2,2005
361,2005-12-28,0.0,-14.6,232,64.8,0.0,8.2,20051228,0.0,12,28,-8.1,0.7,-0.2,2005
362,2005-12-29,0.0,-13.1,232,69.4,0.0,6.2,20051229,0.0,12,29,-6.4,0.6,2.7,2005
363,2005-12-30,0.2,-9.6,232,79.1,0.2,0.0,20051230,0.0,12,30,-3.6,0.6,2.2,2005
364,2005-12-31,0.0,-9.1,232,71.6,0.0,3.0,20051231,0.0,12,31,-0.7,1.1,6.5,2005
