,cloud,station_id,month,humid,date,snow,Date,wind,rainfall,tmin,sunshine,year,tmax,tavg,day
0,7.0,232,1,81.9,20130101,6.5,2013-01-01,2.5,5.0,-8.9,4.0,2013,4.5,-3.0,1
1,1.6,232,1,51.9,20130102,0.2,2013-01-02,3.3,0.1,-13.6,8.6,2013,-1.0,-9.1,2
2,0.0,232,1,53.6,20130103,0.0,2013-01-03,2.3,0.0,-18.3,8.6,2013,-7.1,-12.4,3
3,0.0,232,1,61.0,20130104,0.0,2013-01-04,0.9,0.0,-19.2,8.7,2013,-4.4,-12.5,4
4,2.8,232,1,74.0,20130105,0.0,2013-01-05,1.3,0.0,-17.3,7.1,2013,0.9,-8.5,5
5,2.0,232,1,69.1,20130106,0.0,2013-01-06,1.3,0.0,-12.5,7.5,2013,-1.6,-7.4,6
6,3.1,232,1,67.3,20130107,0.0,2013-01-07,1.1,0.0,-13.6,5.6,2013,0.6,-7.0,7
7,1.3,232,1,69.9,20130108,0.0,2013-01-08,1.5,0.0,-11.8,7.9,2013,0.7,-6.0,8
8,1.5,232,1,55.8,20130109,0.0,2013-01-09,2.8,0.0,-13.3,8.4,2013,-4.6,-7.8,9
9,0.0,232,1,54.5,20130110,0.0,2013-01-10,1.3,0.0,-16.0,8.9,2013,-2.5,-9.8,10
10,2.8,232,1,58.5,20130111,0.0,2013-01-11,1.5,0.0,-13.7,7.5,2013,2.5,-5.3,11
11,5.5,232,1,70.1,20130112,0.1,2013-01-12,1.8,0.1,-6.8,1.9,2013,5.0,-0.7,12
12,6.8,232,1,82.5,20130113,0.0,2013-01-13,0.8,0.0,-6.3,0.0,2013,3.1,-2.5,13
13,1.8,232,1,74.8,20130114,0.0,2013-01-14,1.8,0.0,-9.2,4.2,2013,3.4,-3.3,14
14,3.9,232,1,74.6,20130115,0.0,2013-01-15,0.9,0.0,-9.7,6.6,2013,3.0,-3.6,15
15,8.8,232,1,80.5,20130116,1.3,2013-01-16,2.2,0.8,-7.0,0.1,2013,0.0,-2.2,16
16,4.5,232,1,74.8,20130117,0.0,2013-01-17,2.7,0.0,-9.7,4.8,2013,-2.0,-5.4,17
17,1.4,232,1,71.4,20130118,0.0,2013-01-18,1.3,0.0,-13.2,9.2,2013,1.4,-5.2,18
18,5.1,232,1,73.6,20130119,0.0,2013-01-19,1.4,0.0,-7.0,6.7,2013,5.2,-0.9,19
19,7.6,232,1,65.9,20130120,0.0,2013-01-20,1.5,0.0,-5.3,2.8,2013,6.0,1.4,20
20,10.0,232,1,85.6,20130121,0.0,2013-01-21,2.0,21.0,2.2,0.2,2013,5.1,3.7,21
21,10.0,232,1,93.8,20130122,0.0,2013-01-22,1.5,0.5,1.5,0.0,2013,3.9,2.5,22
22,9.5,232,1,92.1,20130123,0.0,2013-01-23,1.4,0.4,0.3,0.0,2013,3.3,1.9,23
23,6.5,232,1,74.6,20130124,0.5,2013-01-24,3.0,0.5,-3.7,0.0,2013,2.3,-0.2,24
24,0.8,232,1,48.8,20130125,0.0,2013-01-25,4.4,0.0,-8.4,9.4,2013,-3.6,-6.2,25
25,0.1,232,1,50.4,20130126,0.0,2013-01-26,3.1,0.0,-11.2,9.7,2013,-3.5,-7.1,26
26,3.3,232,1,68.9,20130127,0.4,2013-01-27,2.3,0.1,-11.1,7.5,2013,-1.9,-6.6,27
27,4.1,232,1,69.4,20130128,0.0,2013-01-28,1.5,0.0,-10.7,4.7,2013,2.8,-2.5,28
28,7.9,232,1,72.3,20130129,0.0,2013-01-29,2.1,0.0,-2.1,0.4,2013,6.8,2.8,29
29,4.8,232,1,75.5,20130130,0.0,2013-01-30,1.2,0.0,-1.5,7.3,2013,11.4,4.1,30
30,5.3,232,1,62.5,20130131,0.0,2013-01-31,2.0,0.0,-1.3,7.5,2013,13.7,6.5,31
31,9.8,232,2,89.1,20130201,0.0,2013-02-01,2.7,23.5,4.9,0.1,2013,10.4,8.1,1
32,1.4,232,2,67.1,20130202,0.0,2013-02-02,4.0,0.0,-4.3,8.9,2013,4.9,-0.2,2
33,7.8,232,2,64.9,20130203,1.4,2013-02-03,1.4,1.1,-5.9,0.0,2013,0.7,-1.9,3
34,6.6,232,2,81.5,20130204,2.1,2013-02-04,2.9,4.6,-3.7,5.9,2013,2.7,0.2,4
35,8.1,232,2,86.0,20130205,1.3,2013-02-05,1.3,3.8,-5.4,0.1,2013,2.8,-0.9,5
36,8.5,232,2,86.8,20130206,3.9,2013-02-06,3.0,1.9,-2.3,0.3,2013,0.3,-0.7,6
37,4.1,232,2,54.5,20130207,0.3,2013-02-07,5.3,0.1,-12.6,8.5,2013,-1.3,-8.6,7
38,2.3,232,2,44.3,20130208,0.0,2013-02-08,2.3,0.0,-14.3,9.7,2013,-5.6,-10.5,8
39,4.1,232,2,68.4,20130209,0.0,2013-02-09,1.3,0.0,-14.1,9.8,2013,-1.1,-8.0,9
40,5.6,232,2,65.0,20130210,0.2,2013-02-10,2.2,0.1,-8.4,2.5,2013,0.9,-3.3,10
41,2.9,232,2,46.9,20130211,0.0,2013-02-11,1.7,0.0,-11.8,9.7,2013,-0.5,-5.2,11
42,7.6,232,2,67.9,20130212,0.0,2013-02-12,1.9,0.0,-5.8,1.0,2013,-0.4,-3.7,12
43,3.0,232,2,68.1,20130213,0.0,2013-02-13,1.3,0.0,-8.3,9.4,2013,3.3,-1.7,13
44,6.3,232,2,67.5,20130214,0.0,2013-02-14,1.3,0.0,-5.0,8.2,2013,6.1,0.4,14
45,2.4,232,2,52.3,20130215,0.0,2013-02-15,4.0,0.0,-3.6,9.3,2013,3.5,-0.1,15
46,2.0,232,2,46.6,20130216,0.0,2013-02-16,1.3,0.0,-8.9,10.3,2013,3.4,-2.7,16
47,8.6,232,2,42.1,20130217,0.0,2013-02-17,1.9,0.0,-3.2,2.3,2013,5.3,2.0,17
48,7.8,232,2,53.5,20130218,0.0,2013-02-18,3.7,0.0,-1.2,3.6,2013,4.0,1.4,18
49,2.3,232,2,36.9,20130219,0.0,2013-02-19,4.4,0.0,-4.0,8.5,2013,2.3,-1.6,19
50,1.6,232,2,37.8,20130220,0.0,2013-02-20,2.4,0.0,-9.3,9.8,2013,1.2,-3.4,20
51,1.6,232,2,56.5,20130221,0.0,2013-02-21,1.8,0.0,-7.1,10.1,2013,3.8,-1.7,21
52,5.3,232,2,58.9,20130222,0.3,2013-02-22,3.0,0.1,-5.3,4.3,2013,6.5,1.0,22
53,0.0,232,2,49.9,20130223,0.0,2013-02-23,2.7,0.0,-7.0,10.4,2013,4.0,-0.7,23
54,3.0,232,2,56.3,20130224,0.0,2013-02-24,1.5,0.0,-5.8,8.2,2013,6.4,0.3,24
55,5.5,232,2,49.5,20130225,0.0,2013-02-25,0.8,0.0,-5.3,2.0,2013,8.6,1.2,25
56,9.4,232,2,53.8,20130226,0.0,2013-02-26,1.9,0.0,-0.7,0.4,2013,9.5,5.1,26
57,4.6,232,2,74.5,20130227,0.0,2013-02-27,2.4,0.0,-1.3,7.3,2013,9.5,4.0,27
58,4.1,232,2,51.9,20130228,0.0,2013-02-28,2.2,0.0,-3.2,8.0,2013,17.5,6.9,28
59,6.0,232,3,65.5,20130301,0.0,2013-03-01,5.1,6.0,-1.4,8.0,2013,8.5,1.4,1
60,2.4,232,3,51.5,20130302,0.0,2013-03-02,3.5,0.0,-3.0,10.4,2013,2.7,-0.8,2
61,0.4,232,3,66.0,20130303,0.0,2013-03-03,1.9,0.0,-5.9,10.4,2013,5.5,-0.4,3
62,2.0,232,3,60.6,20130304,0.0,2013-03-04,3.1,0.0,-3.1,7.7,2013,9.7,2.6,4
63,0.0,232,3,57.5,20130305,0.0,2013-03-05,1.6,0.0,-4.4,10.8,2013,12.1,3.2,5
64,1.8,232,3,41.8,20130306,0.0,2013-03-06,2.5,0.0,-2.2,8.4,2013,17.3,8.5,6
65,6.3,232,3,66.3,20130307,0.0,2013-03-07,3.0,0.5,4.2,4.2,2013,14.2,10.3,7
66,3.0,232,3,65.8,20130308,0.0,2013-03-08,2.8,0.0,2.9,6.8,2013,16.5,9.0,8
67,1.1,232,3,49.0,20130309,0.0,2013-03-09,4.0,0.0,1.9,9.9,2013,26.7,15.5,9
68,1.0,232,3,42.1,20130310,0.0,2013-03-10,5.1,0.0,-0.7,11.0,2013,9.1,2.0,10
69,0.0,232,3,47.9,20130311,0.0,2013-03-11,1.7,0.0,-5.8,11.1,2013,14.1,3.2,11
70,5.4,232,3,59.8,20130312,0.0,2013-03-12,1.7,1.5,-1.9,5.6,2013,16.0,7.9,12
71,7.4,232,3,74.4,20130313,0.0,2013-03-13,4.3,13.0,0.6,2.1,2013,9.5,4.7,13
72,2.3,232,3,59.4,20130314,0.0,2013-03-14,1.6,0.0,-2.1,10.1,2013,10.8,3.6,14
73,0.8,232,3,55.5,20130315,0.0,2013-03-15,1.7,0.0,-3.9,10.8,2013,11.7,3.6,15
74,1.9,232,3,56.3,20130316,0.0,2013-03-16,1.7,0.0,-2.4,10.5,2013,12.8,5.1,16
75,6.4,232,3,62.5,20130317,0.0,2013-03-17,2.4,7.5,-1.5,7.8,2013,18.2,7.9,17
76,9.3,232,3,83.5,20130318,0.0,2013-03-18,2.3,9.5,6.3,2.4,2013,13.4,8.7,18
77,7.6,232,3,77.9,20130319,0.0,2013-03-19,1.3,0.0,2.8,1.3,2013,12.5,9.1,19
78,5.9,232,3,68.6,20130320,0.0,2013-03-20,4.5,0.5,-1.4,4.5,2013,10.2,3.6,20
79,0.0,232,3,49.1,20130321,0.0,2013-03-21,1.6,0.0,-5.1,11.2,2013,9.5,1.4,21
80,6.4,232,3,71.0,20130322,0.0,2013-03-22,2.1,0.0,-2.1,4.1,2013,8.4,3.5,22
81,3.0,232,3,53.0,20130323,0.0,2013-03-23,1.7,0.0,-1.8,10.2,2013,15.6,5.3,23
82,3.1,232,3,63.0,20130324,0.0,2013-03-24,3.1,0.0,-1.4,10.0,2013,9.6,3.9,24
83,1.1,232,3,56.5,20130325,0.0,2013-03-25,3.4,0.0,-2.8,11.7,2013,6.4,2.3,25
84,4.0,232,3,51.1,20130326,0.0,2013-03-26,1.5,0.0,-3.8,10.5,2013,12.0,3.8,26
85,0.6,232,3,50.1,20130327,0.0,2013-03-27,1.9,0.0,-2.4,11.2,2013,17.6,6.6,27
86,6.5,232,3,58.0,20130328,0.0,2013-03-28,2.2,0.0,-0.7,4.5,2013,13.6,6.2,28
87,2.4,232,3,40.9,20130329,0.0,2013-03-29,3.2,0.0,-0.5,11.4,2013,10.8,5.2,29
88,8.6,232,3,66.1,20130330,0.0,2013-03-30,1.9,1.5,0.6,4.3,2013,11.7,3.9,30
89,2.8,232,3,60.3,20130331,0.0,2013-03-31,2.0,0.0,1.3,10.3,2013,13.0,6.0,31
90,5.9,232,4,55.0,20130401,0.0,2013-04-01,2.0,0.0,-1.4,6.9,2013,17.3,8.5,1
91,9.4,232,4,81.5,20130402,0.0,2013-04-02,2.9,0.5,5.5,0.1,2013,9.0,6.8,2
92,3.9,232,4,60.0,20130403,0.0,2013-04-03,2.0,0.0,-0.2,10.2,2013,16.9,8.3,3
93,2.1,232,4,50.9,20130404,0.0,2013-04-04,1.4,0.0,1.7,10.6,2013,21.5,11.0,4
94,6.4,232,4,48.6,20130405,0.0,2013-04-05,2.3,0.0,4.9,7.4,2013,23.5,14.0,5
95,10.0,232,4,88.6,20130406,0.0,2013-04-06,4.2,15.0,3.7,0.0,2013,11.8,7.2,6
96,4.6,232,4,67.8,20130407,0.0,2013-04-07,4.7,2.5,0.1,8.6,2013,8.4,4.5,7
97,4.1,232,4,55.8,20130408,0.0,2013-04-08,3.0,0.0,-1.3,8.5,2013,16.3,7.6,8
98,3.3,232,4,43.8,20130409,0.0,2013-04-09,5.4,0.0,2.8,11.2,2013,12.3,7.2,9
99,4.5,232,4,54.1,20130410,0.0,2013-04-10,3.5,0.0,0.7,9.3,2013,10.2,5.3,10
100,1.9,232,4,51.4,20130411,0.0,2013-04-11,4.1,0.5,0.2,11.5,2013,11.5,5.9,11
101,0.1,232,4,50.0,20130412,0.0,2013-04-12,2.7,0.0,-2.0,12.1,2013,12.5,5.8,12
102,0.8,232,4,34.3,20130413,0.0,2013-04-13,3.7,0.0,0.7,11.5,2013,21.4,12.8,13
103,3.8,232,4,48.5,20130414,0.0,2013-04-14,4.5,2.0,2.8,8.5,2013,16.9,9.1,14
104,4.5,232,4,45.9,20130415,0.0,2013-04-15,1.8,0.0,-0.9,2.9,2013,9.1,5.7,15
105,5.4,232,4,50.6,20130416,0.0,2013-04-16,4.0,0.0,4.5,8.8,2013,27.1,16.9,16
106,7.5,232,4,76.5,20130417,0.0,2013-04-17,2.5,0.3,9.7,3.8,2013,19.3,13.2,17
107,4.1,232,4,49.5,20130418,0.0,2013-04-18,3.7,0.0,6.4,6.2,2013,16.0,11.8,18
108,3.9,232,4,38.8,20130419,0.0,2013-04-19,2.2,0.0,2.7,11.2,2013,16.1,9.4,19
109,9.8,232,4,81.3,20130420,0.0,2013-04-20,1.9,13.0,3.1,0.1,2013,8.6,5.5,20
110,3.1,232,4,63.5,20130421,0.0,2013-04-21,2.8,0.0,1.6,9.6,2013,14.5,8.2,21
111,3.1,232,4,49.6,20130422,0.0,2013-04-22,1.8,0.0,1.6,10.5,2013,18.9,10.6,22
112,10.0,232,4,74.3,20130423,0.0,2013-04-23,1.8,9.0,8.0,0.3,2013,12.6,10.4,23
113,2.6,232,4,71.4,20130424,0.0,2013-04-24,3.5,1.5,7.2,11.0,2013,18.1,12.7,24
114,7.6,232,4,84.8,20130425,0.0,2013-04-25,2.9,3.5,5.9,3.0,2013,14.3,8.9,25
115,1.5,232,4,56.5,20130426,0.0,2013-04-26,3.7,0.0,4.5,12.1,2013,17.7,11.1,26
116,4.3,232,4,59.1,20130427,0.0,2013-04-27,2.3,0.0,2.7,9.2,2013,18.2,11.0,27
117,5.0,232,4,51.9,20130428,0.0,2013-04-28,2.8,0.0,9.5,9.5,2013,24.9,17.0,28
118,5.6,232,4,64.8,20130429,0.0,2013-04-29,3.2,8.5,6.9,6.3,2013,18.8,14.8,29
119,0.8,232,4,49.5,20130430,0.0,2013-04-30,2.8,0.0,4.5,12.4,2013,20.4,12.7,30
120,1.3,232,5,57.3,20130501,0.0,2013-05-01,2.1,0.0,4.9,12.2,2013,19.2,12.1,1
121,1.4,232,5,62.1,20130502,0.0,2013-05-02,2.4,0.0,5.0,11.8,2013,19.0,12.6,2
122,4.9,232,5,64.8,20130503,0.0,2013-05-03,2.4,0.0,5.5,5.1,2013,19.6,12.2,3
123,0.1,232,5,59.3,20130504,0.0,2013-05-04,2.4,0.0,5.6,12.2,2013,20.9,13.4,4
124,0.0,232,5,53.1,20130505,0.0,2013-05-05,2.2,0.0,5.7,12.5,2013,22.1,13.8,5
125,0.0,232,5,53.3,20130506,0.0,2013-05-06,1.8,0.0,5.4,12.0,2013,24.0,14.7,6
126,0.3,232,5,52.0,20130507,0.0,2013-05-07,1.8,0.0,7.9,11.0,2013,27.7,17.5,7
127,2.8,232,5,48.5,20130508,0.0,2013-05-08,1.5,0.0,9.0,11.8,2013,28.2,17.9,8
128,8.8,232,5,69.5,20130509,0.0,2013-05-09,1.3,7.5,9.6,3.0,2013,23.3,16.7,9
129,8.9,232,5,88.8,20130510,0.0,2013-05-10,2.2,16.5,10.7,0.5,2013,18.3,15.2,10
130,2.5,232,5,61.5,20130511,0.0,2013-05-11,2.1,0.0,10.5,11.0,2013,26.8,18.1,11
131,0.0,232,5,56.1,20130512,0.0,2013-05-12,3.5,0.0,14.6,11.7,2013,27.0,21.2,12
132,0.1,232,5,47.6,20130513,0.0,2013-05-13,2.1,0.0,15.8,12.0,2013,30.2,22.2,13
133,5.8,232,5,52.9,20130514,0.0,2013-05-14,1.6,0.0,11.3,8.7,2013,27.8,19.6,14
134,5.4,232,5,67.9,20130515,0.0,2013-05-15,2.1,0.0,14.3,10.1,2013,24.8,18.7,15
135,0.3,232,5,46.9,20130516,0.0,2013-05-16,3.1,0.0,14.1,12.8,2013,27.9,20.9,16
136,3.3,232,5,49.4,20130517,0.0,2013-05-17,3.0,0.0,11.6,13.1,2013,25.9,18.1,17
137,8.4,232,5,65.9,20130518,0.0,2013-05-18,1.4,8.5,11.9,2.1,2013,24.7,17.8,18
138,9.3,232,5,87.8,20130519,0.0,2013-05-19,1.5,20.5,14.9,0.0,2013,19.5,16.9,19
139,4.9,232,5,83.0,20130520,0.0,2013-05-20,2.2,0.0,11.3,5.2,2013,20.9,15.4,20
140,2.5,232,5,63.5,20130521,0.0,2013-05-21,1.7,0.0,8.4,10.8,2013,26.1,17.4,21
141,2.1,232,5,63.0,20130522,0.0,2013-05-22,1.8,0.0,11.6,7.3,2013,28.5,19.6,22
142,0.0,232,5,65.9,20130523,0.0,2013-05-23,1.3,0.0,13.6,11.4,2013,30.4,21.5,23
143,3.0,232,5,65.5,20130524,0.0,2013-05-24,1.6,0.0,15.7,9.1,2013,28.7,21.0,24
144,4.5,232,5,55.3,20130525,0.0,2013-05-25,1.3,0.0,14.8,11.1,2013,32.1,23.3,25
145,8.6,232,5,54.6,20130526,0.0,2013-05-26,1.6,0.0,18.8,5.8,2013,29.9,23.4,26
146,10.0,232,5,85.8,20130527,0.0,2013-05-27,2.8,56.5,18.4,0.0,2013,21.2,19.6,27
147,10.0,232,5,89.5,20130528,0.0,2013-05-28,2.1,14.0,18.1,0.0,2013,22.8,19.9,28
148,9.3,232,5,89.1,20130529,0.0,2013-05-29,1.6,0.0,14.1,0.0,2013,18.8,17.3,29
149,2.5,232,5,71.8,20130530,0.0,2013-05-30,1.7,0.0,12.1,10.4,2013,26.7,19.0,30
150,6.6,232,5,57.4,20130531,0.0,2013-05-31,1.2,0.0,11.2,8.4,2013,28.0,19.6,31
151,5.8,232,6,62.0,20130601,0.0,2013-06-01,1.7,0.0,14.1,6.0,2013,25.4,19.2,1
152,0.0,232,6,60.9,20130602,0.0,2013-06-02,1.2,0.0,10.8,12.6,2013,30.7,20.9,2
153,0.9,232,6,72.9,20130603,0.0,2013-06-03,2.0,0.0,16.0,9.1,2013,28.2,20.8,3
154,1.8,232,6,64.4,20130604,0.0,2013-06-04,1.8,0.0,15.3,10.9,2013,29.8,22.7,4
155,1.1,232,6,62.1,20130605,0.0,2013-06-05,1.4,0.0,17.0,9.4,2013,32.1,23.5,5
156,1.5,232,6,63.6,20130606,0.0,2013-06-06,1.5,0.0,17.8,9.4,2013,30.7,23.6,6
157,1.1,232,6,60.4,20130607,0.0,2013-06-07,1.9,0.0,18.7,11.9,2013,31.9,24.5,7
158,6.9,232,6,63.3,20130608,0.0,2013-06-08,1.8,0.0,17.5,4.9,2013,29.6,23.5,8
159,2.3,232,6,51.4,20130609,0.0,2013-06-09,3.0,0.0,17.1,13.7,2013,30.8,24.6,9
160,0.9,232,6,50.0,20130610,0.0,2013-06-10,2.6,0.0,17.7,13.6,2013,31.1,25.2,10
161,9.0,232,6,64.3,20130611,0.0,2013-06-11,2.7,0.5,20.7,0.4,2013,27.2,22.7,11
162,9.5,232,6,76.1,20130613,0.0,2013-06-13,1.5,0.0,19.3,2.5,2013,27.7,22.5,13
163,8.5,232,6,78.0,20130614,0.0,2013-06-14,1.0,3.0,19.3,5.3,2013,29.9,23.7,14
164,5.1,232,6,76.4,20130615,0.0,2013-06-15,1.8,0.1,20.2,6.3,2013,29.1,23.6,15
165,5.0,232,6,78.1,20130616,0.0,2013-06-16,1.8,0.0,17.8,8.1,2013,28.9,22.6,16
166,9.0,232,6,78.3,20130617,0.0,2013-06-17,1.3,2.5,19.0,4.8,2013,28.3,23.8,17
167,10.0,232,6,93.1,20130618,0.0,2013-06-18,1.0,82.0,21.6,0.0,2013,23.4,22.6,18
168,6.9,232,6,83.0,20130619,0.0,2013-06-19,1.3,2.5,20.7,9.4,2013,29.4,24.3,19
169,5.3,232,6,66.3,20130620,0.0,2013-06-20,1.5,0.0,19.2,11.9,2013,32.1,25.3,20
170,7.1,232,6,65.8,20130621,0.0,2013-06-21,1.8,0.0,20.6,5.8,2013,30.5,25.0,21
171,7.8,232,6,75.8,20130622,0.0,2013-06-22,1.7,0.0,20.9,5.1,2013,31.1,24.7,22
172,9.3,232,6,75.8,20130623,0.0,2013-06-23,1.6,0.0,20.2,0.5,2013,26.6,22.5,23
173,6.8,232,6,72.9,20130624,0.0,2013-06-24,1.8,0.0,18.6,9.6,2013,28.5,23.2,24
174,8.5,232,6,76.0,20130625,0.0,2013-06-25,1.6,4.0,19.1,4.3,2013,30.1,23.6,25
175,5.8,232,6,78.9,20130626,0.0,2013-06-26,1.4,3.5,19.3,9.6,2013,30.1,23.4,26
176,4.3,232,6,77.9,20130627,0.0,2013-06-27,1.7,1.0,19.9,10.4,2013,31.3,24.5,27
177,4.5,232,6,71.6,20130628,0.0,2013-06-28,1.7,0.0,21.0,8.9,2013,31.7,24.5,28
178,1.4,232,6,69.6,20130629,0.0,2013-06-29,1.2,0.0,18.4,10.8,2013,32.1,25.4,29
179,1.5,232,6,67.0,20130630,0.0,2013-06-30,1.7,0.0,20.7,11.4,2013,32.4,26.5,30
180,6.3,232,7,69.6,20130701,0.0,2013-07-01,1.6,0.0,21.5,8.0,2013,32.6,26.3,1
181,9.8,232,7,81.3,20130702,0.0,2013-07-02,3.3,4.5,23.6,0.1,2013,30.8,26.4,2
182,5.6,232,7,74.1,20130703,0.0,2013-07-03,2.1,0.1,20.7,12.1,2013,31.6,26.5,3
183,9.9,232,7,89.3,20130704,0.0,2013-07-04,1.6,2.0,23.0,0.0,2013,27.1,25.4,4
184,8.1,232,7,90.1,20130705,0.0,2013-07-05,1.1,23.0,22.1,2.7,2013,27.1,24.3,5
185,5.6,232,7,78.9,20130706,0.0,2013-07-06,1.4,0.0,21.9,9.7,2013,32.3,26.2,6
186,9.3,232,7,88.5,20130707,0.0,2013-07-07,1.7,0.5,23.1,0.3,2013,27.0,25.1,7
187,9.5,232,7,89.4,20130708,0.0,2013-07-08,2.5,33.0,24.2,0.0,2013,27.1,25.9,8
188,8.8,232,7,86.6,20130709,0.0,2013-07-09,1.4,0.5,24.4,2.0,2013,30.6,26.8,9
189,7.5,232,7,81.5,20130710,0.0,2013-07-10,2.1,0.0,24.8,3.7,2013,31.7,27.7,10
190,9.0,232,7,79.0,20130711,0.0,2013-07-11,1.8,0.0,24.7,0.4,2013,30.9,27.4,11
191,9.6,232,7,81.1,20130712,0.0,2013-07-12,1.5,0.1,24.3,0.8,2013,27.5,26.0,12
192,9.5,232,7,85.4,20130713,0.0,2013-07-13,1.2,1.0,24.3,1.5,2013,30.9,26.9,13
193,9.8,232,7,89.6,20130714,0.0,2013-07-14,1.9,39.0,21.7,0.1,2013,28.3,25.1,14
194,8.6,232,7,82.6,20130715,0.0,2013-07-15,1.6,0.5,23.3,2.0,2013,32.5,27.7,15
195,6.1,232,7,68.1,20130716,0.0,2013-07-16,3.1,0.0,24.3,9.6,2013,32.3,28.2,16
196,10.0,232,7,92.3,20130717,0.0,2013-07-17,1.7,65.5,23.6,0.0,2013,27.4,25.0,17
197,7.5,232,7,83.4,20130718,0.0,2013-07-18,1.3,0.0,23.7,6.6,2013,31.5,26.8,18
198,5.8,232,7,81.0,20130719,0.0,2013-07-19,1.8,0.0,22.5,10.6,2013,32.5,27.2,19
199,5.0,232,7,72.0,20130720,0.0,2013-07-20,2.3,0.0,24.1,9.5,2013,32.6,28.0,20
200,8.0,232,7,78.9,20130721,0.0,2013-07-21,2.4,0.0,25.8,5.4,2013,32.0,28.0,21
201,8.4,232,7,80.6,20130722,0.0,2013-07-22,1.5,2.5,25.3,5.5,2013,32.0,28.2,22
202,9.9,232,7,88.1,20130723,0.0,2013-07-23,2.2,59.0,24.6,0.0,2013,28.6,26.7,23
203,6.9,232,7,85.3,20130724,0.0,2013-07-24,2.9,8.5,22.1,2.6,2013,29.4,26.2,24
204,4.6,232,7,79.0,20130725,0.0,2013-07-25,1.8,0.0,21.0,10.4,2013,31.9,26.6,25
205,3.6,232,7,77.0,20130726,0.0,2013-07-26,1.8,0.0,22.5,9.6,2013,31.4,26.6,26
206,7.5,232,7,84.9,20130727,0.0,2013-07-27,1.0,0.0,20.9,4.7,2013,31.2,25.7,27
207,10.0,232,7,89.9,20130728,0.0,2013-07-28,2.0,10.0,23.5,0.0,2013,28.8,26.0,28
208,6.6,232,7,86.6,20130729,0.0,2013-07-29,1.9,0.5,24.2,6.7,2013,31.9,27.6,29
209,7.5,232,7,89.0,20130730,0.0,2013-07-30,2.0,3.5,22.3,4.7,2013,31.1,25.6,30
210,7.3,232,7,83.5,20130731,0.0,2013-07-31,2.1,54.5,23.6,7.6,2013,31.8,27.2,31
211,3.8,232,8,80.4,20130801,0.0,2013-08-01,1.2,0.0,22.3,9.1,2013,33.7,28.1,1
212,6.3,232,8,80.8,20130802,0.0,2013-08-02,1.7,0.3,26.1,6.4,2013,34.3,28.9,2
213,7.6,232,8,87.6,20130803,0.0,2013-08-03,2.0,36.0,24.1,6.0,2013,32.9,27.2,3
214,8.0,232,8,88.5,20130804,0.0,2013-08-04,1.1,8.5,24.8,5.0,2013,32.1,27.1,4
215,7.1,232,8,87.9,20130805,0.0,2013-08-05,1.8,2.0,23.9,7.2,2013,32.4,27.3,5
216,5.5,232,8,87.5,20130806,0.0,2013-08-06,2.3,10.0,23.7,3.1,2013,32.1,27.2,6
217,5.5,232,8,84.8,20130807,0.0,2013-08-07,1.7,0.0,24.2,8.6,2013,35.5,29.1,7
218,2.9,232,8,80.3,20130808,0.0,2013-08-08,1.7,0.0,25.1,11.5,2013,35.4,29.7,8
219,4.0,232,8,82.1,20130809,0.0,2013-08-09,2.0,0.0,25.7,8.3,2013,34.4,29.9,9
220,7.5,232,8,91.0,20130810,0.0,2013-08-10,1.7,14.5,23.9,2.1,2013,32.9,26.4,10
221,5.0,232,8,81.9,20130811,0.0,2013-08-11,1.3,0.0,24.0,8.5,2013,35.3,28.2,11
222,3.4,232,8,79.8,20130812,0.0,2013-08-12,1.5,0.0,23.6,10.8,2013,34.3,28.4,12
223,2.0,232,8,78.0,20130813,0.0,2013-08-13,1.3,0.0,24.0,12.0,2013,34.0,28.3,13
224,2.5,232,8,77.5,20130814,0.0,2013-08-14,1.3,0.0,23.1,11.8,2013,34.4,28.0,14
225,3.8,232,8,80.8,20130815,0.0,2013-08-15,1.8,0.0,23.3,10.9,2013,34.7,28.2,15
226,5.1,232,8,77.8,20130816,0.0,2013-08-16,1.8,0.0,23.8,11.7,2013,33.6,27.8,16
227,5.0,232,8,79.9,20130817,0.0,2013-08-17,2.0,0.0,23.7,10.3,2013,32.9,27.7,17
228,5.4,232,8,79.9,20130818,0.0,2013-08-18,2.1,0.2,24.0,9.8,2013,33.6,28.2,18
229,4.1,232,8,80.3,20130819,0.0,2013-08-19,1.8,0.0,23.1,8.7,2013,32.7,27.8,19
230,1.4,232,8,72.6,20130820,0.0,2013-08-20,1.4,0.0,19.8,11.7,2013,33.2,26.1,20
231,4.8,232,8,83.1,20130821,0.0,2013-08-21,1.3,0.5,21.5,7.6,2013,32.5,27.3,21
232,6.3,232,8,81.6,20130822,0.0,2013-08-22,1.7,0.0,25.6,8.2,2013,35.6,29.0,22
233,10.0,232,8,94.3,20130823,0.0,2013-08-23,1.1,11.0,23.3,0.0,2013,26.7,25.0,23
234,4.9,232,8,79.0,20130824,0.0,2013-08-24,1.4,0.0,20.8,10.4,2013,31.7,25.7,24
235,3.6,232,8,74.6,20130825,0.0,2013-08-25,1.2,0.0,18.7,10.9,2013,32.0,24.8,25
236,2.4,232,8,70.6,20130826,0.0,2013-08-26,2.0,0.0,20.9,10.7,2013,32.5,25.6,26
237,4.3,232,8,78.8,20130827,0.0,2013-08-27,1.5,0.1,18.8,8.6,2013,30.9,25.2,27
238,5.0,232,8,75.8,20130828,0.0,2013-08-28,1.7,0.0,20.8,9.6,2013,31.6,25.6,28
239,9.8,232,8,91.5,20130829,0.0,2013-08-29,1.9,90.5,21.4,0.0,2013,27.3,24.6,29
240,0.0,232,8,81.3,20130830,0.0,2013-08-30,1.9,0.0,20.1,8.8,2013,29.8,24.5,30
241,5.1,232,8,78.1,20130831,0.0,2013-08-31,1.1,0.0,18.4,8.9,2013,29.5,23.1,31
242,4.4,232,9,75.8,20130901,0.0,2013-09-01,1.3,0.0,17.9,10.2,2013,28.7,22.8,1
243,4.0,232,9,72.0,20130902,0.0,2013-09-02,1.4,0.0,15.3,10.4,2013,26.8,20.9,2
244,2.8,232,9,71.8,20130903,0.0,2013-09-03,1.5,0.0,15.0,7.9,2013,26.8,20.0,3
245,1.8,232,9,71.0,20130904,0.0,2013-09-04,1.5,0.0,12.5,11.6,2013,27.5,19.9,4
246,8.1,232,9,75.4,20130905,0.0,2013-09-05,2.0,0.0,16.2,1.5,2013,23.8,20.6,5
247,10.0,232,9,84.8,20130906,0.0,2013-09-06,1.6,1.0,17.1,0.0,2013,21.3,19.4,6
248,4.8,232,9,78.1,20130907,0.0,2013-09-07,1.2,0.0,16.1,9.4,2013,27.3,21.0,7
249,4.4,232,9,77.6,20130908,0.0,2013-09-08,1.1,0.0,15.8,10.2,2013,28.1,21.2,8
250,7.8,232,9,77.3,20130909,0.0,2013-09-09,1.4,0.0,16.3,5.4,2013,28.1,21.8,9
251,10.0,232,9,88.3,20130910,0.0,2013-09-10,1.2,14.0,19.0,0.1,2013,25.7,21.5,10
252,9.0,232,9,89.6,20130911,0.0,2013-09-11,2.1,6.0,20.0,1.7,2013,26.3,22.5,11
253,10.0,232,9,90.5,20130912,0.0,2013-09-12,1.0,15.0,20.5,0.1,2013,25.5,22.8,12
254,9.6,232,9,88.9,20130913,0.0,2013-09-13,1.8,4.5,20.8,1.3,2013,28.1,24.1,13
255,7.0,232,9,92.1,20130914,0.0,2013-09-14,2.0,46.0,18.7,3.2,2013,25.1,21.6,14
256,4.8,232,9,85.6,20130915,0.0,2013-09-15,1.7,0.0,17.2,8.0,2013,28.5,22.0,15
257,0.0,232,9,69.6,20130916,0.0,2013-09-16,1.8,0.0,13.6,11.9,2013,27.1,19.3,16
258,0.0,232,9,72.6,20130917,0.0,2013-09-17,1.3,0.0,12.9,10.0,2013,29.2,20.0,17
259,0.0,232,9,74.1,20130918,0.0,2013-09-18,1.1,0.0,15.3,10.5,2013,30.8,22.6,18
260,0.0,232,9,69.4,20130919,0.0,2013-09-19,2.2,0.0,17.4,11.0,2013,29.3,23.0,19
261,4.0,232,9,80.6,20130920,0.0,2013-09-20,0.9,0.0,16.3,6.7,2013,28.4,21.9,20
262,3.6,232,9,78.4,20130921,0.0,2013-09-21,1.2,0.0,17.0,8.5,2013,30.0,22.9,21
263,7.0,232,9,68.6,20130922,0.0,2013-09-22,2.9,0.0,19.7,6.7,2013,27.9,23.0,22
264,3.4,232,9,70.8,20130923,0.0,2013-09-23,2.0,0.0,18.5,9.4,2013,28.8,22.4,23
265,9.0,232,9,92.3,20130924,0.0,2013-09-24,1.8,4.5,19.0,0.0,2013,23.3,21.0,24
266,5.0,232,9,67.6,20130925,0.0,2013-09-25,2.6,0.0,14.9,9.1,2013,24.0,19.1,25
267,0.0,232,9,60.6,20130926,0.0,2013-09-26,2.0,0.0,8.4,11.6,2013,23.6,15.4,26
268,3.4,232,9,68.0,20130927,0.0,2013-09-27,1.2,0.0,9.1,10.8,2013,25.1,16.6,27
269,9.8,232,9,80.4,20130928,0.0,2013-09-28,1.3,0.5,13.9,0.0,2013,20.2,17.3,28
270,10.0,232,9,95.4,20130929,0.0,2013-09-29,1.4,25.5,17.0,0.0,2013,20.0,18.4,29
271,5.5,232,9,87.9,20130930,0.0,2013-09-30,0.8,0.5,16.9,4.0,2013,27.0,20.6,30
272,4.6,232,10,85.4,20131001,0.0,2013-10-01,1.2,0.0,14.5,8.7,2013,27.7,20.7,1
273,5.4,232,10,74.3,20131002,0.0,2013-10-02,2.7,0.1,13.1,5.7,2013,23.0,18.9,2
274,0.0,232,10,65.6,20131003,0.0,2013-10-03,1.7,0.0,8.6,11.1,2013,22.3,14.7,3
275,0.0,232,10,71.5,20131004,0.0,2013-10-04,1.0,0.0,8.3,11.1,2013,25.3,15.5,4
276,7.8,232,10,78.1,20131006,0.0,2013-10-06,1.8,0.1,13.3,1.2,2013,26.0,20.1,6
277,8.6,232,10,82.9,20131007,0.0,2013-10-07,1.8,0.0,18.7,4.2,2013,28.0,22.8,7
278,10.0,232,10,93.1,20131008,0.0,2013-10-08,1.5,10.5,18.1,0.0,2013,22.3,20.0,8
279,4.0,232,10,79.9,20131009,0.0,2013-10-09,1.3,0.0,15.9,9.9,2013,27.9,20.2,9
280,4.4,232,10,87.6,20131010,0.0,2013-10-10,1.4,0.0,14.4,8.5,2013,26.0,19.8,10
281,3.3,232,10,68.4,20131011,0.0,2013-10-11,3.8,0.0,11.5,8.8,2013,22.8,17.4,11
282,0.0,232,10,65.8,20131012,0.0,2013-10-12,1.9,0.0,7.1,10.9,2013,22.4,14.7,12
283,0.0,232,10,74.6,20131013,0.0,2013-10-13,1.2,0.0,8.6,9.9,2013,24.2,15.2,13
284,0.4,232,10,71.6,20131014,0.0,2013-10-14,1.6,0.0,11.0,9.9,2013,26.0,18.1,14
285,6.9,232,10,80.5,20131015,0.0,2013-10-15,2.5,0.0,9.7,0.2,2013,16.5,13.9,15
286,0.1,232,10,64.6,20131016,0.0,2013-10-16,1.7,0.0,4.9,10.6,2013,17.1,10.6,16
287,3.5,232,10,73.1,20131017,0.0,2013-10-17,1.2,0.0,4.5,10.2,2013,19.7,10.7,17
288,0.6,232,10,73.4,20131018,0.0,2013-10-18,1.3,0.0,4.9,10.3,2013,20.8,11.9,18
289,4.5,232,10,77.0,20131019,0.0,2013-10-19,1.2,0.0,7.8,6.2,2013,20.6,13.9,19
290,0.8,232,10,75.9,20131020,0.0,2013-10-20,1.2,0.0,9.0,10.1,2013,23.2,15.6,20
291,2.6,232,10,78.9,20131021,0.0,2013-10-21,1.2,0.0,9.7,8.2,2013,22.0,14.3,21
292,0.8,232,10,67.5,20131022,0.0,2013-10-22,1.5,0.0,6.5,10.2,2013,21.9,14.6,22
293,0.6,232,10,75.4,20131023,0.0,2013-10-23,1.4,0.0,7.9,9.9,2013,22.3,14.2,23
294,2.1,232,10,67.1,20131024,0.0,2013-10-24,2.3,0.1,7.8,9.4,2013,19.9,13.0,24
295,0.8,232,10,49.5,20131025,0.0,2013-10-25,3.2,0.0,4.1,10.0,2013,14.9,9.9,25
296,0.0,232,10,73.0,20131026,0.0,2013-10-26,1.4,0.0,2.0,9.8,2013,15.8,8.0,26
297,1.1,232,10,74.1,20131027,0.0,2013-10-27,1.2,0.0,1.2,8.8,2013,18.9,9.8,27
298,2.5,232,10,75.9,20131028,0.0,2013-10-28,0.9,0.0,3.3,6.9,2013,18.6,9.4,28
299,6.6,232,10,79.0,20131029,0.0,2013-10-29,1.2,1.5,4.6,5.8,2013,19.7,11.9,29
300,3.1,232,10,78.9,20131030,0.0,2013-10-30,1.5,1.5,5.2,8.5,2013,15.9,10.4,30
301,5.1,232,10,75.9,20131031,0.0,2013-10-31,0.8,0.0,3.7,8.5,2013,20.1,10.3,31
302,4.0,232,11,70.1,20131101,0.0,2013-11-01,1.1,0.0,7.2,8.7,2013,21.9,14.1,1
303,9.0,232,11,90.0,20131102,0.0,2013-11-02,1.4,3.5,8.5,0.0,2013,15.3,12.1,2
304,6.6,232,11,90.8,20131103,0.0,2013-11-03,1.0,0.0,8.4,4.3,2013,17.8,11.3,3
305,3.5,232,11,83.8,20131104,0.0,2013-11-04,1.1,0.2,6.5,7.1,2013,17.5,11.0,4
306,2.8,232,11,81.6,20131105,0.0,2013-11-05,1.0,0.2,4.1,8.5,2013,19.5,10.0,5
307,8.6,232,11,90.3,20131106,0.0,2013-11-06,1.0,0.5,6.4,0.0,2013,15.1,10.7,6
308,2.9,232,11,71.3,20131107,0.0,2013-11-07,2.5,0.1,5.0,8.4,2013,16.6,11.4,7
309,5.1,232,11,60.9,20131108,0.0,2013-11-08,0.9,0.0,1.6,4.2,2013,14.2,8.6,8
310,9.5,232,11,66.0,20131109,0.0,2013-11-09,2.3,10.5,9.2,1.6,2013,17.0,12.4,9
311,4.3,232,11,56.3,20131110,0.0,2013-11-10,4.5,1.5,4.2,8.8,2013,14.1,7.4,10
312,1.6,232,11,42.1,20131111,0.0,2013-11-11,3.2,0.0,0.7,9.6,2013,8.3,4.4,11
313,0.4,232,11,54.9,20131112,0.0,2013-11-12,2.3,0.0,-2.5,9.6,2013,9.8,3.6,12
314,1.8,232,11,65.5,20131113,0.0,2013-11-13,1.0,0.0,-3.4,9.3,2013,11.3,2.9,13
315,8.6,232,11,69.3,20131114,0.0,2013-11-14,1.4,0.0,-1.2,0.2,2013,9.6,5.3,14
316,4.0,232,11,76.9,20131115,0.0,2013-11-15,1.5,0.5,2.5,6.5,2013,14.5,7.8,15
317,4.5,232,11,65.1,20131116,0.0,2013-11-16,1.7,0.2,-0.8,8.1,2013,14.1,7.2,16
318,6.5,232,11,68.1,20131117,0.0,2013-11-17,4.3,5.0,2.1,6.4,2013,9.6,6.5,17
319,7.4,232,11,67.8,20131118,2.0,2013-11-18,3.7,2.2,0.5,3.6,2013,5.8,2.4,18
320,7.1,232,11,66.6,20131119,0.0,2013-11-19,3.5,0.3,0.9,2.1,2013,6.0,2.9,19
321,4.3,232,11,66.9,20131120,0.0,2013-11-20,2.2,0.0,-2.2,7.9,2013,6.9,2.0,20
322,3.5,232,11,73.8,20131121,0.0,2013-11-21,1.4,0.0,-2.5,4.6,2013,8.1,2.3,21
323,1.8,232,11,80.0,20131122,0.0,2013-11-22,1.0,0.0,-3.2,7.8,2013,10.9,3.5,22
324,4.3,232,11,75.8,20131123,0.0,2013-11-23,0.9,0.0,-0.1,7.9,2013,13.8,5.7,23
325,7.6,232,11,76.4,20131124,0.0,2013-11-24,2.5,13.0,1.4,3.9,2013,13.1,7.7,24
326,7.3,232,11,63.1,20131125,0.0,2013-11-25,5.8,5.5,3.4,2.1,2013,12.0,6.7,25
327,3.6,232,11,78.9,20131126,0.0,2013-11-26,1.6,0.4,-2.7,5.4,2013,5.4,1.9,26
328,9.6,232,11,87.9,20131127,12.0,2013-11-27,3.1,14.3,-3.3,0.3,2013,4.5,0.7,27
329,5.8,232,11,84.3,20131128,0.8,2013-11-28,1.2,0.5,-7.4,7.8,2013,0.2,-3.0,28
330,3.0,232,11,84.3,20131129,0.2,2013-11-29,1.2,0.1,-4.3,6.8,2013,5.8,0.3,29
331,3.6,232,11,78.8,20131130,0.0,2013-11-30,1.5,0.0,-2.4,8.5,2013,11.3,4.0,30
332,1.6,232,12,81.8,20131201,0.0,2013-12-01,1.5,0.0,-1.2,7.3,2013,8.9,3.0,1
333,6.3,232,12,72.8,20131202,0.0,2013-12-02,1.3,0.0,-2.6,5.2,2013,9.9,4.4,2
334,3.4,232,12,75.6,20131203,0.0,2013-12-03,1.1,0.0,0.6,6.2,2013,10.8,5.2,3
335,2.5,232,12,86.9,20131204,0.0,2013-12-04,0.9,0.0,-1.6,7.4,2013,11.0,3.4,4
336,7.9,232,12,89.4,20131205,0.0,2013-12-05,1.6,0.0,-1.6,0.0,2013,9.9,4.7,5
337,1.0,232,12,57.8,20131206,0.0,2013-12-06,1.9,0.0,-2.0,8.6,2013,8.5,2.5,6
338,4.9,232,12,68.4,20131207,0.0,2013-12-07,1.2,0.0,0.0,4.0,2013,10.3,4.7,7
339,2.8,232,12,74.5,20131208,0.0,2013-12-08,1.4,0.0,0.9,7.8,2013,12.7,5.8,8
340,9.9,232,12,81.6,20131209,0.0,2013-12-09,3.0,14.0,3.4,0.0,2013,7.5,5.5,9
341,5.3,232,12,70.5,20131210,0.0,2013-12-10,3.0,0.0,-1.5,5.8,2013,5.2,1.7,10
342,9.4,232,12,91.4,20131211,18.2,2013-12-11,2.5,13.8,-2.9,0.2,2013,1.7,-1.0,11
343,6.8,232,12,82.1,20131212,1.0,2013-12-12,2.5,3.5,-10.3,3.7,2013,5.3,-1.7,12
344,3.5,232,12,68.3,20131213,0.7,2013-12-13,2.2,0.2,-8.5,8.0,2013,-1.5,-4.9,13
345,4.8,232,12,79.6,20131214,1.5,2013-12-14,1.7,0.6,-8.6,3.0,2013,3.7,-2.1,14
346,0.4,232,12,65.1,20131215,0.0,2013-12-15,1.4,0.0,-8.5,8.5,2013,1.6,-3.6,15
347,7.5,232,12,68.9,20131216,0.0,2013-12-16,0.9,0.0,-8.6,0.8,2013,0.8,-3.7,16
348,8.9,232,12,70.8,20131217,0.0,2013-12-17,0.7,0.0,-5.2,1.8,2013,3.9,-0.9,17
349,6.6,232,12,78.9,20131218,0.1,2013-12-18,1.4,0.1,-1.9,5.3,2013,9.6,2.3,18
350,8.6,232,12,80.9,20131219,7.2,2013-12-19,3.8,4.7,-4.7,3.9,2013,0.9,-1.7,19
351,8.3,232,12,78.6,20131220,5.2,2013-12-20,1.6,2.1,-6.7,0.0,2013,-0.6,-3.1,20
352,1.3,232,12,80.6,20131221,0.0,2013-12-21,1.4,0.0,-9.1,8.0,2013,1.6,-3.4,21
353,5.8,232,12,77.3,20131222,0.0,2013-12-22,0.7,0.0,-9.3,5.2,2013,4.4,-2.4,22
354,2.8,232,12,70.5,20131223,0.0,2013-12-23,1.8,0.0,-4.7,7.6,2013,3.4,-0.5,23
355,0.0,232,12,73.0,20131224,0.0,2013-12-24,0.9,0.0,-7.7,8.5,2013,5.2,-2.6,24
356,4.9,232,12,72.3,20131225,0.0,2013-12-25,1.1,0.0,-6.8,7.0,2013,5.8,-0.4,25
357,9.4,232,12,82.5,20131226,1.0,2013-12-26,1.9,1.0,-2.7,1.5,2013,5.5,0.6,26
358,1.1,232,12,55.0,20131227,0.0,2013-12-27,4.1,0.0,-5.9,8.0,2013,-1.5,-3.9,27
359,2.9,232,12,67.8,20131228,0.0,2013-12-28,1.9,0.0,-10.0,7.3,2013,-1.1,-5.7,28
360,4.4,232,12,78.4,20131229,0.8,2013-12-29,0.8,0.3,-9.3,5.9,2013,2.9,-3.1,29
361,2.3,232,12,74.5,20131230,0.0,2013-12-30,1.5,0.0,-4.7,6.0,2013,7.6,1.1,30
362,0.5,232,12,68.4,20131231,0.0,2013-12-31,1.9,0.0,-4.4,7.3,2013,8.6,3.0,31
