,cloud,tavg,tmax,wind,month,year,day,station_id,Date,tmin,rainfall,humid,snow,date,sunshine
0,6.4,-6.6,-2.1,0.3,1,2021,1,232,2021-01-01,-13.9,0.0,93.0,0.0,20210101,0.4
1,0.1,-6.2,-0.6,1.0,1,2021,2,232,2021-01-02,-12.3,0.0,71.3,0.0,20210102,8.6
2,4.8,-5.8,-0.2,0.9,1,2021,3,232,2021-01-03,-12.3,0.0,65.1,0.0,20210103,5.9
3,5.6,-4.5,1.2,0.7,1,2021,4,232,2021-01-04,-12.2,0.0,69.9,0.0,20210104,4.3
4,1.9,-4.2,-1.2,1.7,1,2021,5,232,2021-01-05,-10.4,0.2,60.9,0.0,20210105,7.9
5,3.5,-7.0,-2.1,1.2,1,2021,6,232,2021-01-06,-14.0,1.4,67.1,0.0,20210106,8.8
6,3.4,-13.1,-3.7,2.7,1,2021,7,232,2021-01-07,-18.0,0.3,58.9,0.0,20210107,8.8
7,0.1,-14.1,-10.1,1.3,1,2021,8,232,2021-01-08,-19.3,0.0,60.0,0.0,20210108,9.2
8,3.5,-13.4,-7.8,1.1,1,2021,9,232,2021-01-09,-20.5,0.0,72.0,0.0,20210109,7.8
9,2.9,-10.1,-3.1,0.6,1,2021,10,232,2021-01-10,-18.0,0.0,68.8,0.0,20210110,7.5
10,9.5,-8.1,-2.9,0.5,1,2021,11,232,2021-01-11,-13.7,0.0,77.1,0.0,20210111,0.0
11,5.3,-3.9,2.4,1.0,1,2021,12,232,2021-01-12,-11.0,0.1,85.5,0.0,20210112,5.3
12,1.1,2.1,9.1,1.2,1,2021,13,232,2021-01-13,-6.1,0.0,82.3,0.0,20210113,7.6
13,0.1,1.1,9.4,0.9,1,2021,14,232,2021-01-14,-5.3,0.0,62.9,0.0,20210114,8.8
14,9.1,3.6,12.2,1.6,1,2021,15,232,2021-01-15,-2.8,0.0,76.8,0.0,20210115,0.3
15,5.9,-2.7,1.9,2.2,1,2021,16,232,2021-01-16,-5.5,0.0,67.1,0.0,20210116,5.9
16,4.3,-4.7,0.1,1.4,1,2021,17,232,2021-01-17,-11.0,0.0,60.1,0.0,20210117,7.8
17,6.4,-3.1,4.4,1.7,1,2021,18,232,2021-01-18,-7.7,1.2,76.1,0.0,20210118,2.1
18,0.5,-7.2,-0.5,0.9,1,2021,19,232,2021-01-19,-13.9,0.0,55.9,0.0,20210119,9.4
19,3.5,-3.1,6.9,0.6,1,2021,20,232,2021-01-20,-11.7,0.0,60.4,0.0,20210120,9.2
20,7.8,3.8,9.1,0.7,1,2021,21,232,2021-01-21,-3.0,7.9,78.8,0.0,20210121,2.4
21,7.4,6.0,8.8,0.5,1,2021,22,232,2021-01-22,3.8,1.4,99.6,0.0,20210122,0.0
22,8.1,8.3,12.2,2.7,1,2021,23,232,2021-01-23,2.6,0.0,75.3,0.0,20210123,2.0
23,2.6,5.9,12.5,1.4,1,2021,24,232,2021-01-24,-0.4,0.0,72.5,0.0,20210124,9.0
24,6.6,4.9,13.0,1.0,1,2021,25,232,2021-01-25,-0.6,0.0,75.8,0.0,20210125,6.3
25,9.5,4.2,7.3,1.0,1,2021,26,232,2021-01-26,1.4,2.9,95.5,0.0,20210126,0.1
26,6.9,1.9,7.1,1.3,1,2021,27,232,2021-01-27,-2.0,0.0,59.3,0.0,20210127,8.8
27,6.6,-3.0,2.7,2.8,1,2021,28,232,2021-01-28,-7.3,2.4,70.3,0.0,20210128,2.4
28,0.8,-7.7,-3.6,2.0,1,2021,29,232,2021-01-29,-11.0,0.0,53.5,0.0,20210129,9.3
29,5.1,-1.3,7.6,1.5,1,2021,30,232,2021-01-30,-11.7,0.0,67.5,0.0,20210130,5.3
30,3.1,1.3,10.9,1.0,1,2021,31,232,2021-01-31,-6.9,0.0,74.3,0.0,20210131,7.9
31,7.5,5.5,11.5,1.5,2,2021,1,232,2021-02-01,0.9,5.6,84.4,0.0,20210201,3.0
32,0.5,-4.0,1.0,2.3,2,2021,2,232,2021-02-02,-6.0,0.0,53.6,0.0,20210202,9.6
33,3.1,-3.4,3.0,1.2,2,2021,3,232,2021-02-03,-11.7,0.6,67.5,0.0,20210203,9.6
34,0.1,-2.3,1.5,1.5,2,2021,4,232,2021-02-04,-7.0,0.8,52.8,0.0,20210204,9.8
35,5.4,-1.2,7.6,0.7,2,2021,5,232,2021-02-05,-8.4,0.0,73.5,0.0,20210205,6.3
36,4.9,4.0,11.7,0.8,2,2021,6,232,2021-02-06,-4.4,0.0,81.8,0.0,20210206,5.4
37,4.4,4.0,8.7,1.5,2,2021,7,232,2021-02-07,-1.5,0.0,72.6,0.0,20210207,6.6
38,0.0,-2.1,0.8,2.3,2,2021,8,232,2021-02-08,-3.9,0.0,45.6,0.0,20210208,9.8
39,4.4,0.2,8.3,0.8,2,2021,10,232,2021-02-10,-6.7,0.0,0.0,0.0,20210210,0.0
40,7.6,3.9,11.2,0.8,2,2021,11,232,2021-02-11,-1.3,0.0,72.4,0.0,20210211,7.4
41,3.9,4.9,15.3,0.7,2,2021,12,232,2021-02-12,-2.3,0.0,62.6,0.0,20210212,8.8
42,1.1,5.4,16.0,0.6,2,2021,13,232,2021-02-13,-3.5,0.0,60.3,0.0,20210213,9.6
43,9.3,7.8,14.1,0.7,2,2021,14,232,2021-02-14,1.4,0.0,66.5,0.0,20210214,0.6
44,8.1,1.8,7.1,3.5,2,2021,15,232,2021-02-15,-3.5,1.3,73.8,0.0,20210215,4.7
45,3.1,-4.3,-0.2,1.6,2,2021,16,232,2021-02-16,-9.0,0.9,67.4,0.0,20210216,4.7
46,4.8,-7.1,-4.9,3.7,2,2021,17,232,2021-02-17,-8.7,0.0,58.0,0.0,20210217,5.3
47,2.1,-5.2,-0.8,2.3,2,2021,18,232,2021-02-18,-9.3,0.0,55.1,0.0,20210218,9.8
48,0.0,1.1,9.4,1.7,2,2021,19,232,2021-02-19,-9.8,0.0,71.8,0.0,20210219,10.0
49,1.5,7.5,16.2,1.1,2,2021,20,232,2021-02-20,-0.7,0.0,69.1,0.0,20210220,9.4
50,0.0,11.4,22.2,2.0,2,2021,21,232,2021-02-21,1.2,0.0,62.4,0.0,20210221,10.0
51,2.5,6.3,15.1,1.9,2,2021,22,232,2021-02-22,0.8,0.0,65.4,0.0,20210222,10.0
52,2.0,0.4,4.7,1.9,2,2021,23,232,2021-02-23,-3.6,0.0,42.0,0.0,20210223,10.4
53,7.3,2.5,10.6,0.6,2,2021,24,232,2021-02-24,-3.7,0.0,46.4,0.0,20210224,8.3
54,9.5,3.1,8.5,0.6,2,2021,25,232,2021-02-25,-2.9,0.0,59.9,0.0,20210225,0.0
55,5.8,6.8,14.9,2.0,2,2021,26,232,2021-02-26,-2.4,0.0,54.0,0.0,20210226,8.7
56,4.0,7.0,11.7,3.8,2,2021,27,232,2021-02-27,0.0,0.0,53.4,0.0,20210227,9.4
57,6.3,6.6,12.8,1.3,2,2021,28,232,2021-02-28,-2.1,0.0,64.5,0.0,20210228,2.0
58,9.9,7.0,11.0,1.7,3,2021,1,232,2021-03-01,1.4,55.8,98.1,0.0,20210301,0.0
59,5.5,2.3,6.7,1.2,3,2021,2,232,2021-03-02,-1.6,0.2,80.8,0.0,20210302,2.5
60,4.6,2.7,9.3,0.7,3,2021,3,232,2021-03-03,-3.5,0.0,73.3,0.0,20210303,8.4
61,7.4,4.4,10.3,0.9,3,2021,4,232,2021-03-04,-0.7,0.0,80.3,0.0,20210304,0.0
62,3.6,6.6,16.3,1.0,3,2021,5,232,2021-03-05,-2.2,0.0,75.9,0.0,20210305,8.5
63,6.6,6.5,12.4,2.4,3,2021,6,232,2021-03-06,3.2,0.0,75.9,0.0,20210306,2.6
64,7.0,6.1,10.8,1.8,3,2021,7,232,2021-03-07,2.9,0.0,70.0,0.0,20210307,2.0
65,2.0,5.4,13.6,0.8,3,2021,8,232,2021-03-08,-1.8,0.0,72.8,0.0,20210308,10.2
66,6.1,5.0,12.3,1.2,3,2021,9,232,2021-03-09,-1.3,0.0,63.6,0.0,20210309,7.5
67,0.0,6.6,16.6,0.8,3,2021,10,232,2021-03-10,-2.2,0.0,64.4,0.0,20210310,10.4
68,7.8,8.3,17.2,1.0,3,2021,11,232,2021-03-11,-0.8,0.0,60.1,0.0,20210311,7.1
69,8.3,7.8,9.5,1.0,3,2021,12,232,2021-03-12,5.5,3.8,89.9,0.0,20210312,0.0
70,2.9,7.2,14.8,1.2,3,2021,13,232,2021-03-13,0.4,0.0,76.0,0.0,20210313,9.3
71,4.0,7.7,14.2,1.1,3,2021,14,232,2021-03-14,1.0,0.0,76.0,0.0,20210314,8.3
72,7.4,10.2,18.2,1.1,3,2021,15,232,2021-03-15,0.9,0.0,64.6,0.0,20210315,6.7
73,3.0,8.4,13.2,2.3,3,2021,16,232,2021-03-16,1.5,0.2,58.8,0.0,20210316,10.5
74,0.8,7.4,18.0,1.0,3,2021,17,232,2021-03-17,-2.1,0.0,59.3,0.0,20210317,10.7
75,3.4,9.9,19.1,1.1,3,2021,18,232,2021-03-18,0.6,0.0,58.6,0.0,20210318,9.0
76,5.9,13.4,18.1,2.6,3,2021,19,232,2021-03-19,9.7,0.0,51.4,0.0,20210319,8.1
77,9.1,8.3,12.0,1.5,3,2021,20,232,2021-03-20,6.2,3.7,88.5,0.0,20210320,0.1
78,7.1,5.7,9.4,3.1,3,2021,21,232,2021-03-21,3.6,0.0,71.6,0.0,20210321,2.4
79,1.4,5.9,12.4,0.0,3,2021,22,232,2021-03-22,-0.8,0.0,55.1,0.0,20210322,10.2
80,1.3,7.6,17.6,2.1,3,2021,23,232,2021-03-23,-1.8,0.0,61.8,0.0,20210323,9.7
81,4.8,8.8,17.7,1.2,3,2021,24,232,2021-03-24,-0.6,0.0,62.6,0.0,20210324,8.2
82,2.6,11.2,19.9,1.3,3,2021,25,232,2021-03-25,3.4,0.0,68.5,0.0,20210325,10.9
83,6.9,11.3,22.2,0.8,3,2021,26,232,2021-03-26,2.3,0.0,57.8,0.0,20210326,8.2
84,9.8,11.2,15.5,1.6,3,2021,27,232,2021-03-27,4.7,11.1,80.1,0.0,20210327,0.1
85,9.4,10.4,14.5,2.2,3,2021,28,232,2021-03-28,9.0,0.5,93.5,0.0,20210328,0.0
86,4.9,11.1,16.8,2.1,3,2021,29,232,2021-03-29,7.4,0.0,57.9,0.0,20210329,8.5
87,1.0,10.1,18.7,1.4,3,2021,30,232,2021-03-30,1.6,0.0,48.8,0.0,20210330,11.4
88,3.6,12.2,23.2,0.9,3,2021,31,232,2021-03-31,0.2,0.0,46.9,0.0,20210331,11.0
89,6.1,14.4,20.8,3.9,4,2021,1,232,2021-04-01,6.0,0.0,41.1,0.0,20210401,7.9
90,9.0,17.0,21.4,3.1,4,2021,2,232,2021-04-02,12.4,0.0,44.9,0.0,20210402,3.6
91,0.0,15.6,17.6,1.5,4,2021,3,232,2021-04-03,13.3,35.0,83.8,0.0,20210403,0.0
92,0.0,11.0,13.4,2.6,4,2021,4,232,2021-04-04,7.0,2.8,79.5,0.0,20210404,0.1
93,1.6,10.1,17.5,1.3,4,2021,5,232,2021-04-05,1.9,0.0,53.9,0.0,20210405,12.0
94,2.7,11.6,19.3,1.5,4,2021,6,232,2021-04-06,4.1,0.0,54.3,0.0,20210406,9.8
95,0.9,12.3,21.2,1.3,4,2021,7,232,2021-04-07,3.4,0.0,50.9,0.0,20210407,11.8
96,0.0,11.4,18.0,1.6,4,2021,8,232,2021-04-08,2.9,0.0,48.6,0.0,20210408,11.8
97,3.7,11.1,19.0,1.9,4,2021,9,232,2021-04-09,1.6,0.0,54.3,0.0,20210409,9.7
98,1.0,10.7,18.2,1.4,4,2021,10,232,2021-04-10,3.1,0.0,60.9,0.0,20210410,10.9
99,3.0,13.0,21.7,0.9,4,2021,11,232,2021-04-11,2.9,0.0,58.4,0.0,20210411,11.2
100,9.4,12.6,16.2,1.9,4,2021,12,232,2021-04-12,9.9,9.9,76.5,0.0,20210412,0.0
101,7.4,10.3,15.3,3.0,4,2021,13,232,2021-04-13,5.0,0.4,77.5,0.0,20210413,6.5
102,0.8,8.0,14.7,1.9,4,2021,14,232,2021-04-14,1.2,0.0,55.6,0.0,20210414,12.1
103,5.0,9.3,18.1,1.1,4,2021,15,232,2021-04-15,0.0,0.0,57.4,0.0,20210415,11.5
104,7.9,10.0,14.9,1.2,4,2021,16,232,2021-04-16,5.0,0.0,73.9,0.0,20210416,1.0
105,2.4,8.5,15.3,2.1,4,2021,17,232,2021-04-17,1.1,0.0,59.8,0.0,20210417,7.8
106,3.4,9.8,15.0,2.2,4,2021,18,232,2021-04-18,4.9,0.0,62.0,0.0,20210418,10.2
107,1.1,11.2,20.6,1.5,4,2021,19,232,2021-04-19,0.2,0.0,64.8,0.0,20210419,12.1
108,3.5,13.4,23.4,1.2,4,2021,20,232,2021-04-20,2.9,0.0,56.9,0.0,20210420,11.0
109,5.9,18.1,28.7,1.0,4,2021,21,232,2021-04-21,5.7,0.0,46.4,0.0,20210421,10.8
110,9.4,20.5,28.7,1.9,4,2021,22,232,2021-04-22,14.5,0.0,39.3,0.0,20210422,3.9
111,9.4,18.3,21.9,3.2,4,2021,23,232,2021-04-23,14.9,0.0,33.6,0.0,20210423,0.1
112,6.4,16.8,23.0,1.9,4,2021,24,232,2021-04-24,10.6,0.0,43.5,0.0,20210424,3.4
113,0.8,16.2,23.7,1.7,4,2021,25,232,2021-04-25,7.6,0.0,57.9,0.0,20210425,11.5
114,5.4,15.1,22.0,1.4,4,2021,26,232,2021-04-26,5.9,0.0,47.5,0.0,20210426,11.8
115,9.4,14.8,19.9,1.0,4,2021,27,232,2021-04-27,8.9,0.0,62.3,0.0,20210427,0.2
116,6.6,14.5,20.4,1.2,4,2021,28,232,2021-04-28,10.3,1.1,75.8,0.0,20210428,2.3
117,9.3,14.0,19.9,1.5,4,2021,29,232,2021-04-29,9.0,2.0,68.0,0.0,20210429,5.0
118,9.1,11.4,16.1,2.4,4,2021,30,232,2021-04-30,8.9,3.5,82.4,0.0,20210430,1.9
119,7.8,10.1,12.9,2.2,5,2021,1,232,2021-05-01,8.5,2.9,84.5,0.0,20210501,0.6
120,4.1,11.5,18.0,1.5,5,2021,2,232,2021-05-02,6.6,1.9,74.8,0.0,20210502,8.9
121,3.1,12.6,21.9,1.0,5,2021,3,232,2021-05-03,3.3,0.0,69.5,0.0,20210503,11.4
122,9.9,15.3,20.8,1.4,5,2021,4,232,2021-05-04,9.3,9.1,81.5,0.0,20210504,0.4
123,2.6,13.5,19.0,2.7,5,2021,5,232,2021-05-05,5.8,0.5,65.3,0.0,20210505,11.9
124,5.8,13.3,22.8,1.1,5,2021,6,232,2021-05-06,3.0,0.0,58.3,0.0,20210506,8.6
125,4.8,12.8,18.7,2.1,5,2021,7,232,2021-05-07,7.4,3.7,70.3,0.0,20210507,7.1
126,0.9,14.2,22.6,2.5,5,2021,8,232,2021-05-08,4.9,0.0,67.9,0.0,20210508,9.7
127,0.4,14.6,21.7,1.9,5,2021,9,232,2021-05-09,6.4,0.0,56.3,0.0,20210509,12.9
128,7.4,11.0,13.0,1.1,5,2021,10,232,2021-05-10,7.4,20.0,94.1,0.0,20210510,0.0
129,6.8,16.6,22.1,2.9,5,2021,11,232,2021-05-11,11.9,2.3,63.3,0.0,20210511,6.8
130,3.1,18.2,25.7,1.8,5,2021,12,232,2021-05-12,9.9,0.0,54.5,0.0,20210512,12.0
131,1.5,20.0,28.4,0.8,5,2021,13,232,2021-05-13,11.1,0.0,67.0,0.0,20210513,12.7
132,7.0,21.9,29.7,1.0,5,2021,14,232,2021-05-14,13.1,0.0,70.4,0.0,20210514,9.6
133,9.4,21.2,25.0,1.0,5,2021,15,232,2021-05-15,18.2,4.9,92.9,0.0,20210515,0.5
134,9.4,20.6,22.3,1.1,5,2021,16,232,2021-05-16,16.4,27.7,99.0,0.0,20210516,0.0
135,9.6,15.8,16.6,0.9,5,2021,17,232,2021-05-17,14.5,5.8,98.8,0.0,20210517,0.0
136,6.0,17.3,23.6,0.9,5,2021,18,232,2021-05-18,13.2,0.0,83.0,0.0,20210518,6.5
137,4.8,18.4,26.6,1.0,5,2021,19,232,2021-05-19,10.3,0.0,70.3,0.0,20210519,10.5
138,8.6,16.2,20.5,1.5,5,2021,20,232,2021-05-20,14.5,9.1,88.6,0.0,20210520,0.0
139,6.4,14.3,15.7,1.9,5,2021,21,232,2021-05-21,12.6,7.4,98.8,0.0,20210521,0.0
140,2.1,16.6,23.6,1.1,5,2021,22,232,2021-05-22,11.6,0.0,78.5,0.0,20210522,9.7
141,6.9,18.2,25.0,0.8,5,2021,23,232,2021-05-23,10.4,0.0,73.9,0.0,20210523,6.5
142,4.9,17.6,23.8,1.2,5,2021,24,232,2021-05-24,11.9,0.0,70.8,0.0,20210524,8.1
143,3.8,14.3,20.3,2.0,5,2021,25,232,2021-05-25,9.5,3.6,74.4,0.0,20210525,6.8
144,9.1,15.2,23.0,1.1,5,2021,26,232,2021-05-26,8.2,0.0,74.1,0.0,20210526,2.5
145,5.9,15.0,19.2,1.2,5,2021,27,232,2021-05-27,10.3,3.1,89.1,0.0,20210527,2.9
146,8.3,13.6,17.7,1.7,5,2021,28,232,2021-05-28,9.4,26.0,94.5,0.0,20210528,1.2
147,4.4,16.2,23.5,1.5,5,2021,29,232,2021-05-29,9.9,0.0,73.4,0.0,20210529,8.6
148,3.9,18.3,26.6,1.1,5,2021,30,232,2021-05-30,9.1,4.4,75.1,0.0,20210530,11.9
149,5.8,18.9,23.9,1.0,5,2021,31,232,2021-05-31,15.6,3.5,81.4,0.0,20210531,2.4
150,7.8,20.3,26.4,1.2,6,2021,1,232,2021-06-01,14.9,0.0,75.6,0.0,20210601,6.5
151,4.8,22.4,29.2,0.9,6,2021,2,232,2021-06-02,14.1,0.0,66.9,0.0,20210602,9.9
152,9.1,17.6,20.5,0.9,6,2021,3,232,2021-06-03,14.2,18.7,94.9,0.0,20210603,0.4
153,2.5,18.0,24.7,1.6,6,2021,4,232,2021-06-04,11.9,0.1,71.1,0.0,20210604,10.7
154,3.4,19.4,26.1,1.5,6,2021,5,232,2021-06-05,13.0,0.0,77.4,0.0,20210605,8.0
155,2.6,20.5,26.6,1.1,6,2021,6,232,2021-06-06,14.7,0.0,76.9,0.0,20210606,7.0
156,6.5,20.2,26.6,0.6,6,2021,7,232,2021-06-07,13.6,0.0,74.3,0.0,20210607,5.3
157,7.6,22.8,29.1,0.7,6,2021,8,232,2021-06-08,16.1,0.0,73.1,0.0,20210608,7.8
158,4.1,24.2,32.0,0.7,6,2021,9,232,2021-06-09,17.1,0.0,71.8,0.0,20210609,11.6
159,8.8,23.6,28.9,1.6,6,2021,10,232,2021-06-10,18.8,2.0,73.3,0.0,20210610,4.1
160,5.9,22.0,27.6,1.2,6,2021,11,232,2021-06-11,18.5,8.2,86.6,0.0,20210611,3.8
161,4.5,23.0,30.4,0.9,6,2021,12,232,2021-06-12,17.1,0.0,80.3,0.0,20210612,8.8
162,2.8,23.4,29.8,1.0,6,2021,13,232,2021-06-13,19.4,0.0,81.6,0.0,20210613,8.3
163,8.0,23.1,29.0,0.9,6,2021,14,232,2021-06-14,17.5,0.0,83.6,0.0,20210614,4.1
164,7.9,22.4,24.8,2.2,6,2021,15,232,2021-06-15,20.3,0.0,80.3,0.0,20210615,0.9
165,5.6,23.3,27.1,2.5,6,2021,16,232,2021-06-16,20.0,0.0,66.6,0.0,20210616,8.0
166,9.9,21.1,23.4,1.4,6,2021,17,232,2021-06-17,19.0,0.0,80.1,0.0,20210617,0.8
167,8.1,20.4,22.9,0.9,6,2021,18,232,2021-06-18,18.8,1.9,95.0,0.0,20210618,0.3
168,3.3,21.8,28.1,0.8,6,2021,19,232,2021-06-19,17.0,0.0,77.6,0.0,20210619,10.3
169,3.6,22.6,29.6,1.6,6,2021,20,232,2021-06-20,15.7,0.0,73.1,0.0,20210620,11.0
170,2.4,22.7,29.0,1.2,6,2021,21,232,2021-06-21,17.4,0.0,69.3,0.0,20210621,10.9
171,6.8,20.8,27.4,1.1,6,2021,22,232,2021-06-22,15.7,1.6,79.8,0.0,20210622,3.6
172,6.1,19.4,22.5,1.6,6,2021,23,232,2021-06-23,16.8,2.0,91.9,0.0,20210623,0.3
173,4.8,21.7,27.1,0.9,6,2021,24,232,2021-06-24,16.5,0.0,81.3,0.0,20210624,8.4
174,4.8,23.1,29.3,1.0,6,2021,25,232,2021-06-25,17.1,0.0,75.3,0.0,20210625,10.0
175,6.8,21.1,26.0,1.2,6,2021,26,232,2021-06-26,18.5,8.1,88.0,0.0,20210626,4.2
176,6.3,23.4,28.6,1.0,6,2021,27,232,2021-06-27,17.1,0.0,76.6,0.0,20210627,7.1
177,7.5,22.7,28.0,1.5,6,2021,28,232,2021-06-28,19.1,2.2,81.9,0.0,20210628,4.4
178,5.3,22.9,28.2,1.0,6,2021,29,232,2021-06-29,17.4,0.0,82.1,0.0,20210629,6.4
179,6.4,23.4,28.8,0.8,6,2021,30,232,2021-06-30,19.4,0.0,82.8,0.0,20210630,4.6
180,3.4,25.1,31.2,0.9,7,2021,1,232,2021-07-01,18.9,0.0,76.9,0.0,20210701,10.4
181,4.5,25.2,30.2,1.7,7,2021,2,232,2021-07-02,19.9,0.0,71.9,0.0,20210702,6.9
182,9.2,22.5,25.7,3.4,7,2021,3,232,2021-07-03,20.5,27.5,85.8,0.0,20210703,0.1
183,7.8,22.5,24.0,2.0,7,2021,4,232,2021-07-04,20.7,5.5,92.4,0.0,20210704,0.0
184,9.6,22.5,26.2,0.8,7,2021,5,232,2021-07-05,19.7,0.8,88.1,0.0,20210705,0.9
185,9.1,23.4,27.0,0.9,7,2021,6,232,2021-07-06,20.0,5.9,90.8,0.0,20210706,1.7
186,9.4,24.7,27.2,0.7,7,2021,7,232,2021-07-07,21.9,43.4,94.6,0.0,20210707,0.7
187,7.0,25.1,30.0,1.0,7,2021,8,232,2021-07-08,22.1,31.3,87.0,0.0,20210708,5.6
188,6.9,24.5,29.5,0.5,7,2021,9,232,2021-07-09,21.1,0.3,88.1,0.0,20210709,2.0
189,6.4,25.1,29.5,1.0,7,2021,10,232,2021-07-10,21.4,0.2,88.1,0.0,20210710,3.9
190,7.3,25.1,29.3,1.2,7,2021,11,232,2021-07-11,22.5,2.1,91.9,0.0,20210711,1.7
191,4.9,26.2,32.3,0.7,7,2021,12,232,2021-07-12,21.2,0.0,86.4,0.0,20210712,5.4
192,5.5,27.4,32.0,0.8,7,2021,13,232,2021-07-13,22.7,0.0,83.0,0.0,20210713,5.9
193,6.6,27.5,31.7,1.2,7,2021,14,232,2021-07-14,22.9,0.0,83.5,0.0,20210714,8.5
194,4.4,27.2,33.3,1.1,7,2021,15,232,2021-07-15,22.6,0.0,77.3,0.0,20210715,7.9
195,5.6,25.9,32.7,1.3,7,2021,16,232,2021-07-16,21.1,0.5,83.1,0.0,20210716,8.7
196,6.4,25.5,30.1,1.7,7,2021,17,232,2021-07-17,20.5,0.1,81.9,0.0,20210717,7.7
197,6.0,26.7,31.8,1.6,7,2021,18,232,2021-07-18,21.5,0.0,76.3,0.0,20210718,8.8
198,7.8,26.2,31.7,1.1,7,2021,19,232,2021-07-19,22.4,0.0,81.5,0.0,20210719,5.3
199,8.5,26.5,30.5,0.7,7,2021,20,232,2021-07-20,22.7,0.0,86.9,0.0,20210720,2.0
200,4.9,27.7,33.8,1.6,7,2021,21,232,2021-07-21,21.6,0.0,72.0,0.0,20210721,12.6
201,4.6,27.1,33.6,1.4,7,2021,22,232,2021-07-22,21.0,0.0,77.1,0.0,20210722,12.1
202,3.4,27.7,34.1,1.6,7,2021,23,232,2021-07-23,21.7,0.0,73.5,0.0,20210723,13.1
203,5.3,28.0,33.7,1.3,7,2021,24,232,2021-07-24,22.9,0.0,73.9,0.0,20210724,10.1
204,6.4,27.8,33.2,2.1,7,2021,25,232,2021-07-25,22.8,0.0,72.8,0.0,20210725,9.9
205,1.3,28.1,33.4,2.3,7,2021,26,232,2021-07-26,24.0,0.0,68.8,0.0,20210726,12.6
206,1.9,28.1,34.2,1.3,7,2021,27,232,2021-07-27,21.6,0.0,70.6,0.0,20210727,12.9
207,4.0,28.6,34.2,1.2,7,2021,28,232,2021-07-28,23.6,0.0,70.5,0.0,20210728,12.4
208,6.5,27.7,33.4,0.9,7,2021,29,232,2021-07-29,22.7,0.0,75.8,0.0,20210729,7.3
209,6.0,28.9,34.6,1.2,7,2021,30,232,2021-07-30,23.8,0.0,69.8,0.0,20210730,11.1
210,6.0,28.4,33.9,1.2,7,2021,31,232,2021-07-31,24.8,0.0,78.0,0.0,20210731,7.7
211,8.5,25.8,30.7,0.8,8,2021,1,232,2021-08-01,23.0,18.2,89.5,0.0,20210801,0.7
212,8.3,25.2,27.8,0.7,8,2021,2,232,2021-08-02,23.3,6.7,94.5,0.0,20210802,1.3
213,7.7,26.5,30.5,1.0,8,2021,3,232,2021-08-03,23.7,1.6,89.3,0.0,20210803,2.0
214,4.7,27.5,32.4,0.9,8,2021,4,232,2021-08-04,23.2,0.0,79.3,0.0,20210804,10.5
215,4.8,28.0,33.6,0.8,8,2021,5,232,2021-08-05,23.2,0.0,76.3,0.0,20210805,11.0
216,6.9,27.4,33.8,1.2,8,2021,6,232,2021-08-06,23.2,0.0,76.5,0.0,20210806,9.2
217,5.4,26.3,32.2,1.0,8,2021,7,232,2021-08-07,21.4,0.0,77.4,0.0,20210807,8.7
218,9.1,25.2,29.6,1.3,8,2021,8,232,2021-08-08,21.8,0.0,87.8,0.0,20210808,1.0
219,5.4,26.7,32.3,1.3,8,2021,9,232,2021-08-09,20.9,0.0,70.5,0.0,20210809,8.6
220,5.0,24.7,29.3,1.5,8,2021,10,232,2021-08-10,21.4,16.2,85.1,0.0,20210810,7.0
221,4.0,25.7,31.5,0.8,8,2021,11,232,2021-08-11,20.8,0.0,80.5,0.0,20210811,7.8
222,8.9,25.2,30.5,1.0,8,2021,12,232,2021-08-12,20.7,2.9,82.4,0.0,20210812,3.6
223,9.4,24.3,28.0,0.9,8,2021,13,232,2021-08-13,20.6,0.0,88.4,0.0,20210813,0.7
224,8.6,24.6,28.3,1.5,8,2021,14,232,2021-08-14,22.3,0.0,80.0,0.0,20210814,3.1
225,4.5,25.1,30.6,1.5,8,2021,15,232,2021-08-15,19.4,0.0,72.4,0.0,20210815,11.0
226,3.8,24.6,28.9,2.0,8,2021,16,232,2021-08-16,19.7,0.0,72.1,0.0,20210816,8.6
227,7.2,23.6,28.6,2.3,8,2021,17,232,2021-08-17,19.7,0.9,74.3,0.0,20210817,5.8
228,7.9,22.8,29.2,1.4,8,2021,18,232,2021-08-18,19.3,4.9,82.4,0.0,20210818,5.0
229,7.8,23.1,29.0,1.0,8,2021,19,232,2021-08-19,18.5,0.0,81.0,0.0,20210819,7.1
230,5.3,24.3,30.2,1.3,8,2021,20,232,2021-08-20,19.3,5.3,81.1,0.0,20210820,9.1
231,7.5,23.1,27.8,1.9,8,2021,21,232,2021-08-21,21.2,24.9,94.6,0.0,20210821,0.6
232,8.8,23.6,27.2,1.1,8,2021,22,232,2021-08-22,20.3,0.0,87.6,0.0,20210822,0.5
233,10.0,21.4,23.8,1.4,8,2021,23,232,2021-08-23,20.3,68.4,99.0,0.0,20210823,0.0
234,8.6,24.0,28.1,1.9,8,2021,24,232,2021-08-24,21.0,8.2,92.9,0.0,20210824,0.6
235,7.0,22.6,23.9,0.6,8,2021,25,232,2021-08-25,21.8,25.1,99.0,0.0,20210825,0.0
236,9.0,24.1,28.0,0.6,8,2021,26,232,2021-08-26,21.3,0.0,93.4,0.0,20210826,0.3
237,9.0,21.0,24.5,0.5,8,2021,27,232,2021-08-27,18.2,17.8,99.0,0.0,20210827,0.0
238,7.9,21.6,25.5,0.4,8,2021,28,232,2021-08-28,18.0,0.0,92.8,0.0,20210828,1.6
239,7.9,21.4,26.9,0.9,8,2021,29,232,2021-08-29,17.8,21.8,88.1,0.0,20210829,5.5
240,8.4,21.5,25.0,0.2,8,2021,30,232,2021-08-30,18.8,0.0,95.6,0.0,20210830,0.0
241,8.6,21.4,24.0,1.2,8,2021,31,232,2021-08-31,19.5,7.1,92.1,0.0,20210831,0.0
242,9.0,22.0,23.7,1.6,9,2021,1,232,2021-09-01,21.0,117.1,96.6,0.0,20210901,0.1
243,6.4,22.5,25.2,1.9,9,2021,2,232,2021-09-02,19.9,0.0,82.8,0.0,20210902,1.8
244,4.9,22.5,28.0,1.4,9,2021,3,232,2021-09-03,18.3,0.0,79.4,0.0,20210903,8.7
245,6.9,21.4,26.8,1.6,9,2021,4,232,2021-09-04,16.6,0.0,78.4,0.0,20210904,9.3
246,8.9,20.6,24.8,1.7,9,2021,5,232,2021-09-05,16.3,1.4,83.6,0.0,20210905,1.2
247,9.9,20.2,24.7,2.7,9,2021,6,232,2021-09-06,17.0,37.5,86.6,0.0,20210906,0.4
248,9.8,20.3,22.8,1.4,9,2021,7,232,2021-09-07,18.2,5.1,99.0,0.0,20210907,0.0
249,4.0,21.0,26.4,1.2,9,2021,8,232,2021-09-08,16.8,2.5,86.8,0.0,20210908,6.5
250,5.1,20.2,27.6,0.7,9,2021,9,232,2021-09-09,15.3,0.0,84.9,0.0,20210909,7.0
251,7.3,21.7,27.6,0.7,9,2021,10,232,2021-09-10,17.3,0.0,88.5,0.0,20210910,3.1
252,1.9,22.4,28.8,0.6,9,2021,11,232,2021-09-11,18.2,0.0,84.4,0.0,20210911,8.3
253,4.4,22.1,28.9,0.7,9,2021,12,232,2021-09-12,17.6,0.0,86.0,0.0,20210912,7.2
254,8.0,22.7,28.9,2.2,9,2021,13,232,2021-09-13,18.3,0.0,77.1,0.0,20210913,8.5
255,5.9,21.5,25.9,2.6,9,2021,14,232,2021-09-14,17.6,0.0,71.0,0.0,20210914,4.3
256,1.4,21.4,28.1,2.7,9,2021,15,232,2021-09-15,15.4,0.0,70.4,0.0,20210915,10.0
257,5.5,21.2,26.1,2.7,9,2021,16,232,2021-09-16,14.9,0.0,71.4,0.0,20210916,9.3
258,6.9,19.1,21.5,2.2,9,2021,17,232,2021-09-17,15.5,10.4,93.3,0.0,20210917,0.0
259,2.0,19.9,27.2,0.7,9,2021,18,232,2021-09-18,13.2,0.0,82.1,0.0,20210918,10.5
260,4.4,21.1,27.8,1.0,9,2021,19,232,2021-09-19,16.1,0.0,79.5,0.0,20210919,10.3
261,2.9,21.8,26.2,2.7,9,2021,20,232,2021-09-20,15.5,0.0,74.4,0.0,20210920,10.9
262,6.4,21.9,25.8,1.6,9,2021,21,232,2021-09-21,19.5,44.6,89.8,0.0,20210921,2.2
263,4.9,20.3,26.0,1.8,9,2021,22,232,2021-09-22,17.2,10.3,85.5,0.0,20210922,6.8
264,3.9,19.0,25.0,1.1,9,2021,23,232,2021-09-23,13.7,0.0,80.0,0.0,20210923,7.6
265,1.5,19.3,26.0,1.2,9,2021,24,232,2021-09-24,12.9,0.0,80.1,0.0,20210924,10.3
266,7.6,19.7,23.4,1.7,9,2021,25,232,2021-09-25,15.5,0.0,83.1,0.0,20210925,1.5
267,8.8,20.5,25.1,1.5,9,2021,26,232,2021-09-26,16.5,0.0,79.5,0.0,20210926,3.5
268,8.6,20.5,25.6,1.6,9,2021,27,232,2021-09-27,17.1,0.0,78.0,0.0,20210927,4.2
269,7.0,20.6,24.1,1.5,9,2021,28,232,2021-09-28,18.2,0.3,85.3,0.0,20210928,0.3
270,9.5,20.2,22.5,0.7,9,2021,29,232,2021-09-29,18.5,21.6,98.6,0.0,20210929,0.0
271,2.1,20.2,27.1,0.8,9,2021,30,232,2021-09-30,16.1,0.0,85.6,0.0,20210930,9.0
272,3.9,19.9,27.1,1.2,10,2021,1,232,2021-10-01,15.1,11.9,83.5,0.0,20211001,8.5
273,2.4,19.0,26.1,0.7,10,2021,2,232,2021-10-02,14.1,1.6,86.1,0.0,20211002,9.4
274,5.7,19.9,28.7,0.9,10,2021,3,232,2021-10-03,14.8,0.0,82.1,0.0,20211003,8.2
275,6.4,21.0,27.7,1.2,10,2021,4,232,2021-10-04,14.8,0.0,85.6,0.0,20211004,3.3
276,4.9,22.0,28.1,0.9,10,2021,5,232,2021-10-05,16.8,0.0,82.9,0.0,20211005,8.3
277,6.8,20.5,24.4,1.3,10,2021,6,232,2021-10-06,17.3,0.9,93.3,0.0,20211006,4.1
278,7.1,19.1,21.2,0.6,10,2021,7,232,2021-10-07,17.1,13.4,98.3,0.0,20211007,0.0
279,9.8,19.4,21.5,0.5,10,2021,8,232,2021-10-08,17.7,1.5,96.8,0.0,20211008,0.0
280,7.9,21.3,26.7,1.3,10,2021,9,232,2021-10-09,18.6,0.1,90.1,0.0,20211009,3.4
281,6.0,20.8,27.0,1.2,10,2021,10,232,2021-10-10,15.8,4.6,90.5,0.0,20211010,2.6
282,9.1,16.0,18.4,1.1,10,2021,11,232,2021-10-11,13.2,2.8,85.1,0.0,20211011,0.6
283,7.5,16.3,17.0,2.4,10,2021,12,232,2021-10-12,15.6,1.0,89.3,0.0,20211012,0.0
284,3.9,18.0,23.5,1.6,10,2021,13,232,2021-10-13,14.1,0.0,81.8,0.0,20211013,5.2
285,2.9,18.0,24.3,0.9,10,2021,14,232,2021-10-14,13.1,0.0,83.4,0.0,20211014,9.6
286,9.6,17.5,20.6,0.4,10,2021,15,232,2021-10-15,15.1,3.1,96.4,0.0,20211015,0.1
287,9.5,11.4,17.0,1.7,10,2021,16,232,2021-10-16,5.2,3.4,60.4,0.0,20211016,0.9
288,0.0,4.7,10.6,1.3,10,2021,17,232,2021-10-17,0.3,0.0,57.5,0.0,20211017,10.6
289,3.3,7.7,16.5,0.8,10,2021,18,232,2021-10-18,-1.2,0.0,75.9,0.0,20211018,10.1
290,4.0,9.8,16.0,1.1,10,2021,19,232,2021-10-19,4.4,5.0,83.5,0.0,20211019,5.2
291,0.8,7.5,15.4,0.7,10,2021,20,232,2021-10-20,1.2,0.0,79.6,0.0,20211020,10.2
292,3.3,7.7,15.6,0.5,10,2021,21,232,2021-10-21,1.0,0.0,81.9,0.0,20211021,0.0
293,1.0,8.1,16.5,1.2,10,2021,22,232,2021-10-22,1.2,0.0,78.3,0.0,20211022,9.3
294,1.3,8.7,18.2,0.4,10,2021,23,232,2021-10-23,1.6,0.0,78.0,0.0,20211023,9.8
295,2.8,8.9,17.8,0.5,10,2021,24,232,2021-10-24,1.8,0.0,80.0,0.0,20211024,9.8
296,1.9,9.0,17.6,0.8,10,2021,25,232,2021-10-25,2.5,0.0,82.0,0.0,20211025,9.4
297,4.9,9.8,18.5,0.4,10,2021,26,232,2021-10-26,2.7,0.0,84.8,0.0,20211026,9.3
298,2.6,10.5,18.3,1.2,10,2021,27,232,2021-10-27,4.5,0.0,79.1,0.0,20211027,7.8
299,0.0,9.2,19.0,0.3,10,2021,28,232,2021-10-28,1.8,0.0,76.1,0.0,20211028,9.8
300,2.6,10.9,19.3,0.8,10,2021,29,232,2021-10-29,4.2,0.0,76.9,0.0,20211029,9.6
301,6.6,10.5,17.4,0.3,10,2021,30,232,2021-10-30,6.3,0.0,85.0,0.0,20211030,1.6
302,3.8,10.7,19.7,0.2,10,2021,31,232,2021-10-31,4.2,0.2,89.4,0.0,20211031,5.5
303,5.0,10.8,17.9,1.0,11,2021,1,232,2021-11-01,6.9,0.0,85.5,0.0,20211101,4.6
304,6.1,10.5,16.9,0.7,11,2021,2,232,2021-11-02,6.2,0.0,81.5,0.0,20211102,6.8
305,3.4,9.5,17.1,0.6,11,2021,3,232,2021-11-03,2.8,0.0,83.1,0.0,20211103,8.4
306,3.6,11.3,18.3,0.6,11,2021,4,232,2021-11-04,6.2,0.1,85.9,0.0,20211104,5.8
307,5.0,10.1,19.5,0.5,11,2021,5,232,2021-11-05,4.9,0.0,83.3,0.0,20211105,5.8
308,2.6,11.4,20.2,0.7,11,2021,6,232,2021-11-06,4.3,0.0,74.5,0.0,20211106,9.2
309,5.1,13.5,21.1,2.1,11,2021,7,232,2021-11-07,4.6,0.0,68.6,0.0,20211107,7.6
310,7.0,9.8,16.0,2.3,11,2021,8,232,2021-11-08,5.9,16.9,83.3,0.0,20211108,0.1
311,7.1,6.6,10.7,1.6,11,2021,9,232,2021-11-09,4.6,3.9,91.1,0.0,20211109,1.6
312,5.9,4.1,6.2,0.5,11,2021,10,232,2021-11-10,0.2,6.0,97.1,0.0,20211110,0.0
313,4.6,5.4,10.1,1.0,11,2021,11,232,2021-11-11,0.8,2.5,80.3,0.0,20211111,3.2
314,0.0,4.4,8.5,0.9,11,2021,12,232,2021-11-12,0.7,1.0,79.8,0.0,20211112,5.7
315,1.4,5.3,13.4,0.4,11,2021,13,232,2021-11-13,-1.8,0.0,86.0,0.0,20211113,7.1
316,3.3,8.5,17.2,0.8,11,2021,14,232,2021-11-14,2.9,0.0,81.6,0.0,20211114,6.1
317,4.6,7.1,15.5,0.4,11,2021,15,232,2021-11-15,1.5,0.0,81.8,0.0,20211115,5.8
318,0.8,6.2,14.7,0.7,11,2021,16,232,2021-11-16,0.9,0.0,73.3,0.0,20211116,8.9
319,2.8,5.5,13.5,0.6,11,2021,17,232,2021-11-17,-1.1,0.0,73.9,0.0,20211117,9.0
320,5.5,8.5,17.4,0.8,11,2021,18,232,2021-11-18,1.4,0.0,84.3,0.0,20211118,4.6
321,7.3,10.2,17.5,0.4,11,2021,19,232,2021-11-19,3.3,0.0,90.8,0.0,20211119,3.1
322,6.5,9.1,16.1,0.4,11,2021,20,232,2021-11-20,4.4,0.0,91.4,0.0,20211120,4.1
323,8.6,8.9,15.0,0.3,11,2021,21,232,2021-11-21,4.0,0.3,88.1,0.0,20211121,0.7
324,7.1,3.8,10.6,1.9,11,2021,22,232,2021-11-22,0.2,8.7,86.4,0.0,20211122,1.9
325,5.8,0.2,1.8,0.7,11,2021,23,232,2021-11-23,-3.6,1.7,87.6,0.0,20211123,2.5
326,4.0,3.5,11.2,1.0,11,2021,24,232,2021-11-24,-0.6,0.0,79.8,0.0,20211124,4.2
327,0.6,5.1,12.7,1.0,11,2021,25,232,2021-11-25,-0.1,0.3,78.3,0.0,20211125,8.4
328,1.6,3.0,9.8,0.9,11,2021,26,232,2021-11-26,-3.2,0.0,70.3,0.0,20211126,8.6
329,0.0,1.7,9.8,0.4,11,2021,27,232,2021-11-27,-3.9,0.0,73.1,0.0,20211127,9.2
330,3.8,2.6,12.3,0.3,11,2021,28,232,2021-11-28,-5.1,0.0,73.1,0.0,20211128,7.2
331,6.6,4.1,12.3,0.5,11,2021,29,232,2021-11-29,-2.7,0.0,82.3,0.0,20211129,6.4
332,9.1,5.3,9.4,2.4,11,2021,30,232,2021-11-30,2.0,26.5,89.9,0.0,20211130,0.0
333,0.6,0.3,2.8,3.0,12,2021,1,232,2021-12-01,-2.9,0.0,51.3,0.0,20211201,8.8
334,3.4,0.7,6.6,0.7,12,2021,2,232,2021-12-02,-7.1,0.0,72.5,0.0,20211202,6.3
335,2.1,2.8,6.1,1.6,12,2021,3,232,2021-12-03,0.1,2.0,66.0,0.0,20211203,7.9
336,1.6,-0.5,5.4,0.5,12,2021,4,232,2021-12-04,-5.4,0.0,77.3,0.0,20211204,4.4
337,0.3,0.4,9.1,0.3,12,2021,5,232,2021-12-05,-5.6,0.0,78.0,0.0,20211205,9.1
338,3.8,2.6,12.5,0.3,12,2021,6,232,2021-12-06,-4.2,0.0,76.9,0.0,20211206,7.9
339,0.3,3.9,12.4,0.5,12,2021,7,232,2021-12-07,-2.0,0.0,81.4,0.0,20211207,8.5
340,1.4,3.8,12.9,0.3,12,2021,8,232,2021-12-08,-2.4,0.0,84.0,0.0,20211208,8.5
341,6.0,3.8,10.2,0.4,12,2021,9,232,2021-12-09,-2.1,0.0,87.0,0.0,20211209,1.7
342,7.5,0.0,0.0,0.3,12,2021,10,232,2021-12-10,0.0,0.9,98.9,0.0,20211210,0.0
343,8.6,6.1,10.0,0.6,12,2021,11,232,2021-12-11,2.2,0.0,89.0,0.0,20211211,0.4
344,2.6,2.7,7.0,1.8,12,2021,12,232,2021-12-12,-3.1,0.0,64.0,0.0,20211212,5.6
345,0.8,-2.4,2.1,1.2,12,2021,13,232,2021-12-13,-6.8,0.0,49.8,0.0,20211213,9.0
346,6.8,2.2,6.8,0.9,12,2021,14,232,2021-12-14,-5.4,0.3,75.8,0.0,20211214,1.4
347,6.8,5.0,9.8,0.2,12,2021,15,232,2021-12-15,1.7,0.9,98.5,0.0,20211215,0.6
348,9.3,4.8,10.7,0.5,12,2021,16,232,2021-12-16,1.4,0.0,85.6,0.0,20211216,2.8
349,3.8,-3.3,5.9,3.2,12,2021,17,232,2021-12-17,-8.7,0.0,56.1,0.0,20211217,4.2
350,3.0,-4.8,0.4,0.9,12,2021,18,232,2021-12-18,-12.1,0.0,64.9,0.0,20211218,6.5
351,1.6,-0.6,4.6,0.9,12,2021,19,232,2021-12-19,-5.0,1.3,77.4,0.0,20211219,8.6
352,2.8,3.6,11.2,0.7,12,2021,20,232,2021-12-20,-4.2,0.0,84.3,0.0,20211220,3.0
353,5.1,3.7,12.0,0.8,12,2021,21,232,2021-12-21,-1.0,0.0,83.6,0.0,20211221,5.4
354,0.0,0.4,9.1,0.5,12,2021,22,232,2021-12-22,-5.4,0.0,66.6,0.0,20211222,8.9
355,1.9,0.4,9.2,0.4,12,2021,23,232,2021-12-23,-6.0,0.0,72.8,0.0,20211223,8.4
356,7.6,0.0,6.0,1.2,12,2021,24,232,2021-12-24,-4.6,0.0,77.5,0.0,20211224,1.0
357,0.0,-8.8,-4.6,2.5,12,2021,25,232,2021-12-25,-12.3,0.0,49.9,0.0,20211225,8.7
358,0.0,-9.8,-5.2,1.8,12,2021,26,232,2021-12-26,-13.7,0.0,46.8,0.0,20211226,8.9
359,2.5,-7.2,-1.2,0.6,12,2021,27,232,2021-12-27,-14.9,0.0,71.5,0.0,20211227,4.8
360,7.3,-3.0,1.7,0.6,12,2021,28,232,2021-12-28,-8.0,0.0,88.0,0.0,20211228,0.0
361,6.1,1.1,7.3,1.5,12,2021,29,232,2021-12-29,-5.2,0.0,76.0,0.0,20211229,1.6
362,1.8,-2.1,1.2,1.9,12,2021,30,232,2021-12-30,-4.0,0.0,61.4,0.0,20211230,6.0
363,0.0,-5.1,-1.8,2.0,12,2021,31,232,2021-12-31,-9.2,0.0,44.0,0.0,20211231,9.1
