,sunshine,station_id,day,humid,tmin,date,wind,snow,Date,tavg,cloud,year,tmax,month,rainfall
0,0.0,232,1,84.1,-3.9,20060101,0.6,0.0,2006-01-01,0.5,0.0,2006,3.4,1,0.2
1,2.8,232,2,78.6,-1.2,20060102,1.6,0.0,2006-01-02,0.7,0.0,2006,3.5,1,0.0
2,8.0,232,3,48.8,-5.5,20060103,2.8,0.0,2006-01-03,-1.7,0.0,2006,1.5,1,0.0
3,0.0,232,4,47.5,-7.4,20060104,3.1,0.0,2006-01-04,-4.6,0.0,2006,-2.2,1,0.0
4,8.6,232,5,56.4,-11.8,20060105,1.8,0.0,2006-01-05,-7.6,0.0,2006,-2.9,1,0.0
5,5.5,232,6,55.5,-10.5,20060106,2.4,0.0,2006-01-06,-6.3,0.0,2006,-2.9,1,0.0
6,8.6,232,7,58.3,-13.6,20060107,1.9,0.0,2006-01-07,-8.0,0.0,2006,-2.0,1,0.0
7,7.9,232,8,65.5,-13.5,20060108,0.8,0.0,2006-01-08,-5.9,0.0,2006,1.5,1,0.0
8,6.4,232,9,65.9,-8.0,20060109,1.2,0.0,2006-01-09,-0.9,0.0,2006,5.5,1,0.0
9,6.1,232,10,76.3,-5.8,20060110,1.2,0.0,2006-01-10,-1.3,0.0,2006,5.0,1,0.0
10,5.4,232,11,72.3,-8.8,20060111,0.6,0.0,2006-01-11,-3.5,0.0,2006,4.8,1,0.0
11,2.1,232,12,60.0,-8.1,20060112,1.8,0.0,2006-01-12,0.4,0.0,2006,6.3,1,7.5
12,0.0,232,13,89.6,2.7,20060113,2.0,0.0,2006-01-13,4.6,0.0,2006,6.5,1,14.0
13,0.0,232,14,90.3,0.3,20060114,1.5,0.0,2006-01-14,2.4,0.0,2006,5.1,1,0.0
14,2.7,232,15,83.9,-1.3,20060115,1.0,0.0,2006-01-15,2.5,0.0,2006,8.0,1,0.5
15,0.0,232,16,85.1,-2.7,20060116,0.8,0.0,2006-01-16,-0.3,0.0,2006,2.7,1,0.0
16,4.3,232,17,73.3,-3.4,20060117,1.1,0.0,2006-01-17,0.5,0.0,2006,5.8,1,0.0
17,3.5,232,18,72.4,-3.2,20060118,1.4,0.0,2006-01-18,-0.2,0.0,2006,4.0,1,0.0
18,5.7,232,19,68.9,-4.4,20060119,1.3,0.0,2006-01-19,1.7,0.0,2006,7.5,1,0.0
19,3.1,232,20,65.1,-0.8,20060120,1.5,0.0,2006-01-20,2.5,0.0,2006,8.3,1,0.0
20,7.9,232,21,69.6,-3.9,20060121,1.5,0.0,2006-01-21,-0.3,0.0,2006,4.6,1,0.0
21,9.1,232,22,53.6,-5.4,20060122,3.8,0.0,2006-01-22,-2.5,0.0,2006,0.1,1,0.0
22,9.2,232,23,62.6,-10.1,20060123,1.5,0.0,2006-01-23,-4.8,0.0,2006,0.6,1,0.0
23,9.3,232,24,63.4,-10.0,20060124,1.2,0.0,2006-01-24,-4.1,0.0,2006,2.0,1,0.0
24,7.7,232,25,68.6,-8.8,20060125,1.0,0.0,2006-01-25,-2.2,0.0,2006,4.0,1,0.0
25,6.9,232,26,73.9,-4.0,20060126,1.2,0.0,2006-01-26,0.1,0.0,2006,5.0,1,0.0
26,6.8,232,27,73.9,-4.0,20060127,1.2,0.0,2006-01-27,0.1,0.0,2006,5.0,1,0.0
27,7.8,232,28,66.1,-7.0,20060128,1.0,0.0,2006-01-28,-0.7,0.0,2006,8.5,1,0.0
28,5.9,232,29,61.0,-4.8,20060129,2.0,0.0,2006-01-29,4.5,0.0,2006,12.3,1,0.0
29,0.0,232,30,80.3,2.9,20060130,1.5,0.0,2006-01-30,4.7,0.0,2006,6.8,1,0.0
30,0.0,232,31,88.8,0.5,20060131,0.9,0.0,2006-01-31,2.8,0.0,2006,5.6,1,3.0
31,3.2,232,1,73.8,-2.4,20060201,3.4,0.0,2006-02-01,1.1,0.0,2006,3.7,2,1.5
32,7.4,232,2,59.1,-6.0,20060202,3.0,0.0,2006-02-02,-1.2,0.0,2006,3.0,2,0.0
33,9.2,232,3,50.5,-12.1,20060203,4.2,0.0,2006-02-03,-10.0,0.0,2006,-3.7,2,0.0
34,9.6,232,4,62.8,-13.8,20060204,2.2,0.0,2006-02-04,-9.2,0.0,2006,-3.9,2,0.0
35,5.1,232,5,52.5,-11.8,20060205,0.8,0.0,2006-02-05,-5.0,0.0,2006,-0.3,2,0.0
36,5.1,232,6,73.8,-4.3,20060206,0.9,0.6,2006-02-06,-0.8,0.0,2006,5.0,2,0.5
37,0.0,232,7,84.6,-2.9,20060207,3.4,11.0,2006-02-07,-0.3,0.0,2006,1.5,2,5.0
38,4.5,232,8,63.8,-8.8,20060208,4.8,1.5,2006-02-08,-5.7,0.0,2006,-2.9,2,0.8
39,7.6,232,9,64.6,-15.6,20060209,1.5,0.0,2006-02-09,-5.0,0.0,2006,1.1,2,0.0
40,2.6,232,10,73.1,-4.9,20060210,1.6,0.0,2006-02-10,-0.2,0.0,2006,4.6,2,0.0
41,6.0,232,11,64.3,-1.5,20060211,1.9,0.0,2006-02-11,1.6,0.0,2006,5.5,2,0.0
42,9.9,232,12,50.5,-7.0,20060212,2.3,0.0,2006-02-12,-1.8,0.0,2006,3.2,2,0.0
43,9.7,232,13,54.1,-6.6,20060213,1.7,0.0,2006-02-13,3.0,0.0,2006,12.3,2,0.0
44,0.0,232,14,88.3,3.7,20060214,1.6,0.0,2006-02-14,5.8,0.0,2006,8.5,2,9.5
45,0.0,232,15,87.3,2.5,20060215,1.0,0.0,2006-02-15,3.6,0.0,2006,5.1,2,0.7
46,3.5,232,16,70.6,-3.2,20060216,2.9,0.0,2006-02-16,1.8,0.0,2006,7.0,2,0.0
47,10.0,232,17,46.4,-7.0,20060217,3.6,0.0,2006-02-17,-4.6,0.0,2006,-1.2,2,0.0
48,6.9,232,18,61.6,-7.6,20060218,1.7,0.0,2006-02-18,-1.2,0.0,2006,5.6,2,0.0
49,5.8,232,19,66.1,-3.7,20060219,1.0,0.0,2006-02-19,1.9,0.0,2006,9.6,2,0.0
50,8.5,232,20,72.9,-2.9,20060220,1.0,0.0,2006-02-20,2.9,0.0,2006,10.1,2,0.0
51,6.4,232,21,69.1,-4.0,20060221,1.2,0.0,2006-02-21,3.2,0.0,2006,11.6,2,0.0
52,4.2,232,22,69.9,-1.2,20060222,2.5,0.0,2006-02-22,2.4,0.0,2006,7.0,2,0.5
53,9.5,232,23,51.6,-6.0,20060223,1.5,0.0,2006-02-23,0.3,0.0,2006,8.1,2,0.0
54,10.3,232,24,57.3,-4.9,20060224,0.7,0.0,2006-02-24,2.3,0.0,2006,12.1,2,0.0
55,2.2,232,25,55.4,-2.7,20060225,1.6,0.0,2006-02-25,4.9,0.0,2006,11.1,2,0.0
56,6.7,232,26,59.9,-3.0,20060226,4.3,0.0,2006-02-26,1.0,0.0,2006,4.5,2,0.0
57,7.5,232,27,48.8,-6.9,20060227,1.8,0.0,2006-02-27,-1.5,0.0,2006,3.4,2,0.0
58,0.0,232,28,64.0,-1.5,20060228,1.4,0.0,2006-02-28,2.7,0.0,2006,6.1,2,0.0
59,6.1,232,1,66.9,-1.2,20060301,3.6,0.4,2006-03-01,0.8,0.0,2006,3.7,3,0.4
60,5.8,232,2,61.6,-2.7,20060302,3.6,0.5,2006-03-02,-0.5,0.0,2006,2.7,3,0.2
61,10.3,232,3,64.5,-8.1,20060303,1.8,0.0,2006-03-03,-1.2,0.0,2006,5.5,3,0.0
62,7.4,232,4,52.3,-6.9,20060304,2.4,0.0,2006-03-04,3.7,0.0,2006,11.3,3,0.0
63,8.9,232,5,60.3,0.0,20060305,2.0,0.0,2006-03-05,8.8,0.0,2006,16.2,3,0.0
64,6.3,232,6,69.6,-2.5,20060306,1.7,0.0,2006-03-06,5.4,0.0,2006,13.8,3,0.0
65,8.2,232,7,64.6,-4.8,20060307,1.8,0.0,2006-03-07,4.8,0.0,2006,13.8,3,0.0
66,4.7,232,8,65.0,-1.2,20060308,1.4,0.0,2006-03-08,4.2,0.0,2006,10.8,3,0.0
67,0.6,232,9,62.0,-1.2,20060309,1.7,0.0,2006-03-09,7.1,0.0,2006,15.6,3,0.0
68,7.0,232,10,65.4,0.5,20060310,2.3,0.0,2006-03-10,9.2,0.0,2006,17.2,3,0.0
69,0.0,232,11,72.6,1.7,20060311,2.6,0.0,2006-03-11,6.7,0.0,2006,10.0,3,0.2
70,7.8,232,12,42.4,-6.0,20060312,6.0,0.0,2006-03-12,-3.0,0.0,2006,1.7,3,0.0
71,3.2,232,13,65.5,-9.5,20060313,2.7,2.3,2006-03-13,-2.9,0.0,2006,2.2,3,1.7
72,10.5,232,14,55.9,-5.1,20060314,2.8,0.0,2006-03-14,-0.2,0.0,2006,6.0,3,0.0
73,8.1,232,15,54.4,-4.4,20060315,2.0,0.0,2006-03-15,4.6,0.0,2006,12.6,3,0.0
74,0.0,232,16,80.4,-0.6,20060316,1.8,0.0,2006-03-16,3.3,0.0,2006,6.0,3,2.0
75,7.5,232,17,73.3,-2.5,20060317,1.0,0.0,2006-03-17,6.2,0.0,2006,16.8,3,0.0
76,3.0,232,18,65.9,2.2,20060318,2.6,0.0,2006-03-18,7.1,0.0,2006,13.6,3,0.1
77,11.2,232,19,36.8,-3.2,20060319,3.8,0.0,2006-03-19,2.8,0.0,2006,7.9,3,0.0
78,0.6,232,20,52.3,-6.1,20060320,1.2,0.0,2006-03-20,3.7,0.0,2006,11.1,3,0.0
79,10.3,232,21,44.8,-0.4,20060321,1.1,0.0,2006-03-21,8.6,0.0,2006,17.2,3,0.0
80,6.5,232,22,47.0,1.3,20060322,2.4,0.0,2006-03-22,10.4,0.0,2006,19.2,3,0.0
81,10.5,232,23,49.3,0.2,20060323,4.5,0.0,2006-03-23,5.6,0.0,2006,10.0,3,0.0
82,10.9,232,24,49.8,-5.5,20060324,1.3,0.0,2006-03-24,4.1,0.0,2006,13.1,3,0.0
83,9.7,232,25,32.9,2.7,20060325,4.4,0.0,2006-03-25,10.5,0.0,2006,17.6,3,0.0
84,10.4,232,26,31.1,-0.4,20060326,2.6,0.0,2006-03-26,6.1,0.0,2006,13.3,3,0.0
85,9.3,232,27,42.1,-3.5,20060327,2.0,0.0,2006-03-27,6.0,0.0,2006,15.3,3,0.0
86,3.1,232,28,61.8,0.3,20060328,5.0,0.0,2006-03-28,2.6,0.0,2006,5.5,3,1.5
87,9.2,232,29,48.8,-3.9,20060329,3.4,0.0,2006-03-29,4.7,0.0,2006,9.6,3,0.0
88,11.4,232,30,44.8,-3.4,20060330,3.9,0.0,2006-03-30,3.6,0.0,2006,8.3,3,0.0
89,9.3,232,31,45.0,-5.8,20060331,1.3,0.0,2006-03-31,5.7,0.0,2006,16.2,3,0.0
90,0.0,232,1,66.3,0.6,20060401,2.3,0.0,2006-04-01,10.3,0.0,2006,13.3,4,14.0
91,3.0,232,2,77.6,0.6,20060402,3.2,0.0,2006-04-02,7.1,0.0,2006,12.3,4,1.0
92,8.5,232,3,64.4,0.8,20060403,2.0,0.0,2006-04-03,11.2,0.0,2006,20.2,4,0.0
93,0.0,232,4,79.4,6.8,20060404,1.5,0.0,2006-04-04,9.5,0.0,2006,12.1,4,3.5
94,9.3,232,5,61.8,4.5,20060405,3.0,0.0,2006-04-05,9.8,0.0,2006,15.6,4,0.5
95,1.0,232,6,59.9,-0.8,20060406,1.4,0.0,2006-04-06,8.2,0.0,2006,14.8,4,0.0
96,5.2,232,7,59.8,7.4,20060407,3.0,0.0,2006-04-07,11.8,0.0,2006,17.2,4,0.0
97,0.5,232,8,46.3,4.9,20060408,2.4,0.0,2006-04-08,9.8,0.0,2006,15.5,4,0.5
98,5.0,232,9,49.6,7.5,20060409,2.9,0.0,2006-04-09,13.9,0.0,2006,20.7,4,2.0
99,0.1,232,10,77.1,11.3,20060410,3.9,0.0,2006-04-10,13.4,0.0,2006,15.8,4,31.5
100,0.0,232,11,74.6,10.8,20060411,1.7,0.0,2006-04-11,13.3,0.0,2006,18.1,4,1.5
101,9.6,232,12,68.9,5.5,20060412,2.0,0.0,2006-04-12,12.3,0.0,2006,20.3,4,0.0
102,0.0,232,13,78.0,4.5,20060413,1.7,0.0,2006-04-13,7.6,0.0,2006,9.8,4,0.0
103,9.7,232,14,48.0,3.2,20060414,1.7,0.0,2006-04-14,10.4,0.0,2006,17.3,4,0.0
104,2.7,232,15,44.3,2.7,20060415,1.4,0.0,2006-04-15,7.9,0.0,2006,15.3,4,0.0
105,12.3,232,16,46.4,1.5,20060416,4.5,0.0,2006-04-16,6.4,0.0,2006,11.1,4,0.0
106,2.9,232,17,43.4,-0.6,20060417,2.6,0.0,2006-04-17,10.1,0.0,2006,17.7,4,0.0
107,5.6,232,18,38.0,9.0,20060418,3.7,0.0,2006-04-18,17.2,0.0,2006,23.3,4,0.0
108,0.6,232,19,73.1,5.8,20060419,4.8,0.0,2006-04-19,10.4,0.0,2006,17.1,4,21.0
109,1.5,232,20,65.1,3.5,20060420,6.8,0.0,2006-04-20,6.9,0.0,2006,9.6,4,2.0
110,12.0,232,21,55.0,4.9,20060421,3.4,0.0,2006-04-21,9.8,0.0,2006,17.2,4,0.0
111,5.1,232,22,54.3,3.5,20060422,1.6,0.0,2006-04-22,10.0,0.0,2006,17.3,4,0.0
112,5.1,232,23,72.3,3.0,20060423,2.7,0.0,2006-04-23,8.4,0.0,2006,18.0,4,0.5
113,10.1,232,24,53.4,1.3,20060424,3.0,0.0,2006-04-24,9.5,0.0,2006,16.3,4,0.0
114,10.6,232,25,41.0,3.2,20060425,2.4,0.0,2006-04-25,10.2,0.0,2006,17.3,4,0.0
115,0.5,232,26,52.9,6.0,20060426,1.6,0.0,2006-04-26,11.0,0.0,2006,16.2,4,0.0
116,6.1,232,27,67.3,6.4,20060427,2.1,0.0,2006-04-27,11.4,0.0,2006,17.5,4,0.5
117,9.8,232,28,56.5,2.7,20060428,1.5,0.0,2006-04-28,11.4,0.0,2006,20.2,4,0.0
118,8.4,232,29,56.8,7.1,20060429,2.2,0.0,2006-04-29,14.0,0.0,2006,19.6,4,0.1
119,2.0,232,30,60.3,13.0,20060430,3.3,0.0,2006-04-30,18.0,0.0,2006,23.1,4,0.0
120,6.9,232,1,59.0,10.0,20060501,1.5,0.0,2006-05-01,16.8,0.0,2006,24.7,5,0.0
121,12.1,232,2,38.4,7.1,20060502,3.2,0.0,2006-05-02,16.8,0.0,2006,23.7,5,0.0
122,11.4,232,3,48.1,8.8,20060503,2.4,0.0,2006-05-03,14.6,0.0,2006,22.6,5,0.0
123,8.9,232,4,56.0,7.0,20060504,2.0,0.0,2006-05-04,16.9,0.0,2006,26.7,5,0.0
124,0.4,232,5,60.3,14.1,20060505,2.5,0.0,2006-05-05,20.7,0.0,2006,26.7,5,1.5
125,0.0,232,6,87.1,15.3,20060506,2.2,0.0,2006-05-06,16.8,0.0,2006,18.2,5,33.0
126,7.0,232,7,68.9,14.1,20060507,1.2,0.0,2006-05-07,19.3,0.0,2006,25.0,5,0.0
127,12.0,232,8,62.5,14.6,20060508,2.7,0.0,2006-05-08,18.4,0.0,2006,22.5,5,0.0
128,10.4,232,9,61.4,12.3,20060509,2.5,0.0,2006-05-09,19.5,0.0,2006,26.5,5,0.0
129,0.3,232,10,82.3,15.0,20060510,1.8,0.0,2006-05-10,16.8,0.0,2006,20.2,5,4.5
130,3.1,232,11,70.3,11.1,20060511,1.4,0.0,2006-05-11,16.0,0.0,2006,22.8,5,0.0
131,0.0,232,12,52.0,12.6,20060512,1.7,0.0,2006-05-12,15.5,0.0,2006,19.3,5,0.0
132,8.9,232,13,58.9,7.8,20060513,2.5,0.0,2006-05-13,14.2,0.0,2006,19.1,5,0.0
133,12.2,232,14,59.9,8.1,20060514,2.0,0.0,2006-05-14,14.7,0.0,2006,21.7,5,0.0
134,11.9,232,15,56.6,8.3,20060515,1.5,0.0,2006-05-15,17.1,0.0,2006,25.7,5,0.0
135,11.4,232,16,54.0,10.1,20060516,1.7,0.0,2006-05-16,17.6,0.0,2006,25.2,5,0.0
136,5.4,232,17,52.0,10.0,20060517,1.2,0.0,2006-05-17,17.7,0.0,2006,25.5,5,0.0
137,3.0,232,18,61.5,12.3,20060518,0.9,0.0,2006-05-18,18.6,0.0,2006,24.1,5,0.0
138,0.2,232,19,75.8,12.8,20060519,1.5,0.0,2006-05-19,16.1,0.0,2006,19.7,5,6.5
139,8.9,232,20,70.0,10.5,20060520,1.5,0.0,2006-05-20,17.9,0.0,2006,25.2,5,0.0
140,9.2,232,21,59.0,14.6,20060521,2.2,0.0,2006-05-21,22.2,0.0,2006,29.3,5,0.0
141,0.1,232,22,77.5,15.3,20060522,3.2,0.0,2006-05-22,19.9,0.0,2006,23.3,5,7.5
142,4.9,232,23,77.5,12.8,20060523,1.9,0.0,2006-05-23,16.6,0.0,2006,22.8,5,1.0
143,4.6,232,24,69.3,14.3,20060524,1.1,0.0,2006-05-24,18.0,0.0,2006,24.5,5,0.0
144,0.7,232,25,58.6,15.3,20060525,2.1,0.0,2006-05-25,18.2,0.0,2006,21.7,5,0.0
145,10.7,232,26,51.9,15.3,20060526,2.2,0.0,2006-05-26,20.8,0.0,2006,26.1,5,0.0
146,0.6,232,27,76.1,15.1,20060527,2.7,0.0,2006-05-27,17.7,0.0,2006,21.2,5,25.0
147,3.4,232,28,68.9,15.1,20060528,1.8,0.0,2006-05-28,18.1,0.0,2006,22.3,5,0.0
148,8.0,232,29,69.0,13.0,20060529,1.5,0.0,2006-05-29,18.7,0.0,2006,24.1,5,0.0
149,12.7,232,30,62.0,13.3,20060530,1.6,0.0,2006-05-30,19.9,0.0,2006,27.6,5,0.0
150,11.4,232,31,58.6,13.0,20060531,1.2,0.0,2006-05-31,20.2,0.0,2006,27.2,5,0.0
151,8.1,232,1,59.9,13.6,20060601,1.3,0.0,2006-06-01,20.0,0.0,2006,26.7,6,0.0
152,9.1,232,2,58.5,14.6,20060602,1.0,0.0,2006-06-02,22.9,0.0,2006,30.3,6,0.0
153,11.4,232,3,53.8,15.3,20060603,2.3,0.0,2006-06-03,20.6,0.0,2006,27.7,6,0.0
154,6.7,232,4,65.3,15.5,20060604,1.7,0.0,2006-06-04,19.1,0.0,2006,25.6,6,0.0
155,10.4,232,5,64.6,12.8,20060605,1.4,0.0,2006-06-05,19.0,0.0,2006,26.1,6,0.0
156,9.2,232,6,66.3,14.1,20060606,1.5,0.0,2006-06-06,19.8,0.0,2006,27.7,6,0.0
157,4.3,232,7,62.4,14.8,20060607,0.8,0.0,2006-06-07,20.8,0.0,2006,27.3,6,0.0
158,1.3,232,8,65.8,16.5,20060608,1.6,0.0,2006-06-08,19.6,0.0,2006,24.2,6,0.0
159,9.2,232,9,58.0,14.5,20060609,1.7,0.0,2006-06-09,20.6,0.0,2006,26.2,6,0.0
160,0.2,232,10,70.0,14.3,20060610,3.0,0.0,2006-06-10,16.9,0.0,2006,20.7,6,18.5
161,5.4,232,11,68.0,14.3,20060611,2.6,0.0,2006-06-11,17.6,0.0,2006,22.1,6,0.0
162,12.7,232,12,64.8,12.1,20060612,1.3,0.0,2006-06-12,19.9,0.0,2006,27.2,6,0.0
163,10.8,232,13,61.6,15.5,20060613,1.5,0.0,2006-06-13,21.9,0.0,2006,28.8,6,0.0
164,0.0,232,14,78.5,16.1,20060614,2.1,0.0,2006-06-14,17.8,0.0,2006,19.3,6,43.5
165,8.1,232,15,72.1,15.6,20060615,3.1,0.0,2006-06-15,18.6,0.0,2006,22.7,6,0.5
166,10.0,232,16,58.6,15.1,20060616,2.3,0.0,2006-06-16,20.9,0.0,2006,28.3,6,0.0
167,10.2,232,17,62.4,13.8,20060617,2.0,0.0,2006-06-17,20.6,0.0,2006,26.8,6,0.0
168,8.4,232,18,69.4,15.1,20060618,1.4,0.0,2006-06-18,20.4,0.0,2006,27.0,6,0.0
169,8.9,232,19,66.8,16.0,20060619,1.3,0.0,2006-06-19,21.5,0.0,2006,27.6,6,0.0
170,3.9,232,20,66.3,16.0,20060620,1.5,0.0,2006-06-20,21.4,0.0,2006,28.2,6,0.0
171,0.0,232,21,82.3,18.5,20060621,1.3,0.0,2006-06-21,19.5,0.0,2006,21.1,6,15.0
172,5.2,232,22,73.3,18.5,20060622,1.0,0.0,2006-06-22,21.7,0.0,2006,26.7,6,1.5
173,4.2,232,23,72.0,17.0,20060623,1.2,0.0,2006-06-23,22.5,0.0,2006,29.5,6,0.0
174,9.0,232,24,71.1,17.7,20060624,1.4,0.0,2006-06-24,22.7,0.0,2006,29.3,6,0.0
175,1.0,232,25,73.6,18.5,20060625,2.0,0.0,2006-06-25,20.9,0.0,2006,24.2,6,7.5
176,0.2,232,26,81.3,18.3,20060626,1.8,0.0,2006-06-26,20.5,0.0,2006,23.8,6,1.0
177,2.4,232,27,73.8,18.7,20060627,1.3,0.0,2006-06-27,22.2,0.0,2006,26.8,6,0.0
178,5.5,232,28,73.5,20.2,20060628,1.1,0.0,2006-06-28,23.4,0.0,2006,28.7,6,0.0
179,5.7,232,29,70.3,19.3,20060629,1.8,0.0,2006-06-29,24.5,0.0,2006,30.2,6,15.5
180,0.4,232,30,77.1,21.7,20060630,2.1,0.0,2006-06-30,23.5,0.0,2006,27.2,6,17.0
181,0.0,232,1,82.5,20.3,20060701,1.2,0.0,2006-07-01,21.8,0.0,2006,23.8,7,12.5
182,5.3,232,2,73.5,19.2,20060702,1.4,0.0,2006-07-02,22.5,0.0,2006,27.1,7,0.0
183,7.6,232,3,71.8,18.2,20060703,0.9,0.0,2006-07-03,23.0,0.0,2006,29.2,7,0.0
184,0.0,232,4,82.4,20.3,20060704,2.1,0.0,2006-07-04,21.5,0.0,2006,22.7,7,12.0
185,0.0,232,5,73.3,19.2,20060705,1.7,0.0,2006-07-05,21.4,0.0,2006,25.2,7,1.0
186,0.0,232,6,83.1,17.7,20060706,1.9,0.0,2006-07-06,19.0,0.0,2006,20.5,7,16.0
187,4.0,232,7,78.9,18.2,20060707,1.8,0.0,2006-07-07,21.3,0.0,2006,26.3,7,3.5
188,0.3,232,8,74.0,18.7,20060708,1.4,0.0,2006-07-08,23.3,0.0,2006,27.2,7,0.0
189,2.1,232,9,78.0,21.0,20060709,1.9,0.0,2006-07-09,22.9,0.0,2006,25.5,7,8.5
190,0.0,232,10,76.4,21.2,20060710,4.4,0.0,2006-07-10,22.8,0.0,2006,25.2,7,11.5
191,0.2,232,11,78.5,19.7,20060711,1.5,0.0,2006-07-11,23.0,0.0,2006,26.5,7,2.5
192,0.2,232,12,80.4,22.2,20060712,1.9,0.0,2006-07-12,24.9,0.0,2006,28.8,7,47.0
193,1.1,232,13,81.4,23.7,20060713,1.2,0.0,2006-07-13,25.7,0.0,2006,30.0,7,5.5
194,5.2,232,14,75.4,23.3,20060714,1.5,0.0,2006-07-14,26.9,0.0,2006,30.7,7,0.5
195,1.1,232,15,78.5,23.7,20060715,2.1,0.0,2006-07-15,26.0,0.0,2006,29.0,7,2.5
196,0.0,232,16,85.4,18.2,20060716,1.5,0.0,2006-07-16,20.5,0.0,2006,26.2,7,137.5
197,0.0,232,17,87.1,17.6,20060717,1.6,0.0,2006-07-17,18.5,0.0,2006,20.7,7,43.5
198,0.0,232,18,88.4,17.8,20060718,1.3,0.0,2006-07-18,18.9,0.0,2006,20.2,7,33.5
199,0.0,232,19,80.5,18.2,20060719,1.9,0.0,2006-07-19,19.9,0.0,2006,22.0,7,2.5
200,0.2,232,20,83.5,17.7,20060720,1.6,0.0,2006-07-20,18.9,0.0,2006,21.3,7,5.0
201,1.6,232,21,79.1,18.0,20060721,1.3,0.0,2006-07-21,21.6,0.0,2006,27.1,7,1.5
202,8.5,232,22,72.1,17.2,20060722,2.1,0.0,2006-07-22,22.5,0.0,2006,28.2,7,0.0
203,2.8,232,23,76.0,16.6,20060723,0.9,0.0,2006-07-23,21.2,0.0,2006,26.6,7,0.1
204,0.0,232,24,81.5,18.3,20060724,0.7,0.0,2006-07-24,20.8,0.0,2006,23.8,7,0.0
205,2.6,232,25,73.0,18.0,20060725,0.9,0.0,2006-07-25,22.7,0.0,2006,28.3,7,1.5
206,0.0,232,26,85.8,19.8,20060726,1.7,0.0,2006-07-26,20.6,0.0,2006,21.7,7,34.5
207,0.1,232,27,82.5,20.1,20060727,2.0,0.0,2006-07-27,23.0,0.0,2006,27.3,7,14.5
208,0.1,232,28,87.8,20.7,20060728,1.7,0.0,2006-07-28,22.1,0.0,2006,25.5,7,136.5
209,0.9,232,29,83.4,21.8,20060729,0.9,0.0,2006-07-29,24.4,0.0,2006,29.1,7,1.5
210,1.9,232,30,78.3,23.1,20060730,1.2,0.0,2006-07-30,25.7,0.0,2006,30.3,7,0.0
211,8.2,232,31,73.5,21.0,20060731,1.2,0.0,2006-07-31,25.5,0.0,2006,30.8,7,0.0
212,12.5,232,1,71.6,19.5,20060801,1.7,0.0,2006-08-01,25.3,0.0,2006,30.8,8,0.0
213,10.8,232,2,71.4,20.7,20060802,1.4,0.0,2006-08-02,26.2,0.0,2006,32.2,8,0.0
214,12.0,232,3,70.3,21.2,20060803,0.9,0.0,2006-08-03,27.0,0.0,2006,33.4,8,0.0
215,10.2,232,4,70.5,21.3,20060804,1.3,0.0,2006-08-04,26.7,0.0,2006,33.0,8,0.0
216,10.6,232,5,72.6,20.7,20060805,1.3,0.0,2006-08-05,25.3,0.0,2006,33.0,8,6.0
217,10.1,232,6,74.6,20.7,20060806,1.2,0.0,2006-08-06,25.4,0.0,2006,31.2,8,0.0
218,11.5,232,7,70.3,21.2,20060807,1.1,0.0,2006-08-07,26.1,0.0,2006,32.7,8,0.0
219,12.2,232,8,69.5,20.5,20060808,1.4,0.0,2006-08-08,26.5,0.0,2006,33.0,8,0.0
220,7.8,232,9,73.8,21.6,20060809,1.2,0.0,2006-08-09,26.7,0.0,2006,33.5,8,0.0
221,5.7,232,10,70.1,20.7,20060810,0.8,0.0,2006-08-10,25.9,0.0,2006,32.4,8,0.0
222,4.1,232,11,73.9,19.2,20060811,1.0,0.0,2006-08-11,24.3,0.0,2006,29.5,8,0.0
223,7.6,232,12,75.1,20.7,20060812,1.1,0.0,2006-08-12,25.7,0.0,2006,31.2,8,0.0
224,9.9,232,13,73.0,22.0,20060813,1.2,0.0,2006-08-13,26.4,0.0,2006,32.0,8,0.0
225,11.2,232,14,68.0,21.3,20060814,1.3,0.0,2006-08-14,26.8,0.0,2006,32.4,8,0.0
226,8.4,232,15,72.4,21.7,20060815,1.3,0.0,2006-08-15,26.4,0.0,2006,32.5,8,0.0
227,8.9,232,16,71.0,22.1,20060816,1.4,0.0,2006-08-16,26.8,0.0,2006,33.0,8,0.5
228,4.6,232,17,72.4,22.3,20060817,1.9,0.0,2006-08-17,25.6,0.0,2006,31.0,8,12.5
229,6.4,232,18,61.4,19.3,20060818,3.1,0.0,2006-08-18,23.9,0.0,2006,28.5,8,2.5
230,3.8,232,19,54.5,19.2,20060819,3.3,0.0,2006-08-19,22.7,0.0,2006,27.6,8,0.0
231,0.9,232,20,72.5,19.2,20060820,1.6,0.0,2006-08-20,22.1,0.0,2006,26.2,8,0.0
232,5.9,232,21,70.4,21.0,20060821,1.1,0.0,2006-08-21,25.5,0.0,2006,31.3,8,0.0
233,5.2,232,22,77.8,23.0,20060822,1.1,0.0,2006-08-22,25.6,0.0,2006,31.0,8,17.5
234,2.8,232,23,76.0,22.6,20060823,1.2,0.0,2006-08-23,25.1,0.0,2006,30.6,8,0.0
235,4.7,232,24,72.8,21.1,20060824,1.0,0.0,2006-08-24,24.7,0.0,2006,29.7,8,1.0
236,1.1,232,25,77.3,21.5,20060825,1.6,0.0,2006-08-25,23.9,0.0,2006,28.2,8,10.0
237,4.5,232,26,75.5,21.1,20060826,1.7,0.0,2006-08-26,24.9,0.0,2006,31.0,8,2.5
238,0.8,232,27,80.1,21.5,20060827,1.7,0.0,2006-08-27,23.7,0.0,2006,27.2,8,9.5
239,7.2,232,28,74.1,19.2,20060828,1.4,0.0,2006-08-28,23.7,0.0,2006,28.5,8,0.0
240,2.6,232,29,78.6,17.3,20060829,1.0,0.0,2006-08-29,21.6,0.0,2006,26.6,8,1.0
241,3.7,232,30,69.9,19.2,20060830,2.0,0.0,2006-08-30,22.8,0.0,2006,27.0,8,0.5
242,8.6,232,31,64.5,19.3,20060831,1.9,0.0,2006-08-31,23.0,0.0,2006,28.2,8,0.0
243,9.1,232,1,64.4,16.2,20060901,1.4,0.0,2006-09-01,22.0,0.0,2006,28.0,9,0.0
244,10.8,232,2,62.0,18.1,20060902,1.2,0.0,2006-09-02,22.8,0.0,2006,29.6,9,0.0
245,9.0,232,3,69.9,16.6,20060903,1.4,0.0,2006-09-03,22.3,0.0,2006,28.8,9,0.0
246,2.7,232,4,70.8,17.1,20060904,1.6,0.0,2006-09-04,20.7,0.0,2006,25.7,9,0.1
247,1.6,232,5,71.4,14.3,20060905,2.2,0.0,2006-09-05,17.9,0.0,2006,23.8,9,2.0
248,7.4,232,6,74.4,13.8,20060906,1.4,0.0,2006-09-06,17.6,0.0,2006,24.0,9,6.5
249,9.8,232,7,71.3,11.6,20060907,1.1,0.0,2006-09-07,18.4,0.0,2006,26.7,9,0.0
250,3.5,232,8,67.0,14.6,20060908,2.0,0.0,2006-09-08,20.4,0.0,2006,25.5,9,0.4
251,0.0,232,9,79.4,12.5,20060909,2.0,0.0,2006-09-09,17.1,0.0,2006,20.0,9,1.5
252,10.5,232,10,63.0,8.0,20060910,1.8,0.0,2006-09-10,13.3,0.0,2006,19.3,9,0.0
253,0.8,232,11,72.8,6.8,20060911,0.7,0.0,2006-09-11,12.9,0.0,2006,19.7,9,0.0
254,7.8,232,12,73.0,9.6,20060912,1.2,0.0,2006-09-12,16.2,0.0,2006,24.2,9,0.0
255,10.1,232,13,68.0,11.1,20060913,1.2,0.0,2006-09-13,17.7,0.0,2006,26.0,9,0.0
256,7.5,232,14,63.8,11.0,20060914,1.4,0.0,2006-09-14,18.2,0.0,2006,25.7,9,0.0
257,0.6,232,15,66.5,14.3,20060915,1.5,0.0,2006-09-15,18.8,0.0,2006,23.2,9,0.0
258,0.0,232,16,79.0,13.3,20060916,0.8,0.0,2006-09-16,17.8,0.0,2006,22.5,9,6.0
259,0.0,232,17,78.9,14.6,20060917,1.8,0.0,2006-09-17,16.4,0.0,2006,19.2,9,5.5
260,0.0,232,18,74.5,13.8,20060918,1.6,0.0,2006-09-18,16.3,0.0,2006,19.5,9,0.0
261,9.9,232,19,76.4,9.3,20060919,0.9,0.0,2006-09-19,17.3,0.0,2006,25.1,9,0.2
262,4.1,232,20,75.0,13.6,20060920,1.2,0.0,2006-09-20,18.2,0.0,2006,25.2,9,0.0
263,10.3,232,21,65.6,12.1,20060921,1.3,0.0,2006-09-21,18.6,0.0,2006,27.6,9,0.0
264,9.0,232,22,67.0,13.1,20060922,1.9,0.0,2006-09-22,19.1,0.0,2006,26.6,9,0.0
265,11.6,232,23,59.3,10.3,20060923,1.5,0.0,2006-09-23,16.8,0.0,2006,25.2,9,0.0
266,11.1,232,24,61.3,8.6,20060924,1.3,0.0,2006-09-24,16.4,0.0,2006,25.2,9,0.0
267,8.4,232,25,65.0,9.1,20060925,1.4,0.0,2006-09-25,16.6,0.0,2006,25.7,9,0.0
268,6.0,232,26,66.4,10.1,20060926,1.2,0.0,2006-09-26,16.5,0.0,2006,24.8,9,0.0
269,10.0,232,27,68.8,9.8,20060927,1.1,0.0,2006-09-27,17.1,0.0,2006,26.1,9,0.0
270,0.3,232,28,76.5,10.8,20060928,0.9,0.0,2006-09-28,16.3,0.0,2006,23.1,9,0.0
271,7.4,232,29,70.6,9.8,20060929,1.1,0.0,2006-09-29,16.0,0.0,2006,24.5,9,0.0
272,6.7,232,30,63.5,8.8,20060930,1.2,0.0,2006-09-30,16.8,0.0,2006,24.7,9,0.0
273,4.5,232,1,61.4,12.0,20061001,1.2,0.0,2006-10-01,17.5,0.0,2006,23.7,10,0.0
274,8.7,232,2,70.5,9.8,20061002,0.9,0.0,2006-10-02,16.4,0.0,2006,25.1,10,0.0
275,8.1,232,3,73.3,8.8,20061003,1.0,0.0,2006-10-03,15.9,0.0,2006,25.5,10,0.0
276,7.3,232,4,76.0,9.3,20061004,0.6,0.0,2006-10-04,16.0,0.0,2006,25.5,10,0.0
277,10.1,232,5,61.0,8.3,20061005,2.1,0.0,2006-10-05,16.9,0.0,2006,25.6,10,0.0
278,10.7,232,6,63.9,8.1,20061006,1.3,0.0,2006-10-06,15.8,0.0,2006,25.1,10,0.0
279,10.2,232,7,68.1,7.0,20061007,1.1,0.0,2006-10-07,15.1,0.0,2006,25.1,10,0.0
280,5.2,232,8,77.1,9.1,20061008,0.9,0.0,2006-10-08,16.2,0.0,2006,24.2,10,0.0
281,3.7,232,9,76.8,11.6,20061009,1.2,0.0,2006-10-09,17.1,0.0,2006,25.1,10,0.0
282,8.4,232,10,69.5,10.5,20061010,1.7,0.0,2006-10-10,16.7,0.0,2006,26.2,10,0.0
283,0.2,232,11,75.9,10.0,20061011,2.0,0.0,2006-10-11,16.0,0.0,2006,22.7,10,0.0
284,10.5,232,12,62.4,5.1,20061012,1.1,0.0,2006-10-12,12.1,0.0,2006,22.0,10,0.0
285,9.1,232,13,60.6,5.0,20061013,1.0,0.0,2006-10-13,13.1,0.0,2006,23.8,10,0.0
286,9.7,232,14,67.0,8.3,20061014,1.7,0.0,2006-10-14,16.0,0.0,2006,24.2,10,0.0
287,6.0,232,15,75.3,9.3,20061015,0.8,0.0,2006-10-15,15.7,0.0,2006,24.3,10,0.0
288,6.8,232,16,76.0,10.6,20061016,1.5,0.0,2006-10-16,16.4,0.0,2006,25.7,10,0.0
289,1.1,232,17,76.9,9.6,20061017,1.1,0.0,2006-10-17,16.2,0.0,2006,22.7,10,0.0
290,6.8,232,18,73.0,12.6,20061018,1.4,0.0,2006-10-18,17.6,0.0,2006,23.7,10,0.0
291,1.2,232,19,78.4,11.6,20061019,1.1,0.0,2006-10-19,16.6,0.0,2006,21.7,10,0.0
292,6.5,232,20,76.8,10.1,20061020,1.0,0.0,2006-10-20,15.5,0.0,2006,23.0,10,0.0
293,8.1,232,21,70.1,10.1,20061021,1.5,0.0,2006-10-21,16.5,0.0,2006,24.2,10,0.0
294,0.0,232,22,81.9,12.0,20061022,1.5,0.0,2006-10-22,14.8,0.0,2006,16.7,10,20.5
295,1.1,232,23,66.8,8.1,20061023,2.6,0.0,2006-10-23,11.4,0.0,2006,15.1,10,0.5
296,10.1,232,24,63.3,4.1,20061024,1.4,0.0,2006-10-24,10.9,0.0,2006,18.2,10,0.0
297,3.0,232,25,64.8,5.0,20061025,1.6,0.0,2006-10-25,11.7,0.0,2006,18.5,10,0.0
298,0.4,232,26,68.0,8.6,20061026,0.9,0.0,2006-10-26,12.5,0.0,2006,17.8,10,0.0
299,8.5,232,27,71.5,4.5,20061027,1.0,0.0,2006-10-27,10.0,0.0,2006,17.2,10,0.0
300,8.7,232,28,72.6,2.7,20061028,0.8,0.0,2006-10-28,10.8,0.0,2006,19.7,10,0.0
301,6.7,232,29,72.4,3.7,20061029,1.1,0.0,2006-10-29,10.6,0.0,2006,18.7,10,0.5
302,10.2,232,30,64.0,0.4,20061030,0.8,0.0,2006-10-30,8.9,0.0,2006,19.5,10,0.0
303,8.5,232,31,75.3,2.2,20061031,0.8,0.0,2006-10-31,10.0,0.0,2006,19.2,10,0.0
304,5.7,232,1,74.3,6.1,20061101,1.2,0.0,2006-11-01,13.3,0.0,2006,20.5,11,0.0
305,8.1,232,2,69.4,4.5,20061102,1.5,0.0,2006-11-02,10.2,0.0,2006,18.8,11,0.0
306,7.3,232,3,71.8,3.7,20061103,1.2,0.0,2006-11-03,11.6,0.0,2006,20.7,11,0.0
307,4.9,232,4,65.8,10.1,20061104,2.3,0.0,2006-11-04,14.6,0.0,2006,19.7,11,0.0
308,5.7,232,5,65.6,2.2,20061105,3.0,0.0,2006-11-05,11.5,0.0,2006,16.7,11,4.0
309,0.6,232,6,79.5,-0.8,20061106,2.3,1.2,2006-11-06,4.5,0.0,2006,9.5,11,15.0
310,6.9,232,7,72.3,-2.5,20061107,1.1,4.1,2006-11-07,2.1,0.0,2006,7.3,11,1.8
311,8.4,232,8,63.1,2.7,20061108,3.4,0.0,2006-11-08,12.0,0.0,2006,17.8,11,0.0
312,4.9,232,9,62.5,2.9,20061109,2.2,0.0,2006-11-09,12.6,0.0,2006,17.8,11,0.0
313,1.5,232,10,51.1,1.2,20061110,0.9,0.0,2006-11-10,6.4,0.0,2006,12.1,11,0.0
314,9.4,232,11,47.8,-1.3,20061111,2.8,0.0,2006-11-11,4.7,0.0,2006,9.1,11,0.0
315,9.5,232,12,61.9,-4.5,20061112,1.0,0.0,2006-11-12,2.3,0.0,2006,10.8,11,0.0
316,4.5,232,13,70.9,-1.1,20061113,2.3,0.0,2006-11-13,8.9,0.0,2006,14.3,11,0.5
317,8.4,232,14,47.0,3.5,20061114,3.6,0.0,2006-11-14,6.1,0.0,2006,10.3,11,0.0
318,4.5,232,15,67.8,1.6,20061115,2.5,0.0,2006-11-15,5.5,0.0,2006,10.1,11,2.0
319,7.5,232,16,63.1,-3.5,20061116,1.4,0.0,2006-11-16,0.5,0.0,2006,6.8,11,0.0
320,8.7,232,17,67.3,-4.9,20061117,0.7,0.0,2006-11-17,1.5,0.0,2006,9.8,11,0.0
321,6.3,232,18,66.8,-1.6,20061118,0.9,0.0,2006-11-18,3.7,0.0,2006,13.6,11,0.0
322,1.2,232,19,68.6,-2.5,20061119,0.8,0.0,2006-11-19,4.8,0.0,2006,11.1,11,0.0
323,8.5,232,20,69.9,-2.2,20061120,1.1,0.0,2006-11-20,4.5,0.0,2006,12.3,11,0.0
324,1.2,232,21,75.4,-2.5,20061121,1.0,0.0,2006-11-21,4.2,0.0,2006,11.5,11,0.5
325,0.0,232,22,72.9,-1.7,20061122,0.8,0.0,2006-11-22,3.1,0.0,2006,9.6,11,0.0
326,1.8,232,23,65.9,-2.5,20061123,2.4,0.0,2006-11-23,4.6,0.0,2006,10.8,11,0.0
327,5.3,232,24,52.1,1.3,20061124,3.0,0.0,2006-11-24,5.8,0.0,2006,10.6,11,0.0
328,8.7,232,25,68.9,-3.2,20061125,0.9,0.0,2006-11-25,4.7,0.0,2006,14.5,11,0.0
329,0.0,232,26,68.0,3.5,20061126,0.6,0.0,2006-11-26,8.9,0.0,2006,14.1,11,0.0
330,0.0,232,27,85.8,5.0,20061127,1.8,0.0,2006-11-27,7.2,0.0,2006,9.0,11,31.5
331,0.8,232,28,73.9,1.7,20061128,2.1,0.0,2006-11-28,5.3,0.0,2006,9.1,11,0.5
332,7.0,232,29,56.8,-2.4,20061129,1.8,0.0,2006-11-29,1.4,0.0,2006,4.9,11,0.0
333,2.1,232,30,77.9,-3.7,20061130,1.1,0.0,2006-11-30,0.5,0.0,2006,4.5,11,0.5
334,3.3,232,1,79.5,-1.0,20061201,1.5,0.0,2006-12-01,1.7,0.0,2006,6.0,12,2.0
335,2.6,232,2,61.3,-4.9,20061202,3.3,0.8,2006-12-02,-2.0,0.0,2006,3.4,12,4.5
336,8.6,232,3,52.9,-7.1,20061203,2.3,0.0,2006-12-03,-4.3,0.0,2006,-0.8,12,0.0
337,8.6,232,4,58.4,-5.5,20061204,1.4,0.0,2006-12-04,-2.6,0.0,2006,2.5,12,0.0
338,3.1,232,5,67.5,-5.0,20061205,1.7,0.0,2006-12-05,-0.5,0.0,2006,6.4,12,0.0
339,5.8,232,6,74.8,-4.5,20061206,1.5,0.0,2006-12-06,0.8,0.0,2006,7.6,12,0.0
340,0.0,232,7,70.5,1.8,20061207,1.6,0.0,2006-12-07,4.2,0.0,2006,6.5,12,0.0
341,1.2,232,8,75.8,2.5,20061208,2.0,0.0,2006-12-08,4.8,0.0,2006,6.8,12,3.5
342,2.4,232,9,74.0,-1.3,20061209,2.6,0.0,2006-12-09,2.8,0.0,2006,6.1,12,3.0
343,6.1,232,10,66.9,-5.3,20061210,1.2,0.0,2006-12-10,-2.0,0.0,2006,2.7,12,0.0
344,6.5,232,11,65.6,-6.1,20061211,0.8,0.0,2006-12-11,-0.8,0.0,2006,5.6,12,0.0
345,2.4,232,12,71.3,-3.4,20061212,1.2,0.0,2006-12-12,2.1,0.0,2006,8.6,12,0.0
346,1.7,232,13,78.5,-1.7,20061213,1.2,0.0,2006-12-13,3.6,0.0,2006,9.5,12,0.0
347,0.8,232,14,74.4,-3.0,20061214,0.6,0.0,2006-12-14,0.4,0.0,2006,6.5,12,0.0
348,1.9,232,15,74.9,-3.7,20061215,1.5,0.0,2006-12-15,2.2,0.0,2006,9.1,12,0.0
349,2.1,232,16,76.5,-4.3,20061216,1.3,0.0,2006-12-16,-0.5,0.0,2006,4.5,12,0.5
350,1.4,232,17,77.3,-6.5,20061217,2.4,7.6,2006-12-17,-1.7,0.0,2006,0.5,12,3.1
351,7.7,232,18,72.8,-11.1,20061218,0.7,0.0,2006-12-18,-4.7,0.0,2006,1.1,12,0.0
352,6.7,232,19,65.4,-9.1,20061219,1.6,0.0,2006-12-19,-1.9,0.0,2006,5.0,12,0.0
353,5.1,232,20,65.4,-2.5,20061220,1.6,0.0,2006-12-20,1.1,0.0,2006,8.3,12,0.0
354,7.5,232,21,79.4,-4.1,20061221,0.7,0.0,2006-12-21,-0.4,0.0,2006,7.6,12,0.0
355,5.3,232,22,78.8,-4.0,20061222,0.9,0.0,2006-12-22,0.5,0.0,2006,7.4,12,0.0
356,7.7,232,23,78.4,-5.5,20061223,1.0,0.0,2006-12-23,-0.2,0.0,2006,8.1,12,0.0
357,4.0,232,24,78.6,-6.4,20061224,0.9,0.0,2006-12-24,-0.6,0.0,2006,6.1,12,0.0
358,7.7,232,25,74.8,-2.9,20061225,1.2,0.0,2006-12-25,2.8,0.0,2006,12.3,12,0.0
359,8.3,232,26,75.4,-3.2,20061226,0.9,0.0,2006-12-26,3.3,0.0,2006,12.3,12,0.0
360,1.6,232,27,68.1,-1.8,20061227,3.1,0.0,2006-12-27,0.8,0.0,2006,4.4,12,0.0
361,0.7,232,28,54.8,-10.8,20061228,5.3,1.5,2006-12-28,-7.4,0.0,2006,-1.7,12,0.6
362,8.4,232,29,56.3,-14.3,20061229,1.6,0.0,2006-12-29,-9.3,0.0,2006,-3.0,12,0.0
363,7.2,232,30,54.5,-13.6,20061230,0.6,0.0,2006-12-30,-5.7,0.0,2006,1.1,12,0.0
364,8.4,232,31,59.8,-9.8,20061231,0.6,0.0,2006-12-31,-3.4,0.0,2006,6.0,12,0.0
