,year,rainfall,cloud,sunshine,humid,snow,tmax,day,tmin,wind,month,Date,tavg,date,station_id
0,2007,0.0,0.0,0.6,55.5,0.0,5.0,1,-5.1,1.1,1,2007-01-01,0.5,20070101,232
1,2007,0.0,0.0,0.2,71.6,0.0,4.4,2,-3.7,1.3,1,2007-01-02,1.4,20070102,232
2,2007,0.0,0.0,4.9,75.6,0.0,9.5,3,-5.4,0.7,1,2007-01-03,1.1,20070103,232
3,2007,0.0,0.0,7.5,70.5,0.0,10.1,4,-4.0,0.5,1,2007-01-04,1.0,20070104,232
4,2007,0.0,0.0,3.1,73.8,0.0,8.6,5,-5.0,1.0,1,2007-01-05,1.0,20070105,232
5,2007,3.5,0.0,1.3,73.4,5.2,2.7,6,-2.9,4.6,1,2007-01-06,-1.1,20070106,232
6,2007,0.0,0.0,0.5,65.3,0.0,-0.5,7,-8.6,3.1,1,2007-01-07,-2.9,20070107,232
7,2007,0.0,0.0,6.3,65.0,0.0,0.2,8,-6.5,2.2,1,2007-01-08,-3.0,20070108,232
8,2007,0.0,0.0,7.1,67.8,0.0,3.0,9,-9.1,1.1,1,2007-01-09,-2.6,20070109,232
9,2007,0.0,0.0,7.0,76.6,0.0,3.0,10,-7.1,0.9,1,2007-01-10,-2.9,20070110,232
10,2007,0.0,0.0,5.8,73.9,0.0,2.0,11,-8.1,0.7,1,2007-01-11,-3.8,20070111,232
11,2007,0.0,0.0,7.5,58.4,0.0,0.3,12,-6.0,2.3,1,2007-01-12,-3.1,20070112,232
12,2007,0.0,0.0,7.6,60.5,0.0,-1.2,13,-10.6,1.9,1,2007-01-13,-6.3,20070113,232
13,2007,0.0,0.0,8.8,61.8,0.0,2.2,14,-12.1,0.9,1,2007-01-14,-5.6,20070114,232
14,2007,0.0,0.0,6.6,66.5,0.0,4.0,15,-10.6,0.7,1,2007-01-15,-3.3,20070115,232
15,2007,0.0,0.0,0.4,69.6,0.0,5.0,16,-5.0,0.7,1,2007-01-16,-0.7,20070116,232
16,2007,0.0,0.0,2.4,74.5,0.0,4.5,17,-4.8,0.9,1,2007-01-17,-0.9,20070117,232
17,2007,0.0,0.0,8.7,62.1,0.0,3.0,18,-6.8,2.0,1,2007-01-18,-1.0,20070118,232
18,2007,0.0,0.0,8.4,61.9,0.0,4.3,19,-10.1,0.8,1,2007-01-19,-3.3,20070119,232
19,2007,0.0,0.0,8.8,62.3,0.0,5.4,20,-9.1,0.9,1,2007-01-20,-3.3,20070120,232
20,2007,0.0,0.0,7.5,63.9,0.0,7.0,21,-10.1,0.7,1,2007-01-21,-3.4,20070121,232
21,2007,0.0,0.0,6.6,67.6,0.0,4.6,22,-5.5,1.4,1,2007-01-22,-0.4,20070122,232
22,2007,0.0,0.0,3.0,72.3,0.0,5.5,23,-7.5,0.9,1,2007-01-23,-1.5,20070123,232
23,2007,0.0,0.0,8.5,69.0,0.0,5.8,24,-7.1,1.3,1,2007-01-24,-1.7,20070124,232
24,2007,0.0,0.0,7.4,72.1,0.0,5.6,25,-8.3,0.9,1,2007-01-25,-2.7,20070125,232
25,2007,2.5,0.0,0.0,84.3,2.1,2.0,26,-6.0,1.0,1,2007-01-26,-1.3,20070126,232
26,2007,0.5,0.0,2.6,79.9,0.0,2.0,27,-3.0,1.2,1,2007-01-27,-0.3,20070127,232
27,2007,0.0,0.0,3.3,73.5,0.0,2.7,28,-5.5,1.0,1,2007-01-28,-1.5,20070128,232
28,2007,0.0,0.0,6.3,74.4,0.0,4.5,29,-8.0,0.7,1,2007-01-29,-2.1,20070129,232
29,2007,2.9,0.0,4.0,68.9,2.5,2.5,30,-4.5,3.6,1,2007-01-30,-1.4,20070130,232
30,2007,0.0,0.0,7.0,70.1,0.0,0.8,31,-13.6,2.0,1,2007-01-31,-4.8,20070131,232
31,2007,0.0,0.0,6.2,59.1,0.0,-1.0,1,-7.0,3.7,2,2007-02-01,-4.5,20070201,232
32,2007,0.0,0.0,9.5,60.6,0.3,-1.2,2,-11.6,1.9,2,2007-02-02,-6.4,20070202,232
33,2007,0.0,0.0,4.9,69.1,0.0,6.6,3,-9.3,2.4,2,2007-02-03,-0.8,20070203,232
34,2007,0.0,0.0,9.2,64.1,0.0,9.3,4,-7.6,0.8,2,2007-02-04,-0.8,20070204,232
35,2007,0.0,0.0,6.7,69.9,0.0,9.5,5,-7.3,0.8,2,2007-02-05,0.6,20070205,232
36,2007,0.0,0.0,4.6,77.0,0.0,12.3,6,-1.1,0.7,2,2007-02-06,4.7,20070206,232
37,2007,0.0,0.0,4.1,84.4,0.0,12.1,7,-1.5,0.7,2,2007-02-07,2.2,20070207,232
38,2007,13.5,0.0,0.1,87.6,0.0,8.6,8,0.6,1.6,2,2007-02-08,4.6,20070208,232
39,2007,0.0,0.0,2.1,73.9,0.0,6.0,9,2.7,2.4,2,2007-02-09,3.9,20070209,232
40,2007,0.0,0.0,4.5,66.3,0.0,7.4,10,-1.6,2.7,2,2007-02-10,1.8,20070210,232
41,2007,0.0,0.0,9.8,61.0,0.0,4.9,11,-4.4,2.2,2,2007-02-11,-0.5,20070211,232
42,2007,0.0,0.0,8.8,64.6,0.0,8.8,12,-6.5,1.0,2,2007-02-12,0.2,20070212,232
43,2007,20.5,0.0,0.2,69.0,0.0,7.4,13,-4.0,1.6,2,2007-02-13,2.5,20070213,232
44,2007,0.1,0.0,5.1,62.6,0.0,4.1,14,-2.5,5.3,2,2007-02-14,0.2,20070214,232
45,2007,0.0,0.0,10.0,51.0,0.0,4.1,15,-6.4,3.0,2,2007-02-15,-1.1,20070215,232
46,2007,0.0,0.0,9.4,51.4,0.0,10.1,16,-6.8,1.2,2,2007-02-16,1.1,20070216,232
47,2007,0.0,0.0,0.6,60.4,0.0,9.5,17,-0.2,1.2,2,2007-02-17,4.2,20070217,232
48,2007,0.0,0.0,8.9,66.4,0.0,11.5,18,-3.5,1.2,2,2007-02-18,2.6,20070218,232
49,2007,0.0,0.0,9.6,65.8,0.0,10.1,19,-5.0,1.1,2,2007-02-19,1.3,20070219,232
50,2007,0.0,0.0,10.0,57.3,0.0,11.8,20,-6.1,0.9,2,2007-02-20,2.1,20070220,232
51,2007,0.0,0.0,7.0,66.1,0.0,12.8,21,-5.3,0.9,2,2007-02-21,2.8,20070221,232
52,2007,0.0,0.0,3.7,62.6,0.0,15.8,22,-1.2,1.6,2,2007-02-22,6.9,20070222,232
53,2007,0.0,0.0,10.4,49.6,0.0,7.8,23,0.1,3.6,2,2007-02-23,3.5,20070223,232
54,2007,0.0,0.0,6.9,52.6,0.0,10.6,24,-5.8,1.1,2,2007-02-24,2.8,20070224,232
55,2007,0.0,0.0,1.8,56.8,0.0,11.6,25,3.5,2.2,2,2007-02-25,7.3,20070225,232
56,2007,0.0,0.0,10.2,54.6,0.0,15.3,26,-0.8,1.8,2,2007-02-26,6.7,20070226,232
57,2007,0.0,0.0,8.8,70.8,0.0,13.6,27,-2.5,1.2,2,2007-02-27,4.8,20070227,232
58,2007,0.0,0.0,9.8,53.6,0.0,15.8,28,-1.3,1.8,2,2007-02-28,6.5,20070228,232
59,2007,0.0,0.0,5.3,37.5,0.0,17.5,1,0.6,1.8,3,2007-03-01,10.2,20070301,232
60,2007,23.0,0.0,0.0,76.6,0.0,11.1,2,6.9,2.1,3,2007-03-02,9.2,20070302,232
61,2007,0.5,0.0,1.0,84.0,0.0,16.2,3,7.9,1.0,3,2007-03-03,11.1,20070303,232
62,2007,27.0,0.0,0.2,77.1,0.0,15.8,4,7.4,3.8,3,2007-03-04,12.6,20070304,232
63,2007,1.7,0.0,0.2,71.1,0.3,7.4,5,-4.1,6.6,3,2007-03-05,-0.7,20070305,232
64,2007,0.0,0.0,9.2,47.9,0.0,-0.8,6,-5.8,4.9,3,2007-03-06,-3.2,20070306,232
65,2007,0.5,0.0,8.8,58.0,1.2,3.7,7,-5.5,2.6,3,2007-03-07,-1.1,20070307,232
66,2007,0.1,0.0,7.2,63.8,0.0,5.6,8,-4.3,2.2,3,2007-03-08,1.2,20070308,232
67,2007,0.0,0.0,8.6,65.4,0.0,10.6,9,-2.7,1.3,3,2007-03-09,3.4,20070309,232
68,2007,2.0,0.0,2.0,60.4,0.0,11.0,10,-2.0,3.8,3,2007-03-10,2.8,20070310,232
69,2007,0.0,0.0,5.1,60.3,0.0,5.4,11,-6.0,3.4,3,2007-03-11,-0.2,20070311,232
70,2007,0.0,0.0,9.6,53.5,0.0,9.1,12,-3.5,2.1,3,2007-03-12,2.8,20070312,232
71,2007,0.0,0.0,10.1,57.6,0.0,11.0,13,-3.9,1.6,3,2007-03-13,3.0,20070313,232
72,2007,0.0,0.0,7.3,56.6,0.0,14.3,14,-2.5,1.0,3,2007-03-14,5.2,20070314,232
73,2007,0.0,0.0,7.4,55.1,0.0,15.1,15,1.8,1.5,3,2007-03-15,7.3,20070315,232
74,2007,0.0,0.0,5.1,62.9,0.0,15.1,16,-0.5,1.9,3,2007-03-16,6.5,20070316,232
75,2007,0.0,0.0,5.5,62.0,0.0,12.0,17,-0.3,1.6,3,2007-03-17,5.3,20070317,232
76,2007,0.0,0.0,10.1,57.3,0.0,12.5,18,-2.0,1.5,3,2007-03-18,4.2,20070318,232
77,2007,0.0,0.0,10.3,59.0,0.0,13.5,19,-3.4,1.2,3,2007-03-19,4.6,20070319,232
78,2007,0.0,0.0,4.7,57.0,0.0,11.3,20,0.2,2.3,3,2007-03-20,5.5,20070320,232
79,2007,0.0,0.0,0.0,64.4,0.0,11.5,21,0.6,1.3,3,2007-03-21,6.3,20070321,232
80,2007,0.0,0.0,5.6,67.1,0.0,15.6,22,0.0,1.7,3,2007-03-22,7.4,20070322,232
81,2007,0.5,0.0,7.3,57.4,0.0,20.3,23,1.0,1.6,3,2007-03-23,10.7,20070323,232
82,2007,12.5,0.0,0.0,88.4,0.0,11.1,24,8.3,2.0,3,2007-03-24,9.7,20070324,232
83,2007,0.0,0.0,7.6,71.1,0.0,14.5,25,3.0,2.6,3,2007-03-25,8.7,20070325,232
84,2007,6.0,0.0,2.2,73.6,0.0,14.1,26,0.2,2.2,3,2007-03-26,7.5,20070326,232
85,2007,0.0,0.0,2.6,65.9,0.0,15.5,27,4.5,2.3,3,2007-03-27,10.4,20070327,232
86,2007,8.0,0.0,1.2,77.5,0.0,17.2,28,1.6,3.6,3,2007-03-28,8.4,20070328,232
87,2007,9.5,0.0,1.2,78.0,0.0,13.3,29,3.9,2.3,3,2007-03-29,7.7,20070329,232
88,2007,0.0,0.0,9.0,62.4,0.0,17.2,30,4.0,1.3,3,2007-03-30,10.7,20070330,232
89,2007,17.0,0.0,0.2,79.4,0.0,13.8,31,6.5,2.3,3,2007-03-31,9.9,20070331,232
90,2007,0.0,0.0,0.0,66.0,0.0,12.5,1,5.5,1.8,4,2007-04-01,8.6,20070401,232
91,2007,0.0,0.0,9.8,59.3,0.0,9.5,2,2.4,3.5,4,2007-04-02,5.3,20070402,232
92,2007,0.0,0.0,11.4,49.1,0.0,9.8,3,1.0,3.7,4,2007-04-03,5.6,20070403,232
93,2007,0.0,0.0,11.4,48.5,0.0,10.3,4,0.6,3.4,4,2007-04-04,6.1,20070404,232
94,2007,0.0,0.0,9.1,55.8,0.0,15.5,5,-1.8,1.6,4,2007-04-05,7.0,20070405,232
95,2007,0.0,0.0,9.1,55.6,0.0,16.8,6,3.0,1.7,4,2007-04-06,9.3,20070406,232
96,2007,0.0,0.0,6.8,69.3,0.0,15.5,7,1.0,1.5,4,2007-04-07,8.1,20070407,232
97,2007,0.0,0.0,9.2,64.9,0.0,14.8,8,3.0,1.9,4,2007-04-08,8.5,20070408,232
98,2007,0.0,0.0,11.5,52.1,0.0,17.3,9,-0.4,1.8,4,2007-04-09,8.7,20070409,232
99,2007,0.0,0.0,8.8,47.0,0.0,18.5,10,2.7,2.2,4,2007-04-10,11.2,20070410,232
100,2007,7.5,0.0,8.6,54.6,0.0,19.6,11,3.5,1.9,4,2007-04-11,11.4,20070411,232
101,2007,0.5,0.0,3.0,51.5,0.0,20.7,12,8.6,2.4,4,2007-04-12,14.6,20070412,232
102,2007,6.0,0.0,0.0,79.1,0.0,15.6,13,4.1,2.8,4,2007-04-13,10.0,20070413,232
103,2007,0.1,0.0,11.3,62.8,0.0,18.3,14,1.1,2.2,4,2007-04-14,9.7,20070414,232
104,2007,2.5,0.0,5.7,57.8,0.0,19.2,15,6.6,1.5,4,2007-04-15,12.8,20070415,232
105,2007,15.0,0.0,1.9,79.8,0.0,11.8,16,4.6,1.8,4,2007-04-16,8.1,20070416,232
106,2007,0.0,0.0,7.8,66.1,0.0,14.6,17,2.2,1.6,4,2007-04-17,8.5,20070417,232
107,2007,0.0,0.0,11.0,57.1,0.0,17.2,18,3.4,1.4,4,2007-04-18,9.9,20070418,232
108,2007,0.0,0.0,10.6,44.1,0.0,20.0,19,2.9,2.4,4,2007-04-19,12.1,20070419,232
109,2007,0.2,0.0,0.5,57.3,0.0,20.2,20,7.1,3.0,4,2007-04-20,15.0,20070420,232
110,2007,0.0,0.0,6.1,68.5,0.0,25.6,21,10.0,2.1,4,2007-04-21,18.5,20070421,232
111,2007,0.0,0.0,0.1,66.6,0.0,19.2,22,7.3,3.1,4,2007-04-22,12.6,20070422,232
112,2007,0.0,0.0,11.0,48.5,0.0,21.3,23,3.7,1.5,4,2007-04-23,12.9,20070423,232
113,2007,0.0,0.0,1.6,56.1,0.0,17.3,24,5.5,1.3,4,2007-04-24,11.3,20070424,232
114,2007,0.0,0.0,11.6,59.0,0.0,19.7,25,5.0,2.5,4,2007-04-25,13.0,20070425,232
115,2007,0.0,0.0,9.2,52.9,0.0,22.5,26,4.6,1.6,4,2007-04-26,13.5,20070426,232
116,2007,0.0,0.0,9.3,44.1,0.0,23.1,27,6.0,2.4,4,2007-04-27,13.5,20070427,232
117,2007,0.0,0.0,12.5,43.1,0.0,22.2,28,3.2,2.1,4,2007-04-28,13.1,20070428,232
118,2007,0.0,0.0,12.0,42.3,0.0,23.7,29,4.0,2.0,4,2007-04-29,14.1,20070429,232
119,2007,3.5,0.0,0.0,52.6,0.0,19.2,30,5.6,1.2,4,2007-04-30,12.8,20070430,232
120,2007,23.0,0.0,0.0,87.8,0.0,14.6,1,10.6,1.3,5,2007-05-01,12.4,20070501,232
121,2007,0.1,0.0,11.1,62.3,0.0,22.7,2,10.0,1.6,5,2007-05-02,15.3,20070502,232
122,2007,0.0,0.0,0.9,72.0,0.0,21.1,3,10.3,2.0,5,2007-05-03,15.6,20070503,232
123,2007,0.1,0.0,8.7,65.5,0.0,24.7,4,10.1,1.9,5,2007-05-04,17.1,20070504,232
124,2007,0.0,0.0,10.2,62.3,0.0,28.5,5,10.3,1.4,5,2007-05-05,19.1,20070505,232
125,2007,1.5,0.0,0.8,73.1,0.0,23.1,6,13.8,1.4,5,2007-05-06,17.5,20070506,232
126,2007,0.0,0.0,11.4,56.9,0.0,27.2,7,11.1,1.9,5,2007-05-07,18.5,20070507,232
127,2007,0.0,0.0,10.8,51.6,0.0,27.7,8,12.3,2.0,5,2007-05-08,19.4,20070508,232
128,2007,9.0,0.0,2.1,63.9,0.0,22.7,9,10.5,2.6,5,2007-05-09,15.9,20070509,232
129,2007,0.0,0.0,10.4,64.3,0.0,21.7,10,9.1,2.3,5,2007-05-10,15.2,20070510,232
130,2007,0.0,0.0,9.2,52.8,0.0,27.2,11,10.8,1.8,5,2007-05-11,18.2,20070511,232
131,2007,6.0,0.0,0.0,74.8,0.0,18.3,12,11.8,2.6,5,2007-05-12,14.7,20070512,232
132,2007,0.0,0.0,12.2,50.9,0.0,24.6,13,7.5,2.3,5,2007-05-13,16.5,20070513,232
133,2007,0.0,0.0,7.8,58.3,0.0,24.0,14,12.1,3.2,5,2007-05-14,17.6,20070514,232
134,2007,0.0,0.0,9.2,56.0,0.0,26.2,15,10.6,1.6,5,2007-05-15,18.6,20070515,232
135,2007,47.5,0.0,0.0,71.9,0.0,19.3,16,13.6,2.0,5,2007-05-16,16.3,20070516,232
136,2007,4.5,0.0,9.0,58.6,0.0,24.1,17,12.8,4.5,5,2007-05-17,17.9,20070517,232
137,2007,1.5,0.0,3.7,66.5,0.0,18.7,18,11.8,2.9,5,2007-05-18,15.1,20070518,232
138,2007,0.5,0.0,10.1,65.6,0.0,21.7,19,10.5,1.7,5,2007-05-19,15.9,20070519,232
139,2007,0.0,0.0,10.4,65.8,0.0,24.6,20,9.6,1.6,5,2007-05-20,16.5,20070520,232
140,2007,0.0,0.0,6.5,56.9,0.0,24.3,21,10.3,1.3,5,2007-05-21,16.6,20070521,232
141,2007,0.0,0.0,12.0,54.6,0.0,26.7,22,8.6,1.3,5,2007-05-22,18.1,20070522,232
142,2007,0.0,0.0,3.3,57.0,0.0,25.8,23,11.8,1.3,5,2007-05-23,19.3,20070523,232
143,2007,30.5,0.0,2.3,71.8,0.0,27.1,24,15.6,2.2,5,2007-05-24,19.6,20070524,232
144,2007,2.0,0.0,9.3,64.8,0.0,24.3,25,16.6,2.9,5,2007-05-25,19.6,20070525,232
145,2007,0.0,0.0,11.5,52.1,0.0,25.6,26,12.5,2.1,5,2007-05-26,19.3,20070526,232
146,2007,0.0,0.0,9.6,56.0,0.0,28.8,27,14.5,1.7,5,2007-05-27,21.1,20070527,232
147,2007,0.0,0.0,10.8,59.4,0.0,25.3,28,14.1,2.5,5,2007-05-28,19.6,20070528,232
148,2007,0.0,0.0,3.5,67.4,0.0,22.7,29,15.6,2.5,5,2007-05-29,18.7,20070529,232
149,2007,0.0,0.0,9.0,67.5,0.0,22.3,30,13.8,2.2,5,2007-05-30,17.7,20070530,232
150,2007,0.0,0.0,10.8,62.5,0.0,27.8,31,11.8,0.8,5,2007-05-31,20.1,20070531,232
151,2007,0.0,0.0,0.4,70.8,0.0,23.6,1,17.3,1.4,6,2007-06-01,19.6,20070601,232
152,2007,0.0,0.0,11.7,58.8,0.0,27.8,2,15.0,1.8,6,2007-06-02,21.3,20070602,232
153,2007,0.0,0.0,11.6,60.8,0.0,29.1,3,16.0,1.9,6,2007-06-03,22.4,20070603,232
154,2007,0.0,0.0,2.5,67.1,0.0,27.0,4,16.7,1.3,6,2007-06-04,21.6,20070604,232
155,2007,0.0,0.0,2.1,72.3,0.0,24.2,5,17.1,2.0,6,2007-06-05,20.9,20070605,232
156,2007,1.0,0.0,1.7,72.0,0.0,24.5,6,18.1,2.4,6,2007-06-06,20.5,20070606,232
157,2007,0.0,0.0,4.2,67.5,0.0,25.8,7,16.7,1.9,6,2007-06-07,21.0,20070607,232
158,2007,0.1,0.0,3.7,69.6,0.0,25.1,8,17.1,1.6,6,2007-06-08,20.5,20070608,232
159,2007,0.0,0.0,10.6,60.9,0.0,24.8,9,14.0,2.0,6,2007-06-09,19.6,20070609,232
160,2007,0.0,0.0,11.4,62.4,0.0,29.1,10,13.6,1.4,6,2007-06-10,21.4,20070610,232
161,2007,0.0,0.0,10.2,57.9,0.0,29.2,11,16.0,1.5,6,2007-06-11,22.0,20070611,232
162,2007,0.0,0.0,12.2,54.6,0.0,29.7,12,15.6,1.4,6,2007-06-12,22.7,20070612,232
163,2007,0.1,0.0,5.0,62.4,0.0,28.6,13,16.2,1.1,6,2007-06-13,22.2,20070613,232
164,2007,4.0,0.0,0.9,64.9,0.0,25.3,14,18.8,1.9,6,2007-06-14,21.8,20070614,232
165,2007,0.0,0.0,5.8,53.3,0.0,27.0,15,16.0,2.4,6,2007-06-15,21.3,20070615,232
166,2007,0.0,0.0,11.8,40.9,0.0,30.7,16,13.6,1.9,6,2007-06-16,22.6,20070616,232
167,2007,0.0,0.0,5.0,42.9,0.0,27.8,17,15.3,1.8,6,2007-06-17,22.5,20070617,232
168,2007,0.0,0.0,12.9,54.5,0.0,31.7,18,17.1,1.4,6,2007-06-18,23.5,20070618,232
169,2007,0.0,0.0,11.0,58.4,0.0,32.0,19,16.1,1.4,6,2007-06-19,23.8,20070619,232
170,2007,0.0,0.0,7.3,68.4,0.0,29.0,20,17.7,1.7,6,2007-06-20,23.4,20070620,232
171,2007,29.5,0.0,0.0,84.6,0.0,24.1,21,19.8,1.0,6,2007-06-21,21.2,20070621,232
172,2007,3.5,0.0,7.1,75.5,0.0,28.6,22,19.7,1.1,6,2007-06-22,23.6,20070622,232
173,2007,12.5,0.0,1.2,79.6,0.0,27.2,23,16.7,1.4,6,2007-06-23,21.7,20070623,232
174,2007,44.0,0.0,0.0,86.3,0.0,21.7,24,16.6,1.5,6,2007-06-24,19.4,20070624,232
175,2007,0.0,0.0,2.9,75.8,0.0,25.7,25,18.7,1.2,6,2007-06-25,22.1,20070625,232
176,2007,0.0,0.0,9.2,70.3,0.0,30.1,26,19.2,1.4,6,2007-06-26,24.1,20070626,232
177,2007,0.0,0.0,4.2,75.8,0.0,30.0,27,19.2,1.3,6,2007-06-27,24.8,20070627,232
178,2007,10.0,0.0,0.0,79.3,0.0,29.7,28,23.5,1.8,6,2007-06-28,25.7,20070628,232
179,2007,1.5,0.0,0.1,80.0,0.0,25.2,29,19.8,1.7,6,2007-06-29,22.7,20070629,232
180,2007,1.0,0.0,6.7,70.0,0.0,29.5,30,18.6,1.3,6,2007-06-30,24.4,20070630,232
181,2007,48.5,0.0,0.0,81.1,0.0,23.2,1,19.6,2.5,7,2007-07-01,21.0,20070701,232
182,2007,8.5,0.0,0.0,82.9,0.0,25.5,2,20.7,1.5,7,2007-07-02,22.6,20070702,232
183,2007,2.0,0.0,1.1,76.1,0.0,28.2,3,21.6,1.0,7,2007-07-03,24.3,20070703,232
184,2007,6.5,0.0,4.1,80.1,0.0,27.3,4,20.2,1.4,7,2007-07-04,22.1,20070704,232
185,2007,0.3,0.0,1.7,77.5,0.0,26.2,5,19.2,1.6,7,2007-07-05,22.7,20070705,232
186,2007,0.0,0.0,5.7,73.9,0.0,30.0,6,19.0,1.1,7,2007-07-06,24.4,20070706,232
187,2007,0.0,0.0,8.7,69.6,0.0,30.6,7,20.7,1.5,7,2007-07-07,25.2,20070707,232
188,2007,0.0,0.0,4.8,73.8,0.0,31.3,8,21.2,1.0,7,2007-07-08,25.2,20070708,232
189,2007,9.5,0.0,2.1,72.3,0.0,27.3,9,20.0,2.9,7,2007-07-09,23.1,20070709,232
190,2007,21.0,0.0,0.0,86.4,0.0,22.7,10,19.6,1.3,7,2007-07-10,21.0,20070710,232
191,2007,1.0,0.0,1.5,76.3,0.0,27.7,11,20.6,1.9,7,2007-07-11,23.5,20070711,232
192,2007,0.0,0.0,8.6,73.8,0.0,29.2,12,19.6,1.4,7,2007-07-12,23.9,20070712,232
193,2007,0.0,0.0,4.2,70.6,0.0,27.8,13,18.7,2.6,7,2007-07-13,23.8,20070713,232
194,2007,0.0,0.0,6.8,58.3,0.0,27.7,14,20.7,4.1,7,2007-07-14,23.6,20070714,232
195,2007,1.0,0.0,8.1,67.4,0.0,29.8,15,16.8,1.2,7,2007-07-15,23.7,20070715,232
196,2007,8.0,0.0,0.3,79.8,0.0,24.2,16,20.6,2.7,7,2007-07-16,21.6,20070716,232
197,2007,1.5,0.0,1.7,79.1,0.0,26.7,17,19.3,2.3,7,2007-07-17,21.6,20070717,232
198,2007,0.0,0.0,8.3,71.8,0.0,31.2,18,18.0,1.5,7,2007-07-18,24.6,20070718,232
199,2007,36.5,0.0,0.1,87.5,0.0,26.7,19,23.0,1.7,7,2007-07-19,24.1,20070719,232
200,2007,0.0,0.0,1.0,76.9,0.0,29.2,20,23.2,1.0,7,2007-07-20,25.6,20070720,232
201,2007,0.4,0.0,0.0,77.5,0.0,25.7,21,20.7,1.4,7,2007-07-21,23.3,20070721,232
202,2007,0.0,0.0,6.3,67.1,0.0,29.6,22,20.1,1.2,7,2007-07-22,23.8,20070722,232
203,2007,0.3,0.0,0.6,72.6,0.0,27.7,23,20.1,1.0,7,2007-07-23,23.8,20070723,232
204,2007,58.0,0.0,0.0,82.5,0.0,26.1,24,21.5,1.1,7,2007-07-24,23.8,20070724,232
205,2007,0.1,0.0,0.0,78.8,0.0,27.2,25,21.7,1.3,7,2007-07-25,24.3,20070725,232
206,2007,0.0,0.0,7.0,74.9,0.0,31.6,26,21.5,1.0,7,2007-07-26,26.7,20070726,232
207,2007,0.0,0.0,5.9,74.8,0.0,31.2,27,23.2,1.6,7,2007-07-27,26.9,20070727,232
208,2007,0.0,0.0,1.4,76.0,0.0,31.1,28,23.7,1.4,7,2007-07-28,26.5,20070728,232
209,2007,12.5,0.0,0.5,80.8,0.0,28.3,29,21.6,1.2,7,2007-07-29,24.6,20070729,232
210,2007,0.0,0.0,7.4,75.6,0.0,30.6,30,21.0,1.1,7,2007-07-30,24.7,20070730,232
211,2007,0.0,0.0,6.9,74.0,0.0,30.3,31,20.8,1.0,7,2007-07-31,25.3,20070731,232
212,2007,2.5,0.0,2.1,71.3,0.0,31.2,1,22.7,2.2,8,2007-08-01,27.0,20070801,232
213,2007,5.0,0.0,6.8,74.6,0.0,33.2,2,24.7,1.6,8,2007-08-02,27.9,20070802,232
214,2007,55.5,0.0,0.9,83.6,0.0,31.2,3,23.3,1.1,8,2007-08-03,26.3,20070803,232
215,2007,144.5,0.0,0.0,86.9,0.0,26.1,4,22.6,1.8,8,2007-08-04,24.4,20070804,232
216,2007,51.5,0.0,0.5,85.9,0.0,27.1,5,22.6,1.2,8,2007-08-05,23.8,20070805,232
217,2007,3.5,0.0,1.0,81.8,0.0,26.7,6,22.8,1.6,8,2007-08-06,24.2,20070806,232
218,2007,32.5,0.0,0.1,86.0,0.0,26.7,7,22.5,1.4,8,2007-08-07,23.9,20070807,232
219,2007,39.5,0.0,1.1,82.8,0.0,30.1,8,21.6,1.8,8,2007-08-08,25.4,20070808,232
220,2007,0.5,0.0,0.7,79.0,0.0,30.6,9,24.2,2.0,8,2007-08-09,27.1,20070809,232
221,2007,13.5,0.0,5.3,79.4,0.0,32.0,10,24.2,1.7,8,2007-08-10,26.8,20070810,232
222,2007,0.0,0.0,9.5,68.5,0.0,32.2,11,23.8,2.0,8,2007-08-11,27.6,20070811,232
223,2007,12.0,0.0,0.2,76.4,0.0,28.1,12,24.5,3.3,8,2007-08-12,25.9,20070812,232
224,2007,6.5,0.0,1.8,77.4,0.0,30.8,13,24.2,1.8,8,2007-08-13,26.8,20070813,232
225,2007,14.0,0.0,0.5,83.5,0.0,28.1,14,24.2,1.8,8,2007-08-14,25.7,20070814,232
226,2007,2.5,0.0,1.2,80.3,0.0,31.8,15,22.2,1.2,8,2007-08-15,26.2,20070815,232
227,2007,0.0,0.0,8.7,73.5,0.0,32.5,16,24.2,1.6,8,2007-08-16,27.6,20070816,232
228,2007,0.0,0.0,11.7,74.3,0.0,32.2,17,22.2,1.4,8,2007-08-17,26.7,20070817,232
229,2007,0.0,0.0,7.1,75.3,0.0,30.7,18,22.5,1.4,8,2007-08-18,26.0,20070818,232
230,2007,0.0,0.0,8.0,75.0,0.0,32.0,19,22.6,1.2,8,2007-08-19,26.4,20070819,232
231,2007,0.0,0.0,9.4,73.8,0.0,32.0,20,21.8,1.3,8,2007-08-20,26.6,20070820,232
232,2007,0.0,0.0,7.0,75.1,0.0,32.0,21,23.2,1.6,8,2007-08-21,27.0,20070821,232
233,2007,2.0,0.0,5.8,80.0,0.0,30.1,22,20.6,1.1,8,2007-08-22,25.5,20070822,232
234,2007,0.0,0.0,11.8,72.0,0.0,31.6,23,18.2,1.2,8,2007-08-23,24.4,20070823,232
235,2007,0.0,0.0,10.7,70.0,0.0,33.7,24,19.8,1.2,8,2007-08-24,26.6,20070824,232
236,2007,0.0,0.0,10.1,71.5,0.0,34.9,25,23.1,1.1,8,2007-08-25,28.1,20070825,232
237,2007,15.5,0.0,3.0,82.6,0.0,32.0,26,23.5,1.1,8,2007-08-26,25.8,20070826,232
238,2007,16.5,0.0,4.1,81.0,0.0,30.2,27,24.1,1.6,8,2007-08-27,26.3,20070827,232
239,2007,17.5,0.0,0.6,79.5,0.0,29.6,28,23.7,1.0,8,2007-08-28,26.1,20070828,232
240,2007,35.5,0.0,0.0,85.6,0.0,24.2,29,20.8,2.1,8,2007-08-29,22.6,20070829,232
241,2007,0.0,0.0,0.8,73.6,0.0,24.0,30,20.5,2.5,8,2007-08-30,21.7,20070830,232
242,2007,0.1,0.0,0.1,71.4,0.0,25.2,31,19.7,1.5,8,2007-08-31,22.5,20070831,232
243,2007,43.0,0.0,0.0,87.4,0.0,22.2,1,18.7,1.8,9,2007-09-01,19.4,20070901,232
244,2007,12.5,0.0,0.0,86.6,0.0,20.6,2,18.0,2.4,9,2007-09-02,19.2,20070902,232
245,2007,5.5,0.0,0.0,81.0,0.0,24.8,3,18.7,1.1,9,2007-09-03,20.9,20070903,232
246,2007,7.5,0.0,0.0,79.0,0.0,24.3,4,20.0,1.3,9,2007-09-04,21.7,20070904,232
247,2007,38.5,0.0,0.0,85.3,0.0,21.6,5,18.3,1.8,9,2007-09-05,19.3,20070905,232
248,2007,27.5,0.0,0.0,83.8,0.0,18.8,6,17.2,2.0,9,2007-09-06,18.0,20070906,232
249,2007,0.0,0.0,3.3,73.4,0.0,26.2,7,17.3,1.2,9,2007-09-07,21.0,20070907,232
250,2007,0.0,0.0,8.2,68.8,0.0,25.7,8,16.7,1.7,9,2007-09-08,20.7,20070908,232
251,2007,1.5,0.0,10.4,72.3,0.0,27.2,9,14.6,1.3,9,2007-09-09,20.9,20070909,232
252,2007,0.0,0.0,10.3,75.1,0.0,28.7,10,15.1,1.3,9,2007-09-10,21.3,20070910,232
253,2007,0.0,0.0,5.4,75.8,0.0,28.0,11,17.8,1.2,9,2007-09-11,22.1,20070911,232
254,2007,0.0,0.0,7.2,75.6,0.0,30.2,12,16.7,1.0,9,2007-09-12,22.1,20070912,232
255,2007,0.0,0.0,1.0,77.4,0.0,28.2,13,17.5,0.8,9,2007-09-13,22.7,20070913,232
256,2007,85.0,0.0,0.2,78.6,0.0,25.7,14,18.2,2.2,9,2007-09-14,20.5,20070914,232
257,2007,14.0,0.0,0.2,84.0,0.0,23.7,15,18.6,1.1,9,2007-09-15,21.0,20070915,232
258,2007,25.5,0.0,0.0,86.3,0.0,22.1,16,19.0,1.0,9,2007-09-16,20.3,20070916,232
259,2007,3.0,0.0,7.7,71.6,0.0,27.8,17,19.1,1.9,9,2007-09-17,23.4,20070917,232
260,2007,31.5,0.0,0.5,75.4,0.0,25.7,18,19.2,2.9,9,2007-09-18,22.4,20070918,232
261,2007,10.0,0.0,5.1,74.5,0.0,30.2,19,21.2,2.2,9,2007-09-19,25.3,20070919,232
262,2007,2.0,0.0,9.5,66.4,0.0,32.0,20,21.7,2.3,9,2007-09-20,27.4,20070920,232
263,2007,0.3,0.0,0.3,72.8,0.0,26.7,21,21.2,2.0,9,2007-09-21,23.6,20070921,232
264,2007,9.5,0.0,0.0,83.6,0.0,23.0,22,18.6,1.4,9,2007-09-22,20.4,20070922,232
265,2007,1.5,0.0,0.5,72.4,0.0,23.2,23,18.1,2.2,9,2007-09-23,20.3,20070923,232
266,2007,6.5,0.0,4.0,79.3,0.0,26.2,24,17.3,1.3,9,2007-09-24,20.8,20070924,232
267,2007,0.0,0.0,7.8,75.5,0.0,29.2,25,18.1,0.8,9,2007-09-25,22.2,20070925,232
268,2007,0.0,0.0,6.5,70.6,0.0,27.7,26,18.1,1.7,9,2007-09-26,22.1,20070926,232
269,2007,6.5,0.0,3.4,72.4,0.0,26.7,27,20.2,2.1,9,2007-09-27,23.1,20070927,232
270,2007,10.5,0.0,0.3,72.0,0.0,20.5,28,14.3,1.8,9,2007-09-28,17.7,20070928,232
271,2007,0.5,0.0,0.6,74.4,0.0,22.8,29,11.3,1.4,9,2007-09-29,18.1,20070929,232
272,2007,11.0,0.0,0.0,85.1,0.0,18.6,30,16.5,1.1,9,2007-09-30,17.3,20070930,232
273,2007,0.0,0.0,2.4,79.1,0.0,23.0,1,15.8,0.8,10,2007-10-01,18.0,20071001,232
274,2007,0.1,0.0,1.4,76.0,0.0,24.3,2,16.5,0.5,10,2007-10-02,19.6,20071002,232
275,2007,0.0,0.0,0.0,77.5,0.0,22.5,3,18.5,1.1,10,2007-10-03,20.3,20071003,232
276,2007,1.5,0.0,2.3,80.0,0.0,24.8,4,16.5,1.0,10,2007-10-04,20.5,20071004,232
277,2007,0.0,0.0,10.8,69.3,0.0,26.2,5,14.8,1.6,10,2007-10-05,19.8,20071005,232
278,2007,0.0,0.0,9.9,61.1,0.0,25.7,6,16.0,2.1,10,2007-10-06,20.3,20071006,232
279,2007,0.0,0.0,7.9,66.0,0.0,26.5,7,14.5,2.3,10,2007-10-07,20.6,20071007,232
280,2007,0.0,0.0,8.7,60.6,0.0,18.7,8,10.8,2.5,10,2007-10-08,14.7,20071008,232
281,2007,0.0,0.0,10.7,68.1,0.0,21.6,9,6.6,1.2,10,2007-10-09,13.6,20071009,232
282,2007,0.0,0.0,2.9,73.3,0.0,24.2,10,9.5,1.3,10,2007-10-10,16.2,20071010,232
283,2007,0.0,0.0,3.0,61.4,0.0,20.2,11,13.6,1.6,10,2007-10-11,16.1,20071011,232
284,2007,0.0,0.0,2.5,61.8,0.0,22.1,12,12.5,1.3,10,2007-10-12,15.9,20071012,232
285,2007,0.0,0.0,2.9,67.6,0.0,19.8,13,10.1,0.9,10,2007-10-13,13.5,20071013,232
286,2007,0.0,0.0,8.4,69.4,0.0,21.2,14,9.1,1.3,10,2007-10-14,13.7,20071014,232
287,2007,0.0,0.0,7.7,73.5,0.0,22.1,15,6.6,1.2,10,2007-10-15,13.5,20071015,232
288,2007,0.0,0.0,8.8,73.4,0.0,20.2,16,7.1,1.1,10,2007-10-16,12.9,20071016,232
289,2007,0.0,0.0,8.9,72.9,0.0,19.7,17,6.5,1.2,10,2007-10-17,12.6,20071017,232
290,2007,0.0,0.0,8.9,72.0,0.0,21.2,18,5.4,0.7,10,2007-10-18,12.8,20071018,232
291,2007,7.0,0.0,4.3,71.3,0.0,14.8,19,5.0,2.3,10,2007-10-19,10.7,20071019,232
292,2007,3.0,0.0,8.5,58.3,0.0,11.5,20,4.1,3.3,10,2007-10-20,7.6,20071020,232
293,2007,0.0,0.0,9.2,72.5,0.0,18.7,21,1.8,1.5,10,2007-10-21,9.8,20071021,232
294,2007,0.0,0.0,9.5,75.0,0.0,20.7,22,6.9,1.1,10,2007-10-22,12.8,20071022,232
295,2007,0.0,0.0,7.3,78.4,0.0,22.6,23,8.3,0.9,10,2007-10-23,13.5,20071023,232
296,2007,0.0,0.0,8.6,74.3,0.0,23.3,24,8.6,1.2,10,2007-10-24,14.4,20071024,232
297,2007,27.5,0.0,0.0,84.1,0.0,17.6,25,9.5,1.3,10,2007-10-25,14.5,20071025,232
298,2007,4.0,0.0,6.3,78.3,0.0,21.6,26,10.6,1.3,10,2007-10-26,15.2,20071026,232
299,2007,0.0,0.0,9.7,71.5,0.0,21.7,27,7.0,0.5,10,2007-10-27,12.6,20071027,232
300,2007,0.3,0.0,2.0,73.6,0.0,17.6,28,6.8,1.9,10,2007-10-28,13.3,20071028,232
301,2007,0.0,0.0,2.5,66.6,0.0,14.1,29,8.3,2.6,10,2007-10-29,10.6,20071029,232
302,2007,0.0,0.0,8.2,70.6,0.0,15.3,30,4.0,1.1,10,2007-10-30,9.5,20071030,232
303,2007,0.0,0.0,2.6,71.1,0.0,16.2,31,4.0,1.1,10,2007-10-31,9.9,20071031,232
304,2007,0.0,0.0,6.9,54.1,0.0,12.6,1,5.5,2.8,11,2007-11-01,9.7,20071101,232
305,2007,0.5,0.0,5.0,68.3,0.0,14.3,2,4.5,1.6,11,2007-11-02,8.9,20071102,232
306,2007,0.0,0.0,7.7,68.9,0.0,16.1,3,3.2,1.3,11,2007-11-03,8.4,20071103,232
307,2007,0.0,0.0,9.7,67.0,0.0,16.1,4,0.5,1.0,11,2007-11-04,7.0,20071104,232
308,2007,0.0,0.0,0.7,72.5,0.0,13.6,5,1.7,0.7,11,2007-11-05,6.9,20071105,232
309,2007,0.0,0.0,6.0,75.5,0.0,19.1,6,2.2,0.5,11,2007-11-06,7.8,20071106,232
310,2007,0.0,0.0,9.2,69.0,0.0,20.2,7,1.8,0.6,11,2007-11-07,9.1,20071107,232
311,2007,0.0,0.0,8.4,71.6,0.0,20.8,8,2.7,0.5,11,2007-11-08,9.4,20071108,232
312,2007,0.0,0.0,7.2,68.4,0.0,19.2,9,3.9,1.9,11,2007-11-09,11.1,20071109,232
313,2007,0.0,0.0,0.6,67.5,0.0,13.5,10,5.4,2.0,11,2007-11-10,9.7,20071110,232
314,2007,0.0,0.0,2.0,70.0,0.0,11.8,11,2.7,1.4,11,2007-11-11,7.5,20071111,232
315,2007,0.0,0.0,8.7,72.8,0.0,14.3,12,0.1,0.8,11,2007-11-12,6.1,20071112,232
316,2007,0.0,0.0,4.8,75.0,0.0,14.6,13,-0.2,0.5,11,2007-11-13,6.6,20071113,232
317,2007,0.0,0.0,5.2,74.5,0.0,17.0,14,3.4,0.8,11,2007-11-14,9.1,20071114,232
318,2007,0.0,0.0,5.4,71.9,0.0,12.1,15,2.7,1.9,11,2007-11-15,8.0,20071115,232
319,2007,0.0,0.0,9.2,66.1,0.0,10.0,16,-1.0,1.3,11,2007-11-16,4.5,20071116,232
320,2007,0.5,0.0,5.0,61.9,0.0,12.3,17,-1.7,2.5,11,2007-11-17,6.1,20071117,232
321,2007,0.0,0.0,9.0,38.3,0.0,6.5,18,-2.5,4.3,11,2007-11-18,0.7,20071118,232
322,2007,4.0,0.0,6.5,58.4,0.0,6.3,19,-6.6,1.9,11,2007-11-19,0.6,20071119,232
323,2007,0.0,0.0,8.8,55.0,0.0,6.5,20,-0.6,2.6,11,2007-11-20,2.5,20071120,232
324,2007,3.0,0.0,8.7,66.1,0.0,8.6,21,-1.7,2.0,11,2007-11-21,3.7,20071121,232
325,2007,0.0,0.0,7.4,59.5,0.0,9.5,22,-3.9,0.8,11,2007-11-22,3.5,20071122,232
326,2007,6.0,0.0,5.1,62.1,0.0,15.6,23,4.6,2.9,11,2007-11-23,9.6,20071123,232
327,2007,1.0,0.0,5.6,79.8,0.0,11.8,24,0.8,1.1,11,2007-11-24,7.2,20071124,232
328,2007,0.5,0.0,6.0,87.0,0.0,10.8,25,-1.6,0.8,11,2007-11-25,3.2,20071125,232
329,2007,0.1,0.0,0.0,79.5,0.0,9.8,26,0.6,1.5,11,2007-11-26,5.0,20071126,232
330,2007,0.0,0.0,8.9,65.4,0.0,6.6,27,-3.0,1.8,11,2007-11-27,0.9,20071127,232
331,2007,0.0,0.0,8.9,70.0,0.0,10.3,28,-5.3,0.8,11,2007-11-28,1.3,20071128,232
332,2007,0.0,0.0,8.5,67.9,0.0,11.6,29,-2.2,1.8,11,2007-11-29,4.5,20071129,232
333,2007,0.0,0.0,8.8,65.3,0.0,6.9,30,-3.0,1.5,11,2007-11-30,1.3,20071130,232
334,2007,0.0,0.0,5.2,73.1,0.0,10.3,1,-4.3,1.2,12,2007-12-01,2.0,20071201,232
335,2007,2.5,0.0,0.0,87.0,0.0,7.3,2,-0.2,0.9,12,2007-12-02,2.9,20071202,232
336,2007,0.2,0.0,3.3,64.6,0.0,6.6,3,-3.4,2.3,12,2007-12-03,1.9,20071203,232
337,2007,0.0,0.0,8.4,53.5,0.0,2.0,4,-3.9,2.7,12,2007-12-04,-0.7,20071204,232
338,2007,0.0,0.0,8.6,64.6,0.0,3.7,5,-6.5,1.6,12,2007-12-05,-2.0,20071205,232
339,2007,2.0,0.0,0.1,75.6,0.5,3.0,6,-5.1,2.0,12,2007-12-06,0.2,20071206,232
340,2007,1.0,0.0,2.2,77.3,0.0,6.5,7,-1.2,2.0,12,2007-12-07,2.9,20071207,232
341,2007,0.0,0.0,4.9,76.0,0.0,5.3,8,-3.5,1.6,12,2007-12-08,0.0,20071208,232
342,2007,0.0,0.0,8.4,76.6,0.0,7.9,9,-4.8,0.8,12,2007-12-09,0.4,20071209,232
343,2007,0.5,0.0,0.0,68.6,0.0,6.3,10,-3.5,1.3,12,2007-12-10,2.5,20071210,232
344,2007,8.5,0.0,0.0,90.0,0.0,7.0,11,1.3,1.1,12,2007-12-11,4.2,20071211,232
345,2007,0.0,0.0,2.4,83.3,0.0,7.9,12,0.8,0.8,12,2007-12-12,3.9,20071212,232
346,2007,0.5,0.0,3.2,67.8,0.0,5.1,13,0.4,2.7,12,2007-12-13,3.1,20071213,232
347,2007,0.0,0.0,8.1,62.6,0.0,5.3,14,-3.4,1.4,12,2007-12-14,0.8,20071214,232
348,2007,2.0,0.0,2.2,70.4,0.0,5.9,15,-2.9,2.2,12,2007-12-15,1.7,20071215,232
349,2007,0.0,0.0,6.8,71.3,0.0,5.5,16,-3.2,1.1,12,2007-12-16,0.6,20071216,232
350,2007,0.0,0.0,1.1,79.9,0.0,6.5,17,-2.9,1.2,12,2007-12-17,1.0,20071217,232
351,2007,0.0,0.0,1.4,85.0,0.0,2.7,18,-4.8,0.7,12,2007-12-18,-1.4,20071218,232
352,2007,0.0,0.0,6.8,78.1,0.0,5.8,19,-4.0,0.9,12,2007-12-19,0.2,20071219,232
353,2007,0.0,0.0,3.3,72.1,0.0,11.0,20,-1.8,2.2,12,2007-12-20,3.4,20071220,232
354,2007,0.0,0.0,2.3,84.4,0.0,8.3,21,-2.7,0.7,12,2007-12-21,1.2,20071221,232
355,2007,0.0,0.0,4.9,74.3,0.0,10.6,22,-2.9,0.7,12,2007-12-22,2.5,20071222,232
356,2007,0.0,0.0,1.6,77.5,0.0,8.6,23,-3.4,1.8,12,2007-12-23,2.1,20071223,232
357,2007,0.0,0.0,5.9,79.1,0.0,7.5,24,-4.4,0.7,12,2007-12-24,0.3,20071224,232
358,2007,0.0,0.0,3.4,75.3,0.0,10.6,25,-2.2,0.8,12,2007-12-25,2.9,20071225,232
359,2007,0.0,0.0,8.4,73.5,0.0,14.8,26,-1.1,1.1,12,2007-12-26,5.0,20071226,232
360,2007,2.5,0.0,0.2,80.6,0.0,10.3,27,-1.2,1.0,12,2007-12-27,4.8,20071227,232
361,2007,1.0,0.0,0.0,87.4,0.0,7.3,28,4.0,1.4,12,2007-12-28,5.3,20071228,232
362,2007,2.6,0.0,1.8,77.8,2.5,4.6,29,-1.7,2.9,12,2007-12-29,1.0,20071229,232
363,2007,12.4,0.0,0.7,70.3,7.9,-1.3,30,-8.1,3.0,12,2007-12-30,-4.9,20071230,232
364,2007,8.2,0.0,1.9,66.9,9.0,-1.6,31,-4.5,3.4,12,2007-12-31,-3.4,20071231,232
