,Date,tavg,year,tmax,snow,humid,sunshine,day,rainfall,month,tmin,wind,station_id,cloud,date
0,2004-01-01,1.5,2004,8.1,0.0,77.5,1.7,1,0.0,1,-4.5,0.9,232,0.0,20040101
1,2004-01-02,1.1,2004,5.5,0.0,79.1,3.6,2,3.5,1,-4.0,1.6,232,0.0,20040102
2,2004-01-03,-0.2,2004,8.1,0.0,73.9,7.6,3,0.0,1,-5.0,1.1,232,0.0,20040103
3,2004-01-04,-1.6,2004,7.3,0.0,68.5,8.6,4,0.0,1,-6.9,0.7,232,0.0,20040104
4,2004-01-05,-1.3,2004,9.5,0.0,70.3,8.1,5,0.0,1,-7.5,0.4,232,0.0,20040105
5,2004-01-06,1.8,2004,8.5,0.0,73.4,2.3,6,0.0,1,-4.1,0.9,232,0.0,20040106
6,2004-01-07,0.7,2004,6.1,0.0,72.6,4.2,7,0.0,1,-2.7,2.0,232,0.0,20040107
7,2004-01-08,-2.4,2004,7.4,0.0,68.8,8.0,8,0.0,1,-8.3,0.7,232,0.0,20040108
8,2004-01-09,-0.8,2004,6.0,0.0,74.6,7.6,9,0.0,1,-5.5,1.1,232,0.0,20040109
9,2004-01-10,-0.8,2004,2.7,0.0,62.3,7.4,10,0.0,1,-4.6,2.4,232,0.0,20040110
10,2004-01-11,-2.6,2004,6.1,0.0,65.6,5.0,11,0.0,1,-8.8,0.9,232,0.0,20040111
11,2004-01-12,-2.1,2004,3.5,0.5,80.4,1.3,12,0.5,1,-8.1,2.5,232,0.0,20040112
12,2004-01-13,-5.5,2004,-2.5,5.7,74.9,5.0,13,3.1,1,-11.6,4.1,232,0.0,20040113
13,2004-01-14,-7.8,2004,1.7,0.0,69.6,8.6,14,0.0,1,-16.6,0.7,232,0.0,20040114
14,2004-01-15,-4.2,2004,3.9,0.0,74.0,2.8,15,0.0,1,-10.6,0.8,232,0.0,20040115
15,2004-01-16,-1.6,2004,5.4,0.0,79.1,1.3,16,0.0,1,-8.8,0.6,232,0.0,20040116
16,2004-01-17,0.3,2004,3.2,5.2,92.1,0.3,17,4.7,1,-3.2,0.9,232,0.0,20040117
17,2004-01-18,-0.2,2004,3.0,0.7,89.8,0.0,18,1.5,1,-2.4,1.8,232,0.0,20040118
18,2004-01-19,-1.1,2004,2.2,1.5,73.4,7.8,19,0.6,1,-4.3,2.0,232,0.0,20040119
19,2004-01-20,-3.8,2004,2.0,0.5,57.9,8.7,20,0.2,1,-9.1,1.9,232,0.0,20040120
20,2004-01-21,-12.4,2004,-7.4,0.3,59.0,4.3,21,0.0,1,-14.6,3.0,232,0.0,20040121
21,2004-01-22,-11.4,2004,-7.1,0.5,65.4,9.0,22,0.2,1,-14.6,2.9,232,0.0,20040122
22,2004-01-23,-9.7,2004,-3.0,0.0,70.0,8.8,23,0.0,1,-16.3,1.4,232,0.0,20040123
23,2004-01-24,-8.4,2004,-2.0,2.0,70.9,8.7,24,0.9,1,-16.5,1.6,232,0.0,20040124
24,2004-01-25,-6.9,2004,-2.5,1.6,76.1,3.6,25,1.2,1,-12.1,1.5,232,0.0,20040125
25,2004-01-26,-6.0,2004,0.8,0.0,69.6,7.4,26,0.0,1,-16.2,1.1,232,0.0,20040126
26,2004-01-27,-6.3,2004,0.6,0.0,74.4,7.3,27,0.0,1,-13.6,1.3,232,0.0,20040127
27,2004-01-28,-2.7,2004,5.0,0.0,76.9,4.5,28,0.0,1,-11.3,1.1,232,0.0,20040128
28,2004-01-29,0.8,2004,7.0,0.0,74.3,2.2,29,0.0,1,-6.4,1.1,232,0.0,20040129
29,2004-01-30,-0.8,2004,6.4,0.0,78.1,8.3,30,0.0,1,-6.1,1.0,232,0.0,20040130
30,2004-01-31,-0.7,2004,9.0,0.0,73.8,8.7,31,0.0,1,-7.5,1.0,232,0.0,20040131
31,2004-02-01,1.3,2004,9.5,0.0,67.1,6.4,1,0.0,2,-5.1,1.1,232,0.0,20040201
32,2004-02-02,-0.7,2004,2.2,0.0,53.3,8.0,2,0.0,2,-3.7,4.0,232,0.0,20040202
33,2004-02-03,-3.3,2004,0.3,0.0,56.9,7.0,3,0.0,2,-6.5,2.4,232,0.0,20040203
34,2004-02-04,-2.2,2004,3.7,2.2,70.3,6.6,4,0.7,2,-8.1,1.6,232,0.0,20040204
35,2004-02-05,-3.8,2004,-0.8,2.4,58.3,9.2,5,0.8,2,-6.1,3.1,232,0.0,20040205
36,2004-02-06,-4.2,2004,1.2,2.7,72.6,6.5,6,0.9,2,-11.6,2.3,232,0.0,20040206
37,2004-02-07,-3.7,2004,-0.5,2.2,68.9,7.8,7,0.8,2,-7.4,2.7,232,0.0,20040207
38,2004-02-08,0.4,2004,6.8,0.0,62.9,7.9,8,0.0,2,-7.5,2.8,232,0.0,20040208
39,2004-02-09,-3.0,2004,3.2,0.0,64.1,9.8,9,0.0,2,-9.1,1.4,232,0.0,20040209
40,2004-02-10,-2.6,2004,4.9,0.0,63.8,9.5,10,0.0,2,-10.3,0.9,232,0.0,20040210
41,2004-02-11,1.2,2004,9.0,0.0,71.6,4.6,11,0.0,2,-5.6,2.1,232,0.0,20040211
42,2004-02-12,-0.3,2004,6.6,0.0,70.1,9.7,12,0.0,2,-5.1,1.4,232,0.0,20040212
43,2004-02-13,2.4,2004,8.5,0.0,57.9,3.7,13,0.0,2,-5.1,1.7,232,0.0,20040213
44,2004-02-14,3.6,2004,8.5,0.0,58.0,3.4,14,0.5,2,-0.4,5.3,232,0.0,20040214
45,2004-02-15,1.8,2004,9.3,0.0,61.0,9.7,15,0.0,2,-6.0,2.2,232,0.0,20040215
46,2004-02-16,3.5,2004,12.3,0.0,64.0,8.1,16,0.0,2,-4.5,1.8,232,0.0,20040216
47,2004-02-17,3.7,2004,8.6,0.0,56.0,7.8,17,0.0,2,-3.4,2.7,232,0.0,20040217
48,2004-02-18,3.1,2004,13.8,0.0,51.5,9.8,18,0.0,2,-5.3,1.6,232,0.0,20040218
49,2004-02-19,5.0,2004,18.2,0.0,48.1,9.9,19,0.0,2,-5.3,1.1,232,0.0,20040219
50,2004-02-20,7.3,2004,20.6,0.0,54.0,9.2,20,0.0,2,-3.7,1.6,232,0.0,20040220
51,2004-02-21,12.7,2004,17.8,0.0,77.0,1.4,21,8.6,2,5.5,2.5,232,0.0,20040221
52,2004-02-22,5.2,2004,15.8,0.0,83.0,0.0,22,8.0,2,2.0,4.4,232,0.0,20040222
53,2004-02-23,1.5,2004,6.5,0.0,60.8,9.0,23,0.0,2,-3.0,3.4,232,0.0,20040223
54,2004-02-24,2.9,2004,9.3,0.0,70.1,4.5,24,0.0,2,-4.0,2.3,232,0.0,20040224
55,2004-02-25,6.5,2004,12.8,0.0,64.3,4.9,25,0.0,2,1.2,3.3,232,0.0,20040225
56,2004-02-26,1.2,2004,5.5,0.0,59.6,6.5,26,0.0,2,-3.2,2.6,232,0.0,20040226
57,2004-02-27,0.9,2004,7.5,0.0,58.3,10.1,27,0.0,2,-3.7,1.8,232,0.0,20040227
58,2004-02-28,6.3,2004,14.1,0.0,62.0,1.1,28,0.5,2,-3.0,2.8,232,0.0,20040228
59,2004-02-29,3.5,2004,7.9,0.0,54.3,7.3,29,0.5,2,1.2,3.8,232,0.0,20040229
60,2004-03-01,2.1,2004,7.0,0.0,42.1,9.9,1,0.0,3,-3.7,3.0,232,0.0,20040301
61,2004-03-02,-1.4,2004,2.4,0.0,38.3,10.6,2,0.0,3,-4.8,3.8,232,0.0,20040302
62,2004-03-03,-1.8,2004,2.4,0.0,43.4,4.1,3,0.0,3,-6.1,1.7,232,0.0,20040303
63,2004-03-04,0.0,2004,4.8,0.1,56.5,7.5,4,2.5,3,-8.8,2.4,232,0.0,20040304
64,2004-03-05,0.4,2004,1.7,13.2,88.9,0.0,5,14.8,3,-3.0,1.4,232,0.0,20040305
65,2004-03-06,-2.8,2004,-0.8,0.5,60.3,4.5,6,0.2,3,-4.8,4.1,232,0.0,20040306
66,2004-03-07,-3.1,2004,2.4,0.0,59.8,10.6,7,0.0,3,-8.6,2.5,232,0.0,20040307
67,2004-03-08,-0.5,2004,7.0,0.0,78.1,4.1,8,0.0,3,-9.5,1.4,232,0.0,20040308
68,2004-03-09,6.4,2004,12.8,0.0,66.9,9.4,9,0.0,3,-1.7,2.5,232,0.0,20040309
69,2004-03-10,11.2,2004,17.0,0.0,66.0,1.8,10,0.0,3,6.0,3.5,232,0.0,20040310
70,2004-03-11,4.7,2004,8.8,0.0,45.4,5.1,11,0.0,3,0.5,2.7,232,0.0,20040311
71,2004-03-12,5.2,2004,13.6,0.0,47.9,9.5,12,0.0,3,-1.0,1.5,232,0.0,20040312
72,2004-03-13,6.8,2004,14.6,0.0,62.0,6.7,13,0.0,3,-0.6,1.2,232,0.0,20040313
73,2004-03-14,5.7,2004,10.3,0.0,83.6,0.6,14,0.0,3,2.4,1.4,232,0.0,20040314
74,2004-03-15,7.9,2004,17.1,0.0,65.0,8.6,15,0.0,3,-1.1,1.6,232,0.0,20040315
75,2004-03-16,14.9,2004,21.7,0.0,43.6,5.8,16,0.0,3,4.0,3.0,232,0.0,20040316
76,2004-03-17,6.1,2004,19.0,0.0,67.8,0.1,17,3.0,3,-0.2,5.2,232,0.0,20040317
77,2004-03-18,1.7,2004,6.5,0.0,43.3,11.3,18,0.0,3,-2.0,3.0,232,0.0,20040318
78,2004-03-19,2.9,2004,10.1,0.0,57.4,7.7,19,0.0,3,-5.1,1.4,232,0.0,20040319
79,2004-03-20,4.9,2004,12.8,0.0,53.1,9.7,20,0.0,3,-1.7,1.5,232,0.0,20040320
80,2004-03-21,8.6,2004,17.5,0.0,51.5,6.5,21,0.0,3,0.4,1.6,232,0.0,20040321
81,2004-03-22,8.9,2004,15.6,0.0,56.4,8.6,22,0.5,3,1.8,1.7,232,0.0,20040322
82,2004-03-23,6.6,2004,16.2,0.0,46.9,9.6,23,0.0,3,-2.9,1.4,232,0.0,20040323
83,2004-03-24,6.5,2004,13.5,0.0,61.5,6.0,24,0.5,3,-0.8,1.8,232,0.0,20040324
84,2004-03-25,5.7,2004,13.5,0.0,60.5,6.6,25,0.0,3,0.4,1.5,232,0.0,20040325
85,2004-03-26,7.1,2004,17.0,0.0,53.6,11.2,26,0.0,3,-2.7,1.2,232,0.0,20040326
86,2004-03-27,7.7,2004,18.6,0.0,49.3,8.8,27,0.0,3,-2.2,1.3,232,0.0,20040327
87,2004-03-28,8.8,2004,20.2,0.0,45.6,11.2,28,0.0,3,-3.0,1.7,232,0.0,20040328
88,2004-03-29,13.6,2004,21.6,0.0,54.4,3.0,29,0.0,3,5.0,1.5,232,0.0,20040329
89,2004-03-30,9.5,2004,13.6,0.0,49.1,8.2,30,0.0,3,1.2,3.8,232,0.0,20040330
90,2004-03-31,6.1,2004,14.3,0.0,51.6,10.2,31,0.0,3,-3.0,1.9,232,0.0,20040331
91,2004-04-01,9.0,2004,18.5,0.0,56.4,4.9,1,6.0,4,-1.0,2.2,232,0.0,20040401
92,2004-04-02,6.7,2004,9.6,0.0,64.8,1.9,2,0.5,4,4.5,4.1,232,0.0,20040402
93,2004-04-03,5.2,2004,10.6,0.0,62.4,10.2,3,0.0,4,-0.3,2.5,232,0.0,20040403
94,2004-04-04,5.3,2004,12.6,0.0,52.4,11.5,4,0.0,4,-2.0,2.1,232,0.0,20040404
95,2004-04-05,7.3,2004,16.3,0.0,44.4,12.0,5,0.0,4,-2.7,2.3,232,0.0,20040405
96,2004-04-06,6.9,2004,14.1,0.0,56.5,0.4,6,2.0,4,0.8,1.3,232,0.0,20040406
97,2004-04-07,8.7,2004,14.3,0.0,53.9,8.1,7,0.0,4,3.5,3.1,232,0.0,20040407
98,2004-04-08,8.2,2004,17.7,0.0,45.9,11.9,8,0.0,4,-1.8,2.0,232,0.0,20040408
99,2004-04-09,12.5,2004,22.5,0.0,42.6,10.9,9,0.0,4,2.7,2.2,232,0.0,20040409
100,2004-04-10,14.0,2004,23.7,0.0,45.6,10.1,10,0.0,4,3.7,1.8,232,0.0,20040410
101,2004-04-11,14.2,2004,23.1,0.0,55.9,8.9,11,0.0,4,6.6,1.5,232,0.0,20040411
102,2004-04-12,14.0,2004,23.5,0.0,66.3,6.9,12,0.0,4,5.3,1.3,232,0.0,20040412
103,2004-04-13,15.2,2004,23.1,0.0,50.3,8.8,13,0.0,4,9.1,2.5,232,0.0,20040413
104,2004-04-14,13.7,2004,23.3,0.0,50.0,10.2,14,0.0,4,6.5,1.8,232,0.0,20040414
105,2004-04-15,12.4,2004,23.3,0.0,50.9,6.5,15,0.0,4,2.4,1.1,232,0.0,20040415
106,2004-04-16,15.4,2004,24.3,0.0,47.9,10.6,16,0.0,4,5.4,2.3,232,0.0,20040416
107,2004-04-17,16.5,2004,25.6,0.0,40.4,11.3,17,0.0,4,8.0,2.7,232,0.0,20040417
108,2004-04-18,17.2,2004,27.3,0.0,52.1,5.3,18,2.0,4,4.8,1.7,232,0.0,20040418
109,2004-04-19,14.4,2004,16.8,0.0,85.3,0.0,19,6.5,4,11.5,2.2,232,0.0,20040419
110,2004-04-20,15.3,2004,23.7,0.0,66.6,10.0,20,0.0,4,9.1,1.8,232,0.0,20040420
111,2004-04-21,19.3,2004,29.1,0.0,55.3,9.3,21,0.0,4,8.6,2.2,232,0.0,20040421
112,2004-04-22,15.3,2004,24.1,0.0,73.5,2.0,22,0.5,4,10.8,2.1,232,0.0,20040422
113,2004-04-23,11.6,2004,15.8,0.0,37.9,11.7,23,0.0,4,7.9,4.0,232,0.0,20040423
114,2004-04-24,9.7,2004,16.0,0.0,48.0,11.1,24,0.0,4,1.7,2.4,232,0.0,20040424
115,2004-04-25,11.0,2004,20.2,0.0,38.9,11.9,25,0.0,4,-0.2,1.8,232,0.0,20040425
116,2004-04-26,10.1,2004,13.8,0.0,61.8,0.0,26,33.5,4,6.9,1.9,232,0.0,20040426
117,2004-04-27,7.4,2004,10.6,0.0,82.8,0.5,27,16.5,4,3.2,2.4,232,0.0,20040427
118,2004-04-28,10.1,2004,18.7,0.0,64.9,12.2,28,0.0,4,1.0,1.7,232,0.0,20040428
119,2004-04-29,13.8,2004,22.7,0.0,52.0,12.1,29,0.0,4,4.1,1.9,232,0.0,20040429
120,2004-04-30,16.1,2004,23.1,0.0,66.3,1.3,30,0.0,4,9.6,1.3,232,0.0,20040430
121,2004-05-01,18.8,2004,25.0,0.0,55.4,9.7,1,0.0,5,12.6,2.7,232,0.0,20040501
122,2004-05-02,16.3,2004,21.1,0.0,65.8,0.0,2,0.1,5,13.0,2.8,232,0.0,20040502
123,2004-05-03,14.5,2004,18.2,0.0,91.9,0.0,3,21.5,5,10.0,2.3,232,0.0,20040503
124,2004-05-04,13.5,2004,20.1,0.0,60.4,11.1,4,2.0,5,8.5,2.9,232,0.0,20040504
125,2004-05-05,14.8,2004,23.5,0.0,58.0,11.7,5,0.0,5,5.4,2.8,232,0.0,20040505
126,2004-05-06,16.4,2004,23.7,0.0,51.5,11.5,6,0.0,5,9.5,2.1,232,0.0,20040506
127,2004-05-07,16.3,2004,26.5,0.0,51.1,10.8,7,0.0,5,6.0,1.1,232,0.0,20040507
128,2004-05-08,17.0,2004,22.0,0.0,61.4,0.0,8,2.0,5,9.8,1.5,232,0.0,20040508
129,2004-05-09,15.2,2004,16.6,0.0,88.5,0.0,9,43.5,5,13.3,2.3,232,0.0,20040509
130,2004-05-10,16.1,2004,17.5,0.0,86.1,0.0,10,9.5,5,14.3,1.8,232,0.0,20040510
131,2004-05-11,16.9,2004,23.0,0.0,74.8,5.9,11,0.0,5,11.5,1.1,232,0.0,20040511
132,2004-05-12,16.0,2004,18.1,0.0,88.5,0.0,12,20.0,5,13.1,1.2,232,0.0,20040512
133,2004-05-13,15.1,2004,18.3,0.0,80.9,3.6,13,0.5,5,12.3,2.6,232,0.0,20040513
134,2004-05-14,17.5,2004,27.0,0.0,67.4,8.1,14,0.0,5,10.1,1.4,232,0.0,20040514
135,2004-05-15,15.0,2004,16.7,0.0,82.6,0.0,15,2.0,5,12.8,1.2,232,0.0,20040515
136,2004-05-16,15.6,2004,21.2,0.0,73.1,3.5,16,0.0,5,11.8,1.3,232,0.0,20040516
137,2004-05-17,14.7,2004,18.3,0.0,71.6,5.5,17,0.0,5,10.6,2.5,232,0.0,20040517
138,2004-05-18,18.0,2004,25.0,0.0,60.6,6.3,18,0.0,5,10.1,2.7,232,0.0,20040518
139,2004-05-19,20.9,2004,26.6,0.0,45.4,10.9,19,0.0,5,16.8,3.3,232,0.0,20040519
140,2004-05-20,19.5,2004,25.8,0.0,62.3,8.1,20,0.0,5,14.8,3.0,232,0.0,20040520
141,2004-05-21,16.4,2004,22.1,0.0,63.0,9.6,21,1.5,5,10.3,3.1,232,0.0,20040521
142,2004-05-22,17.3,2004,24.5,0.0,50.5,13.0,22,0.0,5,9.1,1.9,232,0.0,20040522
143,2004-05-23,16.5,2004,22.0,0.0,61.0,12.0,23,0.0,5,10.6,2.2,232,0.0,20040523
144,2004-05-24,17.2,2004,25.1,0.0,57.4,13.2,24,0.0,5,9.6,2.0,232,0.0,20040524
145,2004-05-25,18.3,2004,26.7,0.0,51.6,12.2,25,0.0,5,10.1,1.6,232,0.0,20040525
146,2004-05-26,16.7,2004,20.7,0.0,66.8,0.0,26,0.0,5,12.1,0.9,232,0.0,20040526
147,2004-05-27,20.6,2004,28.1,0.0,66.5,3.5,27,0.5,5,14.1,1.6,232,0.0,20040527
148,2004-05-28,20.1,2004,22.7,0.0,84.5,0.0,28,24.5,5,18.0,1.9,232,0.0,20040528
149,2004-05-29,20.3,2004,25.7,0.0,75.0,7.3,29,0.0,5,15.8,1.4,232,0.0,20040529
150,2004-05-30,20.3,2004,26.7,0.0,73.6,3.6,30,0.0,5,16.0,1.8,232,0.0,20040530
151,2004-05-31,18.9,2004,24.3,0.0,53.1,12.5,31,0.0,5,12.8,2.7,232,0.0,20040531
152,2004-06-01,19.5,2004,28.7,0.0,52.8,12.7,1,0.0,6,9.5,1.3,232,0.0,20040601
153,2004-06-02,21.3,2004,30.0,0.0,53.5,11.8,2,0.0,6,13.0,1.4,232,0.0,20040602
154,2004-06-03,23.5,2004,32.0,0.0,54.5,12.1,3,0.0,6,13.8,1.4,232,0.0,20040603
155,2004-06-04,23.5,2004,31.7,0.0,53.3,8.3,4,0.0,6,16.8,1.4,232,0.0,20040604
156,2004-06-05,23.3,2004,31.0,0.0,51.0,4.6,5,0.0,6,15.3,1.4,232,0.0,20040605
157,2004-06-06,23.3,2004,29.1,0.0,50.1,2.0,6,0.0,6,18.7,1.4,232,0.0,20040606
158,2004-06-07,19.4,2004,21.2,0.0,68.8,0.0,7,0.5,6,17.5,1.4,232,0.0,20040607
159,2004-06-08,18.2,2004,21.2,0.0,76.8,0.5,8,2.0,6,15.5,1.4,232,0.0,20040608
160,2004-06-09,20.3,2004,26.0,0.0,68.4,10.9,9,0.0,6,15.3,1.6,232,0.0,20040609
161,2004-06-10,21.8,2004,29.3,0.0,68.0,10.4,10,0.0,6,14.3,1.3,232,0.0,20040610
162,2004-06-11,23.5,2004,30.7,0.0,56.1,11.5,11,0.0,6,17.2,1.8,232,0.0,20040611
163,2004-06-12,22.8,2004,28.7,0.0,62.3,10.0,12,0.0,6,16.7,2.0,232,0.0,20040612
164,2004-06-13,21.1,2004,27.0,0.0,55.9,13.1,13,0.0,6,12.8,2.0,232,0.0,20040613
165,2004-06-14,20.8,2004,28.7,0.0,52.5,12.1,14,0.0,6,12.6,1.3,232,0.0,20040614
166,2004-06-15,22.2,2004,32.5,0.0,51.0,10.7,15,0.0,6,12.8,0.9,232,0.0,20040615
167,2004-06-16,23.0,2004,31.2,0.0,53.1,7.1,16,0.0,6,14.6,1.4,232,0.0,20040616
168,2004-06-17,17.7,2004,20.0,0.0,84.5,0.0,17,39.5,6,16.8,2.0,232,0.0,20040617
169,2004-06-18,21.5,2004,26.7,0.0,79.4,1.9,18,0.5,6,16.5,1.9,232,0.0,20040618
170,2004-06-19,20.0,2004,21.7,0.0,89.1,0.0,19,97.5,6,19.5,2.0,232,0.0,20040619
171,2004-06-20,21.4,2004,23.7,0.0,88.9,0.0,20,66.0,6,19.2,2.0,232,0.0,20040620
172,2004-06-21,22.0,2004,25.8,0.0,79.5,1.4,21,8.5,6,18.7,1.5,232,0.0,20040621
173,2004-06-22,21.2,2004,26.6,0.0,77.8,2.6,22,19.0,6,18.0,1.6,232,0.0,20040622
174,2004-06-23,22.5,2004,27.3,0.0,78.5,4.3,23,1.5,6,18.8,1.7,232,0.0,20040623
175,2004-06-24,23.3,2004,28.1,0.0,75.9,1.3,24,0.0,6,18.7,1.5,232,0.0,20040624
176,2004-06-25,22.5,2004,25.8,0.0,72.6,2.5,25,0.0,6,18.5,2.1,232,0.0,20040625
177,2004-06-26,23.7,2004,29.7,0.0,71.6,5.2,26,0.0,6,20.2,1.5,232,0.0,20040626
178,2004-06-27,22.6,2004,28.1,0.0,76.1,1.6,27,0.0,6,18.7,1.4,232,0.0,20040627
179,2004-06-28,21.3,2004,25.5,0.0,79.4,0.0,28,0.0,6,18.5,0.8,232,0.0,20040628
180,2004-06-29,21.9,2004,25.6,0.0,74.9,2.2,29,0.0,6,17.3,1.3,232,0.0,20040629
181,2004-06-30,23.1,2004,27.2,0.0,78.5,0.0,30,0.0,6,20.1,0.8,232,0.0,20040630
182,2004-07-01,23.3,2004,29.0,0.0,79.1,2.4,1,9.0,7,20.0,1.8,232,0.0,20040701
183,2004-07-02,22.8,2004,24.5,0.0,86.3,0.0,2,4.5,7,21.2,1.6,232,0.0,20040702
184,2004-07-03,22.9,2004,25.5,0.0,87.8,0.0,3,13.5,7,19.7,1.1,232,0.0,20040703
185,2004-07-04,22.4,2004,25.8,0.0,83.5,0.0,4,26.0,7,19.3,3.1,232,0.0,20040704
186,2004-07-05,23.1,2004,27.7,0.0,74.0,3.1,5,5.5,7,18.7,2.8,232,0.0,20040705
187,2004-07-06,24.5,2004,28.2,0.0,76.6,1.5,6,0.2,7,22.1,2.2,232,0.0,20040706
188,2004-07-07,20.9,2004,22.7,0.0,90.1,0.0,7,56.5,7,18.5,0.9,232,0.0,20040707
189,2004-07-08,21.9,2004,24.3,0.0,83.3,0.0,8,1.5,7,19.6,1.3,232,0.0,20040708
190,2004-07-09,22.7,2004,28.8,0.0,75.0,6.8,9,0.0,7,18.5,1.2,232,0.0,20040709
191,2004-07-10,22.8,2004,29.1,0.0,75.3,6.8,10,0.0,7,18.7,1.2,232,0.0,20040710
192,2004-07-11,21.3,2004,25.1,0.0,84.4,0.0,11,15.5,7,17.8,1.5,232,0.0,20040711
193,2004-07-12,24.2,2004,27.3,0.0,80.5,0.0,12,47.5,7,20.7,2.2,232,0.0,20040712
194,2004-07-13,23.3,2004,26.2,0.0,84.3,0.0,13,3.0,7,21.1,1.3,232,0.0,20040713
195,2004-07-14,23.3,2004,25.7,0.0,82.3,0.5,14,1.0,7,20.3,1.1,232,0.0,20040714
196,2004-07-15,22.8,2004,24.7,0.0,86.6,0.0,15,63.0,7,21.7,1.8,232,0.0,20040715
197,2004-07-16,23.7,2004,26.1,0.0,87.8,0.0,16,63.0,7,21.6,1.6,232,0.0,20040716
198,2004-07-17,23.7,2004,25.7,0.0,84.0,0.1,17,54.0,7,21.8,2.1,232,0.0,20040717
199,2004-07-18,26.4,2004,30.2,0.0,75.3,3.2,18,0.0,7,22.7,2.4,232,0.0,20040718
200,2004-07-19,26.4,2004,29.7,0.0,74.0,0.9,19,0.0,7,23.2,1.9,232,0.0,20040719
201,2004-07-20,26.4,2004,30.5,0.0,77.1,2.5,20,0.0,7,23.0,1.7,232,0.0,20040720
202,2004-07-21,27.1,2004,32.4,0.0,76.1,5.6,21,0.0,7,22.7,0.8,232,0.0,20040721
203,2004-07-22,27.1,2004,32.7,0.0,74.9,10.5,22,0.0,7,23.0,1.5,232,0.0,20040722
204,2004-07-23,27.6,2004,34.0,0.0,72.3,11.6,23,0.0,7,23.2,1.4,232,0.0,20040723
205,2004-07-24,26.3,2004,32.5,0.0,72.4,5.2,24,0.0,7,21.7,1.2,232,0.0,20040724
206,2004-07-25,25.4,2004,29.8,0.0,77.9,3.8,25,1.5,7,20.7,1.6,232,0.0,20040725
207,2004-07-26,26.5,2004,31.7,0.0,76.0,4.6,26,0.0,7,23.2,1.7,232,0.0,20040726
208,2004-07-27,27.1,2004,31.5,0.0,74.0,4.5,27,0.0,7,23.7,1.6,232,0.0,20040727
209,2004-07-28,27.3,2004,33.7,0.0,74.4,6.4,28,0.0,7,22.0,1.2,232,0.0,20040728
210,2004-07-29,28.0,2004,33.7,0.0,71.1,11.1,29,0.0,7,23.6,1.2,232,0.0,20040729
211,2004-07-30,27.8,2004,34.2,0.0,69.9,11.6,30,0.0,7,23.2,1.4,232,0.0,20040730
212,2004-07-31,27.2,2004,34.7,0.0,74.3,10.5,31,0.0,7,21.7,1.7,232,0.0,20040731
213,2004-08-01,28.2,2004,33.9,0.0,63.3,10.8,1,0.0,8,21.7,2.1,232,0.0,20040801
214,2004-08-02,27.1,2004,33.5,0.0,66.6,11.7,2,0.0,8,20.7,1.3,232,0.0,20040802
215,2004-08-03,27.9,2004,33.7,0.0,69.6,7.8,3,0.0,8,23.1,1.5,232,0.0,20040803
216,2004-08-04,26.8,2004,34.0,0.0,76.9,5.7,4,0.2,8,23.2,1.4,232,0.0,20040804
217,2004-08-05,27.2,2004,33.7,0.0,74.1,5.3,5,0.0,8,24.0,1.7,232,0.0,20040805
218,2004-08-06,27.4,2004,33.2,0.0,75.4,5.9,6,0.0,8,22.8,1.4,232,0.0,20040806
219,2004-08-07,27.7,2004,33.9,0.0,70.6,11.0,7,0.0,8,22.5,1.2,232,0.0,20040807
220,2004-08-08,27.3,2004,33.0,0.0,74.1,7.0,8,0.0,8,21.8,1.3,232,0.0,20040808
221,2004-08-09,27.8,2004,32.5,0.0,73.5,6.4,9,0.0,8,24.2,1.3,232,0.0,20040809
222,2004-08-10,28.0,2004,36.7,0.0,72.9,7.7,10,0.0,8,22.2,1.2,232,0.0,20040810
223,2004-08-11,28.0,2004,35.5,0.0,66.9,11.4,11,0.0,8,22.6,1.5,232,0.0,20040811
224,2004-08-12,27.4,2004,35.0,0.0,67.3,10.9,12,0.0,8,21.2,1.6,232,0.0,20040812
225,2004-08-13,27.0,2004,33.2,0.0,71.6,10.0,13,0.0,8,21.2,1.4,232,0.0,20040813
226,2004-08-14,25.7,2004,31.7,0.0,76.3,2.2,14,0.0,8,22.7,1.2,232,0.0,20040814
227,2004-08-15,25.8,2004,32.5,0.0,73.4,2.6,15,0.1,8,21.3,1.1,232,0.0,20040815
228,2004-08-16,24.4,2004,29.7,0.0,77.5,4.5,16,83.0,8,21.7,1.9,232,0.0,20040816
229,2004-08-17,26.2,2004,30.2,0.0,84.0,1.9,17,35.5,8,22.0,1.3,232,0.0,20040817
230,2004-08-18,23.4,2004,25.1,0.0,89.9,0.0,18,61.5,8,21.3,2.0,232,0.0,20040818
231,2004-08-19,21.9,2004,25.3,0.0,82.1,1.3,19,38.0,8,19.7,2.1,232,0.0,20040819
232,2004-08-20,22.1,2004,25.7,0.0,79.0,2.0,20,0.0,8,19.7,1.7,232,0.0,20040820
233,2004-08-21,22.4,2004,27.3,0.0,79.3,0.9,21,0.0,8,19.5,1.9,232,0.0,20040821
234,2004-08-22,21.4,2004,23.2,0.0,80.8,0.0,22,0.5,8,20.3,2.2,232,0.0,20040822
235,2004-08-23,21.3,2004,24.1,0.0,81.3,0.0,23,1.0,8,18.7,1.3,232,0.0,20040823
236,2004-08-24,23.7,2004,30.2,0.0,73.6,6.4,24,0.0,8,19.0,0.8,232,0.0,20040824
237,2004-08-25,23.5,2004,28.8,0.0,78.1,2.5,25,0.0,8,18.5,1.3,232,0.0,20040825
238,2004-08-26,22.2,2004,24.5,0.0,86.0,0.1,26,9.5,8,20.5,1.7,232,0.0,20040826
239,2004-08-27,23.6,2004,29.1,0.0,75.8,5.9,27,0.0,8,19.7,2.0,232,0.0,20040827
240,2004-08-28,23.7,2004,29.2,0.0,63.0,6.9,28,0.0,8,19.2,2.2,232,0.0,20040828
241,2004-08-29,24.7,2004,31.1,0.0,67.3,9.6,29,0.0,8,20.0,1.8,232,0.0,20040829
242,2004-08-30,24.6,2004,30.2,0.0,73.6,3.1,30,0.0,8,21.1,2.0,232,0.0,20040830
243,2004-08-31,22.7,2004,29.2,0.0,72.1,8.7,31,0.0,8,15.3,1.3,232,0.0,20040831
244,2004-09-01,21.7,2004,28.6,0.0,69.8,8.3,1,0.0,9,14.8,1.5,232,0.0,20040901
245,2004-09-02,20.5,2004,28.7,0.0,67.5,10.6,2,0.0,9,13.5,1.5,232,0.0,20040902
246,2004-09-03,20.7,2004,28.1,0.0,73.6,5.8,3,0.0,9,13.5,1.2,232,0.0,20040903
247,2004-09-04,22.1,2004,31.3,0.0,71.5,7.1,4,0.0,9,16.7,1.0,232,0.0,20040904
248,2004-09-05,22.5,2004,29.7,0.0,69.6,6.7,5,0.5,9,16.1,1.5,232,0.0,20040905
249,2004-09-06,21.7,2004,27.0,0.0,75.9,6.9,6,15.0,9,17.7,2.8,232,0.0,20040906
250,2004-09-07,19.7,2004,21.6,0.0,84.0,0.0,7,14.0,9,18.2,2.4,232,0.0,20040907
251,2004-09-08,20.7,2004,26.2,0.0,74.1,9.1,8,0.0,9,16.3,1.4,232,0.0,20040908
252,2004-09-09,19.5,2004,28.5,0.0,76.6,7.3,9,0.0,9,14.1,0.8,232,0.0,20040909
253,2004-09-10,19.6,2004,25.8,0.0,72.6,4.2,10,0.0,9,12.3,1.0,232,0.0,20040910
254,2004-09-11,17.3,2004,20.1,0.0,86.6,0.0,11,43.0,9,16.2,1.9,232,0.0,20040911
255,2004-09-12,21.3,2004,23.1,0.0,82.1,0.0,12,29.0,9,17.6,2.7,232,0.0,20040912
256,2004-09-13,20.1,2004,22.8,0.0,85.6,0.3,13,16.5,9,15.8,1.0,232,0.0,20040913
257,2004-09-14,21.1,2004,27.7,0.0,76.4,6.2,14,0.0,9,14.5,2.0,232,0.0,20040914
258,2004-09-15,23.2,2004,27.2,0.0,68.4,6.2,15,0.0,9,19.8,3.0,232,0.0,20040915
259,2004-09-16,22.3,2004,28.8,0.0,77.9,6.0,16,25.0,9,17.8,1.3,232,0.0,20040916
260,2004-09-17,23.0,2004,29.1,0.0,79.8,4.8,17,2.5,9,17.7,1.2,232,0.0,20040917
261,2004-09-18,20.9,2004,24.7,0.0,84.3,0.4,18,11.5,9,16.2,1.5,232,0.0,20040918
262,2004-09-19,18.4,2004,25.6,0.0,71.8,10.4,19,0.0,9,11.1,0.9,232,0.0,20040919
263,2004-09-20,15.0,2004,17.8,0.0,87.4,0.0,20,31.0,9,12.8,1.3,232,0.0,20040920
264,2004-09-21,15.4,2004,20.7,0.0,81.6,5.4,21,1.0,9,11.8,1.3,232,0.0,20040921
265,2004-09-22,16.2,2004,25.6,0.0,80.0,7.3,22,0.0,9,10.6,1.1,232,0.0,20040922
266,2004-09-23,18.1,2004,25.3,0.0,79.3,4.6,23,0.0,9,13.5,1.1,232,0.0,20040923
267,2004-09-24,18.3,2004,27.2,0.0,76.0,10.2,24,0.0,9,12.0,0.8,232,0.0,20040924
268,2004-09-25,18.8,2004,24.2,0.0,68.8,6.1,25,0.0,9,12.8,1.9,232,0.0,20040925
269,2004-09-26,18.1,2004,21.8,0.0,76.1,0.1,26,0.0,9,15.3,1.7,232,0.0,20040926
270,2004-09-27,18.8,2004,27.0,0.0,73.4,10.2,27,0.0,9,12.3,1.1,232,0.0,20040927
271,2004-09-28,18.1,2004,25.5,0.0,79.3,1.1,28,0.0,9,12.5,1.2,232,0.0,20040928
272,2004-09-29,19.4,2004,26.6,0.0,69.9,10.2,29,0.0,9,12.6,1.3,232,0.0,20040929
273,2004-09-30,18.8,2004,27.8,0.0,70.6,8.4,30,0.0,9,10.8,1.1,232,0.0,20040930
274,2004-10-01,16.1,2004,23.1,0.0,72.8,1.6,1,1.0,10,12.0,2.2,232,0.0,20041001
275,2004-10-02,11.3,2004,17.1,0.0,53.4,11.0,2,0.0,10,5.3,2.4,232,0.0,20041002
276,2004-10-03,9.6,2004,18.8,0.0,68.3,11.1,3,0.0,10,2.2,0.9,232,0.0,20041003
277,2004-10-04,11.9,2004,21.8,0.0,73.0,7.8,4,0.0,10,4.0,0.7,232,0.0,20041004
278,2004-10-05,12.9,2004,22.7,0.0,70.8,10.7,5,0.0,10,4.5,0.8,232,0.0,20041005
279,2004-10-06,14.3,2004,24.3,0.0,78.3,7.0,6,0.0,10,7.6,0.9,232,0.0,20041006
280,2004-10-07,15.2,2004,23.3,0.0,76.9,3.2,7,0.0,10,8.1,0.6,232,0.0,20041007
281,2004-10-08,15.7,2004,24.6,0.0,82.0,5.7,8,0.0,10,9.6,0.6,232,0.0,20041008
282,2004-10-09,15.9,2004,24.6,0.0,71.5,8.0,9,0.0,10,9.6,1.4,232,0.0,20041009
283,2004-10-10,15.7,2004,24.8,0.0,69.3,9.6,10,0.0,10,8.6,1.3,232,0.0,20041010
284,2004-10-11,14.8,2004,23.7,0.0,74.3,6.1,11,0.0,10,8.1,1.0,232,0.0,20041011
285,2004-10-12,13.7,2004,18.2,0.0,58.3,9.2,12,0.0,10,5.4,2.8,232,0.0,20041012
286,2004-10-13,11.1,2004,20.2,0.0,66.4,9.0,13,3.5,10,2.4,1.5,232,0.0,20041013
287,2004-10-14,10.1,2004,16.2,0.0,60.5,10.6,14,0.0,10,5.1,2.2,232,0.0,20041014
288,2004-10-15,11.6,2004,20.8,0.0,74.0,10.1,15,0.0,10,3.5,1.3,232,0.0,20041015
289,2004-10-16,14.4,2004,24.6,0.0,71.5,7.7,16,0.0,10,5.1,1.6,232,0.0,20041016
290,2004-10-17,14.8,2004,21.7,0.0,63.6,8.1,17,0.0,10,6.8,2.1,232,0.0,20041017
291,2004-10-18,15.6,2004,22.7,0.0,70.0,1.7,18,0.0,10,10.3,1.3,232,0.0,20041018
292,2004-10-19,14.8,2004,24.6,0.0,75.6,7.8,19,0.0,10,7.8,0.9,232,0.0,20041019
293,2004-10-20,15.0,2004,24.2,0.0,72.8,6.2,20,0.0,10,8.5,1.7,232,0.0,20041020
294,2004-10-21,15.2,2004,23.7,0.0,65.8,8.9,21,0.0,10,5.1,1.7,232,0.0,20041021
295,2004-10-22,12.5,2004,18.2,0.0,53.3,10.2,22,0.0,10,5.5,2.4,232,0.0,20041022
296,2004-10-23,9.2,2004,20.5,0.0,64.1,8.0,23,0.0,10,1.8,0.7,232,0.0,20041023
297,2004-10-24,14.2,2004,21.8,0.0,60.9,5.3,24,0.0,10,7.5,1.9,232,0.0,20041024
298,2004-10-25,13.3,2004,20.2,0.0,74.8,1.6,25,0.0,10,7.8,0.7,232,0.0,20041025
299,2004-10-26,11.5,2004,16.7,0.0,55.4,9.3,26,0.0,10,3.5,2.8,232,0.0,20041026
300,2004-10-27,8.1,2004,19.5,0.0,67.6,9.6,27,0.0,10,-0.5,0.9,232,0.0,20041027
301,2004-10-28,10.3,2004,18.7,0.0,74.9,6.6,28,0.0,10,2.2,0.8,232,0.0,20041028
302,2004-10-29,12.2,2004,21.1,0.0,76.3,7.8,29,0.0,10,5.3,1.0,232,0.0,20041029
303,2004-10-30,14.1,2004,24.3,0.0,72.4,8.7,30,0.0,10,7.3,0.8,232,0.0,20041030
304,2004-10-31,13.4,2004,25.7,0.0,69.0,9.4,31,0.0,10,5.5,1.0,232,0.0,20041031
305,2004-11-01,14.3,2004,21.2,0.0,76.1,4.8,1,14.5,11,7.0,1.6,232,0.0,20041101
306,2004-11-02,12.1,2004,14.1,0.0,84.8,0.1,2,2.0,11,10.3,1.7,232,0.0,20041102
307,2004-11-03,10.8,2004,15.8,0.0,80.6,4.3,3,2.5,11,7.0,1.6,232,0.0,20041103
308,2004-11-04,10.9,2004,18.2,0.0,80.3,8.4,4,0.0,11,5.9,0.8,232,0.0,20041104
309,2004-11-05,11.5,2004,17.3,0.0,77.6,4.0,5,8.0,11,4.4,1.8,232,0.0,20041105
310,2004-11-06,8.3,2004,14.1,0.0,63.1,9.7,6,0.0,11,2.0,1.7,232,0.0,20041106
311,2004-11-07,8.0,2004,19.6,0.0,75.4,9.4,7,0.0,11,0.0,1.0,232,0.0,20041107
312,2004-11-08,12.2,2004,21.6,0.0,75.3,8.4,8,0.0,11,4.5,1.3,232,0.0,20041108
313,2004-11-09,14.6,2004,24.1,0.0,66.1,6.0,9,0.0,11,7.3,1.4,232,0.0,20041109
314,2004-11-10,15.8,2004,18.5,0.0,78.3,0.0,10,8.5,11,10.6,2.0,232,0.0,20041110
315,2004-11-11,14.1,2004,16.2,0.0,86.6,0.0,11,1.0,11,10.3,2.1,232,0.0,20041111
316,2004-11-12,6.5,2004,11.1,0.0,60.9,6.6,12,0.0,11,-0.5,3.4,232,0.0,20041112
317,2004-11-13,3.0,2004,8.0,0.0,70.1,0.4,13,0.0,11,-2.7,0.8,232,0.0,20041113
318,2004-11-14,6.2,2004,13.3,0.0,74.8,6.8,14,0.0,11,0.6,0.9,232,0.0,20041114
319,2004-11-15,5.1,2004,8.6,0.0,58.3,9.1,15,0.0,11,-0.3,3.1,232,0.0,20041115
320,2004-11-16,6.3,2004,13.3,0.0,66.1,6.9,16,0.0,11,-0.4,1.1,232,0.0,20041116
321,2004-11-17,7.7,2004,15.6,0.0,77.4,6.8,17,0.0,11,1.1,0.8,232,0.0,20041117
322,2004-11-18,9.0,2004,15.8,0.0,77.8,3.0,18,0.0,11,4.1,0.9,232,0.0,20041118
323,2004-11-19,6.4,2004,15.8,0.0,81.8,6.3,19,0.0,11,1.0,0.7,232,0.0,20041119
324,2004-11-20,6.3,2004,12.6,0.0,75.8,2.9,20,0.0,11,0.5,2.1,232,0.0,20041120
325,2004-11-21,4.6,2004,12.6,0.0,77.9,8.9,21,0.0,11,-1.3,0.9,232,0.0,20041121
326,2004-11-22,4.8,2004,14.1,0.0,80.5,8.4,22,0.0,11,-1.2,0.8,232,0.0,20041122
327,2004-11-23,5.6,2004,15.8,0.0,79.9,8.2,23,0.0,11,-1.2,0.7,232,0.0,20041123
328,2004-11-24,6.7,2004,16.0,0.0,80.6,2.7,24,0.0,11,0.6,0.7,232,0.0,20041124
329,2004-11-25,7.7,2004,17.2,0.0,77.6,4.9,25,0.0,11,1.0,0.7,232,0.0,20041125
330,2004-11-26,7.3,2004,11.1,0.0,78.9,1.9,26,16.5,11,3.7,4.4,232,0.0,20041126
331,2004-11-27,7.3,2004,10.8,0.0,76.5,0.2,27,0.0,11,2.4,1.4,232,0.0,20041127
332,2004-11-28,6.9,2004,12.1,0.0,73.5,6.0,28,0.0,11,2.0,1.0,232,0.0,20041128
333,2004-11-29,3.4,2004,11.5,0.0,71.1,8.6,29,0.0,11,-1.6,1.0,232,0.0,20041129
334,2004-11-30,2.9,2004,10.3,0.0,80.0,2.6,30,0.0,11,-2.0,0.7,232,0.0,20041130
335,2004-12-01,3.1,2004,10.3,0.0,78.5,5.4,1,0.0,12,-2.5,0.9,232,0.0,20041201
336,2004-12-02,6.8,2004,16.1,0.0,69.8,8.7,2,0.0,12,-2.2,1.7,232,0.0,20041202
337,2004-12-03,9.6,2004,18.2,0.0,73.1,8.6,3,0.0,12,3.0,1.4,232,0.0,20041203
338,2004-12-04,10.9,2004,12.8,0.0,89.1,0.0,4,24.5,12,8.6,2.6,232,0.0,20041204
339,2004-12-05,4.1,2004,8.6,0.0,66.4,1.5,5,0.0,12,-0.6,4.7,232,0.0,20041205
340,2004-12-06,4.3,2004,10.0,0.0,73.8,6.9,6,5.0,12,-3.0,1.8,232,0.0,20041206
341,2004-12-07,3.8,2004,9.0,0.0,73.4,8.0,7,0.5,12,-0.4,1.5,232,0.0,20041207
342,2004-12-08,5.7,2004,11.5,0.0,68.1,2.7,8,0.0,12,0.3,2.0,232,0.0,20041208
343,2004-12-09,6.7,2004,13.5,0.0,69.6,8.4,9,0.0,12,1.7,2.2,232,0.0,20041209
344,2004-12-10,7.3,2004,11.8,0.0,61.5,5.0,10,0.0,12,1.7,2.7,232,0.0,20041210
345,2004-12-11,2.2,2004,10.6,0.0,66.9,7.2,11,0.0,12,-3.2,0.7,232,0.0,20041211
346,2004-12-12,6.8,2004,12.3,0.0,65.1,5.4,12,0.0,12,1.2,2.2,232,0.0,20041212
347,2004-12-13,1.3,2004,8.1,0.0,71.9,8.5,13,0.0,12,-3.0,1.0,232,0.0,20041213
348,2004-12-14,3.1,2004,10.3,0.0,61.0,6.2,14,0.0,12,-3.5,1.5,232,0.0,20041214
349,2004-12-15,8.0,2004,13.6,0.0,69.0,0.3,15,1.5,12,2.2,1.4,232,0.0,20041215
350,2004-12-16,4.7,2004,9.1,0.0,74.6,8.1,16,0.0,12,-1.7,2.1,232,0.0,20041216
351,2004-12-17,3.0,2004,10.1,0.0,76.6,4.6,17,0.0,12,-3.0,1.2,232,0.0,20041217
352,2004-12-18,3.9,2004,9.0,0.0,77.0,3.4,18,0.0,12,-1.7,1.1,232,0.0,20041218
353,2004-12-19,4.8,2004,12.1,0.0,76.5,4.3,19,1.0,12,-3.2,1.6,232,0.0,20041219
354,2004-12-20,-0.4,2004,7.5,0.0,62.1,8.3,20,0.5,12,-4.0,3.6,232,0.0,20041220
355,2004-12-21,-2.5,2004,3.0,0.0,64.8,7.2,21,0.0,12,-6.3,1.2,232,0.0,20041221
356,2004-12-22,-1.7,2004,2.7,0.0,55.4,4.5,22,0.0,12,-4.5,1.9,232,0.0,20041222
357,2004-12-23,-4.6,2004,1.3,0.0,64.8,7.9,23,0.0,12,-8.8,1.0,232,0.0,20041223
358,2004-12-24,-1.1,2004,4.6,0.0,69.4,5.7,24,0.0,12,-8.1,0.7,232,0.0,20041224
359,2004-12-25,1.4,2004,3.7,0.0,65.8,2.8,25,0.0,12,-0.6,2.1,232,0.0,20041225
360,2004-12-26,-1.2,2004,2.9,0.0,59.8,8.4,26,0.0,12,-5.1,1.9,232,0.0,20041226
361,2004-12-27,-3.2,2004,2.2,0.0,66.5,8.1,27,0.0,12,-7.6,1.6,232,0.0,20041227
362,2004-12-28,-4.0,2004,-0.6,0.0,55.5,3.0,28,0.0,12,-9.5,1.6,232,0.0,20041228
363,2004-12-29,-4.6,2004,-0.1,0.0,58.6,8.4,29,0.0,12,-8.6,2.2,232,0.0,20041229
364,2004-12-30,-3.3,2004,1.7,0.0,66.6,6.2,30,0.0,12,-9.3,1.1,232,0.0,20041230
365,2004-12-31,-2.7,2004,0.2,0.0,55.9,6.0,31,0.0,12,-7.5,2.5,232,0.0,20041231
