,Date,tavg,year,tmax,snow,humid,sunshine,day,rainfall,month,tmin,wind,station_id,cloud,date
0,2014-01-01,3.5,2014,8.9,0.0,64.1,8.5,1,0.0,1,-3.1,2.4,232,0.3,20140101
1,2014-01-02,1.2,2014,7.3,0.0,57.0,8.6,2,0.0,1,-3.4,1.4,232,1.6,20140102
2,2014-01-03,2.3,2014,10.3,0.0,60.6,4.4,3,0.0,1,-3.5,1.2,232,5.1,20140103
3,2014-01-04,-0.2,2014,4.8,0.0,67.1,8.7,4,0.0,1,-3.8,1.7,232,0.4,20140104
4,2014-01-05,-1.4,2014,4.0,0.0,69.9,8.2,5,0.0,1,-6.1,1.4,232,0.4,20140105
5,2014-01-06,-0.6,2014,8.1,0.0,69.4,8.6,6,0.0,1,-6.0,0.9,232,0.3,20140106
6,2014-01-07,0.7,2014,6.5,0.0,70.0,0.3,7,0.0,1,-4.3,0.9,232,6.4,20140107
7,2014-01-08,0.7,2014,4.3,0.0,67.3,2.7,8,0.0,1,-3.3,3.0,232,7.4,20140108
8,2014-01-09,-6.0,2014,-2.9,0.0,38.6,8.9,9,0.0,1,-9.7,3.8,232,0.0,20140109
9,2014-01-10,-4.9,2014,-0.3,0.0,66.4,3.9,10,0.0,1,-10.5,1.4,232,5.1,20140110
10,2014-01-11,-1.5,2014,3.2,0.0,61.9,4.3,11,0.0,1,-6.4,0.8,232,6.6,20140111
11,2014-01-12,-1.5,2014,4.5,0.0,58.0,3.8,12,0.0,1,-5.8,2.5,232,3.6,20140112
12,2014-01-13,-5.8,2014,-0.2,0.0,43.5,9.0,13,0.0,1,-10.9,2.0,232,0.1,20140113
13,2014-01-14,-5.2,2014,2.1,0.0,57.8,9.0,14,0.0,1,-11.4,1.2,232,0.0,20140114
14,2014-01-15,-3.9,2014,2.9,0.0,68.5,8.7,15,0.0,1,-10.3,1.1,232,0.1,20140115
15,2014-01-16,-1.6,2014,4.3,0.0,74.4,1.4,16,0.0,1,-7.5,1.1,232,6.3,20140116
16,2014-01-17,-1.3,2014,5.4,0.0,74.3,5.5,17,0.0,1,-6.5,0.7,232,2.3,20140117
17,2014-01-18,-0.7,2014,2.8,0.0,50.0,7.0,18,0.0,1,-4.7,3.4,232,3.4,20140118
18,2014-01-19,-2.5,2014,3.4,0.0,52.8,7.0,19,0.0,1,-10.2,1.3,232,4.0,20140119
19,2014-01-20,0.0,2014,5.6,1.3,80.6,1.3,20,1.4,1,-2.6,3.3,232,8.1,20140120
20,2014-01-21,-3.8,2014,-2.2,2.9,71.9,2.7,21,1.0,1,-5.2,2.6,232,7.8,20140121
21,2014-01-22,-3.7,2014,2.2,0.0,72.5,8.9,22,0.0,1,-9.8,1.3,232,1.1,20140122
22,2014-01-23,-1.9,2014,6.6,0.0,74.9,9.0,23,0.0,1,-8.1,1.1,232,0.1,20140123
23,2014-01-24,4.6,2014,10.1,0.0,65.0,2.4,24,0.0,1,-4.7,2.2,232,7.6,20140124
24,2014-01-25,5.4,2014,8.9,0.0,84.0,0.0,25,1.5,1,0.8,2.8,232,7.8,20140125
25,2014-01-26,-1.8,2014,2.3,0.0,53.0,9.6,26,0.0,1,-5.9,3.0,232,0.0,20140126
26,2014-01-27,-1.2,2014,9.1,0.0,56.1,9.5,27,0.0,1,-8.1,1.2,232,0.0,20140127
27,2014-01-28,0.7,2014,4.6,0.0,63.6,6.5,28,0.5,1,-5.3,2.3,232,4.6,20140128
28,2014-01-29,1.2,2014,9.6,0.0,52.8,6.7,29,0.0,1,-8.0,1.5,232,4.8,20140129
29,2014-01-30,3.7,2014,6.5,0.0,82.4,0.1,30,0.5,1,-1.3,1.7,232,6.9,20140130
30,2014-01-31,1.8,2014,9.7,0.0,54.9,9.3,31,0.0,1,-5.3,1.6,232,1.6,20140131
31,2014-02-01,7.0,2014,11.4,0.0,58.4,0.0,1,12.5,2,3.9,2.4,232,9.3,20140201
32,2014-02-02,6.8,2014,10.0,0.0,95.4,0.0,2,0.2,2,4.6,1.8,232,9.3,20140202
33,2014-02-03,-1.6,2014,4.6,0.0,48.3,5.2,3,0.0,2,-6.6,4.7,232,3.8,20140203
34,2014-02-04,-5.8,2014,-3.6,0.0,32.6,9.7,4,0.0,2,-8.3,3.9,232,0.6,20140204
35,2014-02-05,-4.2,2014,-0.4,0.0,36.9,6.1,5,0.0,2,-7.6,1.7,232,5.5,20140205
36,2014-02-06,-1.8,2014,3.9,0.0,50.5,5.8,6,0.0,2,-5.5,1.2,232,6.1,20140206
37,2014-02-07,2.2,2014,7.8,0.0,55.8,5.3,7,0.0,2,-5.1,2.3,232,7.9,20140207
38,2014-02-08,2.6,2014,5.0,0.9,71.8,0.1,8,1.5,2,0.0,2.7,232,10.0,20140208
39,2014-02-09,-0.8,2014,0.9,0.0,80.1,0.0,9,0.1,2,-1.7,3.1,232,8.9,20140209
40,2014-02-10,0.3,2014,3.5,2.1,75.3,2.8,10,0.8,2,-2.1,1.4,232,6.9,20140210
41,2014-02-11,0.7,2014,5.8,0.0,53.3,10.1,11,0.0,2,-3.5,2.6,232,1.5,20140211
42,2014-02-12,2.0,2014,6.8,0.0,56.5,5.5,12,0.0,2,-1.3,1.9,232,5.5,20140212
43,2014-02-13,1.7,2014,7.3,0.0,67.5,5.2,13,0.0,2,-2.4,1.0,232,7.4,20140213
44,2014-02-14,2.1,2014,6.6,0.0,58.4,7.1,14,0.0,2,-2.2,2.0,232,4.3,20140214
45,2014-02-15,1.5,2014,8.7,0.0,64.9,9.9,15,0.0,2,-4.1,1.2,232,0.0,20140215
46,2014-02-16,1.5,2014,7.8,0.0,68.8,3.5,16,0.0,2,-3.9,1.1,232,6.0,20140216
47,2014-02-17,3.3,2014,9.3,0.0,65.3,1.6,17,0.0,2,-1.0,0.9,232,8.3,20140217
48,2014-02-18,2.6,2014,7.1,0.0,55.0,4.5,18,0.0,2,-1.5,1.9,232,5.5,20140218
49,2014-02-19,1.9,2014,8.7,0.0,51.6,8.7,19,0.0,2,-3.5,1.9,232,3.4,20140219
50,2014-02-20,0.1,2014,5.6,0.0,71.1,8.0,20,0.0,2,-4.1,1.9,232,1.0,20140220
51,2014-02-21,0.0,2014,7.0,0.0,63.1,10.2,21,0.0,2,-6.1,1.5,232,0.0,20140221
52,2014-02-22,0.8,2014,7.9,0.0,66.8,8.5,22,0.0,2,-5.1,1.3,232,0.3,20140222
53,2014-02-23,1.6,2014,9.0,0.0,64.5,7.6,23,0.0,2,-4.5,1.1,232,0.0,20140223
54,2014-02-24,2.8,2014,10.8,0.0,65.9,7.3,24,0.0,2,-3.7,1.2,232,0.0,20140224
55,2014-02-25,4.1,2014,12.7,0.0,64.9,7.6,25,0.0,2,-3.2,1.1,232,2.1,20140225
56,2014-02-26,5.3,2014,14.0,0.0,65.9,4.4,26,0.0,2,-2.1,1.8,232,5.0,20140226
57,2014-02-27,6.9,2014,15.1,0.0,69.1,6.1,27,0.0,2,-0.3,2.2,232,5.5,20140227
58,2014-02-28,6.2,2014,14.3,0.0,70.8,7.1,28,0.0,2,1.3,1.9,232,6.9,20140228
59,2014-03-01,5.6,2014,9.4,0.0,62.3,0.6,1,0.0,3,1.5,2.0,232,8.6,20140301
60,2014-03-02,3.5,2014,10.3,0.0,55.9,9.6,2,0.0,3,-1.2,2.5,232,1.0,20140302
61,2014-03-03,4.0,2014,12.6,0.0,45.4,10.3,3,0.0,3,-4.3,1.4,232,0.0,20140303
62,2014-03-04,4.6,2014,11.4,0.0,52.1,4.5,4,0.0,3,-2.6,1.8,232,4.5,20140304
63,2014-03-05,2.3,2014,6.1,0.0,41.5,10.8,5,0.0,3,-0.3,5.4,232,1.1,20140305
64,2014-03-06,1.3,2014,6.6,0.0,40.8,8.3,6,0.0,3,-5.6,2.9,232,1.5,20140306
65,2014-03-07,-0.3,2014,5.6,0.0,37.8,10.5,7,0.0,3,-6.9,3.0,232,1.9,20140307
66,2014-03-08,1.6,2014,7.8,0.0,49.9,9.0,8,0.0,3,-4.2,1.7,232,4.9,20140308
67,2014-03-09,1.9,2014,5.0,0.6,61.1,7.6,9,5.8,3,-1.3,3.7,232,4.3,20140309
68,2014-03-10,1.5,2014,7.9,0.0,49.6,11.1,10,0.0,3,-5.6,2.3,232,0.0,20140310
69,2014-03-11,3.7,2014,13.8,0.0,50.4,10.2,11,0.0,3,-4.4,2.0,232,0.0,20140311
70,2014-03-12,4.2,2014,7.0,0.0,79.8,0.3,12,23.5,3,-1.9,1.2,232,8.8,20140312
71,2014-03-13,4.3,2014,6.5,0.0,81.8,0.0,13,1.0,3,0.2,2.0,232,9.5,20140313
72,2014-03-14,2.5,2014,9.1,0.0,71.8,9.4,14,0.0,3,-1.8,2.1,232,3.4,20140314
73,2014-03-15,6.9,2014,14.7,0.0,59.6,9.8,15,0.0,3,-1.8,2.8,232,0.0,20140315
74,2014-03-16,10.3,2014,18.6,0.0,66.6,9.3,16,0.0,3,3.2,1.4,232,0.5,20140316
75,2014-03-17,14.2,2014,21.3,0.0,68.4,8.0,17,0.0,3,5.2,3.1,232,4.5,20140317
76,2014-03-18,11.1,2014,16.0,0.0,66.8,6.2,18,0.0,3,5.9,3.1,232,6.6,20140318
77,2014-03-19,9.2,2014,12.1,0.0,65.8,0.1,19,0.0,3,6.2,1.9,232,9.1,20140319
78,2014-03-20,6.4,2014,10.7,0.0,68.4,7.6,20,0.3,3,1.6,4.2,232,7.1,20140320
79,2014-03-21,4.8,2014,10.3,0.0,55.1,11.4,21,0.0,3,-0.3,3.0,232,0.3,20140321
80,2014-03-22,7.6,2014,16.9,0.0,54.1,11.1,22,0.0,3,-1.2,1.8,232,0.0,20140322
81,2014-03-23,8.9,2014,18.3,0.0,59.5,9.7,23,0.0,3,1.5,2.1,232,0.0,20140323
82,2014-03-24,10.4,2014,17.9,0.0,53.5,8.5,24,0.0,3,-0.3,1.9,232,4.0,20140324
83,2014-03-25,15.1,2014,19.5,0.0,63.8,0.0,25,1.0,3,12.2,1.8,232,10.0,20140325
84,2014-03-26,14.1,2014,20.2,0.0,72.8,5.5,26,3.0,3,8.6,1.9,232,5.0,20140326
85,2014-03-27,11.3,2014,21.5,0.0,75.0,6.7,27,0.0,3,3.6,1.6,232,1.0,20140327
86,2014-03-28,16.8,2014,25.8,0.0,53.4,8.9,28,0.0,3,8.1,1.8,232,5.3,20140328
87,2014-03-29,14.4,2014,16.3,0.0,71.3,0.1,29,0.3,3,11.5,1.8,232,9.6,20140329
88,2014-03-30,14.1,2014,19.2,0.0,67.3,10.2,30,6.0,3,9.5,2.8,232,3.4,20140330
89,2014-03-31,12.0,2014,20.1,0.0,57.1,9.1,31,0.0,3,4.6,1.5,232,3.1,20140331
90,2014-04-01,13.1,2014,23.7,0.0,42.0,10.6,1,0.0,4,3.3,1.5,232,0.4,20140401
91,2014-04-02,14.1,2014,24.0,0.0,34.6,10.2,2,0.0,4,6.5,1.6,232,2.8,20140402
92,2014-04-03,9.2,2014,18.3,0.0,59.6,6.6,3,2.5,4,4.9,2.3,232,6.6,20140403
93,2014-04-04,6.8,2014,11.7,0.0,47.9,12.0,4,0.0,4,1.7,3.2,232,2.0,20140404
94,2014-04-05,4.7,2014,11.7,0.0,60.4,8.0,5,0.5,4,-1.8,2.6,232,2.6,20140405
95,2014-04-06,7.4,2014,13.6,0.0,42.5,12.1,6,0.0,4,2.6,3.8,232,0.4,20140406
96,2014-04-07,10.4,2014,19.1,0.0,51.4,10.1,7,0.0,4,3.3,2.8,232,3.5,20140407
97,2014-04-08,10.9,2014,20.8,0.0,50.3,11.7,8,0.0,4,0.1,1.7,232,0.0,20140408
98,2014-04-09,11.0,2014,18.5,0.0,79.3,7.9,9,0.0,4,5.9,2.3,232,2.5,20140409
99,2014-04-10,12.8,2014,19.9,0.0,66.4,7.4,10,0.0,4,8.5,2.0,232,6.6,20140410
100,2014-04-11,13.8,2014,18.9,0.0,53.1,1.7,11,0.0,4,9.3,2.0,232,7.4,20140411
101,2014-04-12,13.8,2014,18.7,0.0,69.9,1.3,12,0.0,4,9.9,1.4,232,9.3,20140412
102,2014-04-13,15.2,2014,22.2,0.0,62.9,5.1,13,0.1,4,9.5,1.4,232,6.0,20140413
103,2014-04-14,14.8,2014,22.8,0.0,50.0,11.0,14,0.0,4,6.0,2.0,232,0.0,20140414
104,2014-04-15,14.8,2014,22.9,0.0,65.5,7.9,15,0.0,4,5.6,2.1,232,5.0,20140415
105,2014-04-16,16.2,2014,24.2,0.0,61.8,7.8,16,0.0,4,9.6,2.0,232,4.6,20140416
106,2014-04-17,13.5,2014,21.9,0.0,61.1,5.0,17,5.5,4,4.7,1.1,232,6.8,20140417
107,2014-04-18,15.6,2014,22.7,0.0,62.6,8.4,18,0.0,4,10.4,1.5,232,5.1,20140418
108,2014-04-19,14.1,2014,19.0,0.0,51.4,4.3,19,0.0,4,9.5,3.4,232,7.3,20140419
109,2014-04-20,14.5,2014,21.8,0.0,44.8,10.6,20,0.0,4,9.1,2.5,232,4.8,20140420
110,2014-04-21,14.7,2014,21.7,0.0,52.1,9.4,21,0.0,4,8.3,1.8,232,3.9,20140421
111,2014-04-22,13.9,2014,22.5,0.0,47.1,9.4,22,0.0,4,5.7,1.9,232,2.1,20140422
112,2014-04-23,15.8,2014,24.8,0.0,45.6,11.3,23,0.0,4,5.4,1.7,232,1.0,20140423
113,2014-04-24,16.8,2014,26.8,0.0,52.0,9.1,24,0.0,4,8.4,1.4,232,1.1,20140424
114,2014-04-25,16.8,2014,27.0,0.0,40.8,11.0,25,0.0,4,7.2,1.5,232,0.0,20140425
115,2014-04-26,17.7,2014,25.4,0.0,42.4,3.6,26,0.0,4,9.0,1.8,232,8.0,20140426
116,2014-04-27,15.3,2014,17.3,0.0,84.0,0.0,27,10.0,4,13.7,1.6,232,10.0,20140427
117,2014-04-28,13.7,2014,15.2,0.0,82.8,0.0,28,26.5,4,12.3,3.4,232,10.0,20140428
118,2014-04-29,15.7,2014,20.2,0.0,65.9,2.9,29,17.0,4,12.0,2.4,232,8.6,20140429
119,2014-04-30,15.1,2014,20.9,0.0,68.8,5.8,30,0.0,4,9.1,1.4,232,4.5,20140430
120,2014-05-01,15.6,2014,22.8,0.0,64.5,12.0,1,0.0,5,9.1,2.1,232,0.0,20140501
121,2014-05-02,15.5,2014,26.5,0.0,67.6,9.4,2,0.1,5,8.5,3.3,232,5.1,20140502
122,2014-05-03,13.5,2014,19.9,0.0,52.3,12.9,3,0.0,5,8.3,3.5,232,1.0,20140503
123,2014-05-04,12.5,2014,20.7,0.0,59.6,5.6,4,1.0,5,7.9,2.8,232,7.4,20140504
124,2014-05-05,11.4,2014,17.0,0.0,50.0,12.6,5,0.0,5,6.1,3.1,232,1.1,20140505
125,2014-05-06,12.7,2014,20.6,0.0,47.6,12.8,6,0.0,5,4.5,2.0,232,0.0,20140506
126,2014-05-07,16.5,2014,23.7,0.0,38.1,11.5,7,0.5,5,6.9,3.2,232,5.5,20140507
127,2014-05-08,14.4,2014,17.7,0.0,75.0,7.8,8,1.5,5,9.8,3.3,232,5.5,20140508
128,2014-05-09,15.3,2014,23.2,0.0,61.3,11.5,9,0.0,5,7.5,1.4,232,0.0,20140509
129,2014-05-10,19.8,2014,27.4,0.0,34.0,12.6,10,0.0,5,11.9,2.6,232,0.4,20140510
130,2014-05-11,18.3,2014,23.5,0.0,48.6,0.4,11,17.0,5,14.6,4.0,232,8.1,20140511
131,2014-05-12,17.7,2014,22.5,0.0,65.4,10.2,12,8.0,5,14.4,3.0,232,4.3,20140512
132,2014-05-13,20.4,2014,28.2,0.0,58.5,11.8,13,0.0,5,12.9,2.8,232,1.3,20140513
133,2014-05-14,19.5,2014,27.3,0.0,55.6,9.7,14,0.0,5,13.9,1.9,232,5.0,20140514
134,2014-05-15,18.6,2014,24.1,0.0,53.5,10.6,15,0.0,5,14.9,3.6,232,2.4,20140515
135,2014-05-16,18.5,2014,26.8,0.0,50.6,11.7,16,0.0,5,10.0,1.7,232,0.9,20140516
136,2014-05-17,19.3,2014,26.6,0.0,57.6,11.7,17,0.0,5,12.0,1.5,232,3.0,20140517
137,2014-05-18,19.5,2014,27.1,0.0,56.9,10.0,18,0.0,5,11.7,1.6,232,3.4,20140518
138,2014-05-19,19.2,2014,26.9,0.0,58.0,7.9,19,0.0,5,11.6,1.6,232,3.9,20140519
139,2014-05-20,19.5,2014,26.3,0.0,56.0,4.0,20,0.0,5,14.6,1.2,232,6.3,20140520
140,2014-05-21,18.4,2014,24.7,0.0,67.1,7.9,21,0.0,5,13.1,2.6,232,2.1,20140521
141,2014-05-22,20.5,2014,29.5,0.0,62.9,12.1,22,0.0,5,11.7,1.7,232,0.0,20140522
142,2014-05-23,21.7,2014,27.9,0.0,69.4,7.8,23,0.0,5,17.6,2.1,232,3.5,20140523
143,2014-05-24,21.8,2014,29.5,0.0,65.0,5.7,24,0.0,5,16.7,1.9,232,7.6,20140524
144,2014-05-25,20.6,2014,25.7,0.0,76.6,1.1,25,4.0,5,19.0,2.2,232,9.5,20140525
145,2014-05-26,21.0,2014,25.9,0.0,53.5,11.2,26,2.5,5,15.6,3.2,232,3.4,20140526
146,2014-05-27,24.1,2014,30.6,0.0,36.3,12.2,27,0.0,5,15.8,3.1,232,0.5,20140527
147,2014-05-28,24.1,2014,30.2,0.0,52.0,10.5,28,0.0,5,18.3,2.7,232,3.0,20140528
148,2014-05-29,22.8,2014,31.4,0.0,59.0,10.9,29,0.0,5,15.6,1.9,232,0.0,20140529
149,2014-05-30,23.9,2014,32.9,0.0,48.0,12.7,30,0.0,5,14.7,1.6,232,0.0,20140530
150,2014-05-31,25.2,2014,33.9,0.0,46.6,11.8,31,0.0,5,17.6,2.1,232,1.0,20140531
151,2014-06-01,23.7,2014,29.3,0.0,59.1,0.6,1,0.0,6,17.1,1.0,232,8.0,20140601
152,2014-06-02,21.3,2014,24.3,0.0,69.8,0.1,2,4.0,6,19.4,2.6,232,10.0,20140602
153,2014-06-03,19.9,2014,22.0,0.0,81.4,0.3,3,37.0,6,17.3,3.1,232,9.9,20140603
154,2014-06-04,23.5,2014,28.1,0.0,59.0,8.0,4,0.0,6,20.1,3.5,232,8.0,20140604
155,2014-06-05,21.6,2014,25.6,0.0,66.4,3.8,5,0.0,6,18.5,1.8,232,7.5,20140605
156,2014-06-06,22.8,2014,30.6,0.0,60.6,12.6,6,0.0,6,15.4,1.3,232,0.4,20140606
157,2014-06-07,22.7,2014,28.6,0.0,63.8,7.9,7,0.0,6,17.0,1.8,232,5.4,20140607
158,2014-06-08,21.8,2014,26.5,0.0,74.9,3.9,8,0.0,6,19.2,2.0,232,8.0,20140608
159,2014-06-09,22.1,2014,28.7,0.0,73.8,7.7,9,0.0,6,18.3,1.6,232,6.4,20140609
160,2014-06-10,22.1,2014,28.9,0.0,74.9,7.9,10,8.5,6,17.8,2.2,232,6.5,20140610
161,2014-06-11,21.7,2014,27.0,0.0,73.3,7.6,11,0.5,6,18.5,1.9,232,6.9,20140611
162,2014-06-12,21.2,2014,26.8,0.0,69.3,8.5,12,0.0,6,16.7,2.0,232,6.3,20140612
163,2014-06-13,21.3,2014,26.3,0.0,74.4,8.1,13,0.0,6,15.8,2.1,232,6.8,20140613
164,2014-06-14,22.1,2014,29.0,0.0,71.6,12.6,14,0.0,6,15.9,1.8,232,3.4,20140614
165,2014-06-15,22.2,2014,28.5,0.0,66.1,11.2,15,0.0,6,16.0,1.9,232,4.5,20140615
166,2014-06-16,23.1,2014,30.6,0.0,60.3,9.9,16,0.0,6,16.2,1.6,232,7.3,20140616
167,2014-06-17,23.9,2014,28.6,0.0,69.9,0.4,17,0.0,6,19.4,1.2,232,8.8,20140617
168,2014-06-18,23.8,2014,30.8,0.0,68.6,9.7,18,0.0,6,18.7,1.8,232,4.6,20140618
169,2014-06-19,22.7,2014,27.1,0.0,76.4,1.7,19,0.0,6,18.5,1.6,232,7.0,20140619
170,2014-06-20,23.9,2014,29.1,0.0,71.9,3.3,20,15.5,6,19.0,1.4,232,8.1,20140620
171,2014-06-21,22.8,2014,26.5,0.0,74.9,1.8,21,0.2,6,20.2,2.2,232,8.8,20140621
172,2014-06-22,23.8,2014,30.4,0.0,68.4,8.7,22,0.0,6,17.9,1.9,232,5.4,20140622
173,2014-06-23,21.8,2014,28.0,0.0,82.3,4.5,23,8.0,6,18.7,1.9,232,6.9,20140623
174,2014-06-24,22.3,2014,28.5,0.0,73.1,10.8,24,0.0,6,17.2,1.7,232,3.0,20140624
175,2014-06-25,23.6,2014,30.2,0.0,70.0,7.1,25,0.0,6,17.8,1.5,232,7.1,20140625
176,2014-06-26,24.3,2014,30.8,0.0,69.4,10.8,26,0.0,6,19.1,1.7,232,6.3,20140626
177,2014-06-27,24.3,2014,30.6,0.0,67.6,10.6,27,0.0,6,19.3,2.0,232,3.4,20140627
178,2014-06-28,24.7,2014,29.8,0.0,62.8,10.2,28,0.0,6,21.6,2.8,232,5.4,20140628
179,2014-06-29,23.8,2014,29.7,0.0,68.3,6.9,29,0.2,6,18.2,1.3,232,5.1,20140629
180,2014-06-30,24.6,2014,31.0,0.0,68.0,11.8,30,0.0,6,18.7,1.7,232,5.4,20140630
181,2014-07-01,26.2,2014,33.1,0.0,66.3,10.8,1,0.0,7,20.4,1.7,232,4.3,20140701
182,2014-07-02,24.3,2014,29.5,0.0,78.9,0.0,2,2.0,7,20.3,2.0,232,9.5,20140702
183,2014-07-03,22.4,2014,25.9,0.0,86.6,0.5,3,11.0,7,20.2,1.7,232,9.8,20140703
184,2014-07-04,25.3,2014,31.6,0.0,70.5,7.9,4,0.0,7,20.4,1.2,232,6.5,20140704
185,2014-07-05,24.7,2014,29.8,0.0,74.5,0.1,5,0.0,7,20.2,1.3,232,7.9,20140705
186,2014-07-06,22.3,2014,25.1,0.0,82.3,0.4,6,1.5,7,19.9,2.3,232,8.6,20140706
187,2014-07-07,25.2,2014,32.3,0.0,70.0,10.7,7,0.0,7,17.7,1.7,232,5.9,20140707
188,2014-07-08,26.5,2014,31.8,0.0,77.8,5.5,8,22.5,7,22.8,1.5,232,8.5,20140708
189,2014-07-09,26.4,2014,31.1,0.0,87.3,2.7,9,18.0,7,23.9,1.9,232,7.1,20140709
190,2014-07-10,26.9,2014,30.7,0.0,67.6,12.8,10,0.0,7,23.3,3.0,232,5.6,20140710
191,2014-07-11,25.5,2014,33.0,0.0,63.4,10.2,11,0.0,7,20.1,1.9,232,4.3,20140711
192,2014-07-12,24.7,2014,29.5,0.0,79.1,1.3,12,0.0,7,19.8,1.2,232,8.5,20140712
193,2014-07-13,24.3,2014,28.8,0.0,81.0,6.7,13,3.5,7,21.8,1.9,232,8.4,20140713
194,2014-07-14,25.7,2014,31.6,0.0,71.5,11.7,14,0.0,7,20.7,1.9,232,3.8,20140714
195,2014-07-15,25.0,2014,30.4,0.0,78.1,3.4,15,0.0,7,20.1,1.8,232,9.5,20140715
196,2014-07-16,26.3,2014,32.3,0.0,69.8,8.7,16,0.0,7,20.8,1.5,232,6.5,20140716
197,2014-07-17,25.0,2014,28.1,0.0,81.3,1.6,17,10.5,7,21.7,1.8,232,9.5,20140717
198,2014-07-18,24.6,2014,30.3,0.0,84.8,7.5,18,126.0,7,20.0,2.5,232,7.0,20140718
199,2014-07-19,26.9,2014,31.9,0.0,83.6,7.0,19,0.0,7,24.0,1.8,232,8.4,20140719
200,2014-07-20,26.9,2014,32.3,0.0,81.4,7.4,20,0.0,7,23.5,1.6,232,6.3,20140720
201,2014-07-21,26.6,2014,32.2,0.0,81.5,7.6,21,0.0,7,22.8,1.6,232,5.4,20140721
202,2014-07-22,26.4,2014,29.9,0.0,78.0,1.7,22,0.0,7,22.8,1.5,232,9.0,20140722
203,2014-07-23,24.3,2014,26.8,0.0,91.4,0.0,23,16.5,7,21.1,1.1,232,10.0,20140723
204,2014-07-24,25.1,2014,29.6,0.0,90.4,2.3,24,9.0,7,21.8,1.1,232,9.3,20140724
205,2014-07-25,29.2,2014,34.3,0.0,74.3,10.0,25,2.0,7,24.8,3.3,232,7.5,20140725
206,2014-07-26,24.1,2014,27.9,0.0,76.5,3.4,26,1.0,7,19.7,3.8,232,7.1,20140726
207,2014-07-27,23.8,2014,30.6,0.0,75.3,11.3,27,0.0,7,18.1,1.5,232,2.8,20140727
208,2014-07-28,24.9,2014,30.6,0.0,76.3,6.5,28,0.0,7,18.9,1.4,232,6.4,20140728
209,2014-07-29,24.0,2014,29.4,0.0,85.4,5.4,29,12.5,7,20.8,1.8,232,7.5,20140729
210,2014-07-30,27.5,2014,34.6,0.0,76.8,10.8,30,0.0,7,21.9,1.7,232,5.4,20140730
211,2014-07-31,27.3,2014,33.8,0.0,81.5,7.0,31,3.0,7,24.4,1.6,232,6.6,20140731
212,2014-08-01,28.4,2014,32.9,0.0,72.0,7.1,1,0.0,8,22.5,2.6,232,7.9,20140801
213,2014-08-02,28.7,2014,32.4,0.0,66.0,5.0,2,12.0,8,24.0,4.6,232,9.0,20140802
214,2014-08-03,26.5,2014,29.8,0.0,85.3,2.7,3,11.0,8,24.1,3.8,232,9.8,20140803
215,2014-08-04,25.9,2014,27.9,0.0,91.5,0.0,4,1.5,8,24.4,1.5,232,9.4,20140804
216,2014-08-05,27.5,2014,32.9,0.0,82.9,9.6,5,0.0,8,24.3,1.7,232,7.1,20140805
217,2014-08-06,24.2,2014,27.2,0.0,92.5,0.0,6,13.0,8,21.7,1.4,232,9.5,20140806
218,2014-08-07,21.5,2014,23.6,0.0,93.4,0.5,7,14.5,8,20.2,1.4,232,9.5,20140807
219,2014-08-08,24.2,2014,28.9,0.0,75.4,6.4,8,0.0,8,20.3,3.1,232,5.8,20140808
220,2014-08-09,25.0,2014,30.6,0.0,58.8,9.7,9,0.0,8,19.1,2.9,232,4.3,20140809
221,2014-08-10,22.9,2014,28.6,0.0,81.4,1.1,10,41.5,8,19.6,2.0,232,7.5,20140810
222,2014-08-11,22.8,2014,28.5,0.0,75.9,10.6,11,0.0,8,18.3,1.7,232,4.3,20140811
223,2014-08-12,24.4,2014,30.9,0.0,77.4,10.4,12,0.0,8,18.3,1.3,232,4.9,20140812
224,2014-08-13,22.2,2014,26.4,0.0,91.1,0.0,13,13.5,8,20.0,1.0,232,9.5,20140813
225,2014-08-14,21.2,2014,22.8,0.0,94.1,0.0,14,4.0,8,20.1,1.5,232,10.0,20140814
226,2014-08-15,23.6,2014,29.7,0.0,83.6,4.3,15,0.2,8,20.3,1.1,232,7.0,20140815
227,2014-08-16,24.9,2014,31.2,0.0,74.5,8.5,16,0.0,8,19.3,1.3,232,6.4,20140816
228,2014-08-17,22.1,2014,23.6,0.0,92.8,0.0,17,10.0,8,20.9,1.1,232,10.0,20140817
229,2014-08-18,22.0,2014,24.1,0.0,91.9,0.0,18,18.5,8,20.1,1.8,232,10.0,20140818
230,2014-08-19,23.3,2014,25.5,0.0,92.0,0.2,19,10.5,8,21.8,1.0,232,9.6,20140819
231,2014-08-20,24.5,2014,29.0,0.0,85.9,2.0,20,1.0,8,21.7,1.0,232,9.5,20140820
232,2014-08-21,22.9,2014,24.5,0.0,94.0,0.0,21,61.0,8,21.7,2.2,232,10.0,20140821
233,2014-08-22,24.3,2014,30.1,0.0,79.0,10.0,22,0.0,8,20.5,1.5,232,5.5,20140822
234,2014-08-23,24.4,2014,30.3,0.0,77.8,9.2,23,0.0,8,20.1,1.1,232,6.8,20140823
235,2014-08-24,24.7,2014,30.1,0.0,82.4,5.4,24,1.0,8,21.1,1.2,232,8.6,20140824
236,2014-08-25,23.5,2014,26.1,0.0,89.6,0.0,25,5.5,8,22.3,1.8,232,9.6,20140825
237,2014-08-26,25.3,2014,30.5,0.0,75.8,5.1,26,0.0,8,21.9,1.3,232,6.8,20140826
238,2014-08-27,23.4,2014,27.5,0.0,79.3,4.5,27,0.0,8,20.4,1.9,232,7.4,20140827
239,2014-08-28,23.5,2014,28.9,0.0,73.8,12.1,28,0.0,8,19.7,1.9,232,4.8,20140828
240,2014-08-29,22.7,2014,29.0,0.0,77.5,9.8,29,0.0,8,18.6,1.8,232,6.3,20140829
241,2014-08-30,23.0,2014,29.1,0.0,69.5,11.5,30,0.0,8,18.6,1.8,232,2.3,20140830
242,2014-08-31,22.0,2014,27.3,0.0,66.5,7.4,31,0.0,8,18.1,1.8,232,6.0,20140831
243,2014-09-01,22.8,2014,29.8,0.0,69.8,11.4,1,0.0,9,16.7,1.4,232,3.4,20140901
244,2014-09-02,21.5,2014,25.0,0.0,77.0,0.3,2,12.0,9,19.0,2.3,232,9.1,20140902
245,2014-09-03,21.4,2014,25.5,0.0,86.5,0.3,3,40.5,9,18.6,2.5,232,9.9,20140903
246,2014-09-04,22.5,2014,28.6,0.0,75.5,9.0,4,0.5,9,18.2,1.4,232,5.4,20140904
247,2014-09-05,22.6,2014,30.4,0.0,76.0,9.7,5,0.0,9,16.5,1.2,232,4.9,20140905
248,2014-09-06,22.8,2014,30.8,0.0,71.1,0.0,6,0.0,9,18.1,1.2,232,7.0,20140906
249,2014-09-07,23.0,2014,31.9,0.0,71.3,8.8,7,0.0,9,15.7,1.3,232,2.3,20140907
250,2014-09-08,22.7,2014,30.3,0.0,72.8,9.3,8,0.0,9,17.7,1.4,232,1.0,20140908
251,2014-09-09,21.6,2014,28.7,0.0,69.3,6.0,9,0.0,9,15.1,1.5,232,5.5,20140909
252,2014-09-10,19.6,2014,28.1,0.0,64.3,11.9,10,0.0,9,12.3,1.2,232,0.0,20140910
253,2014-09-11,20.7,2014,29.1,0.0,69.1,10.0,11,0.0,9,13.4,1.2,232,3.5,20140911
254,2014-09-12,21.0,2014,25.6,0.0,78.3,0.0,12,0.0,9,17.2,1.4,232,8.8,20140912
255,2014-09-13,22.2,2014,28.6,0.0,65.5,11.7,13,0.0,9,16.2,1.6,232,2.8,20140913
256,2014-09-14,22.1,2014,29.0,0.0,60.1,11.0,14,0.0,9,16.2,1.7,232,6.0,20140914
257,2014-09-15,21.9,2014,28.6,0.0,70.0,5.0,15,0.0,9,18.3,1.6,232,8.1,20140915
258,2014-09-16,20.3,2014,27.9,0.0,56.0,9.9,16,0.0,9,13.4,1.3,232,6.0,20140916
259,2014-09-17,18.8,2014,25.6,0.0,61.5,4.4,17,0.0,9,14.5,1.3,232,8.1,20140917
260,2014-09-18,18.3,2014,24.8,0.0,71.8,3.2,18,0.0,9,12.9,1.1,232,6.5,20140918
261,2014-09-19,18.6,2014,27.5,0.0,64.3,11.8,19,0.0,9,11.5,1.2,232,0.3,20140919
262,2014-09-20,18.2,2014,27.5,0.0,61.0,11.7,20,0.0,9,10.9,1.5,232,0.5,20140920
263,2014-09-21,19.3,2014,27.0,0.0,66.3,9.1,21,0.0,9,13.2,1.6,232,3.4,20140921
264,2014-09-22,19.4,2014,28.6,0.0,66.9,11.4,22,0.0,9,11.8,1.5,232,1.5,20140922
265,2014-09-23,21.5,2014,27.7,0.0,63.3,8.6,23,2.0,9,14.3,2.3,232,5.5,20140923
266,2014-09-24,18.5,2014,21.8,0.0,84.5,1.2,24,71.5,9,15.9,2.1,232,8.4,20140924
267,2014-09-25,20.0,2014,27.2,0.0,73.6,10.1,25,0.0,9,15.0,1.1,232,3.3,20140925
268,2014-09-26,20.1,2014,24.9,0.0,79.4,4.4,26,7.5,9,16.7,1.8,232,8.0,20140926
269,2014-09-27,20.3,2014,26.3,0.0,77.5,9.1,27,0.0,9,16.2,1.8,232,2.4,20140927
270,2014-09-28,21.1,2014,26.8,0.0,76.1,3.5,28,0.0,9,15.7,1.0,232,7.8,20140928
271,2014-09-29,20.0,2014,22.4,0.0,86.1,0.0,29,10.0,9,18.8,1.0,232,9.6,20140929
272,2014-09-30,20.0,2014,25.0,0.0,70.1,8.6,30,0.0,9,16.5,1.9,232,6.5,20140930
273,2014-10-01,18.9,2014,24.8,0.0,74.0,8.0,1,0.0,10,15.2,2.2,232,5.6,20141001
274,2014-10-02,18.5,2014,23.4,0.0,78.3,2.1,2,0.0,10,14.6,2.0,232,8.1,20141002
275,2014-10-03,15.3,2014,19.4,0.0,72.6,4.7,3,0.0,10,10.1,2.5,232,5.4,20141003
276,2014-10-04,15.9,2014,23.1,0.0,62.3,10.8,4,0.0,10,8.7,2.4,232,0.9,20141004
277,2014-10-05,15.3,2014,21.9,0.0,58.3,11.0,5,0.0,10,8.7,1.9,232,0.6,20141005
278,2014-10-06,13.9,2014,21.5,0.0,66.6,10.7,6,0.0,10,7.4,1.4,232,0.6,20141006
279,2014-10-07,14.8,2014,23.0,0.0,68.3,9.7,7,0.0,10,8.4,1.6,232,1.8,20141007
280,2014-10-08,14.6,2014,23.2,0.0,69.8,10.7,8,0.0,10,7.1,0.9,232,1.5,20141008
281,2014-10-09,16.2,2014,24.8,0.0,68.0,10.6,9,0.0,10,9.4,1.3,232,3.1,20141009
282,2014-10-10,18.5,2014,27.5,0.0,60.1,10.4,10,0.0,10,9.2,2.2,232,0.8,20141010
283,2014-10-11,17.6,2014,25.6,0.0,58.9,10.9,11,0.0,10,10.7,2.7,232,0.0,20141011
284,2014-10-12,16.7,2014,23.5,0.0,67.4,5.9,12,0.0,10,8.1,1.8,232,5.5,20141012
285,2014-10-13,16.5,2014,22.3,0.0,58.4,7.1,13,0.0,10,9.4,2.6,232,4.4,20141013
286,2014-10-14,11.7,2014,19.7,0.0,61.5,10.7,14,0.0,10,5.5,1.3,232,0.4,20141014
287,2014-10-15,11.8,2014,20.4,0.0,64.8,10.7,15,0.0,10,4.5,1.4,232,0.3,20141015
288,2014-10-16,12.2,2014,18.1,0.0,57.9,9.2,16,0.0,10,6.3,3.6,232,3.0,20141016
289,2014-10-17,10.7,2014,21.1,0.0,59.9,10.5,17,0.0,10,2.5,1.1,232,1.1,20141017
290,2014-10-18,12.0,2014,22.4,0.0,60.8,10.1,18,0.0,10,4.6,1.0,232,0.0,20141018
291,2014-10-19,14.6,2014,23.3,0.0,63.3,7.8,19,0.0,10,5.7,1.3,232,5.6,20141019
292,2014-10-20,16.0,2014,17.7,0.0,88.4,0.0,20,30.5,10,13.5,1.3,232,10.0,20141020
293,2014-10-21,14.3,2014,17.3,0.0,87.5,0.0,21,60.5,10,11.6,1.8,232,10.0,20141021
294,2014-10-22,13.4,2014,18.6,0.0,76.1,6.4,22,4.5,10,9.5,1.4,232,5.4,20141022
295,2014-10-23,12.3,2014,20.5,0.0,74.0,10.1,23,0.0,10,6.9,1.7,232,1.1,20141023
296,2014-10-24,13.3,2014,21.4,0.0,80.9,8.9,24,0.0,10,7.8,0.9,232,2.0,20141024
297,2014-10-25,13.2,2014,23.3,0.0,81.1,6.7,25,0.0,10,8.4,1.4,232,3.8,20141025
298,2014-10-26,14.6,2014,22.0,0.0,76.8,6.5,26,0.0,10,6.8,1.7,232,5.5,20141026
299,2014-10-27,10.2,2014,17.2,0.0,47.0,10.2,27,0.0,10,3.7,2.5,232,0.0,20141027
300,2014-10-28,7.9,2014,19.0,0.0,65.3,10.2,28,0.0,10,0.1,0.9,232,0.0,20141028
301,2014-10-29,9.8,2014,21.6,0.0,67.5,9.1,29,0.0,10,2.2,1.1,232,3.3,20141029
302,2014-10-30,11.6,2014,20.1,0.0,62.8,4.5,30,0.0,10,4.0,1.0,232,6.9,20141030
303,2014-10-31,11.7,2014,13.0,0.0,87.1,0.0,31,24.0,10,9.9,1.8,232,10.0,20141031
304,2014-11-01,13.6,2014,18.3,0.0,87.3,1.6,1,0.5,11,10.0,0.9,232,9.0,20141101
305,2014-11-02,11.5,2014,14.7,0.0,59.4,4.3,2,4.5,11,8.3,4.0,232,7.9,20141102
306,2014-11-03,8.7,2014,13.6,0.0,44.9,10.1,3,0.0,11,3.3,2.6,232,1.3,20141103
307,2014-11-04,8.5,2014,18.8,0.0,68.5,10.0,4,0.0,11,1.4,1.0,232,0.0,20141104
308,2014-11-05,9.7,2014,18.7,0.0,71.6,9.3,5,0.0,11,2.3,1.0,232,2.8,20141105
309,2014-11-06,11.2,2014,18.2,0.0,74.1,4.9,6,0.0,11,5.8,1.4,232,4.4,20141106
310,2014-11-07,8.8,2014,16.2,0.0,69.0,9.5,7,0.0,11,2.2,1.1,232,3.3,20141107
311,2014-11-08,9.6,2014,14.7,0.0,75.3,0.4,8,0.0,11,5.1,0.9,232,9.0,20141108
312,2014-11-09,8.2,2014,14.7,0.0,67.3,9.2,9,0.0,11,2.3,2.1,232,0.5,20141109
313,2014-11-10,6.3,2014,16.4,0.0,64.5,9.6,10,0.0,11,-0.1,0.9,232,0.0,20141110
314,2014-11-11,8.2,2014,15.0,0.0,70.6,6.4,11,0.2,11,0.5,1.1,232,5.6,20141111
315,2014-11-12,6.5,2014,10.8,0.0,61.6,3.9,12,5.5,11,1.5,4.7,232,7.1,20141112
316,2014-11-13,2.0,2014,5.1,0.0,45.0,6.7,13,0.0,11,-0.4,3.3,232,7.9,20141113
317,2014-11-14,4.5,2014,10.6,0.0,60.4,8.1,14,0.0,11,-0.7,1.7,232,3.0,20141114
318,2014-11-15,3.8,2014,10.4,0.0,64.6,8.0,15,0.0,11,-2.0,1.5,232,3.9,20141115
319,2014-11-16,7.1,2014,13.1,0.0,46.5,7.8,16,0.0,11,0.8,1.0,232,7.6,20141116
320,2014-11-17,6.3,2014,10.7,0.0,73.6,7.0,17,1.0,11,1.7,2.1,232,5.6,20141117
321,2014-11-18,3.6,2014,10.6,0.0,64.5,9.4,18,0.0,11,-2.0,1.6,232,0.0,20141118
322,2014-11-19,3.2,2014,12.6,0.0,67.3,9.2,19,0.0,11,-4.1,1.0,232,2.0,20141119
323,2014-11-20,5.1,2014,14.9,0.0,68.9,8.9,20,0.0,11,-1.7,0.9,232,0.6,20141120
324,2014-11-21,7.5,2014,18.0,0.0,61.8,8.2,21,0.0,11,0.0,1.3,232,2.4,20141121
325,2014-11-22,7.0,2014,11.2,0.0,85.3,0.8,22,2.0,11,2.9,1.1,232,6.6,20141122
326,2014-11-23,6.6,2014,10.1,0.0,90.0,0.6,23,0.0,11,2.6,1.0,232,9.6,20141123
327,2014-11-24,8.2,2014,9.6,0.0,90.4,0.0,24,3.0,11,7.2,0.9,232,10.0,20141124
328,2014-11-25,9.7,2014,13.9,0.0,69.8,2.2,25,0.0,11,3.7,1.8,232,6.8,20141125
329,2014-11-26,8.6,2014,12.9,0.0,70.6,4.5,26,0.2,11,4.7,1.9,232,4.6,20141126
330,2014-11-27,7.8,2014,15.7,0.0,82.3,5.5,27,0.0,11,2.7,1.4,232,1.6,20141127
331,2014-11-28,9.5,2014,14.4,0.0,85.1,0.2,28,5.5,11,4.1,2.8,232,9.3,20141128
332,2014-11-29,9.2,2014,14.0,0.0,75.1,8.8,29,0.0,11,4.3,1.7,232,3.0,20141129
333,2014-11-30,9.1,2014,10.9,0.0,88.1,0.0,30,6.5,11,5.7,1.6,232,9.4,20141130
334,2014-12-01,0.5,2014,9.4,5.2,70.4,0.8,1,6.6,12,-4.2,5.5,232,8.4,20141201
335,2014-12-02,-3.6,2014,-1.2,0.1,53.6,8.4,2,0.0,12,-5.8,3.7,232,7.0,20141202
336,2014-12-03,-1.5,2014,3.4,4.0,80.0,3.4,3,3.3,12,-4.5,1.7,232,8.6,20141203
337,2014-12-04,-3.2,2014,1.0,2.0,67.8,6.3,4,1.1,12,-8.1,1.5,232,4.9,20141204
338,2014-12-05,-4.7,2014,-2.0,3.0,58.0,8.0,5,1.2,12,-7.4,2.5,232,5.3,20141205
339,2014-12-06,-3.9,2014,-0.6,0.3,58.3,8.5,6,0.0,12,-9.6,2.4,232,3.4,20141206
340,2014-12-07,-2.5,2014,1.4,0.0,60.8,5.1,7,0.0,12,-6.1,1.1,232,7.3,20141207
341,2014-12-08,-1.4,2014,2.9,1.3,72.0,4.9,8,0.8,12,-5.9,2.0,232,2.4,20141208
342,2014-12-09,-2.9,2014,3.6,0.0,53.3,8.6,9,0.0,12,-8.5,1.2,232,2.5,20141209
343,2014-12-10,1.4,2014,4.6,0.0,56.6,0.9,10,0.1,12,-3.6,1.8,232,9.3,20141210
344,2014-12-11,0.4,2014,4.4,0.0,63.4,4.2,11,0.1,12,-4.2,2.8,232,7.5,20141211
345,2014-12-12,-1.5,2014,2.5,8.8,66.3,6.1,12,5.0,12,-5.9,1.6,232,6.4,20141212
346,2014-12-13,-4.7,2014,-1.6,1.8,70.5,6.7,13,1.1,12,-10.7,1.7,232,5.5,20141213
347,2014-12-14,-3.5,2014,3.0,0.0,67.1,6.6,14,0.0,12,-12.4,1.4,232,3.0,20141214
348,2014-12-15,1.6,2014,4.5,0.1,77.3,0.2,15,5.5,12,-3.2,2.4,232,9.3,20141215
349,2014-12-16,-2.3,2014,3.2,0.6,59.3,2.2,16,5.6,12,-6.4,5.1,232,6.6,20141216
350,2014-12-17,-6.8,2014,-4.8,0.2,43.8,5.4,17,0.0,12,-8.4,4.7,232,3.4,20141217
351,2014-12-18,-5.7,2014,-0.5,0.0,44.9,8.5,18,0.0,12,-9.0,2.8,232,0.0,20141218
352,2014-12-19,-2.9,2014,1.2,0.0,52.3,0.9,19,0.0,12,-9.3,2.5,232,7.1,20141219
353,2014-12-20,0.0,2014,3.6,0.0,61.9,6.2,20,1.0,12,-3.6,3.9,232,5.0,20141220
354,2014-12-21,-4.6,2014,1.0,5.2,59.3,6.3,21,1.4,12,-9.6,1.4,232,5.4,20141221
355,2014-12-22,-6.2,2014,3.1,3.5,81.3,4.3,22,2.3,12,-14.5,1.1,232,4.1,20141222
356,2014-12-23,-2.1,2014,3.0,0.0,76.4,1.7,23,0.0,12,-10.3,1.6,232,6.0,20141223
357,2014-12-24,2.0,2014,6.5,0.0,69.6,4.7,24,1.5,12,-1.0,2.5,232,5.9,20141224
358,2014-12-25,-1.1,2014,3.0,0.0,52.3,8.5,25,0.0,12,-4.1,3.1,232,0.0,20141225
359,2014-12-26,-2.9,2014,2.7,0.0,54.8,1.7,26,0.0,12,-8.0,1.3,232,0.9,20141226
360,2014-12-27,-2.9,2014,4.2,0.0,69.0,0.0,27,0.0,12,-7.9,1.0,232,2.6,20141227
361,2014-12-28,-1.1,2014,3.8,0.0,71.5,0.0,28,0.0,12,-7.3,1.3,232,6.4,20141228
362,2014-12-29,2.0,2014,7.8,0.0,77.0,0.0,29,0.0,12,-1.8,0.9,232,4.6,20141229
363,2014-12-30,0.6,2014,8.0,0.0,74.0,0.0,30,0.0,12,-3.5,1.4,232,0.5,20141230
364,2014-12-31,-1.0,2014,2.2,2.5,68.3,0.0,31,2.3,12,-4.9,3.6,232,6.5,20141231
