,Date,rainfall,tmin,station_id,humid,snow,sunshine,date,cloud,month,day,tavg,wind,tmax,year
0,2015-01-01,0.3,-7.3,232,61.0,1.0,0.0,20150101,4.1,1,1,-5.7,4.3,-3.6,2015
1,2015-01-02,0.0,-9.9,232,61.4,0.0,0.0,20150102,3.1,1,2,-5.0,2.3,-0.7,2015
2,2015-01-03,0.0,-11.2,232,71.8,0.0,0.0,20150103,4.9,1,3,-3.7,1.5,2.5,2015
3,2015-01-04,0.0,-2.3,232,74.8,0.0,0.0,20150104,2.6,1,4,1.9,1.8,9.8,2015
4,2015-01-05,0.5,-3.4,232,76.1,0.0,0.0,20150105,7.1,1,5,3.6,1.7,8.5,2015
5,2015-01-06,3.5,-5.5,232,60.8,0.0,0.0,20150106,3.6,1,6,-1.0,4.5,4.0,2015
6,2015-01-07,0.0,-7.4,232,52.3,0.0,0.0,20150107,1.1,1,7,-4.3,2.9,-0.4,2015
7,2015-01-08,0.0,-10.8,232,73.6,0.0,7.8,20150108,0.0,1,8,-5.0,1.4,1.6,2015
8,2015-01-09,0.0,-8.3,232,81.6,0.0,2.4,20150109,3.1,1,9,-2.5,0.8,3.3,2015
9,2015-01-10,0.0,-7.5,232,77.9,0.0,8.2,20150110,0.9,1,10,-1.4,1.2,6.2,2015
10,2015-01-11,0.2,-3.5,232,67.8,0.4,8.0,20150111,1.9,1,11,0.1,3.2,2.9,2015
11,2015-01-12,0.0,-8.8,232,56.6,0.0,9.3,20150112,0.0,1,12,-3.4,1.2,3.2,2015
12,2015-01-13,0.0,-8.7,232,66.8,0.0,6.3,20150113,5.0,1,13,-1.4,1.1,5.9,2015
13,2015-01-14,0.0,-2.2,232,67.8,0.0,0.1,20150114,9.3,1,14,1.9,0.9,5.7,2015
14,2015-01-15,0.0,-2.8,232,66.8,0.0,4.2,20150115,3.8,1,15,2.0,1.7,8.3,2015
15,2015-01-16,0.7,-4.6,232,81.0,0.5,0.0,20150116,8.3,1,16,0.2,2.3,3.3,2015
16,2015-01-17,0.0,-7.5,232,61.1,0.0,9.0,20150117,0.8,1,17,-3.1,3.6,0.5,2015
17,2015-01-18,3.1,-9.1,232,75.4,3.0,2.9,20150118,5.9,1,18,-1.5,1.9,4.1,2015
18,2015-01-19,0.0,-0.9,232,73.6,0.0,1.8,20150119,6.5,1,19,1.6,2.6,4.7,2015
19,2015-01-20,0.0,-5.9,232,68.8,0.0,9.2,20150120,4.4,1,20,0.0,1.1,5.7,2015
20,2015-01-21,2.5,-2.4,232,74.5,0.0,0.3,20150121,8.9,1,21,2.3,1.3,5.8,2015
21,2015-01-22,1.0,-2.0,232,83.1,0.0,2.0,20150122,9.7,1,22,2.2,1.8,6.4,2015
22,2015-01-23,0.0,-3.0,232,83.4,0.0,2.5,20150123,7.3,1,23,0.1,0.8,5.1,2015
23,2015-01-24,0.0,-2.8,232,76.6,0.0,3.0,20150124,0.0,1,24,2.3,1.2,8.1,2015
24,2015-01-25,0.5,-1.8,232,79.9,0.0,0.0,20150125,0.0,1,25,3.1,2.1,6.1,2015
25,2015-01-26,0.4,1.8,232,89.3,0.0,0.0,20150126,9.5,1,26,4.2,2.6,5.9,2015
26,2015-01-27,0.0,-4.8,232,68.1,0.0,8.2,20150127,1.3,1,27,-1.9,3.9,1.9,2015
27,2015-01-28,0.0,-7.2,232,59.9,0.0,7.7,20150128,4.8,1,28,-3.8,1.7,1.8,2015
28,2015-01-29,0.0,-5.8,232,71.9,0.0,0.2,20150129,10.0,1,29,-0.2,1.6,4.4,2015
29,2015-01-30,0.0,-4.5,232,60.0,0.0,6.7,20150130,3.5,1,30,-1.3,3.7,1.5,2015
30,2015-01-31,0.0,-9.0,232,62.3,0.0,9.1,20150131,0.0,1,31,-4.5,2.2,0.3,2015
31,2015-02-01,0.0,-10.2,232,65.8,0.0,9.2,20150201,0.0,2,1,-3.7,1.2,3.1,2015
32,2015-02-02,0.0,-8.1,232,67.8,0.0,7.2,20150202,3.0,2,2,-2.3,0.8,5.7,2015
33,2015-02-03,0.0,-7.0,232,69.1,0.0,6.1,20150203,5.0,2,3,-1.0,1.1,5.9,2015
34,2015-02-04,0.0,-6.2,232,79.9,0.0,5.1,20150204,4.3,2,4,-1.0,1.2,4.8,2015
35,2015-02-05,0.0,-4.9,232,73.0,0.0,8.1,20150205,1.5,2,5,-0.2,2.0,4.7,2015
36,2015-02-06,0.0,-5.9,232,74.1,0.0,8.4,20150206,1.0,2,6,-0.1,1.4,6.3,2015
37,2015-02-07,0.0,-4.8,232,72.4,0.0,2.3,20150207,0.0,2,7,1.1,1.6,6.5,2015
38,2015-02-08,0.0,-9.3,232,51.9,0.0,6.9,20150208,0.0,2,8,-6.9,5.5,0.0,2015
39,2015-02-09,0.0,-12.8,232,56.6,0.0,6.0,20150209,4.0,2,9,-4.0,3.1,1.0,2015
40,2015-02-10,0.0,-3.9,232,63.4,0.0,8.6,20150210,2.0,2,10,3.3,2.6,8.4,2015
41,2015-02-11,0.0,-2.0,232,69.1,0.0,3.0,20150211,6.8,2,11,2.9,1.6,8.4,2015
42,2015-02-12,0.0,-4.3,232,48.0,0.0,9.7,20150212,0.5,2,12,-0.9,3.8,2.9,2015
43,2015-02-13,0.0,-7.1,232,54.4,0.0,9.9,20150213,0.0,2,13,-1.8,2.6,4.0,2015
44,2015-02-14,0.0,-7.1,232,73.6,0.0,4.1,20150214,0.0,2,14,1.0,1.4,9.3,2015
45,2015-02-15,1.5,-2.0,232,67.3,0.0,0.4,20150215,0.0,2,15,7.0,2.3,11.8,2015
46,2015-02-16,15.5,4.3,232,91.0,0.0,0.0,20150216,10.0,2,16,4.8,2.5,6.3,2015
47,2015-02-17,0.5,1.1,232,79.3,0.0,0.1,20150217,8.8,2,17,2.4,3.4,4.5,2015
48,2015-02-18,0.0,0.9,232,77.1,0.0,0.0,20150218,0.0,2,18,1.6,2.2,2.8,2015
49,2015-02-19,0.0,-3.7,232,72.6,0.0,9.3,20150219,0.0,2,19,1.5,1.0,7.6,2015
50,2015-02-20,0.0,-3.6,232,69.0,0.0,7.4,20150220,0.0,2,20,4.2,1.6,11.3,2015
51,2015-02-21,3.0,3.4,232,81.9,0.0,0.0,20150221,0.0,2,21,6.2,2.0,7.2,2015
52,2015-02-22,0.5,0.9,232,78.0,0.0,1.7,20150222,5.3,2,22,4.5,3.8,7.6,2015
53,2015-02-23,0.0,-1.4,232,68.0,0.0,4.4,20150223,6.3,2,23,1.7,2.2,5.6,2015
54,2015-02-24,0.0,-1.8,232,70.1,0.0,8.0,20150224,2.5,2,24,2.1,1.6,8.3,2015
55,2015-02-25,0.0,-1.8,232,57.4,0.0,6.9,20150225,6.8,2,25,5.1,1.8,12.3,2015
56,2015-02-26,0.5,-1.8,232,62.6,0.0,7.5,20150226,3.5,2,26,2.2,4.7,6.1,2015
57,2015-02-27,0.0,-3.7,232,50.3,0.0,9.3,20150227,2.8,2,27,-1.1,3.1,2.9,2015
58,2015-02-28,0.0,-4.7,232,57.8,0.0,0.1,20150228,0.0,2,28,1.8,1.5,6.3,2015
59,2015-03-01,0.3,-1.0,232,67.4,0.0,3.4,20150301,0.0,3,1,2.7,3.3,7.4,2015
60,2015-03-02,0.0,-5.3,232,57.8,0.0,10.4,20150302,0.0,3,2,2.5,1.5,10.5,2015
61,2015-03-03,1.0,0.5,232,59.0,0.0,0.8,20150303,10.0,3,3,4.3,2.8,10.3,2015
62,2015-03-04,0.0,-2.8,232,47.5,0.0,8.5,20150304,2.0,3,4,-0.7,5.3,3.4,2015
63,2015-03-05,0.0,-7.1,232,60.4,0.0,9.0,20150305,6.8,3,5,-0.6,1.4,5.7,2015
64,2015-03-06,0.0,-5.9,232,56.5,0.0,10.5,20150306,1.3,3,6,1.9,1.6,10.5,2015
65,2015-03-07,0.0,-6.0,232,56.5,0.0,10.6,20150307,0.0,3,7,2.3,1.6,10.7,2015
66,2015-03-08,0.0,-4.3,232,52.4,0.0,8.6,20150308,0.0,3,8,6.0,1.8,16.0,2015
67,2015-03-09,0.0,-3.8,232,48.3,0.0,7.9,20150309,1.3,3,9,2.8,5.1,8.1,2015
68,2015-03-10,0.0,-5.0,232,42.3,0.0,11.0,20150310,1.0,3,10,-2.0,6.0,1.7,2015
69,2015-03-11,0.0,-5.3,232,52.9,0.0,8.2,20150311,3.0,3,11,1.6,3.9,8.6,2015
70,2015-03-12,0.0,-6.8,232,48.3,0.0,10.8,20150312,0.8,3,12,2.0,2.0,8.8,2015
71,2015-03-13,2.0,-1.5,232,51.0,0.0,8.7,20150313,3.3,3,13,6.4,2.8,11.7,2015
72,2015-03-14,0.0,-5.0,232,56.1,0.0,8.7,20150314,0.0,3,14,2.9,1.4,11.1,2015
73,2015-03-15,0.0,-4.0,232,57.1,0.0,9.6,20150315,0.0,3,15,4.2,1.4,13.5,2015
74,2015-03-16,0.0,-2.1,232,51.8,0.0,8.1,20150316,1.8,3,16,8.0,1.1,19.4,2015
75,2015-03-17,0.0,1.0,232,51.9,0.0,1.8,20150317,9.3,3,17,10.5,1.2,19.8,2015
76,2015-03-18,17.5,7.0,232,84.3,0.0,0.0,20150318,10.0,3,18,9.2,1.9,10.3,2015
77,2015-03-19,0.0,5.1,232,69.0,0.0,10.6,20150319,0.5,3,19,11.5,1.9,19.4,2015
78,2015-03-20,0.0,6.4,232,50.4,0.0,7.2,20150320,5.3,3,20,12.0,1.4,21.5,2015
79,2015-03-21,0.0,1.7,232,51.9,0.0,9.4,20150321,0.0,3,21,10.4,1.6,19.3,2015
80,2015-03-22,0.0,2.6,232,58.1,0.0,10.1,20150322,0.0,3,22,7.6,3.5,15.6,2015
81,2015-03-23,0.0,-1.3,232,47.1,0.0,11.5,20150323,0.0,3,23,4.6,3.8,10.3,2015
82,2015-03-24,0.0,-3.4,232,49.8,0.0,11.6,20150324,0.0,3,24,3.9,1.8,12.0,2015
83,2015-03-25,0.0,-4.2,232,50.5,0.0,11.7,20150325,0.0,3,25,4.8,1.4,14.5,2015
84,2015-03-26,0.0,-3.5,232,50.5,0.0,11.6,20150326,0.0,3,26,5.9,1.5,15.6,2015
85,2015-03-27,0.0,-2.1,232,49.1,0.0,11.0,20150327,2.8,3,27,7.3,1.7,17.6,2015
86,2015-03-28,0.0,-2.4,232,39.9,0.0,10.0,20150328,0.0,3,28,9.7,2.0,19.5,2015
87,2015-03-29,0.0,6.0,232,63.1,0.0,6.5,20150329,0.0,3,29,10.3,1.6,16.4,2015
88,2015-03-30,0.0,3.2,232,64.6,0.0,10.3,20150330,0.0,3,30,12.6,1.7,22.7,2015
89,2015-03-31,2.5,5.5,232,87.0,0.0,0.0,20150331,10.0,3,31,11.2,1.2,14.0,2015
90,2015-04-01,1.0,10.7,232,83.3,0.0,0.0,20150401,10.0,4,1,12.2,2.7,13.4,2015
91,2015-04-02,17.5,9.6,232,70.8,0.0,5.6,20150402,5.8,4,2,15.5,4.1,19.5,2015
92,2015-04-03,9.5,6.9,232,86.6,0.0,0.2,20150403,7.8,4,3,10.3,2.4,18.8,2015
93,2015-04-04,4.5,8.1,232,69.0,0.0,5.1,20150404,0.0,4,4,12.2,3.4,17.8,2015
94,2015-04-05,2.5,8.8,232,93.4,0.0,0.0,20150405,0.0,4,5,10.2,1.7,11.6,2015
95,2015-04-06,0.1,6.0,232,78.3,0.0,0.0,20150406,10.0,4,6,9.8,2.9,13.0,2015
96,2015-04-07,0.0,2.7,232,69.6,0.0,2.6,20150407,9.3,4,7,7.9,1.7,14.2,2015
97,2015-04-08,0.0,5.1,232,65.9,0.0,2.5,20150408,9.0,4,8,8.9,1.8,14.1,2015
98,2015-04-09,0.0,2.9,232,65.6,0.0,7.9,20150409,4.3,4,9,9.0,1.6,16.2,2015
99,2015-04-10,0.0,1.3,232,58.4,0.0,11.3,20150410,0.0,4,10,9.7,1.8,17.6,2015
100,2015-04-11,0.0,1.8,232,56.4,0.0,11.3,20150411,0.0,4,11,11.2,1.6,21.3,2015
101,2015-04-12,0.0,3.8,232,44.9,0.0,1.1,20150412,0.0,4,12,12.9,2.6,18.9,2015
102,2015-04-13,2.5,8.4,232,62.6,0.0,1.3,20150413,9.5,4,13,11.8,3.2,16.7,2015
103,2015-04-14,6.5,6.8,232,84.0,0.0,0.2,20150414,9.8,4,14,8.4,1.5,10.3,2015
104,2015-04-15,2.5,6.5,232,68.1,0.0,9.2,20150415,4.5,4,15,12.5,2.8,19.3,2015
105,2015-04-16,2.0,7.1,232,66.0,0.0,4.0,20150416,6.5,4,16,11.4,4.3,18.8,2015
106,2015-04-17,0.0,1.6,232,53.6,0.0,12.1,20150417,1.8,4,17,10.0,2.2,18.9,2015
107,2015-04-18,0.0,1.5,232,43.1,0.0,5.9,20150418,0.0,4,18,13.8,1.6,21.5,2015
108,2015-04-19,17.5,11.8,232,93.6,0.0,0.0,20150419,0.0,4,19,13.7,1.8,17.5,2015
109,2015-04-20,13.5,7.2,232,87.5,0.0,0.0,20150420,9.8,4,20,11.3,2.0,14.1,2015
110,2015-04-21,0.0,4.7,232,67.5,0.0,11.5,20150421,3.8,4,21,12.6,2.0,21.9,2015
111,2015-04-22,0.0,6.4,232,57.9,0.0,10.5,20150422,2.5,4,22,13.5,2.5,20.1,2015
112,2015-04-23,0.0,4.2,232,53.3,0.0,11.2,20150423,5.5,4,23,13.2,1.9,22.1,2015
113,2015-04-24,0.0,8.3,232,50.0,0.0,11.7,20150424,2.5,4,24,15.1,2.0,22.5,2015
114,2015-04-25,0.0,4.5,232,47.5,0.0,12.5,20150425,0.0,4,25,14.7,1.9,24.1,2015
115,2015-04-26,0.0,6.5,232,45.5,0.0,11.8,20150426,0.0,4,26,17.3,1.9,26.6,2015
116,2015-04-27,0.0,9.5,232,46.8,0.0,11.9,20150427,2.0,4,27,17.8,1.9,26.2,2015
117,2015-04-28,0.0,8.7,232,56.8,0.0,4.7,20150428,8.8,4,28,18.2,1.7,25.2,2015
118,2015-04-29,8.0,14.7,232,85.5,0.0,0.0,20150429,10.0,4,29,16.6,2.4,18.3,2015
119,2015-04-30,0.0,13.9,232,70.0,0.0,10.3,20150430,5.0,4,30,19.8,1.7,26.4,2015
120,2015-05-01,0.0,13.1,232,72.4,0.0,10.9,20150501,0.8,5,1,19.6,1.6,26.6,2015
121,2015-05-02,1.5,13.5,232,76.5,0.0,5.2,20150502,0.0,5,2,19.7,1.4,26.6,2015
122,2015-05-03,5.0,16.4,232,91.0,0.0,0.0,20150503,0.0,5,3,18.4,1.5,21.6,2015
123,2015-05-04,0.0,8.2,232,57.8,0.0,11.9,20150504,1.8,5,4,15.1,3.8,20.3,2015
124,2015-05-05,0.0,4.6,232,53.0,0.0,12.7,20150505,0.0,5,5,12.9,2.0,21.0,2015
125,2015-05-06,0.0,6.5,232,50.4,0.0,5.3,20150506,8.5,5,6,14.0,1.7,22.6,2015
126,2015-05-07,0.0,6.6,232,50.0,0.0,9.8,20150507,4.5,5,7,15.5,1.6,24.2,2015
127,2015-05-08,0.0,7.8,232,62.6,0.0,4.8,20150508,9.0,5,8,16.1,1.5,23.0,2015
128,2015-05-09,0.0,13.2,232,67.3,0.0,9.7,20150509,0.0,5,9,17.8,1.9,23.8,2015
129,2015-05-10,0.0,10.3,232,59.1,0.0,12.1,20150510,0.0,5,10,18.1,1.7,25.0,2015
130,2015-05-11,12.0,13.3,232,72.6,0.0,1.2,20150511,9.8,5,11,17.6,3.6,23.2,2015
131,2015-05-12,6.0,10.9,232,70.8,0.0,8.6,20150512,5.5,5,12,14.9,3.8,19.4,2015
132,2015-05-13,0.0,12.1,232,50.1,0.0,12.5,20150513,0.5,5,13,20.1,3.9,25.7,2015
133,2015-05-14,0.0,13.0,232,63.3,0.0,10.5,20150514,2.0,5,14,21.6,2.4,29.6,2015
134,2015-05-15,0.0,14.6,232,87.1,0.0,0.2,20150515,9.8,5,15,18.1,1.8,20.8,2015
135,2015-05-16,0.0,10.4,232,56.0,0.0,13.0,20150516,0.0,5,16,17.7,2.4,25.1,2015
136,2015-05-17,0.0,9.2,232,56.3,0.0,10.6,20150517,0.0,5,17,17.8,1.5,26.6,2015
137,2015-05-18,0.0,13.2,232,62.1,0.0,3.0,20150518,8.8,5,18,18.4,2.1,24.4,2015
138,2015-05-19,2.0,13.1,232,81.9,0.0,2.4,20150519,9.3,5,19,17.3,2.2,23.2,2015
139,2015-05-20,0.0,9.7,232,69.8,0.0,11.1,20150520,0.5,5,20,15.4,2.5,20.6,2015
140,2015-05-21,0.0,9.8,232,57.4,0.0,13.2,20150521,0.8,5,21,18.6,2.1,27.0,2015
141,2015-05-22,0.0,12.5,232,56.8,0.0,11.1,20150522,2.5,5,22,19.9,1.9,27.4,2015
142,2015-05-23,0.0,12.7,232,50.3,0.0,11.7,20150523,0.0,5,23,20.2,1.6,27.5,2015
143,2015-05-24,0.0,10.6,232,49.6,0.0,13.3,20150524,0.0,5,24,19.0,1.8,27.2,2015
144,2015-05-25,0.0,9.9,232,54.5,0.0,13.2,20150525,0.0,5,25,19.1,1.9,27.2,2015
145,2015-05-26,0.0,11.0,232,58.8,0.0,13.1,20150526,0.0,5,26,20.2,1.6,30.4,2015
146,2015-05-27,0.0,11.0,232,48.4,0.0,12.3,20150527,1.8,5,27,21.9,1.5,31.1,2015
147,2015-05-28,0.0,15.2,232,48.1,0.0,10.8,20150528,3.3,5,28,22.5,1.7,31.5,2015
148,2015-05-29,0.0,14.6,232,51.9,0.0,9.3,20150529,5.8,5,29,22.4,1.8,29.4,2015
149,2015-05-30,1.0,16.0,232,80.0,0.0,3.2,20150530,0.0,5,30,18.3,1.6,22.0,2015
150,2015-05-31,0.0,15.1,232,68.4,0.0,10.0,20150531,0.0,5,31,20.9,1.4,28.4,2015
151,2015-06-01,0.0,14.3,232,65.3,0.0,11.2,20150601,6.3,6,1,21.8,1.6,29.5,2015
152,2015-06-02,0.0,16.6,232,65.0,0.0,6.7,20150602,6.5,6,2,21.8,1.7,29.4,2015
153,2015-06-03,0.0,16.7,232,54.9,0.0,10.7,20150603,3.0,6,3,21.4,3.5,26.9,2015
154,2015-06-04,0.0,12.4,232,51.5,0.0,9.6,20150604,5.8,6,4,22.1,1.4,30.1,2015
155,2015-06-05,0.5,13.9,232,69.6,0.0,1.8,20150605,9.3,6,5,17.8,1.6,20.4,2015
156,2015-06-06,0.0,14.4,232,59.3,0.0,12.4,20150606,0.0,6,6,21.4,2.1,28.0,2015
157,2015-06-07,0.0,17.2,232,56.5,0.0,11.3,20150607,0.0,6,7,23.2,2.1,30.4,2015
158,2015-06-08,0.0,15.9,232,65.6,0.0,1.9,20150608,9.5,6,8,21.4,1.4,25.7,2015
159,2015-06-09,0.0,17.5,232,75.6,0.0,6.9,20150609,7.0,6,9,21.4,2.2,27.9,2015
160,2015-06-10,0.0,15.8,232,64.3,0.0,10.8,20150610,4.3,6,10,24.5,1.8,34.2,2015
161,2015-06-11,1.0,17.6,232,71.1,0.0,1.1,20150611,9.8,6,11,22.8,1.9,26.3,2015
162,2015-06-12,0.5,19.6,232,62.8,0.0,11.7,20150612,3.3,6,12,24.3,2.1,31.1,2015
163,2015-06-13,0.0,19.4,232,60.6,0.0,7.4,20150613,0.0,6,13,25.3,2.8,31.6,2015
164,2015-06-14,4.5,19.0,232,76.3,0.0,3.9,20150614,0.0,6,14,22.5,1.7,27.3,2015
165,2015-06-15,0.0,19.7,232,74.5,0.0,5.0,20150615,8.8,6,15,23.7,1.5,30.2,2015
166,2015-06-16,0.0,19.3,232,75.5,0.0,10.2,20150616,2.8,6,16,23.6,1.9,29.9,2015
167,2015-06-17,18.0,18.4,232,81.0,0.0,2.3,20150617,8.0,6,17,22.7,1.6,28.5,2015
168,2015-06-18,0.5,20.2,232,73.4,0.0,4.7,20150618,6.5,6,18,23.9,1.3,28.5,2015
169,2015-06-19,0.0,20.6,232,65.4,0.0,7.9,20150619,5.3,6,19,24.3,2.2,29.0,2015
170,2015-06-20,13.0,18.0,232,91.5,0.0,0.0,20150620,0.0,6,20,19.7,1.0,21.7,2015
171,2015-06-21,0.0,17.1,232,74.8,0.0,10.7,20150621,0.0,6,21,22.3,1.4,28.8,2015
172,2015-06-22,0.5,17.4,232,75.6,0.0,7.4,20150622,7.0,6,22,22.7,1.5,29.2,2015
173,2015-06-23,0.0,16.7,232,69.8,0.0,12.1,20150623,5.0,6,23,23.3,1.4,30.4,2015
174,2015-06-24,3.5,19.2,232,80.5,0.0,3.6,20150624,8.3,6,24,22.9,1.4,30.3,2015
175,2015-06-25,10.5,18.1,232,86.0,0.0,0.0,20150625,10.0,6,25,21.0,1.8,25.5,2015
176,2015-06-26,33.5,18.4,232,83.3,0.0,0.1,20150626,9.8,6,26,20.8,2.1,24.3,2015
177,2015-06-27,0.0,17.0,232,70.5,0.0,8.6,20150627,0.0,6,27,23.3,1.3,29.6,2015
178,2015-06-28,0.0,17.7,232,74.5,0.0,11.8,20150628,0.0,6,28,23.6,1.7,30.0,2015
179,2015-06-29,0.0,18.3,232,71.5,0.0,9.5,20150629,4.3,6,29,24.2,1.6,31.1,2015
180,2015-06-30,0.0,20.5,232,73.6,0.0,1.3,20150630,9.0,6,30,23.4,1.4,29.0,2015
181,2015-07-01,0.0,18.9,232,72.8,0.0,8.4,20150701,3.8,7,1,22.9,2.6,27.8,2015
182,2015-07-02,0.0,17.0,232,71.3,0.0,8.2,20150702,6.3,7,2,22.7,1.8,28.4,2015
183,2015-07-03,0.0,16.9,232,67.6,0.0,11.1,20150703,3.0,7,3,22.8,2.3,28.8,2015
184,2015-07-04,0.0,13.9,232,65.9,0.0,13.3,20150704,0.0,7,4,21.9,1.5,29.1,2015
185,2015-07-05,0.0,16.6,232,68.6,0.0,8.8,20150705,0.0,7,5,22.8,1.5,29.1,2015
186,2015-07-06,0.0,17.1,232,66.0,0.0,8.6,20150706,6.0,7,6,23.6,1.2,29.9,2015
187,2015-07-07,0.3,18.4,232,76.5,0.0,0.5,20150707,10.0,7,7,20.6,1.8,23.9,2015
188,2015-07-08,8.5,18.1,232,89.9,0.0,0.0,20150708,10.0,7,8,21.3,1.9,24.3,2015
189,2015-07-09,2.0,20.2,232,85.5,0.0,0.0,20150709,10.0,7,9,22.8,2.5,25.7,2015
190,2015-07-10,0.0,21.8,232,75.6,0.0,7.5,20150710,6.3,7,10,26.5,1.7,32.3,2015
191,2015-07-11,3.5,23.4,232,76.4,0.0,7.3,20150711,0.0,7,11,27.5,1.8,33.0,2015
192,2015-07-12,21.5,23.7,232,88.6,0.0,0.0,20150712,10.0,7,12,24.9,3.3,27.2,2015
193,2015-07-13,3.5,22.6,232,87.0,0.0,0.0,20150713,10.0,7,13,23.4,3.2,24.6,2015
194,2015-07-14,0.0,19.9,232,77.3,0.0,8.3,20150714,0.0,7,14,25.6,1.9,31.1,2015
195,2015-07-15,0.0,20.4,232,79.1,0.0,7.0,20150715,0.0,7,15,25.5,1.5,32.5,2015
196,2015-07-16,0.0,19.3,232,62.0,0.0,9.7,20150716,0.0,7,16,24.3,2.8,29.1,2015
197,2015-07-17,0.0,16.3,232,62.8,0.0,3.7,20150717,0.0,7,17,22.6,1.9,27.6,2015
198,2015-07-18,0.5,21.8,232,78.0,0.0,0.1,20150718,0.0,7,18,23.7,1.4,26.8,2015
199,2015-07-19,1.0,21.8,232,86.6,0.0,0.3,20150719,0.0,7,19,24.3,1.2,27.8,2015
200,2015-07-20,0.0,23.3,232,77.1,0.0,0.9,20150720,0.0,7,20,27.0,1.7,30.3,2015
201,2015-07-21,2.0,23.9,232,86.8,0.0,0.7,20150721,0.0,7,21,26.2,1.6,29.6,2015
202,2015-07-22,0.0,24.0,232,84.0,0.0,1.1,20150722,0.0,7,22,26.6,1.4,31.3,2015
203,2015-07-23,22.5,24.2,232,89.5,0.0,0.4,20150723,0.0,7,23,26.2,1.4,29.5,2015
204,2015-07-24,49.0,24.3,232,94.5,0.0,0.0,20150724,0.0,7,24,25.0,1.2,26.4,2015
205,2015-07-25,0.0,24.7,232,79.6,0.0,0.0,20150725,0.0,7,25,27.1,2.5,29.2,2015
206,2015-07-26,0.0,24.2,232,75.1,0.0,7.7,20150726,0.0,7,26,27.5,1.7,32.6,2015
207,2015-07-27,0.5,23.5,232,86.9,0.0,0.6,20150727,0.0,7,27,25.7,1.2,28.8,2015
208,2015-07-28,0.0,24.5,232,80.1,0.0,5.6,20150728,0.0,7,28,27.6,1.3,31.5,2015
209,2015-07-29,22.0,24.9,232,88.3,0.0,2.2,20150729,0.0,7,29,26.9,1.7,31.4,2015
210,2015-07-30,0.0,24.6,232,80.0,0.0,6.4,20150730,0.0,7,30,28.7,1.7,33.2,2015
211,2015-07-31,0.0,24.3,232,79.6,0.0,9.3,20150731,0.0,7,31,28.1,1.7,33.0,2015
212,2015-08-01,0.0,23.6,232,79.9,0.0,6.6,20150801,0.0,8,1,28.0,1.5,33.6,2015
213,2015-08-02,4.0,23.7,232,85.4,0.0,1.2,20150802,0.0,8,2,27.4,1.4,30.7,2015
214,2015-08-03,0.0,25.0,232,73.5,0.0,11.5,20150803,0.0,8,3,28.0,2.2,32.9,2015
215,2015-08-04,0.0,22.5,232,73.1,0.0,11.4,20150804,0.0,8,4,27.7,2.3,33.4,2015
216,2015-08-05,0.0,24.0,232,76.0,0.0,7.4,20150805,0.0,8,5,28.0,1.9,33.5,2015
217,2015-08-06,0.0,22.7,232,77.4,0.0,10.3,20150806,0.0,8,6,28.4,1.2,34.4,2015
218,2015-08-07,0.0,23.9,232,75.9,0.0,8.6,20150807,0.0,8,7,28.7,1.4,36.3,2015
219,2015-08-08,10.5,23.3,232,85.3,0.0,5.0,20150808,0.0,8,8,26.0,1.7,34.2,2015
220,2015-08-09,0.0,22.3,232,80.8,0.0,7.8,20150809,0.0,8,9,26.0,1.6,31.0,2015
221,2015-08-10,0.0,21.8,232,83.3,0.0,0.7,20150810,0.0,8,10,25.1,1.4,29.4,2015
222,2015-08-11,0.0,22.3,232,86.3,0.0,0.0,20150811,0.0,8,11,24.7,0.9,27.8,2015
223,2015-08-12,0.0,20.3,232,75.1,0.0,9.5,20150812,0.0,8,12,25.4,1.6,31.8,2015
224,2015-08-13,0.2,21.6,232,82.6,0.0,5.6,20150813,0.0,8,13,25.0,1.3,32.1,2015
225,2015-08-14,0.0,20.7,232,77.1,0.0,10.7,20150814,0.0,8,14,25.9,1.7,31.9,2015
226,2015-08-15,0.0,21.2,232,78.0,0.0,9.8,20150815,0.0,8,15,26.2,1.5,32.8,2015
227,2015-08-16,0.5,21.6,232,85.6,0.0,0.0,20150816,0.0,8,16,24.7,1.4,29.6,2015
228,2015-08-17,0.0,19.0,232,76.4,0.0,10.8,20150817,0.0,8,17,25.6,1.5,31.9,2015
229,2015-08-18,0.0,22.3,232,71.4,0.0,8.2,20150818,0.0,8,18,26.8,1.4,32.4,2015
230,2015-08-19,0.0,22.5,232,76.5,0.0,0.9,20150819,0.0,8,19,25.7,1.5,29.5,2015
231,2015-08-20,1.0,22.7,232,87.1,0.0,0.5,20150820,0.0,8,20,24.3,1.1,28.5,2015
232,2015-08-21,2.0,21.0,232,85.3,0.0,2.8,20150821,0.0,8,21,24.0,1.4,28.9,2015
233,2015-08-22,3.0,20.0,232,88.3,0.0,1.7,20150822,0.0,8,22,23.6,1.2,28.1,2015
234,2015-08-23,0.0,20.2,232,78.5,0.0,8.2,20150823,0.0,8,23,25.1,1.0,31.0,2015
235,2015-08-24,0.0,22.0,232,70.6,0.0,1.5,20150824,0.0,8,24,26.1,2.4,30.6,2015
236,2015-08-25,11.5,19.7,232,89.5,0.0,0.0,20150825,0.0,8,25,21.2,2.4,24.9,2015
237,2015-08-26,0.0,19.0,232,74.9,0.0,8.1,20150826,0.0,8,26,22.5,2.0,27.3,2015
238,2015-08-27,2.0,18.8,232,76.9,0.0,9.4,20150827,0.0,8,27,23.3,1.9,29.0,2015
239,2015-08-28,29.5,17.8,232,89.1,0.0,4.9,20150828,0.0,8,28,21.7,1.3,26.1,2015
240,2015-08-29,0.0,17.7,232,80.1,0.0,8.7,20150829,0.0,8,29,22.4,1.1,29.2,2015
241,2015-08-30,0.0,17.2,232,76.0,0.0,10.3,20150830,0.0,8,30,23.3,1.0,30.6,2015
242,2015-08-31,0.0,19.1,232,74.5,0.0,8.5,20150831,0.0,8,31,24.8,1.7,30.1,2015
243,2015-09-01,0.0,20.5,232,73.3,0.0,5.2,20150901,0.0,9,1,24.7,1.6,29.3,2015
244,2015-09-02,4.5,20.8,232,83.4,0.0,1.8,20150902,0.0,9,2,23.2,1.4,27.5,2015
245,2015-09-03,3.0,17.8,232,82.3,0.0,7.8,20150903,0.0,9,3,22.4,1.8,27.9,2015
246,2015-09-04,0.0,18.6,232,78.8,0.0,8.1,20150904,0.0,9,4,23.9,1.2,30.2,2015
247,2015-09-05,4.5,19.7,232,89.3,0.0,0.5,20150905,0.0,9,5,21.9,1.4,26.5,2015
248,2015-09-06,0.0,17.7,232,76.0,0.0,3.0,20150906,0.0,9,6,21.6,2.0,25.0,2015
249,2015-09-07,0.0,14.0,232,72.1,0.0,10.5,20150907,0.0,9,7,20.5,1.3,28.1,2015
250,2015-09-08,0.0,14.0,232,68.5,0.0,12.2,20150908,0.0,9,8,19.8,1.7,27.5,2015
251,2015-09-09,0.0,11.0,232,59.3,0.0,12.2,20150909,0.0,9,9,20.6,1.8,27.9,2015
252,2015-09-10,0.0,13.6,232,71.3,0.0,11.9,20150910,0.0,9,10,20.5,1.7,27.2,2015
253,2015-09-11,7.5,15.5,232,88.4,0.0,4.7,20150911,0.0,9,11,19.8,1.2,26.8,2015
254,2015-09-12,8.0,15.0,232,84.8,0.0,1.3,20150912,0.0,9,12,18.0,1.0,22.4,2015
255,2015-09-13,1.5,11.8,232,75.4,0.0,11.0,20150913,0.0,9,13,17.7,1.7,24.5,2015
256,2015-09-14,0.0,12.6,232,74.8,0.0,8.7,20150914,0.0,9,14,19.0,1.1,27.1,2015
257,2015-09-15,0.0,13.0,232,60.8,0.0,10.7,20150915,0.0,9,15,20.3,1.9,26.8,2015
258,2015-09-16,0.0,11.1,232,70.3,0.0,4.3,20150916,0.0,9,16,18.8,1.5,23.5,2015
259,2015-09-17,0.0,12.6,232,72.5,0.0,7.6,20150917,0.0,9,17,19.7,1.4,28.1,2015
260,2015-09-18,0.0,14.0,232,70.9,0.0,9.7,20150918,0.0,9,18,20.1,1.2,27.5,2015
261,2015-09-19,0.0,14.4,232,74.4,0.0,9.9,20150919,0.0,9,19,20.4,1.3,28.1,2015
262,2015-09-20,0.0,14.9,232,78.8,0.0,9.0,20150920,0.0,9,20,20.5,1.1,27.3,2015
263,2015-09-21,0.0,15.2,232,77.4,0.0,9.0,20150921,0.0,9,21,20.3,1.1,28.4,2015
264,2015-09-22,0.0,14.7,232,66.5,0.0,10.9,20150922,0.0,9,22,21.4,1.6,30.4,2015
265,2015-09-23,0.0,15.3,232,78.4,0.0,0.0,20150923,0.0,9,23,19.7,1.4,23.5,2015
266,2015-09-24,0.0,14.6,232,82.4,0.0,3.9,20150924,0.0,9,24,19.9,0.8,27.2,2015
267,2015-09-25,0.0,15.2,232,78.1,0.0,5.9,20150925,0.0,9,25,21.2,1.1,27.7,2015
268,2015-09-26,0.0,14.3,232,80.8,0.0,4.4,20150926,0.0,9,26,19.6,1.3,26.5,2015
269,2015-09-27,0.0,10.6,232,71.8,0.0,11.2,20150927,0.0,9,27,18.8,1.0,28.7,2015
270,2015-09-28,0.0,10.7,232,60.4,0.0,7.4,20150928,0.0,9,28,20.2,1.3,30.2,2015
271,2015-09-29,0.0,12.6,232,56.3,0.0,10.3,20150929,0.0,9,29,21.2,1.5,29.0,2015
272,2015-09-30,0.0,17.6,232,59.9,0.0,0.8,20150930,0.0,9,30,20.6,2.3,24.4,2015
273,2015-10-01,29.0,12.9,232,84.4,0.0,0.0,20151001,0.0,10,1,17.4,3.9,22.5,2015
274,2015-10-02,0.0,6.5,232,64.3,0.0,10.4,20151002,0.0,10,2,15.8,2.2,22.2,2015
275,2015-10-03,0.0,11.9,232,72.9,0.0,7.8,20151003,0.0,10,3,17.7,2.2,25.5,2015
276,2015-10-04,0.0,7.7,232,62.0,0.0,6.2,20151004,0.0,10,4,14.9,1.1,23.1,2015
277,2015-10-05,0.0,8.6,232,67.8,0.0,10.6,20151005,0.0,10,5,15.8,1.1,24.9,2015
278,2015-10-06,0.0,7.7,232,70.1,0.0,10.4,20151006,0.0,10,6,15.8,1.1,25.6,2015
279,2015-10-07,0.0,9.6,232,76.5,0.0,6.7,20151007,0.0,10,7,17.3,0.9,25.5,2015
280,2015-10-08,0.0,12.3,232,75.5,0.0,7.7,20151008,0.0,10,8,18.2,1.3,25.5,2015
281,2015-10-09,0.0,7.8,232,59.3,0.0,10.4,20151009,0.0,10,9,15.3,2.4,20.8,2015
282,2015-10-10,11.5,7.2,232,83.6,0.0,2.0,20151010,0.0,10,10,12.3,1.8,18.9,2015
283,2015-10-11,7.5,6.6,232,90.5,0.0,1.5,20151011,0.0,10,11,10.5,1.3,15.8,2015
284,2015-10-12,1.0,8.8,232,74.3,0.0,7.1,20151012,0.0,10,12,13.0,2.2,18.6,2015
285,2015-10-13,0.0,5.4,232,75.4,0.0,10.6,20151013,0.0,10,13,13.4,1.5,21.9,2015
286,2015-10-14,0.0,9.8,232,77.3,0.0,8.5,20151014,0.0,10,14,15.2,0.9,23.7,2015
287,2015-10-15,0.0,9.2,232,76.5,0.0,8.1,20151015,0.0,10,15,15.7,1.1,24.3,2015
288,2015-10-16,0.0,12.2,232,83.4,0.0,6.9,20151016,0.0,10,16,16.5,1.1,23.1,2015
289,2015-10-17,0.0,8.8,232,80.3,0.0,8.6,20151017,0.0,10,17,15.6,0.9,25.1,2015
290,2015-10-18,0.0,8.0,232,79.9,0.0,7.0,20151018,0.0,10,18,15.1,0.9,24.7,2015
291,2015-10-19,0.0,10.8,232,81.0,0.0,7.5,20151019,0.0,10,19,16.8,1.3,24.7,2015
292,2015-10-20,0.0,12.1,232,87.1,0.0,5.4,20151020,0.0,10,20,16.0,0.7,23.0,2015
293,2015-10-21,0.0,11.0,232,84.1,0.0,6.8,20151021,0.0,10,21,16.3,1.3,23.4,2015
294,2015-10-22,0.0,10.7,232,83.5,0.0,6.0,20151022,0.0,10,22,16.8,1.4,23.9,2015
295,2015-10-23,0.0,11.9,232,80.9,0.0,6.0,20151023,0.0,10,23,16.5,1.2,22.6,2015
296,2015-10-24,1.5,9.6,232,85.8,0.0,4.0,20151024,0.0,10,24,14.9,1.7,21.2,2015
297,2015-10-25,0.0,7.9,232,69.3,0.0,9.6,20151025,0.0,10,25,14.4,1.2,22.2,2015
298,2015-10-26,0.0,10.0,232,63.9,0.0,5.7,20151026,0.0,10,26,16.1,2.3,20.9,2015
299,2015-10-27,17.5,10.2,232,77.0,0.0,2.4,20151027,0.0,10,27,13.1,3.1,17.0,2015
300,2015-10-28,0.0,4.2,232,65.0,0.0,9.0,20151028,0.0,10,28,11.4,1.8,17.8,2015
301,2015-10-29,1.0,3.5,232,53.3,0.0,7.4,20151029,0.0,10,29,10.3,2.0,16.0,2015
302,2015-10-30,0.0,4.8,232,53.6,0.0,9.1,20151030,0.0,10,30,7.4,2.5,11.4,2015
303,2015-10-31,0.0,-1.5,232,66.9,0.0,9.7,20151031,0.0,10,31,4.6,1.6,12.2,2015
304,2015-11-01,0.0,-0.5,232,69.1,0.0,0.9,20151101,0.0,11,1,5.5,1.3,10.9,2015
305,2015-11-02,0.0,3.2,232,72.8,0.0,6.3,20151102,0.0,11,2,10.0,1.2,16.4,2015
306,2015-11-03,0.0,4.9,232,79.0,0.0,8.9,20151103,0.0,11,3,10.1,0.8,18.5,2015
307,2015-11-04,0.0,2.7,232,74.6,0.0,9.0,20151104,0.0,11,4,10.4,1.1,20.2,2015
308,2015-11-05,0.0,6.6,232,77.6,0.0,7.9,20151105,0.0,11,5,11.6,1.0,19.4,2015
309,2015-11-06,2.1,5.2,232,72.8,0.0,5.2,20151106,0.0,11,6,13.6,2.5,21.5,2015
310,2015-11-07,27.0,11.4,232,92.9,0.0,0.0,20151107,0.0,11,7,12.7,3.5,13.7,2015
311,2015-11-08,9.5,12.3,232,96.6,0.0,0.0,20151108,0.0,11,8,12.8,1.5,13.5,2015
312,2015-11-09,1.5,11.6,232,85.5,0.0,2.5,20151109,0.0,11,9,12.8,2.9,16.1,2015
313,2015-11-10,0.0,6.3,232,81.5,0.0,3.6,20151110,0.0,11,10,10.6,1.9,14.8,2015
314,2015-11-11,0.0,5.7,232,86.0,0.0,3.3,20151111,0.0,11,11,10.4,0.8,16.7,2015
315,2015-11-12,0.0,6.7,232,75.9,0.0,6.2,20151112,0.0,11,12,13.2,2.1,18.7,2015
316,2015-11-13,28.5,10.7,232,86.3,0.0,0.0,20151113,0.0,11,13,11.9,2.1,13.7,2015
317,2015-11-14,3.0,11.3,232,94.1,0.0,0.0,20151114,0.0,11,14,13.1,1.1,15.1,2015
318,2015-11-15,0.0,9.0,232,87.0,0.0,2.7,20151115,0.0,11,15,13.3,1.1,19.3,2015
319,2015-11-16,16.4,7.8,232,90.5,0.0,0.2,20151116,0.0,11,16,12.5,1.5,16.1,2015
320,2015-11-17,1.0,10.9,232,92.1,0.0,2.5,20151117,0.0,11,17,13.4,1.2,17.9,2015
321,2015-11-18,3.0,9.5,232,78.1,0.0,0.0,20151118,0.0,11,18,12.3,2.9,14.3,2015
322,2015-11-19,0.0,8.1,232,87.8,0.0,0.0,20151119,0.0,11,19,9.6,2.0,11.4,2015
323,2015-11-20,0.0,8.2,232,85.3,0.0,1.5,20151120,0.0,11,20,10.7,1.2,14.8,2015
324,2015-11-21,0.0,4.4,232,81.5,0.0,1.8,20151121,0.0,11,21,8.4,1.0,13.0,2015
325,2015-11-22,1.5,3.3,232,82.6,0.0,1.7,20151122,0.0,11,22,9.7,0.7,15.5,2015
326,2015-11-23,10.5,9.1,232,91.5,0.0,0.0,20151123,0.0,11,23,10.0,1.4,11.7,2015
327,2015-11-24,1.5,4.3,232,80.0,0.0,0.0,20151124,0.0,11,24,6.7,2.0,9.2,2015
328,2015-11-25,8.0,3.1,232,89.4,0.0,0.0,20151125,0.0,11,25,5.0,2.3,6.6,2015
329,2015-11-26,15.0,-2.6,232,91.5,0.0,0.0,20151126,0.0,11,26,-1.0,2.2,3.5,2015
330,2015-11-27,0.0,-3.8,232,85.4,0.0,0.0,20151127,0.0,11,27,-1.6,0.9,0.1,2015
331,2015-11-28,0.0,-0.2,232,87.4,0.0,1.9,20151128,0.0,11,28,1.8,1.3,4.4,2015
332,2015-11-29,0.0,2.4,232,86.9,0.0,0.0,20151129,0.0,11,29,4.7,1.9,6.6,2015
333,2015-11-30,0.1,-0.6,232,83.9,0.0,3.4,20151130,0.0,11,30,5.1,1.4,10.2,2015
334,2015-12-01,0.0,-2.4,232,73.5,0.0,8.8,20151201,0.0,12,1,3.5,1.2,11.3,2015
335,2015-12-02,9.5,2.5,232,80.0,0.0,0.0,20151202,0.0,12,2,7.3,3.0,10.7,2015
336,2015-12-03,11.0,-1.7,232,89.3,0.0,0.5,20151203,0.0,12,3,0.9,3.0,4.4,2015
337,2015-12-04,1.0,-1.8,232,87.5,0.0,1.8,20151204,0.0,12,4,0.6,0.6,2.3,2015
338,2015-12-05,0.0,1.8,232,70.0,0.0,1.8,20151205,0.0,12,5,5.0,1.6,8.8,2015
339,2015-12-06,0.0,-1.4,232,68.9,0.0,4.2,20151206,0.0,12,6,0.9,1.2,5.8,2015
340,2015-12-07,0.0,-4.8,232,74.9,0.0,7.1,20151207,0.0,12,7,1.0,1.0,7.1,2015
341,2015-12-08,0.0,-2.5,232,75.4,0.0,8.6,20151208,0.0,12,8,1.8,0.9,9.2,2015
342,2015-12-09,0.0,-2.4,232,72.0,0.0,6.8,20151209,0.0,12,9,5.1,1.4,12.9,2015
343,2015-12-10,7.5,7.7,232,84.3,0.0,0.0,20151210,0.0,12,10,8.7,1.8,9.8,2015
344,2015-12-11,0.0,1.1,232,77.4,0.0,1.4,20151211,0.0,12,11,6.1,1.8,11.6,2015
345,2015-12-12,0.0,0.3,232,64.1,0.0,7.1,20151212,0.0,12,12,5.9,1.5,11.1,2015
346,2015-12-13,0.0,2.1,232,70.4,0.0,6.0,20151213,0.0,12,13,6.7,1.1,12.3,2015
347,2015-12-14,8.0,3.4,232,91.1,0.0,0.0,20151214,0.0,12,14,5.9,0.6,7.2,2015
348,2015-12-15,0.3,4.6,232,75.8,0.0,1.3,20151215,0.0,12,15,6.5,2.5,8.5,2015
349,2015-12-16,2.5,-2.0,232,78.5,0.0,2.2,20151216,0.0,12,16,0.5,2.8,4.7,2015
350,2015-12-17,0.0,-5.5,232,61.0,0.0,8.5,20151217,0.0,12,17,-2.8,3.1,0.4,2015
351,2015-12-18,0.0,-6.8,232,76.1,0.0,0.0,20151218,0.0,12,18,-1.4,1.3,2.0,2015
352,2015-12-19,0.0,-3.7,232,82.3,0.0,8.3,20151219,0.0,12,19,0.4,0.9,7.1,2015
353,2015-12-20,0.0,-3.4,232,74.5,0.0,0.0,20151220,0.0,12,20,1.3,0.8,5.6,2015
354,2015-12-21,0.5,-1.2,232,86.1,0.0,0.2,20151221,0.0,12,21,2.8,1.9,8.1,2015
355,2015-12-22,0.0,-2.4,232,85.8,0.0,4.0,20151222,0.0,12,22,2.6,1.2,7.3,2015
356,2015-12-23,0.5,0.2,232,88.9,0.0,0.0,20151223,0.0,12,23,4.9,1.0,8.3,2015
357,2015-12-24,0.0,-2.3,232,80.3,0.0,1.8,20151224,0.0,12,24,2.1,1.7,6.6,2015
358,2015-12-25,0.0,-3.2,232,49.1,0.0,8.5,20151225,0.0,12,25,0.6,2.3,4.9,2015
359,2015-12-26,0.5,-3.1,232,73.4,0.0,4.1,20151226,0.0,12,26,3.0,2.1,9.9,2015
360,2015-12-27,0.0,-5.9,232,56.8,0.0,8.5,20151227,0.0,12,27,-3.2,2.6,0.8,2015
361,2015-12-28,0.0,-7.7,232,56.1,0.0,6.1,20151228,0.0,12,28,-3.6,2.1,1.1,2015
362,2015-12-29,0.0,-9.2,232,68.9,0.0,5.5,20151229,0.0,12,29,-3.4,0.8,3.1,2015
363,2015-12-30,0.5,-4.6,232,70.5,0.0,5.5,20151230,0.0,12,30,1.4,2.1,6.9,2015
364,2015-12-31,0.0,-3.3,232,85.0,0.0,2.9,20151231,0.0,12,31,1.0,1.8,5.7,2015
