,cloud,station_id,month,humid,date,snow,Date,wind,rainfall,tmin,sunshine,year,tmax,tavg,day
0,3.3,232,1,65.0,20230101,0.0,2023-01-01,1.0,0.0,-8.8,7.9,2023,4.5,-2.3,1
1,0.0,232,1,54.8,20230102,0.0,2023-01-02,1.1,0.0,-9.9,9.1,2023,0.0,-4.8,2
2,7.0,232,1,66.5,20230103,0.0,2023-01-03,0.9,0.0,-13.6,9.1,2023,1.5,-6.3,3
3,1.4,232,1,69.1,20230104,0.0,2023-01-04,0.7,0.0,-11.1,6.6,2023,4.0,-3.9,4
4,4.4,232,1,82.6,20230105,0.0,2023-01-05,0.4,0.0,-10.0,4.3,2023,3.4,-3.7,5
5,4.1,232,1,85.8,20230106,0.0,2023-01-06,0.7,5.4,-8.1,7.4,2023,5.5,-1.2,6
6,4.6,232,1,83.4,20230107,0.0,2023-01-07,1.7,0.7,-3.3,4.4,2023,4.8,1.6,7
7,0.5,232,1,84.4,20230108,0.0,2023-01-08,0.5,0.0,-6.7,7.6,2023,5.9,-0.9,8
8,2.5,232,1,74.9,20230109,0.0,2023-01-09,0.9,0.0,-3.5,5.0,2023,7.9,1.7,9
9,2.0,232,1,79.4,20230110,0.0,2023-01-10,0.5,0.0,-7.3,8.6,2023,8.3,-0.7,10
10,1.0,232,1,76.5,20230111,0.0,2023-01-11,0.4,0.0,-6.2,8.9,2023,8.9,-0.2,11
11,2.6,232,1,70.5,20230112,0.0,2023-01-12,0.6,0.1,-5.3,9.1,2023,13.8,2.8,12
12,8.8,232,1,100.0,20230113,0.0,2023-01-13,0.9,14.9,4.2,0.0,2023,11.2,8.6,13
13,7.9,232,1,100.0,20230114,0.0,2023-01-14,1.0,5.0,4.5,0.0,2023,9.2,6.6,14
14,7.5,232,1,93.6,20230115,0.0,2023-01-15,1.4,1.8,-3.1,0.0,2023,4.6,0.2,15
15,4.5,232,1,70.9,20230116,0.0,2023-01-16,1.5,0.2,-7.8,8.9,2023,-0.5,-3.7,16
16,7.9,232,1,72.1,20230117,0.0,2023-01-17,0.8,0.0,-8.5,5.8,2023,2.2,-3.1,17
17,2.0,232,1,71.4,20230118,0.0,2023-01-18,0.8,0.0,-6.2,8.0,2023,3.6,-1.9,18
18,4.6,232,1,68.6,20230119,0.0,2023-01-19,0.8,0.0,-7.6,6.1,2023,5.2,-0.4,19
19,1.4,232,1,62.0,20230120,0.0,2023-01-20,2.2,1.2,-8.2,7.9,2023,3.5,-2.1,20
20,1.8,232,1,70.8,20230121,0.0,2023-01-21,0.8,0.0,-11.1,9.3,2023,1.4,-5.0,21
21,8.6,232,1,67.0,20230122,0.0,2023-01-22,1.0,0.0,-4.7,0.0,2023,3.0,-1.0,22
22,6.3,232,1,73.6,20230123,0.0,2023-01-23,1.5,0.0,-4.6,6.5,2023,6.5,-0.4,23
23,4.6,232,1,55.3,20230124,0.0,2023-01-24,3.5,0.0,-15.4,8.0,2023,-4.2,-11.9,24
24,3.8,232,1,56.6,20230125,0.0,2023-01-25,1.1,0.0,-18.0,9.5,2023,-5.9,-12.1,25
25,9.6,232,1,87.6,20230126,0.0,2023-01-26,1.0,1.7,-11.8,0.0,2023,-3.9,-6.4,26
26,2.1,232,1,63.0,20230127,0.0,2023-01-27,2.0,0.0,-14.1,7.9,2023,-3.4,-8.0,27
27,1.4,232,1,63.1,20230128,0.0,2023-01-28,1.5,0.0,-13.5,7.8,2023,-0.1,-5.7,28
28,3.3,232,1,70.4,20230129,0.0,2023-01-29,1.5,0.0,-10.6,4.3,2023,4.7,-1.9,29
29,0.0,232,1,58.3,20230130,0.0,2023-01-30,1.3,0.0,-7.5,9.7,2023,3.9,-1.6,30
30,0.8,232,1,73.5,20230131,0.0,2023-01-31,1.0,0.0,-8.8,9.4,2023,9.2,0.1,31
31,3.3,232,2,66.1,20230201,0.0,2023-02-01,1.6,0.0,-2.8,8.5,2023,5.9,1.3,1
32,5.9,232,2,61.4,20230202,0.0,2023-02-02,1.3,0.0,-7.0,7.1,2023,2.7,-2.6,2
33,5.0,232,2,57.9,20230203,0.0,2023-02-03,1.0,0.0,-5.8,5.5,2023,2.9,-1.9,3
34,2.1,232,2,70.4,20230204,0.0,2023-02-04,0.8,0.0,-8.9,8.8,2023,5.7,-2.4,4
35,1.1,232,2,77.0,20230205,0.0,2023-02-05,0.7,0.0,-8.4,8.8,2023,7.6,-1.2,5
36,0.0,232,2,67.9,20230206,0.0,2023-02-06,0.6,0.0,-6.8,4.9,2023,8.7,0.5,6
37,4.3,232,2,73.4,20230207,0.0,2023-02-07,1.0,0.0,-5.3,5.2,2023,9.6,1.5,7
38,0.0,232,2,68.6,20230208,0.0,2023-02-08,1.1,0.0,-5.5,9.0,2023,7.7,0.3,8
39,7.4,232,2,66.6,20230209,0.0,2023-02-09,1.7,1.1,-7.0,6.4,2023,10.3,2.4,9
40,4.8,232,2,93.1,20230210,0.0,2023-02-10,1.0,1.4,-0.8,1.0,2023,7.3,3.1,10
41,5.5,232,2,93.3,20230211,0.0,2023-02-11,0.6,0.0,-2.7,1.7,2023,5.9,0.2,11
42,8.3,232,2,89.3,20230212,0.0,2023-02-12,0.7,0.0,-4.5,0.1,2023,6.8,0.9,12
43,7.5,232,2,71.6,20230213,0.0,2023-02-13,1.4,0.0,2.8,0.4,2023,9.6,5.7,13
44,0.6,232,2,64.6,20230214,0.0,2023-02-14,1.7,0.0,-3.2,9.7,2023,5.9,1.1,14
45,5.3,232,2,64.6,20230215,0.0,2023-02-15,1.4,0.0,-3.9,6.4,2023,8.1,2.3,15
46,4.1,232,2,73.3,20230216,0.0,2023-02-16,1.1,0.0,-2.6,2.8,2023,6.9,2.2,16
47,4.9,232,2,66.9,20230217,0.0,2023-02-17,0.8,0.0,-3.3,7.0,2023,10.7,3.4,17
48,8.6,232,2,65.8,20230218,0.0,2023-02-18,0.4,0.5,2.8,0.0,2023,9.3,5.5,18
49,4.9,232,2,64.5,20230219,0.0,2023-02-19,2.2,0.1,-1.9,5.8,2023,6.4,3.1,19
50,0.4,232,2,57.6,20230220,0.0,2023-02-20,2.0,0.0,-5.7,9.9,2023,4.6,-1.3,20
51,0.8,232,2,51.9,20230221,0.0,2023-02-21,1.0,0.0,-8.1,9.6,2023,4.2,-2.0,21
52,4.5,232,2,62.8,20230222,0.0,2023-02-22,0.9,0.0,-8.5,6.8,2023,9.2,0.2,22
53,3.3,232,2,63.6,20230223,0.0,2023-02-23,1.1,0.0,-4.8,9.7,2023,8.9,2.0,23
54,2.0,232,2,62.3,20230224,0.0,2023-02-24,1.5,0.0,-2.2,7.6,2023,9.5,2.6,24
55,0.8,232,2,53.6,20230225,0.0,2023-02-25,1.7,0.0,-5.3,10.6,2023,5.4,-0.1,25
56,0.0,232,2,52.8,20230226,0.0,2023-02-26,1.1,0.0,-7.6,10.5,2023,8.8,0.2,26
57,0.3,232,2,54.1,20230227,0.0,2023-02-27,0.8,0.0,-6.8,10.6,2023,13.1,2.2,27
58,1.0,232,2,61.6,20230228,0.0,2023-02-28,1.1,0.0,-6.1,10.7,2023,13.3,4.2,28
59,4.6,232,3,61.1,20230301,0.0,2023-03-01,1.7,0.0,2.9,3.1,2023,9.9,5.7,1
60,0.9,232,3,36.8,20230302,0.0,2023-03-02,1.9,0.0,-3.4,10.6,2023,5.9,1.5,2
61,0.8,232,3,63.3,20230303,0.0,2023-03-03,1.1,0.0,-6.7,10.6,2023,12.0,2.6,3
62,4.4,232,3,70.3,20230304,0.0,2023-03-04,0.8,0.0,-2.0,5.5,2023,13.3,4.7,4
63,0.4,232,3,55.5,20230305,0.0,2023-03-05,0.8,0.0,-2.8,10.1,2023,16.2,5.8,5
64,0.5,232,3,47.0,20230306,0.0,2023-03-06,0.8,0.0,-3.4,10.3,2023,17.4,6.4,6
65,1.4,232,3,58.4,20230307,0.0,2023-03-07,1.4,0.0,0.6,9.3,2023,20.5,10.1,7
66,5.5,232,3,60.3,20230308,0.0,2023-03-08,1.2,0.0,3.3,8.1,2023,21.1,12.0,8
67,3.1,232,3,68.6,20230309,0.0,2023-03-09,1.6,0.2,4.8,8.0,2023,20.4,12.6,9
68,0.3,232,3,60.1,20230310,0.0,2023-03-10,1.0,0.0,1.2,9.7,2023,23.3,12.3,10
69,6.5,232,3,46.0,20230311,0.0,2023-03-11,1.1,0.0,5.0,7.9,2023,24.7,14.9,11
70,8.1,232,3,70.3,20230312,0.0,2023-03-12,2.2,10.2,1.4,0.6,2023,11.8,6.0,12
71,3.1,232,3,35.6,20230313,0.0,2023-03-13,2.0,0.0,-1.8,10.6,2023,9.1,3.2,13
72,3.0,232,3,46.5,20230314,0.0,2023-03-14,1.8,0.0,-1.5,10.8,2023,17.2,7.8,14
73,5.0,232,3,65.4,20230315,0.0,2023-03-15,2.4,0.0,0.9,6.3,2023,18.5,9.4,15
74,5.5,232,3,38.1,20230316,0.0,2023-03-16,1.6,0.0,-1.9,7.0,2023,10.7,5.1,16
75,8.1,232,3,44.8,20230317,0.0,2023-03-17,0.8,0.0,-1.1,2.3,2023,13.0,6.5,17
76,3.1,232,3,46.0,20230318,0.0,2023-03-18,1.8,0.0,3.2,9.5,2023,13.7,7.8,18
77,0.0,232,3,60.1,20230319,0.0,2023-03-19,1.0,0.0,-2.2,10.9,2023,15.9,6.3,19
78,4.9,232,3,46.6,20230320,0.0,2023-03-20,0.9,0.0,-1.2,9.9,2023,18.3,8.1,20
79,1.1,232,3,43.1,20230321,0.0,2023-03-21,0.7,0.0,-0.2,10.7,2023,22.2,11.3,21
80,4.9,232,3,49.6,20230322,0.0,2023-03-22,1.1,0.0,3.3,9.4,2023,24.9,15.4,22
81,8.0,232,3,70.5,20230323,0.0,2023-03-23,1.3,6.0,9.3,0.8,2023,20.9,14.2,23
82,7.5,232,3,49.1,20230324,0.0,2023-03-24,1.4,0.0,4.5,4.6,2023,16.3,10.8,24
83,6.0,232,3,65.5,20230325,0.0,2023-03-25,1.9,0.0,9.2,4.1,2023,14.5,11.4,25
84,1.8,232,3,44.6,20230326,0.0,2023-03-26,2.1,0.0,4.2,9.8,2023,14.7,9.2,26
85,0.8,232,3,49.9,20230327,0.0,2023-03-27,1.4,0.0,-2.3,10.5,2023,13.8,5.7,27
86,1.9,232,3,55.0,20230328,0.0,2023-03-28,0.8,0.0,-2.2,7.5,2023,16.1,7.1,28
87,0.9,232,3,55.1,20230329,0.0,2023-03-29,1.0,0.0,-0.4,10.7,2023,20.4,10.0,29
88,3.5,232,3,38.6,20230330,0.0,2023-03-30,1.1,0.0,0.8,10.9,2023,21.9,11.6,30
89,0.1,232,3,46.4,20230331,0.0,2023-03-31,1.2,0.0,1.0,11.3,2023,23.0,12.5,31
90,2.5,232,4,44.1,20230401,0.0,2023-04-01,1.0,0.0,3.3,10.6,2023,25.0,14.6,1
91,0.3,232,4,36.4,20230402,0.0,2023-04-02,2.6,0.0,5.4,11.5,2023,22.7,15.1,2
92,2.6,232,4,36.3,20230403,0.0,2023-04-03,2.6,0.0,4.1,11.2,2023,23.1,15.6,3
93,9.8,232,4,49.0,20230404,0.0,2023-04-04,2.3,8.9,10.6,2.9,2023,22.1,15.6,4
94,9.9,232,4,97.8,20230405,0.0,2023-04-05,2.7,10.2,8.8,0.0,2023,16.4,13.0,5
95,9.9,232,4,95.3,20230406,0.0,2023-04-06,1.7,2.9,7.4,0.0,2023,11.4,9.3,6
96,0.8,232,4,69.0,20230407,0.0,2023-04-07,2.1,0.0,0.0,7.7,2023,0.0,0.0,7
97,0.0,232,4,53.8,20230408,0.0,2023-04-08,1.9,0.0,-1.5,12.0,2023,15.2,7.2,8
98,0.0,232,4,59.6,20230409,0.0,2023-04-09,1.3,0.0,-1.2,10.0,2023,19.8,8.8,9
99,1.8,232,4,57.0,20230410,0.0,2023-04-10,1.5,0.0,0.2,11.1,2023,21.4,11.0,10
100,6.5,232,4,70.4,20230411,0.0,2023-04-11,2.4,0.5,7.4,1.2,2023,20.4,14.7,11
101,0.0,232,4,46.1,20230412,0.0,2023-04-12,1.6,0.0,1.6,11.2,2023,17.2,9.3,12
102,4.5,232,4,45.3,20230413,0.0,2023-04-13,0.8,0.0,0.0,8.3,2023,22.5,11.7,13
103,0.0,232,4,51.9,20230414,0.0,2023-04-14,1.1,0.0,6.3,8.4,2023,23.3,15.1,14
104,7.5,232,4,88.0,20230415,0.0,2023-04-15,1.0,3.4,8.2,0.9,2023,17.1,12.5,15
105,5.4,232,4,70.6,20230416,0.0,2023-04-16,1.3,0.0,6.7,6.4,2023,17.6,10.9,16
106,4.8,232,4,60.5,20230417,0.0,2023-04-17,1.0,0.0,2.1,9.6,2023,19.8,12.4,17
107,8.3,232,4,84.3,20230418,0.0,2023-04-18,1.3,1.6,11.3,0.0,2023,15.8,13.7,18
108,2.9,232,4,64.6,20230419,0.0,2023-04-19,2.1,0.0,13.0,10.1,2023,27.2,19.5,19
109,7.4,232,4,87.9,20230420,0.0,2023-04-20,1.2,0.3,14.3,3.0,2023,25.0,18.1,20
110,7.1,232,4,66.8,20230421,0.0,2023-04-21,1.6,0.0,12.6,4.8,2023,23.2,16.9,21
111,0.0,232,4,40.3,20230422,0.0,2023-04-22,1.9,0.0,9.0,7.6,2023,21.3,15.5,22
112,8.6,232,4,45.4,20230423,0.0,2023-04-23,1.0,0.0,6.9,3.2,2023,20.7,14.9,23
113,7.0,232,4,52.0,20230424,0.0,2023-04-24,1.9,0.0,7.9,4.6,2023,19.2,13.7,24
114,9.3,232,4,82.3,20230425,0.0,2023-04-25,1.0,0.2,6.2,0.0,2023,11.5,8.8,25
115,6.3,232,4,82.1,20230426,0.0,2023-04-26,1.4,0.0,2.8,3.1,2023,13.3,7.4,26
116,1.6,232,4,67.1,20230427,0.0,2023-04-27,1.0,0.0,0.0,12.0,2023,21.7,11.1,27
117,4.3,232,4,65.8,20230428,0.0,2023-04-28,1.4,0.0,4.4,9.0,2023,23.2,15.3,28
118,9.5,232,4,91.0,20230429,0.0,2023-04-29,1.9,1.6,9.4,0.0,2023,18.2,13.4,29
119,4.4,232,4,61.8,20230430,0.0,2023-04-30,2.3,0.0,5.8,11.8,2023,20.8,13.7,30
120,2.6,232,5,58.8,20230501,0.0,2023-05-01,1.3,0.0,6.7,11.3,2023,20.6,13.3,1
121,6.4,232,5,51.0,20230502,0.0,2023-05-02,0.9,0.0,3.7,10.3,2023,25.9,15.4,2
122,7.1,232,5,54.4,20230503,0.0,2023-05-03,1.1,0.0,9.8,9.1,2023,25.9,18.5,3
123,6.6,232,5,72.5,20230504,0.0,2023-05-04,2.3,1.1,12.9,4.0,2023,26.2,19.8,4
124,8.5,232,5,99.0,20230505,0.0,2023-05-05,1.5,18.7,16.8,0.0,2023,21.1,19.3,5
125,7.6,232,5,92.1,20230506,0.0,2023-05-06,4.4,32.6,12.0,0.0,2023,20.2,14.2,6
126,7.4,232,5,77.1,20230507,0.0,2023-05-07,2.0,0.3,6.6,0.3,2023,15.5,11.8,7
127,2.6,232,5,65.9,20230508,0.0,2023-05-08,1.1,0.0,3.6,12.4,2023,21.9,12.4,8
128,0.9,232,5,66.9,20230509,0.0,2023-05-09,1.0,0.0,4.6,12.6,2023,24.3,14.7,9
129,3.9,232,5,60.9,20230510,0.0,2023-05-10,1.0,0.0,7.0,11.7,2023,25.3,16.4,10
130,3.3,232,5,59.9,20230511,0.0,2023-05-11,0.9,0.0,7.6,12.5,2023,26.6,17.0,11
131,8.9,232,5,55.3,20230512,0.0,2023-05-12,0.8,0.0,9.1,3.2,2023,23.6,17.3,12
132,4.0,232,5,66.0,20230513,0.0,2023-05-13,1.2,0.0,9.3,11.9,2023,23.9,16.7,13
133,0.8,232,5,65.5,20230514,0.0,2023-05-14,1.1,0.0,7.8,12.9,2023,24.9,16.4,14
134,2.1,232,5,63.5,20230515,0.0,2023-05-15,1.1,0.0,8.5,12.8,2023,27.3,19.0,15
135,1.9,232,5,60.8,20230516,0.0,2023-05-16,1.1,0.0,12.6,11.8,2023,31.2,21.4,16
136,3.0,232,5,62.8,20230517,0.0,2023-05-17,1.8,0.0,12.2,12.7,2023,30.2,21.8,17
137,8.3,232,5,73.0,20230518,0.0,2023-05-18,2.0,0.0,16.6,2.1,2023,23.8,19.7,18
138,3.1,232,5,71.1,20230519,0.0,2023-05-19,1.4,0.0,13.5,5.4,2023,25.8,19.6,19
139,3.9,232,5,73.8,20230520,0.0,2023-05-20,1.4,0.0,12.8,10.0,2023,27.5,20.0,20
140,7.6,232,5,71.8,20230521,0.0,2023-05-21,1.4,0.0,14.9,5.8,2023,23.3,18.3,21
141,6.3,232,5,71.3,20230522,0.0,2023-05-22,1.0,1.7,12.9,4.5,2023,23.0,17.7,22
142,0.4,232,5,65.8,20230523,0.0,2023-05-23,1.1,0.0,9.3,12.0,2023,25.1,17.6,23
143,6.5,232,5,62.9,20230524,0.0,2023-05-24,0.9,0.0,9.6,6.7,2023,25.8,18.6,24
144,5.6,232,5,57.0,20230525,0.0,2023-05-25,1.2,0.0,12.2,10.4,2023,26.9,19.6,25
145,7.4,232,5,64.8,20230526,0.0,2023-05-26,1.1,0.4,13.3,7.7,2023,25.9,20.2,26
146,9.5,232,5,96.8,20230527,0.0,2023-05-27,1.0,7.5,17.2,0.0,2023,20.6,18.9,27
147,10.0,232,5,99.0,20230528,0.0,2023-05-28,0.7,35.5,17.9,0.0,2023,21.2,19.7,28
148,7.8,232,5,99.0,20230529,0.0,2023-05-29,0.7,19.1,19.4,0.0,2023,22.5,20.6,29
149,7.1,232,5,80.9,20230530,0.0,2023-05-30,1.8,0.0,16.8,4.5,2023,25.8,21.6,30
150,4.4,232,5,62.6,20230531,0.0,2023-05-31,1.5,0.0,13.6,11.7,2023,27.5,20.9,31
151,8.3,232,6,78.6,20230601,0.0,2023-06-01,0.9,0.0,16.2,2.7,2023,26.4,21.5,1
152,4.9,232,6,82.0,20230602,0.0,2023-06-02,1.4,0.0,16.6,8.9,2023,23.9,20.2,2
153,1.4,232,6,60.9,20230603,0.0,2023-06-03,1.5,0.0,14.3,12.7,2023,27.2,20.8,3
154,5.6,232,6,59.3,20230604,0.0,2023-06-04,1.3,0.0,12.3,11.7,2023,27.5,20.7,4
155,5.3,232,6,70.6,20230605,0.0,2023-06-05,1.7,0.0,13.1,10.8,2023,26.5,20.2,5
156,3.8,232,6,74.5,20230606,0.0,2023-06-06,1.1,0.0,13.9,10.2,2023,27.1,19.8,6
157,7.4,232,6,80.1,20230607,0.0,2023-06-07,1.0,0.0,16.3,3.1,2023,25.6,21.0,7
158,8.1,232,6,83.3,20230608,0.0,2023-06-08,1.2,0.0,17.6,3.8,2023,25.0,21.4,8
159,2.8,232,6,63.4,20230609,0.0,2023-06-09,1.3,0.1,17.6,9.9,2023,28.6,22.4,9
160,7.9,232,6,69.1,20230610,0.0,2023-06-10,1.3,0.0,16.6,6.4,2023,29.6,22.7,10
161,5.8,232,6,77.4,20230611,0.0,2023-06-11,1.2,0.0,17.2,7.6,2023,27.7,22.2,11
162,5.5,232,6,71.4,20230612,0.0,2023-06-12,0.9,0.0,16.0,7.0,2023,29.2,21.9,12
163,4.5,232,6,72.4,20230613,0.0,2023-06-13,1.3,0.0,17.0,10.7,2023,28.0,21.6,13
164,6.1,232,6,72.5,20230614,0.0,2023-06-14,1.0,0.0,14.8,8.1,2023,27.2,20.8,14
165,3.1,232,6,71.3,20230615,0.0,2023-06-15,1.0,0.0,14.7,8.4,2023,26.9,21.3,15
166,1.3,232,6,70.5,20230616,0.0,2023-06-16,1.1,0.0,14.6,12.6,2023,29.8,22.4,16
167,4.8,232,6,59.4,20230617,0.0,2023-06-17,1.1,0.0,14.5,10.9,2023,30.9,23.0,17
168,3.3,232,6,63.8,20230618,0.0,2023-06-18,1.0,0.0,16.9,11.4,2023,32.2,24.2,18
169,4.4,232,6,68.6,20230619,0.0,2023-06-19,1.6,0.0,17.9,11.7,2023,33.0,26.1,19
170,8.5,232,6,66.4,20230620,0.0,2023-06-20,1.8,8.9,19.3,1.2,2023,26.5,23.1,20
171,6.5,232,6,99.0,20230621,0.0,2023-06-21,1.3,17.9,19.1,0.1,2023,22.8,20.5,21
172,5.9,232,6,82.5,20230622,0.0,2023-06-22,1.7,2.0,19.4,7.3,2023,26.9,22.4,22
173,3.3,232,6,78.6,20230623,0.0,2023-06-23,0.9,0.0,18.9,9.6,2023,29.6,23.8,23
174,3.8,232,6,74.4,20230624,0.0,2023-06-24,1.0,0.0,19.1,9.0,2023,31.5,25.3,24
175,5.9,232,6,68.1,20230625,0.0,2023-06-25,2.0,0.0,19.3,9.5,2023,31.5,26.0,25
176,9.5,232,6,94.9,20230626,0.0,2023-06-26,1.5,53.5,21.1,0.0,2023,26.3,23.8,26
177,4.3,232,6,79.4,20230627,0.0,2023-06-27,1.5,1.1,21.6,8.2,2023,29.6,25.5,27
178,8.3,232,6,85.6,20230628,0.0,2023-06-28,1.3,0.0,20.4,3.9,2023,27.9,24.3,28
179,9.1,232,6,98.6,20230629,0.0,2023-06-29,1.1,92.9,23.2,0.0,2023,25.5,24.2,29
180,7.6,232,6,95.0,20230630,0.0,2023-06-30,0.6,2.5,23.3,0.6,2023,28.0,24.9,30
181,3.4,232,7,84.9,20230701,0.0,2023-07-01,0.8,0.0,22.5,6.8,2023,32.2,26.4,1
182,6.0,232,7,88.0,20230702,0.0,2023-07-02,0.8,0.0,22.1,4.6,2023,30.4,25.9,2
183,5.3,232,7,78.8,20230703,0.0,2023-07-03,0.9,0.0,22.2,10.6,2023,33.0,27.4,3
184,8.8,232,7,97.4,20230704,0.0,2023-07-04,1.7,69.2,22.7,0.1,2023,27.7,24.1,4
185,4.5,232,7,89.8,20230705,0.0,2023-07-05,2.2,13.0,20.9,5.1,2023,27.7,23.8,5
186,7.3,232,7,76.9,20230706,0.0,2023-07-06,1.0,0.0,20.1,9.0,2023,31.6,25.2,6
187,8.6,232,7,95.5,20230707,0.0,2023-07-07,1.6,13.8,19.3,0.3,2023,26.5,21.5,7
188,6.6,232,7,92.1,20230708,0.0,2023-07-08,1.1,0.4,19.9,4.1,2023,29.5,24.1,8
189,6.9,232,7,95.3,20230709,0.0,2023-07-09,1.2,4.7,22.3,2.0,2023,28.8,25.0,9
190,6.0,232,7,86.6,20230710,0.0,2023-07-10,1.6,15.5,21.2,7.7,2023,30.7,25.8,10
191,8.5,232,7,98.3,20230711,0.0,2023-07-11,1.0,11.6,22.1,0.0,2023,26.0,23.7,11
192,8.0,232,7,91.5,20230712,0.0,2023-07-12,0.7,0.1,22.7,3.3,2023,29.9,26.2,12
193,10.0,232,7,99.0,20230713,0.0,2023-07-13,1.3,35.1,24.3,0.0,2023,26.1,25.0,13
194,9.6,232,7,99.0,20230714,0.0,2023-07-14,1.8,165.3,23.9,0.0,2023,25.7,24.7,14
195,9.9,232,7,99.0,20230715,0.0,2023-07-15,0.8,158.2,22.0,0.0,2023,24.2,23.1,15
196,9.4,232,7,97.4,20230716,0.0,2023-07-16,0.8,0.7,22.0,0.8,2023,27.0,24.0,16
197,9.0,232,7,94.4,20230717,0.0,2023-07-17,0.9,4.6,23.0,2.4,2023,29.4,25.3,17
198,8.4,232,7,99.0,20230718,0.0,2023-07-18,1.0,25.9,22.7,0.1,2023,25.0,23.7,18
199,2.4,232,7,0.0,20230719,0.0,2023-07-19,0.8,0.0,20.9,7.9,2023,32.0,25.1,19
200,3.1,232,7,81.4,20230720,0.0,2023-07-20,0.7,0.0,20.2,10.4,2023,31.3,25.4,20
201,1.6,232,7,76.1,20230721,0.0,2023-07-21,0.8,0.0,21.0,11.9,2023,33.6,27.2,21
202,7.1,232,7,79.9,20230722,0.0,2023-07-22,2.0,0.1,22.7,4.7,2023,29.6,25.5,22
203,9.9,232,7,91.4,20230723,0.0,2023-07-23,1.1,46.8,24.1,0.0,2023,25.6,24.9,23
204,8.1,232,7,88.0,20230724,0.0,2023-07-24,0.9,0.8,23.9,4.3,2023,29.8,25.8,24
205,8.3,232,7,88.3,20230725,0.0,2023-07-25,1.0,0.5,23.5,1.2,2023,28.7,25.7,25
206,8.3,232,7,87.3,20230726,0.0,2023-07-26,1.2,6.8,22.7,6.3,2023,31.4,25.9,26
207,5.0,232,7,81.4,20230727,0.0,2023-07-27,0.9,1.8,22.2,10.1,2023,32.2,26.9,27
208,3.3,232,7,80.0,20230728,0.0,2023-07-28,0.9,0.0,23.3,10.8,2023,33.4,27.8,28
209,3.4,232,7,79.6,20230729,0.0,2023-07-29,0.8,0.0,23.6,10.3,2023,33.4,28.1,29
210,5.6,232,7,79.8,20230730,0.0,2023-07-30,0.9,0.0,23.3,8.6,2023,33.7,27.4,30
211,5.9,232,7,80.8,20230731,0.0,2023-07-31,0.8,0.0,24.2,6.5,2023,31.7,27.5,31
212,4.4,232,8,79.0,20230801,0.0,2023-08-01,0.7,0.0,23.2,10.7,2023,33.8,28.3,1
213,5.4,232,8,77.1,20230802,0.0,2023-08-02,0.8,0.0,23.6,9.7,2023,33.5,27.8,2
214,3.9,232,8,74.8,20230803,0.0,2023-08-03,0.9,0.0,21.7,11.6,2023,33.6,27.9,3
215,5.0,232,8,74.4,20230804,0.0,2023-08-04,0.7,0.0,23.9,10.2,2023,34.2,28.8,4
216,4.1,232,8,72.5,20230805,0.0,2023-08-05,0.9,0.0,24.2,10.6,2023,34.1,28.8,5
217,4.9,232,8,74.4,20230806,0.0,2023-08-06,0.9,0.0,23.3,10.2,2023,35.0,29.1,6
218,6.6,232,8,80.9,20230807,0.0,2023-08-07,1.5,0.0,25.5,8.2,2023,34.9,28.2,7
219,5.5,232,8,71.0,20230808,0.0,2023-08-08,2.0,0.0,24.4,10.5,2023,34.2,29.4,8
220,7.5,232,8,76.5,20230809,0.0,2023-08-09,2.7,10.5,23.4,4.4,2023,30.9,26.8,9
221,9.4,232,8,92.3,20230810,0.0,2023-08-10,2.6,122.3,21.0,0.0,2023,23.6,22.0,10
222,8.5,232,8,86.3,20230811,0.0,2023-08-11,1.3,7.4,21.4,0.1,2023,29.0,24.8,11
223,7.3,232,8,85.6,20230812,0.0,2023-08-12,1.2,1.1,21.6,3.6,2023,28.1,24.1,12
224,7.5,232,8,83.3,20230813,0.0,2023-08-13,0.8,0.0,22.8,3.8,2023,30.8,26.1,13
225,3.5,232,8,78.3,20230814,0.0,2023-08-14,0.9,0.0,22.5,10.3,2023,33.0,27.3,14
226,4.5,232,8,77.1,20230815,0.0,2023-08-15,1.1,0.0,22.8,10.1,2023,32.7,27.5,15
227,5.9,232,8,83.3,20230816,0.0,2023-08-16,0.9,4.0,23.1,6.3,2023,31.4,25.9,16
228,5.9,232,8,83.0,20230817,0.0,2023-08-17,0.9,0.5,21.0,6.1,2023,31.4,26.1,17
229,5.1,232,8,80.4,20230818,0.0,2023-08-18,0.9,0.0,23.2,8.0,2023,33.0,27.1,18
230,4.8,232,8,76.4,20230819,0.0,2023-08-19,0.9,0.0,22.9,8.4,2023,32.8,27.2,19
231,5.5,232,8,76.6,20230820,0.0,2023-08-20,0.8,0.0,23.5,9.2,2023,32.6,27.3,20
232,6.1,232,8,79.8,20230821,0.0,2023-08-21,1.1,0.0,23.4,6.5,2023,33.1,27.5,21
233,6.8,232,8,84.0,20230822,0.0,2023-08-22,1.2,12.0,23.2,4.1,2023,31.1,26.4,22
234,9.4,232,8,88.9,20230823,0.0,2023-08-23,1.3,5.5,23.9,1.6,2023,30.8,25.9,23
235,8.9,232,8,92.4,20230824,0.0,2023-08-24,1.2,20.1,23.5,1.1,2023,30.2,25.4,24
236,2.3,232,8,81.0,20230825,0.0,2023-08-25,1.4,0.0,21.6,9.1,2023,30.3,25.4,25
237,5.1,232,8,84.4,20230826,0.0,2023-08-26,0.8,0.0,20.7,7.9,2023,29.8,24.0,26
238,0.0,232,8,80.5,20230827,0.0,2023-08-27,0.9,0.0,19.6,3.6,2023,29.8,25.1,27
239,9.9,232,8,76.9,20230828,0.0,2023-08-28,2.4,0.0,23.0,0.0,2023,27.8,25.5,28
240,9.5,232,8,87.8,20230829,0.0,2023-08-29,1.6,2.3,20.9,0.0,2023,27.1,24.4,29
241,8.6,232,8,96.3,20230830,0.0,2023-08-30,0.5,10.8,20.7,0.0,2023,23.2,21.4,30
242,6.5,232,8,85.1,20230831,0.0,2023-08-31,0.5,0.0,18.7,4.3,2023,27.2,22.1,31
243,2.4,232,9,81.9,20230901,0.0,2023-09-01,0.9,0.0,17.3,8.3,2023,29.4,22.1,1
244,2.1,232,9,74.9,20230902,0.0,2023-09-02,0.8,0.0,16.9,11.2,2023,30.4,23.8,2
245,6.3,232,9,81.9,20230903,0.0,2023-09-03,1.2,0.3,22.0,7.4,2023,31.2,26.1,3
246,9.1,232,9,83.4,20230904,0.0,2023-09-04,0.9,0.0,23.3,2.9,2023,30.8,26.7,4
247,6.8,232,9,78.9,20230905,0.0,2023-09-05,1.0,0.0,21.7,4.8,2023,30.6,25.6,5
248,2.3,232,9,75.4,20230906,0.0,2023-09-06,1.3,0.0,20.3,10.9,2023,30.8,25.2,6
249,0.0,232,9,69.3,20230907,0.0,2023-09-07,1.2,0.0,16.6,11.9,2023,29.8,23.2,7
250,0.1,232,9,72.4,20230908,0.0,2023-09-08,0.9,0.0,15.4,11.9,2023,28.9,21.8,8
251,2.5,232,9,76.8,20230909,0.0,2023-09-09,0.7,0.0,16.3,9.6,2023,30.2,23.2,9
252,4.9,232,9,74.9,20230910,0.0,2023-09-10,0.8,0.0,17.6,8.4,2023,30.4,23.6,10
253,5.3,232,9,75.3,20230911,0.0,2023-09-11,0.8,0.0,19.2,9.4,2023,29.9,24.0,11
254,7.4,232,9,76.3,20230912,0.0,2023-09-12,0.7,0.0,19.2,9.6,2023,29.4,23.7,12
255,10.0,232,9,94.8,20230913,0.0,2023-09-13,0.6,32.3,19.4,0.0,2023,21.9,20.6,13
256,9.5,232,9,88.1,20230914,0.0,2023-09-14,1.5,4.4,19.4,0.3,2023,24.7,22.2,14
257,9.9,232,9,94.4,20230915,0.0,2023-09-15,1.5,10.7,20.4,0.0,2023,24.4,22.0,15
258,9.5,232,9,95.1,20230916,0.0,2023-09-16,1.1,26.0,21.8,1.2,2023,26.4,23.1,16
259,7.0,232,9,88.1,20230917,0.0,2023-09-17,0.7,0.0,21.6,2.8,2023,28.3,24.1,17
260,4.9,232,9,86.1,20230918,0.0,2023-09-18,0.8,0.0,20.1,5.3,2023,27.9,23.8,18
261,7.4,232,9,88.1,20230919,0.0,2023-09-19,0.6,0.0,18.9,2.2,2023,27.1,22.2,19
262,8.3,232,9,93.0,20230920,0.0,2023-09-20,2.5,61.7,19.6,0.0,2023,22.2,20.8,20
263,7.3,232,9,82.0,20230921,0.0,2023-09-21,1.3,0.1,14.6,0.5,2023,22.5,18.9,21
264,3.0,232,9,83.0,20230922,0.0,2023-09-22,0.7,0.0,12.9,8.2,2023,24.6,17.6,22
265,6.6,232,9,76.6,20230923,0.0,2023-09-23,1.1,0.0,13.3,7.6,2023,25.4,19.4,23
266,5.0,232,9,64.4,20230924,0.0,2023-09-24,2.6,0.0,15.0,9.2,2023,25.0,20.2,24
267,8.8,232,9,76.9,20230925,0.0,2023-09-25,1.3,4.8,17.5,4.2,2023,25.9,21.0,25
268,0.0,232,9,96.3,20230926,0.0,2023-09-26,1.3,34.8,19.1,0.0,2023,21.7,20.5,26
269,9.4,232,9,95.1,20230927,0.0,2023-09-27,1.2,2.8,20.1,0.0,2023,23.9,21.2,27
270,4.9,232,9,85.5,20230928,0.0,2023-09-28,0.9,0.0,17.8,5.3,2023,26.5,21.4,28
271,8.5,232,9,82.4,20230929,0.0,2023-09-29,0.6,0.0,16.2,0.9,2023,24.3,19.2,29
272,6.9,232,9,84.0,20230930,0.0,2023-09-30,1.0,2.2,15.6,5.1,2023,23.1,18.5,30
273,0.1,232,10,71.3,20231001,0.0,2023-10-01,1.2,0.0,11.5,10.9,2023,23.0,16.6,1
274,3.6,232,10,71.9,20231002,0.0,2023-10-02,0.9,0.0,9.0,10.2,2023,23.6,15.4,2
275,6.0,232,10,83.9,20231003,0.0,2023-10-03,0.7,0.0,9.4,2.5,2023,20.9,14.6,3
276,5.5,232,10,77.9,20231004,0.0,2023-10-04,1.1,0.4,9.8,6.5,2023,23.6,16.8,4
277,2.1,232,10,48.0,20231005,0.0,2023-10-05,1.9,0.0,9.6,10.9,2023,18.5,14.1,5
278,7.3,232,10,72.0,20231006,0.0,2023-10-06,0.7,0.0,6.3,8.9,2023,20.4,12.9,6
279,9.4,232,10,75.6,20231007,0.0,2023-10-07,1.3,0.0,8.5,2.7,2023,20.5,14.9,7
280,8.1,232,10,74.4,20231008,0.0,2023-10-08,2.0,0.1,14.2,0.0,2023,20.1,16.7,8
281,6.4,232,10,77.5,20231009,0.0,2023-10-09,0.9,0.0,11.9,4.5,2023,22.1,16.6,9
282,2.5,232,10,79.6,20231010,0.0,2023-10-10,0.9,0.0,10.0,9.9,2023,22.5,15.5,10
283,2.3,232,10,75.8,20231011,0.0,2023-10-11,0.8,0.0,9.4,9.4,2023,22.7,14.7,11
284,4.4,232,10,74.1,20231012,0.0,2023-10-12,0.7,0.0,7.7,10.4,2023,22.8,14.5,12
285,7.5,232,10,80.9,20231013,0.0,2023-10-13,0.5,0.0,10.6,1.5,2023,21.4,14.8,13
286,7.0,232,10,91.3,20231014,0.0,2023-10-14,0.8,18.2,9.4,3.0,2023,21.1,13.0,14
287,4.0,232,10,84.8,20231015,0.0,2023-10-15,0.9,0.0,10.2,5.6,2023,20.7,14.0,15
288,1.5,232,10,76.5,20231016,0.0,2023-10-16,1.0,0.0,6.2,9.1,2023,19.4,12.6,16
289,0.0,232,10,75.0,20231017,0.0,2023-10-17,0.6,0.0,3.1,10.6,2023,20.3,11.0,17
290,3.9,232,10,76.6,20231018,0.0,2023-10-18,0.8,0.0,5.2,9.6,2023,22.6,13.1,18
291,7.9,232,10,95.1,20231019,0.0,2023-10-19,0.6,8.9,9.3,0.0,2023,17.3,14.1,19
292,3.5,232,10,53.0,20231020,0.0,2023-10-20,2.3,0.0,9.6,8.6,2023,15.3,12.3,20
293,1.4,232,10,74.1,20231021,0.0,2023-10-21,1.1,1.1,1.7,6.5,2023,17.2,8.7,21
294,3.8,232,10,77.4,20231022,0.0,2023-10-22,0.7,0.0,1.6,7.7,2023,18.8,10.2,22
295,4.0,232,10,82.6,20231023,0.0,2023-10-23,0.5,0.0,6.6,5.4,2023,20.3,12.8,23
296,5.6,232,10,90.9,20231024,0.0,2023-10-24,0.6,0.0,7.3,1.1,2023,18.5,12.3,24
297,3.6,232,10,87.0,20231025,0.0,2023-10-25,0.5,0.0,8.8,7.2,2023,21.4,13.7,25
298,6.4,232,10,84.3,20231026,0.0,2023-10-26,0.9,0.0,9.6,4.8,2023,22.4,16.1,26
299,4.3,232,10,78.5,20231027,0.0,2023-10-27,1.1,0.0,9.2,3.2,2023,18.6,13.8,27
300,1.5,232,10,77.6,20231028,0.0,2023-10-28,0.6,0.0,6.8,5.9,2023,19.7,11.5,28
301,0.3,232,10,77.5,20231029,0.0,2023-10-29,0.5,0.0,3.9,9.7,2023,20.5,11.3,29
302,3.4,232,10,78.8,20231030,0.0,2023-10-30,0.7,0.0,5.8,9.6,2023,21.3,12.2,30
303,4.9,232,10,80.5,20231031,0.0,2023-10-31,0.6,0.0,8.1,6.5,2023,20.8,13.5,31
304,6.3,232,11,81.8,20231101,0.0,2023-11-01,1.2,0.0,10.1,2.0,2023,23.4,17.1,1
305,1.4,232,11,68.4,20231102,0.0,2023-11-02,1.0,0.0,12.2,9.4,2023,25.8,18.4,2
306,6.4,232,11,79.9,20231103,0.0,2023-11-03,1.2,0.0,11.6,4.0,2023,24.1,18.2,3
307,7.9,232,11,87.8,20231104,0.0,2023-11-04,0.8,0.0,15.5,0.0,2023,21.3,17.8,4
308,9.4,232,11,81.5,20231105,0.0,2023-11-05,2.6,16.9,15.6,1.0,2023,23.7,19.0,5
309,7.9,232,11,75.4,20231106,0.0,2023-11-06,4.2,21.0,7.7,2.2,2023,20.5,14.9,6
310,0.5,232,11,67.6,20231107,0.0,2023-11-07,2.3,0.4,1.3,8.4,2023,10.7,6.9,7
311,2.0,232,11,73.6,20231108,0.0,2023-11-08,0.6,0.0,-1.1,0.0,2023,16.6,6.6,8
312,7.4,232,11,79.5,20231109,0.0,2023-11-09,1.0,0.5,2.3,0.0,2023,19.2,11.2,9
313,2.1,232,11,49.0,20231110,0.0,2023-11-10,2.0,0.0,-0.1,9.3,2023,12.5,5.3,10
314,3.9,232,11,63.6,20231111,0.0,2023-11-11,1.0,0.0,-2.5,6.1,2023,6.4,1.3,11
315,3.3,232,11,69.0,20231112,0.0,2023-11-12,1.0,0.0,-3.4,4.9,2023,6.0,0.8,12
316,0.3,232,11,68.9,20231113,0.0,2023-11-13,1.1,0.0,-4.3,9.7,2023,8.0,1.6,13
317,2.3,232,11,73.5,20231114,0.0,2023-11-14,0.8,0.0,-1.7,0.0,2023,11.2,4.6,14
318,2.9,232,11,77.6,20231115,0.0,2023-11-15,0.8,0.0,0.1,0.0,2023,13.1,5.2,15
319,8.3,232,11,93.5,20231116,0.0,2023-11-16,0.7,8.8,1.3,0.0,2023,7.5,5.1,16
320,6.3,232,11,76.3,20231117,0.0,2023-11-17,1.6,3.2,-1.0,4.1,2023,6.7,2.4,17
321,3.1,232,11,68.5,20231118,0.0,2023-11-18,1.8,0.0,-2.7,0.0,2023,6.8,1.7,18
322,3.4,232,11,73.8,20231119,0.0,2023-11-19,1.6,0.0,-0.9,0.0,2023,13.6,7.2,19
323,0.0,232,11,66.6,20231120,0.0,2023-11-20,0.9,0.0,-1.2,0.0,2023,12.6,4.4,20
324,0.0,232,11,70.6,20231121,0.0,2023-11-21,0.5,0.0,-3.2,9.4,2023,14.9,4.3,21
325,2.9,232,11,77.8,20231122,0.0,2023-11-22,0.7,0.0,-2.1,9.1,2023,15.2,6.7,22
326,2.9,232,11,67.9,20231123,0.0,2023-11-23,2.1,0.0,4.3,8.0,2023,16.3,10.3,23
327,1.4,232,11,51.5,20231124,0.0,2023-11-24,2.6,0.0,-2.5,0.0,2023,4.3,0.6,24
328,0.9,232,11,53.1,20231125,0.0,2023-11-25,1.0,0.0,-7.4,9.4,2023,4.3,-1.9,25
329,5.5,232,11,57.0,20231126,0.0,2023-11-26,0.8,0.0,-4.0,3.0,2023,7.7,3.4,26
330,6.1,232,11,88.8,20231127,0.0,2023-11-27,1.4,5.0,4.1,0.8,2023,10.4,6.7,27
331,3.0,232,11,68.6,20231128,0.0,2023-11-28,1.6,0.0,-1.1,0.0,2023,7.1,2.6,28
332,7.1,232,11,73.6,20231129,0.0,2023-11-29,1.3,1.1,-2.3,0.0,2023,5.5,1.3,29
333,0.0,232,11,57.1,20231130,0.0,2023-11-30,1.9,0.0,-6.1,0.0,2023,0.9,-2.5,30
334,0.5,232,12,65.4,20231201,0.0,2023-12-01,1.4,0.0,-7.4,0.0,2023,2.1,-2.6,1
335,3.4,232,12,73.3,20231202,0.0,2023-12-02,1.1,0.0,-6.8,0.0,2023,9.0,1.3,2
336,0.0,232,12,60.8,20231203,0.0,2023-12-03,1.1,0.0,-4.0,0.0,2023,6.8,0.8,3
337,2.0,232,12,74.3,20231204,0.0,2023-12-04,0.6,0.0,-6.2,0.0,2023,9.0,0.2,4
338,3.6,232,12,75.1,20231205,0.0,2023-12-05,0.6,0.0,-3.4,5.9,2023,11.3,2.5,5
339,5.1,232,12,82.3,20231206,0.0,2023-12-06,1.2,5.1,-1.8,0.0,2023,10.9,5.2,6
340,1.0,232,12,64.9,20231207,0.0,2023-12-07,1.6,0.0,-0.8,8.2,2023,12.3,5.4,7
341,0.8,232,12,70.8,20231208,0.0,2023-12-08,2.0,0.0,-0.3,0.0,2023,18.5,10.4,8
342,4.4,232,12,79.6,20231209,0.0,2023-12-09,1.3,0.0,8.2,5.8,2023,19.1,13.4,9
343,8.0,232,12,82.3,20231210,0.0,2023-12-10,0.9,0.0,7.3,3.7,2023,17.6,12.3,10
344,8.1,232,12,83.0,20231211,0.0,2023-12-11,3.3,21.3,8.4,0.0,2023,14.0,11.7,11
345,4.6,232,12,73.3,20231212,0.0,2023-12-12,1.9,0.0,2.6,0.2,2023,9.8,7.0,12
346,7.1,232,12,76.1,20231213,0.0,2023-12-13,1.1,0.0,1.0,2.1,2023,12.5,7.9,13
347,8.8,232,12,82.1,20231214,0.0,2023-12-14,2.6,19.1,8.9,0.0,2023,10.7,9.8,14
348,7.1,232,12,96.0,20231215,0.0,2023-12-15,1.9,35.0,5.6,0.0,2023,10.1,7.5,15
349,8.6,232,12,85.5,20231216,0.0,2023-12-16,3.5,1.9,-7.9,0.0,2023,5.7,-2.2,16
350,0.8,232,12,65.8,20231217,0.0,2023-12-17,1.3,0.0,-12.6,0.0,2023,-6.0,-9.4,17
351,8.6,232,12,69.9,20231218,0.0,2023-12-18,0.7,0.0,-13.5,3.2,2023,-3.5,-7.8,18
352,8.4,232,12,69.8,20231219,0.0,2023-12-19,0.5,0.0,-9.0,2.0,2023,0.6,-3.4,19
353,4.1,232,12,67.1,20231220,0.0,2023-12-20,2.0,0.6,-9.6,0.0,2023,-1.2,-5.6,20
354,1.9,232,12,60.4,20231221,0.0,2023-12-21,1.8,0.0,-12.2,0.0,2023,-6.6,-9.7,21
355,0.1,232,12,59.0,20231222,0.0,2023-12-22,1.6,0.0,-14.3,0.0,2023,-6.2,-10.2,22
356,5.8,232,12,67.1,20231223,0.0,2023-12-23,0.7,0.0,-14.7,0.0,2023,-2.2,-7.5,23
357,5.0,232,12,73.4,20231224,0.0,2023-12-24,0.9,0.0,-5.0,6.1,2023,2.6,-1.9,24
358,5.3,232,12,89.5,20231225,0.0,2023-12-25,0.4,0.3,-5.6,3.2,2023,1.9,-1.9,25
359,5.9,232,12,85.6,20231226,0.0,2023-12-26,0.6,0.0,-2.6,4.5,2023,7.2,0.8,26
360,1.8,232,12,85.5,20231227,0.0,2023-12-27,0.4,0.0,-3.9,7.9,2023,7.7,0.6,27
361,4.1,232,12,90.8,20231228,0.0,2023-12-28,0.6,0.0,-3.7,1.7,2023,5.8,-0.4,28
362,4.0,232,12,84.0,20231229,0.0,2023-12-29,0.6,0.0,-3.0,3.5,2023,6.2,0.6,29
363,6.5,232,12,93.0,20231230,0.0,2023-12-30,0.9,2.9,-4.3,0.0,2023,2.7,0.1,30
364,4.5,232,12,90.4,20231231,0.0,2023-12-31,1.4,3.3,2.1,0.0,2023,5.1,3.4,31
