,snow,month,sunshine,date,station_id,year,cloud,wind,tmax,rainfall,day,tavg,humid,Date,tmin
0,0.0,1,8.5,20090101,232,2009,0.4,2.5,-2.3,0.0,1,-6.0,59.3,2009-01-01,-9.2
1,0.0,1,8.5,20090102,232,2009,0.0,1.1,2.2,0.0,2,-5.2,71.9,2009-01-02,-11.2
2,0.0,1,8.5,20090103,232,2009,0.1,0.8,4.6,0.0,3,-3.7,66.3,2009-01-03,-10.2
3,0.0,1,7.6,20090104,232,2009,2.5,1.1,5.2,0.0,4,-2.0,64.4,2009-01-04,-7.1
4,0.0,1,1.5,20090105,232,2009,3.5,1.1,3.1,0.0,5,-3.1,80.0,2009-01-05,-7.6
5,0.0,1,3.9,20090106,232,2009,4.0,0.8,2.6,0.0,6,-4.2,72.6,2009-01-06,-9.7
6,0.0,1,8.4,20090107,232,2009,0.8,0.9,4.2,0.0,7,-3.9,67.9,2009-01-07,-9.8
7,0.0,1,7.9,20090108,232,2009,1.5,1.5,4.0,0.0,8,-3.3,62.6,2009-01-08,-9.6
8,0.0,1,3.1,20090109,232,2009,3.8,1.8,0.6,0.0,9,-4.5,68.3,2009-01-09,-9.8
9,0.4,1,7.2,20090110,232,2009,3.6,3.4,-2.6,0.1,10,-5.1,59.1,2009-01-10,-8.7
10,0.2,1,6.1,20090111,232,2009,4.5,3.0,-1.9,0.1,11,-6.7,64.0,2009-01-11,-12.1
11,1.4,1,1.6,20090112,232,2009,7.6,4.0,-2.8,0.8,12,-6.3,66.4,2009-01-12,-9.0
12,0.0,1,8.5,20090113,232,2009,2.5,1.5,-0.1,0.0,13,-5.8,67.1,2009-01-13,-12.3
13,1.6,1,7.5,20090114,232,2009,2.8,2.9,-3.3,0.5,14,-5.4,59.9,2009-01-14,-9.9
14,0.0,1,8.8,20090115,232,2009,0.8,1.3,-1.1,0.0,15,-8.3,55.5,2009-01-15,-15.6
15,0.0,1,0.8,20090116,232,2009,7.1,2.1,1.2,0.0,16,-2.3,75.6,2009-01-16,-10.0
16,0.0,1,5.3,20090117,232,2009,3.5,1.7,6.7,0.0,17,0.4,81.9,2009-01-17,-3.0
17,0.0,1,3.2,20090118,232,2009,8.1,2.6,9.6,2.0,18,3.4,80.6,2009-01-18,-3.9
18,0.0,1,7.2,20090119,232,2009,2.4,2.0,5.9,0.0,19,0.2,65.8,2009-01-19,-4.8
19,0.0,1,5.7,20090120,232,2009,5.3,0.7,7.9,0.0,20,0.9,59.4,2009-01-20,-3.0
20,0.0,1,2.4,20090121,232,2009,7.9,1.2,8.1,0.0,21,1.4,61.6,2009-01-21,-3.0
21,0.0,1,6.3,20090122,232,2009,5.0,2.6,9.9,0.0,22,2.7,65.1,2009-01-22,-3.5
22,0.2,1,4.1,20090123,232,2009,6.8,4.8,0.9,0.3,23,-6.9,54.6,2009-01-23,-9.5
23,10.5,1,0.9,20090124,232,2009,8.1,2.2,-2.7,5.4,24,-7.0,80.8,2009-01-24,-12.3
24,6.8,1,2.5,20090125,232,2009,6.3,1.7,1.4,4.1,25,-6.3,78.3,2009-01-25,-18.2
25,0.1,1,5.1,20090126,232,2009,4.9,1.0,1.6,0.0,26,-5.0,79.0,2009-01-26,-13.8
26,0.0,1,9.1,20090127,232,2009,0.4,1.4,4.6,0.0,27,-4.9,72.8,2009-01-27,-13.2
27,0.0,1,9.1,20090128,232,2009,0.3,1.8,6.6,0.0,28,-2.0,64.3,2009-01-28,-9.7
28,0.0,1,0.0,20090129,232,2009,9.1,0.8,7.1,0.0,29,0.0,69.1,2009-01-29,-6.1
29,0.0,1,3.3,20090130,232,2009,6.1,1.2,12.0,0.0,30,4.1,68.3,2009-01-30,-2.7
30,0.0,1,7.8,20090131,232,2009,1.3,1.1,11.0,0.0,31,2.8,75.0,2009-01-31,-2.4
31,0.0,2,7.9,20090201,232,2009,2.3,1.4,11.0,0.0,1,3.2,70.4,2009-02-01,-2.1
32,0.0,2,0.3,20090202,232,2009,7.6,1.2,11.0,0.0,2,4.7,80.5,2009-02-02,-2.1
33,0.0,2,2.2,20090203,232,2009,5.6,1.4,8.1,0.0,3,4.1,91.3,2009-02-03,0.7
34,0.0,2,5.9,20090204,232,2009,4.8,1.4,8.3,0.0,4,2.3,77.3,2009-02-04,-1.5
35,0.0,2,0.0,20090205,232,2009,8.5,0.9,7.3,0.0,5,3.0,80.3,2009-02-05,-2.2
36,0.0,2,3.3,20090206,232,2009,4.4,1.2,7.9,0.0,6,1.8,84.8,2009-02-06,-1.7
37,0.0,2,0.1,20090207,232,2009,7.8,1.2,6.6,0.0,7,2.4,84.1,2009-02-07,-2.8
38,0.0,2,6.1,20090208,232,2009,5.0,1.4,8.6,0.0,8,2.2,75.6,2009-02-08,-2.2
39,0.0,2,4.8,20090209,232,2009,6.8,2.2,8.5,0.0,9,3.6,65.1,2009-02-09,-0.2
40,0.0,2,0.2,20090210,232,2009,8.3,1.3,7.0,0.0,10,3.2,77.0,2009-02-10,-1.9
41,0.0,2,3.8,20090211,232,2009,4.1,2.1,10.6,0.0,11,4.9,73.6,2009-02-11,-1.0
42,0.0,2,1.8,20090212,232,2009,6.8,2.7,15.9,0.0,12,7.4,61.0,2009-02-12,-1.2
43,0.0,2,0.0,20090213,232,2009,10.0,4.4,18.6,11.0,13,12.6,80.1,2009-02-13,5.2
44,0.0,2,2.2,20090214,232,2009,7.0,2.2,9.2,0.0,14,4.2,76.1,2009-02-14,0.2
45,0.0,2,0.2,20090215,232,2009,5.9,3.2,2.4,0.0,15,-0.4,65.1,2009-02-15,-3.9
46,0.0,2,9.9,20090216,232,2009,1.6,3.9,-2.1,0.0,16,-4.2,38.6,2009-02-16,-6.2
47,0.0,2,10.2,20090217,232,2009,0.5,2.2,0.4,0.0,17,-4.4,47.8,2009-02-17,-10.2
48,0.0,2,7.9,20090218,232,2009,3.6,1.7,2.0,0.0,18,-2.4,64.1,2009-02-18,-7.6
49,3.6,2,0.0,20090219,232,2009,9.5,1.4,3.3,4.6,19,-0.3,74.0,2009-02-19,-3.5
50,0.4,2,3.8,20090220,232,2009,6.0,3.9,1.3,0.4,20,-1.3,70.6,2009-02-20,-5.3
51,0.0,2,9.5,20090221,232,2009,0.9,1.6,4.4,0.0,21,-2.5,68.9,2009-02-21,-9.2
52,0.0,2,0.0,20090222,232,2009,8.8,1.5,6.5,0.0,22,2.1,72.5,2009-02-22,-3.6
53,0.0,2,6.3,20090223,232,2009,5.3,1.7,12.3,0.0,23,5.3,65.0,2009-02-23,-2.4
54,0.0,2,0.4,20090224,232,2009,9.5,1.8,12.1,0.0,24,8.4,68.1,2009-02-24,4.9
55,0.0,2,3.3,20090225,232,2009,6.3,3.3,7.0,0.0,25,2.6,64.4,2009-02-25,-3.5
56,0.0,2,5.2,20090226,232,2009,6.5,1.8,7.2,0.0,26,2.3,49.9,2009-02-26,-3.5
57,0.0,2,8.6,20090227,232,2009,5.9,1.7,8.4,0.0,27,2.6,52.8,2009-02-27,-2.4
58,0.0,2,8.0,20090228,232,2009,4.1,1.6,10.3,0.0,28,2.3,54.0,2009-02-28,-4.5
59,0.0,3,10.2,20090301,232,2009,0.4,2.8,9.8,0.0,1,2.8,55.3,2009-03-01,-3.8
60,0.0,3,7.1,20090302,232,2009,6.5,1.8,9.7,0.0,2,3.1,50.9,2009-03-02,-6.3
61,1.0,3,0.0,20090303,232,2009,9.5,1.6,5.9,4.5,3,1.6,89.8,2009-03-03,0.2
62,0.0,3,8.2,20090304,232,2009,4.3,1.2,9.2,0.0,4,2.4,75.3,2009-03-04,-1.9
63,0.0,3,0.0,20090305,232,2009,9.3,1.7,9.3,3.5,5,4.9,78.6,2009-03-05,-1.0
64,0.0,3,7.3,20090306,232,2009,3.5,4.0,5.8,0.0,6,2.4,64.0,2009-03-06,-1.5
65,0.0,3,10.4,20090307,232,2009,2.8,1.8,8.3,0.0,7,1.4,59.6,2009-03-07,-5.7
66,0.0,3,6.3,20090308,232,2009,6.4,1.7,12.6,0.0,8,4.3,56.8,2009-03-08,-2.6
67,0.0,3,8.1,20090309,232,2009,4.1,1.9,13.9,0.0,9,5.5,65.5,2009-03-09,-1.6
68,0.0,3,9.0,20090310,232,2009,4.0,3.1,8.8,0.0,10,3.5,47.4,2009-03-10,-2.7
69,0.0,3,6.7,20090311,232,2009,5.5,1.7,11.0,0.0,11,3.4,45.6,2009-03-11,-2.1
70,0.0,3,4.4,20090312,232,2009,8.3,1.9,15.4,1.0,12,7.3,44.9,2009-03-12,-3.0
71,0.0,3,0.6,20090313,232,2009,8.0,4.6,7.0,21.0,13,3.8,73.6,2009-03-13,-1.1
72,0.0,3,10.0,20090314,232,2009,0.8,4.3,4.7,0.0,14,0.4,48.6,2009-03-14,-2.7
73,0.0,3,7.1,20090315,232,2009,4.3,2.9,12.0,0.0,15,5.5,58.8,2009-03-15,-3.5
74,0.0,3,6.6,20090316,232,2009,4.0,2.7,18.3,0.0,16,10.3,63.6,2009-03-16,3.6
75,0.0,3,8.9,20090317,232,2009,0.8,3.6,23.1,0.0,17,14.1,50.6,2009-03-17,3.1
76,0.0,3,2.7,20090318,232,2009,7.8,3.6,23.1,0.0,18,19.2,61.9,2009-03-18,16.2
77,0.0,3,2.0,20090319,232,2009,8.5,2.9,23.0,0.0,19,15.8,75.6,2009-03-19,9.2
78,0.0,3,9.9,20090320,232,2009,1.8,1.9,21.2,0.1,20,12.3,58.1,2009-03-20,4.4
79,0.0,3,6.9,20090321,232,2009,5.5,2.5,22.0,13.5,21,14.5,61.4,2009-03-21,5.8
80,0.0,3,3.8,20090322,232,2009,5.4,4.5,13.6,5.0,22,9.6,75.8,2009-03-22,4.2
81,0.0,3,7.4,20090323,232,2009,3.1,3.1,8.5,0.0,23,4.5,58.3,2009-03-23,0.6
82,0.0,3,5.8,20090324,232,2009,6.1,2.5,7.9,0.1,24,2.7,53.9,2009-03-24,-1.2
83,0.6,3,11.4,20090325,232,2009,1.8,3.4,7.7,0.4,25,3.1,54.3,2009-03-25,-3.1
84,0.0,3,3.0,20090326,232,2009,4.0,3.9,10.3,0.0,26,4.9,57.9,2009-03-26,0.4
85,0.0,3,11.3,20090327,232,2009,0.6,3.3,8.3,0.0,27,3.9,46.3,2009-03-27,-2.3
86,0.0,3,10.3,20090328,232,2009,2.8,2.0,12.1,0.0,28,4.0,52.6,2009-03-28,-2.7
87,0.0,3,9.8,20090329,232,2009,4.3,1.3,13.2,0.0,29,5.1,53.0,2009-03-29,-3.5
88,0.0,3,4.1,20090330,232,2009,7.6,2.7,12.8,2.0,30,7.1,61.0,2009-03-30,2.1
89,0.0,3,6.0,20090331,232,2009,5.5,2.6,10.7,0.5,31,5.5,63.9,2009-03-31,2.6
90,0.0,4,6.1,20090401,232,2009,3.3,3.0,9.4,0.0,1,4.8,62.0,2009-04-01,-1.4
91,0.0,4,10.8,20090402,232,2009,1.8,2.2,13.5,0.0,2,6.3,55.8,2009-04-02,-2.0
92,0.0,4,1.2,20090403,232,2009,8.0,1.7,13.6,0.0,3,7.5,53.6,2009-04-03,2.0
93,0.0,4,4.7,20090404,232,2009,5.8,2.2,13.1,0.0,4,7.9,63.6,2009-04-04,3.8
94,0.0,4,9.9,20090405,232,2009,1.0,1.9,16.1,0.0,5,8.2,63.4,2009-04-05,0.1
95,0.0,4,11.4,20090406,232,2009,0.0,1.8,19.0,0.0,6,9.5,52.4,2009-04-06,-0.5
96,0.0,4,10.7,20090407,232,2009,0.8,2.3,22.9,0.0,7,13.7,51.3,2009-04-07,4.7
97,0.0,4,10.7,20090408,232,2009,1.3,1.4,24.4,0.0,8,14.1,49.1,2009-04-08,5.0
98,0.0,4,10.8,20090409,232,2009,0.0,1.6,26.0,0.0,9,14.9,48.0,2009-04-09,3.9
99,0.0,4,11.3,20090410,232,2009,0.0,1.7,25.6,0.0,10,14.7,46.8,2009-04-10,4.6
100,0.0,4,9.8,20090411,232,2009,2.4,1.5,26.7,0.0,11,15.2,43.3,2009-04-11,3.5
101,0.0,4,7.3,20090412,232,2009,4.6,1.8,23.5,0.0,12,15.4,43.4,2009-04-12,8.0
102,0.0,4,1.3,20090413,232,2009,7.4,1.9,22.7,0.0,13,15.4,51.1,2009-04-13,7.9
103,0.0,4,3.6,20090414,232,2009,5.0,2.3,19.0,0.0,14,14.1,65.9,2009-04-14,8.3
104,0.0,4,0.1,20090415,232,2009,7.5,1.9,14.7,5.5,15,9.5,82.8,2009-04-15,6.3
105,0.0,4,3.5,20090416,232,2009,5.9,1.9,16.1,0.0,16,9.7,75.5,2009-04-16,4.0
106,0.0,4,12.1,20090417,232,2009,0.5,1.6,19.4,0.0,17,10.4,52.3,2009-04-17,1.1
107,0.0,4,11.9,20090418,232,2009,0.9,1.7,23.1,0.0,18,12.8,42.3,2009-04-18,2.1
108,0.0,4,9.8,20090419,232,2009,5.8,2.3,27.7,0.0,19,17.5,35.1,2009-04-19,5.2
109,0.0,4,0.0,20090420,232,2009,10.0,3.8,16.4,22.5,20,14.5,73.6,2009-04-20,12.1
110,0.0,4,1.1,20090421,232,2009,7.9,4.7,13.8,0.0,21,11.0,67.9,2009-04-21,9.3
111,0.0,4,11.0,20090422,232,2009,1.0,4.0,14.2,0.0,22,10.3,63.1,2009-04-22,6.9
112,0.0,4,8.7,20090423,232,2009,4.8,1.3,19.2,0.0,23,11.6,64.9,2009-04-23,2.6
113,0.0,4,0.0,20090424,232,2009,10.0,2.3,15.2,2.0,24,13.0,69.3,2009-04-24,11.1
114,0.0,4,0.0,20090425,232,2009,10.0,4.0,11.7,0.5,25,9.1,79.5,2009-04-25,7.7
115,0.0,4,5.9,20090426,232,2009,6.1,2.4,14.3,0.1,26,9.6,68.6,2009-04-26,4.1
116,0.0,4,10.1,20090427,232,2009,2.8,2.6,18.2,0.0,27,11.2,62.8,2009-04-27,5.5
117,0.0,4,11.0,20090428,232,2009,0.5,1.8,22.1,0.0,28,12.3,56.4,2009-04-28,3.5
118,0.0,4,11.8,20090429,232,2009,0.0,1.7,23.8,0.0,29,13.7,49.5,2009-04-29,4.4
119,0.0,4,7.8,20090430,232,2009,4.4,2.2,23.4,0.0,30,14.5,45.0,2009-04-30,4.8
120,0.0,5,11.0,20090501,232,2009,1.8,1.7,24.9,0.0,1,16.2,53.1,2009-05-01,6.6
121,0.0,5,1.7,20090502,232,2009,8.6,1.9,20.9,0.5,2,16.1,74.0,2009-05-02,10.7
122,0.0,5,9.3,20090503,232,2009,3.9,1.8,24.7,0.0,3,17.5,74.1,2009-05-03,13.4
123,0.0,5,10.4,20090504,232,2009,1.8,2.2,24.9,0.0,4,16.6,64.8,2009-05-04,11.1
124,0.0,5,8.7,20090505,232,2009,2.8,2.3,26.2,0.0,5,16.8,64.1,2009-05-05,10.1
125,0.0,5,12.1,20090506,232,2009,0.3,2.3,28.5,0.0,6,19.7,48.5,2009-05-06,10.3
126,0.0,5,12.5,20090507,232,2009,0.0,2.6,27.5,0.0,7,19.4,40.1,2009-05-07,9.4
127,0.0,5,10.9,20090508,232,2009,0.5,1.6,29.0,0.0,8,19.8,50.9,2009-05-08,10.7
128,0.0,5,11.2,20090509,232,2009,3.8,2.4,29.2,0.0,9,21.1,43.1,2009-05-09,12.4
129,0.0,5,10.7,20090510,232,2009,5.9,1.8,28.6,0.0,10,20.1,51.3,2009-05-10,11.3
130,0.0,5,0.2,20090511,232,2009,9.4,1.7,24.7,0.5,11,19.9,61.4,2009-05-11,15.8
131,0.0,5,0.8,20090512,232,2009,7.8,2.3,20.8,22.5,12,17.5,84.8,2009-05-12,16.0
132,0.0,5,12.7,20090513,232,2009,0.9,2.9,22.6,0.0,13,16.6,43.5,2009-05-13,10.3
133,0.0,5,8.9,20090514,232,2009,5.5,1.7,26.4,0.0,14,17.7,54.6,2009-05-14,8.2
134,0.0,5,0.0,20090515,232,2009,10.0,1.2,21.4,1.0,15,17.0,67.0,2009-05-15,14.2
135,0.0,5,0.0,20090516,232,2009,10.0,2.4,14.3,63.5,16,13.2,89.6,2009-05-16,12.4
136,0.0,5,2.2,20090517,232,2009,6.8,3.6,17.0,3.5,17,13.9,78.9,2009-05-17,9.7
137,0.0,5,10.2,20090518,232,2009,2.9,2.7,24.1,0.0,18,16.1,57.0,2009-05-18,8.3
138,0.0,5,11.9,20090519,232,2009,1.4,2.7,26.4,0.0,19,19.4,56.1,2009-05-19,12.9
139,0.0,5,2.3,20090520,232,2009,8.0,1.5,27.4,0.0,20,20.9,63.9,2009-05-20,13.2
140,0.0,5,0.0,20090521,232,2009,10.0,2.8,20.3,20.5,21,16.2,86.0,2009-05-21,14.9
141,0.0,5,6.1,20090522,232,2009,8.3,2.4,24.4,0.5,22,18.6,73.5,2009-05-22,15.3
142,0.0,5,1.2,20090523,232,2009,7.8,2.3,20.6,0.1,23,16.5,74.8,2009-05-23,13.1
143,0.0,5,8.5,20090524,232,2009,4.1,1.5,24.4,0.0,24,17.8,72.0,2009-05-24,11.7
144,0.0,5,12.1,20090525,232,2009,1.8,1.6,28.6,0.0,25,21.0,65.0,2009-05-25,12.7
145,0.0,5,11.2,20090526,232,2009,2.9,1.9,29.2,0.0,26,21.3,58.6,2009-05-26,15.0
146,0.0,5,12.6,20090527,232,2009,0.0,2.4,29.1,0.0,27,21.9,50.0,2009-05-27,13.4
147,0.0,5,12.0,20090528,232,2009,0.0,1.7,29.7,0.0,28,21.3,53.6,2009-05-28,13.0
148,0.0,5,10.7,20090529,232,2009,2.5,1.4,27.6,0.0,29,20.8,51.5,2009-05-29,13.3
149,0.0,5,7.3,20090530,232,2009,4.5,2.6,26.3,0.0,30,19.8,57.0,2009-05-30,14.5
150,0.0,5,13.2,20090531,232,2009,0.0,2.4,26.0,0.0,31,18.4,52.3,2009-05-31,10.0
151,0.0,6,12.6,20090601,232,2009,0.0,2.4,28.9,0.0,1,20.9,59.3,2009-06-01,12.1
152,0.0,6,6.9,20090602,232,2009,5.4,3.7,27.1,0.0,2,22.9,60.6,2009-06-02,17.7
153,0.0,6,0.0,20090603,232,2009,7.8,2.2,20.4,5.0,3,18.7,80.4,2009-06-03,16.8
154,0.0,6,9.6,20090604,232,2009,3.1,1.6,27.6,0.0,4,20.4,67.0,2009-06-04,15.9
155,0.0,6,12.2,20090605,232,2009,0.4,1.8,28.4,0.0,5,20.9,57.4,2009-06-05,13.0
156,0.0,6,9.2,20090606,232,2009,1.8,2.0,27.9,0.0,6,21.0,59.3,2009-06-06,15.0
157,0.0,6,1.2,20090607,232,2009,6.3,1.0,21.6,0.0,7,18.1,72.9,2009-06-07,14.8
158,0.0,6,4.7,20090608,232,2009,6.4,1.3,25.7,0.0,8,20.1,69.3,2009-06-08,12.6
159,0.0,6,0.1,20090609,232,2009,9.8,2.3,25.1,12.0,9,20.7,73.8,2009-06-09,18.1
160,0.0,6,0.8,20090610,232,2009,9.0,2.6,22.5,2.5,10,19.4,82.4,2009-06-10,17.6
161,0.0,6,12.9,20090611,232,2009,2.3,2.9,27.9,0.0,11,21.9,50.0,2009-06-11,14.3
162,0.0,6,11.3,20090612,232,2009,3.6,2.1,26.0,0.5,12,20.3,48.0,2009-06-12,14.0
163,0.0,6,11.6,20090613,232,2009,1.9,2.0,25.3,0.0,13,19.8,64.0,2009-06-13,12.1
164,0.0,6,10.1,20090614,232,2009,3.3,1.7,26.0,0.0,14,20.6,70.5,2009-06-14,14.8
165,0.0,6,7.5,20090615,232,2009,1.8,1.8,28.1,0.0,15,21.7,70.0,2009-06-15,16.7
166,0.0,6,12.3,20090616,232,2009,1.6,1.7,28.1,0.0,16,22.1,65.0,2009-06-16,15.7
167,0.0,6,2.4,20090617,232,2009,8.5,1.7,28.8,0.0,17,22.7,65.4,2009-06-17,16.5
168,0.0,6,11.8,20090618,232,2009,2.6,1.5,31.6,0.0,18,25.2,59.0,2009-06-18,18.0
169,0.0,6,6.5,20090619,232,2009,7.1,2.0,31.3,0.0,19,25.6,64.5,2009-06-19,19.8
170,0.0,6,0.0,20090620,232,2009,9.9,1.8,24.4,11.0,20,23.0,83.4,2009-06-20,21.9
171,0.0,6,8.3,20090621,232,2009,6.4,1.7,30.7,0.1,21,25.7,76.9,2009-06-21,21.7
172,0.0,6,5.9,20090622,232,2009,5.3,2.2,28.6,0.0,22,22.9,73.5,2009-06-22,19.7
173,0.0,6,13.2,20090623,232,2009,1.1,2.0,29.8,0.0,23,23.2,65.5,2009-06-23,16.6
174,0.0,6,12.8,20090624,232,2009,0.6,2.0,32.3,0.0,24,23.3,57.1,2009-06-24,15.8
175,0.0,6,13.4,20090625,232,2009,1.3,1.9,32.3,0.0,25,23.5,56.0,2009-06-25,15.8
176,0.0,6,12.0,20090626,232,2009,0.6,1.6,32.2,0.0,26,24.5,63.6,2009-06-26,15.5
177,0.0,6,8.1,20090627,232,2009,5.3,1.8,32.5,0.0,27,25.3,68.9,2009-06-27,19.0
178,0.0,6,3.6,20090628,232,2009,8.0,1.6,31.2,0.5,28,25.7,74.1,2009-06-28,21.2
179,0.0,6,5.3,20090629,232,2009,7.0,1.9,31.5,24.0,29,25.9,77.6,2009-06-29,22.1
180,0.0,6,0.0,20090630,232,2009,9.0,1.9,26.6,0.0,30,24.4,79.6,2009-06-30,21.7
181,0.0,7,7.3,20090701,232,2009,5.5,2.1,28.1,0.0,1,23.7,71.0,2009-07-01,19.4
182,0.0,7,2.3,20090702,232,2009,6.6,1.7,26.8,18.0,2,21.4,81.4,2009-07-02,18.5
183,0.0,7,6.0,20090703,232,2009,5.1,1.4,27.9,0.0,3,21.8,76.5,2009-07-03,17.5
184,0.0,7,8.5,20090704,232,2009,3.4,1.6,29.5,0.0,4,23.1,75.5,2009-07-04,17.6
185,0.0,7,9.3,20090705,232,2009,1.9,1.7,31.0,0.0,5,23.8,73.9,2009-07-05,18.3
186,0.0,7,5.2,20090706,232,2009,6.9,1.6,31.0,0.0,6,24.5,71.5,2009-07-06,19.2
187,0.0,7,0.4,20090707,232,2009,8.5,2.0,24.2,13.0,7,22.0,82.8,2009-07-07,19.8
188,0.0,7,8.6,20090708,232,2009,7.8,1.5,31.9,0.0,8,26.0,73.5,2009-07-08,19.5
189,0.0,7,0.0,20090709,232,2009,8.8,3.3,26.9,56.0,9,23.3,86.1,2009-07-09,20.0
190,0.0,7,7.1,20090710,232,2009,5.1,1.4,30.7,0.0,10,23.6,74.6,2009-07-10,17.7
191,0.0,7,3.1,20090711,232,2009,8.6,1.6,28.6,6.0,11,23.4,80.4,2009-07-11,18.9
192,0.0,7,0.0,20090712,232,2009,10.0,3.5,27.5,102.0,12,23.4,86.8,2009-07-12,20.1
193,0.0,7,1.6,20090713,232,2009,9.6,2.0,28.3,8.5,13,23.9,82.1,2009-07-13,20.0
194,0.0,7,0.0,20090714,232,2009,10.0,3.7,27.9,95.5,14,24.7,84.1,2009-07-14,20.8
195,0.0,7,4.1,20090715,232,2009,6.1,1.9,27.8,0.0,15,23.3,79.0,2009-07-15,20.2
196,0.0,7,0.9,20090716,232,2009,7.6,2.1,27.4,0.2,16,23.6,84.0,2009-07-16,19.8
197,0.0,7,0.0,20090717,232,2009,10.0,1.6,27.4,0.5,17,25.7,83.3,2009-07-17,23.1
198,0.0,7,0.3,20090718,232,2009,10.0,4.5,30.2,19.0,18,27.6,74.4,2009-07-18,24.8
199,0.0,7,8.6,20090719,232,2009,5.0,1.8,31.2,2.0,19,25.9,78.3,2009-07-19,21.5
200,0.0,7,1.3,20090720,232,2009,9.4,1.2,30.3,0.1,20,26.2,82.1,2009-07-20,22.5
201,0.0,7,1.8,20090721,232,2009,7.5,2.2,28.7,14.5,21,24.7,80.5,2009-07-21,21.5
202,0.0,7,9.3,20090722,232,2009,0.8,1.4,29.3,0.0,22,23.2,75.8,2009-07-22,18.5
203,0.0,7,5.4,20090723,232,2009,6.3,2.0,29.9,0.0,23,24.1,76.1,2009-07-23,18.5
204,0.0,7,3.9,20090724,232,2009,7.6,2.8,26.3,0.0,24,22.5,76.1,2009-07-24,20.6
205,0.0,7,0.0,20090725,232,2009,9.8,1.7,24.6,0.5,25,21.9,79.4,2009-07-25,19.7
206,0.0,7,3.5,20090726,232,2009,6.5,1.6,29.3,0.0,26,24.0,75.5,2009-07-26,20.5
207,0.0,7,7.0,20090727,232,2009,4.0,1.6,29.6,0.0,27,24.7,77.1,2009-07-27,20.3
208,0.0,7,0.0,20090728,232,2009,9.3,1.7,25.0,0.0,28,22.9,80.3,2009-07-28,21.1
209,0.0,7,10.9,20090729,232,2009,3.8,1.4,30.1,0.0,29,24.3,71.3,2009-07-29,18.7
210,0.0,7,8.3,20090730,232,2009,4.4,1.4,31.4,0.0,30,25.0,73.5,2009-07-30,19.2
211,0.0,7,6.2,20090731,232,2009,3.6,1.6,30.5,0.0,31,24.9,76.9,2009-07-31,21.0
212,0.0,8,11.1,20090801,232,2009,4.0,1.4,31.3,0.0,1,25.3,72.5,2009-08-01,19.4
213,0.0,8,5.1,20090802,232,2009,3.6,1.1,31.5,0.3,2,25.4,78.6,2009-08-02,20.7
214,0.0,8,0.1,20090803,232,2009,6.8,1.7,25.5,0.0,3,22.5,79.0,2009-08-03,18.9
215,0.0,8,8.7,20090804,232,2009,4.5,1.8,30.9,0.0,4,24.1,71.3,2009-08-04,17.8
216,0.0,8,10.9,20090805,232,2009,4.3,2.5,30.0,0.0,5,25.5,65.1,2009-08-05,21.2
217,0.0,8,5.5,20090806,232,2009,7.6,2.7,30.2,14.0,6,24.2,74.5,2009-08-06,21.6
218,0.0,8,0.0,20090807,232,2009,9.5,1.7,28.9,1.0,7,25.0,83.5,2009-08-07,22.3
219,0.0,8,3.9,20090808,232,2009,7.0,1.5,31.4,24.5,8,26.0,82.3,2009-08-08,23.1
220,0.0,8,11.8,20090809,232,2009,1.9,2.5,31.6,0.0,9,26.6,73.8,2009-08-09,23.0
221,0.0,8,7.3,20090810,232,2009,6.3,2.3,30.9,0.0,10,26.9,71.9,2009-08-10,21.3
222,0.0,8,0.0,20090811,232,2009,10.0,2.5,26.7,45.0,11,24.7,84.8,2009-08-11,23.7
223,0.0,8,0.0,20090812,232,2009,9.6,1.4,27.6,52.0,12,25.2,90.0,2009-08-12,23.5
224,0.0,8,7.4,20090813,232,2009,5.5,1.5,31.6,0.0,13,25.9,79.9,2009-08-13,21.7
225,0.0,8,8.8,20090814,232,2009,3.3,1.3,32.7,0.0,14,26.0,75.3,2009-08-14,21.2
226,0.0,8,11.3,20090815,232,2009,0.1,1.3,33.3,0.0,15,25.9,71.9,2009-08-15,18.9
227,0.0,8,11.6,20090816,232,2009,2.0,1.9,31.8,0.0,16,26.6,68.4,2009-08-16,20.8
228,0.0,8,4.9,20090817,232,2009,7.5,2.2,30.1,0.0,17,26.3,72.4,2009-08-17,23.7
229,0.0,8,5.4,20090818,232,2009,5.1,1.6,31.3,0.0,18,26.7,76.6,2009-08-18,23.1
230,0.0,8,5.6,20090819,232,2009,6.1,2.0,32.5,0.0,19,27.7,75.8,2009-08-19,23.1
231,0.0,8,0.1,20090820,232,2009,7.6,2.1,28.3,43.5,20,25.3,84.6,2009-08-20,21.2
232,0.0,8,7.9,20090821,232,2009,5.0,1.3,30.6,0.0,21,24.0,72.6,2009-08-21,19.2
233,0.0,8,2.9,20090822,232,2009,7.6,1.6,29.4,0.0,22,23.7,69.6,2009-08-22,18.8
234,0.0,8,12.3,20090823,232,2009,3.3,1.9,30.5,0.0,23,24.3,70.3,2009-08-23,19.2
235,0.0,8,9.4,20090824,232,2009,3.5,1.4,30.2,0.0,24,24.6,70.9,2009-08-24,19.5
236,0.0,8,4.6,20090825,232,2009,5.9,1.8,29.7,0.0,25,24.1,74.1,2009-08-25,20.6
237,0.0,8,4.5,20090826,232,2009,6.9,2.4,28.7,0.0,26,24.5,72.6,2009-08-26,19.7
238,0.0,8,1.6,20090827,232,2009,7.9,2.7,28.9,22.5,27,24.1,83.8,2009-08-27,20.8
239,0.0,8,10.8,20090828,232,2009,3.9,2.4,29.5,0.0,28,24.1,76.6,2009-08-28,19.6
240,0.0,8,6.1,20090829,232,2009,6.8,1.6,27.9,0.0,29,22.5,70.8,2009-08-29,15.1
241,0.0,8,0.0,20090830,232,2009,9.5,2.0,23.3,9.5,30,20.4,78.4,2009-08-30,18.5
242,0.0,8,6.1,20090831,232,2009,2.8,1.6,26.6,0.0,31,20.7,77.1,2009-08-31,14.9
243,0.0,9,11.3,20090901,232,2009,2.1,2.2,27.5,0.0,1,21.7,68.5,2009-09-01,15.7
244,0.0,9,11.1,20090902,232,2009,0.4,2.0,28.7,0.0,2,21.5,68.8,2009-09-02,16.8
245,0.0,9,9.2,20090903,232,2009,3.5,1.6,28.5,0.0,3,21.4,74.6,2009-09-03,15.6
246,0.0,9,9.4,20090904,232,2009,4.4,1.3,29.6,0.0,4,22.4,73.3,2009-09-04,16.2
247,0.0,9,8.2,20090905,232,2009,4.0,1.6,29.7,0.0,5,24.3,72.0,2009-09-05,19.2
248,0.0,9,8.9,20090906,232,2009,1.1,1.3,30.8,0.0,6,23.7,71.0,2009-09-06,18.2
249,0.0,9,0.2,20090907,232,2009,7.9,1.5,27.0,0.0,7,23.1,82.9,2009-09-07,19.4
250,0.0,9,9.1,20090908,232,2009,4.5,1.7,29.1,0.0,8,23.6,73.3,2009-09-08,19.5
251,0.0,9,10.8,20090909,232,2009,3.4,1.7,27.9,0.0,9,21.8,69.6,2009-09-09,16.0
252,0.0,9,9.3,20090910,232,2009,5.0,1.3,27.9,0.0,10,20.5,66.5,2009-09-10,13.5
253,0.0,9,0.2,20090911,232,2009,8.9,1.1,24.1,0.4,11,19.1,82.0,2009-09-11,13.9
254,0.0,9,5.1,20090912,232,2009,5.5,2.4,23.4,11.5,12,19.0,81.1,2009-09-12,15.2
255,0.0,9,10.8,20090913,232,2009,1.6,1.3,26.5,0.0,13,18.8,76.4,2009-09-13,12.9
256,0.0,9,0.0,20090914,232,2009,8.4,1.3,23.8,0.4,14,18.6,83.3,2009-09-14,14.0
257,0.0,9,8.4,20090915,232,2009,2.0,1.5,26.1,0.0,15,19.1,77.3,2009-09-15,14.1
258,0.0,9,8.0,20090916,232,2009,3.9,1.1,26.8,0.0,16,19.4,75.5,2009-09-16,14.4
259,0.0,9,8.3,20090917,232,2009,2.9,1.4,27.2,0.0,17,19.2,74.5,2009-09-17,13.4
260,0.0,9,10.2,20090918,232,2009,0.0,1.5,28.7,0.0,18,19.8,74.3,2009-09-18,12.4
261,0.0,9,10.7,20090919,232,2009,1.8,1.6,26.7,0.0,19,19.6,67.4,2009-09-19,12.2
262,0.0,9,7.3,20090920,232,2009,5.1,1.9,26.5,0.0,20,20.1,71.3,2009-09-20,13.5
263,0.0,9,0.0,20090921,232,2009,9.5,1.3,21.4,1.5,21,19.0,89.6,2009-09-21,16.8
264,0.0,9,5.9,20090922,232,2009,6.6,1.0,25.0,0.0,22,18.7,77.1,2009-09-22,14.0
265,0.0,9,8.9,20090923,232,2009,2.5,1.5,27.8,0.0,23,20.4,69.4,2009-09-23,14.0
266,0.0,9,6.8,20090924,232,2009,4.3,1.0,27.6,0.0,24,19.1,75.0,2009-09-24,11.4
267,0.0,9,0.0,20090925,232,2009,7.8,0.8,23.5,0.0,25,18.5,84.0,2009-09-25,14.7
268,0.0,9,4.9,20090926,232,2009,7.0,1.7,27.9,0.0,26,20.3,80.0,2009-09-26,12.9
269,0.0,9,0.0,20090927,232,2009,10.0,1.5,21.4,8.5,27,19.8,83.3,2009-09-27,18.2
270,0.0,9,1.6,20090928,232,2009,6.9,1.2,24.8,8.5,28,19.8,83.3,2009-09-28,15.9
271,0.0,9,1.3,20090929,232,2009,5.4,1.3,23.7,0.0,29,18.9,85.6,2009-09-29,13.4
272,0.0,9,9.1,20090930,232,2009,3.0,2.0,26.7,0.0,30,20.8,75.8,2009-09-30,17.0
273,0.0,10,8.0,20091001,232,2009,3.1,1.8,27.6,0.0,1,20.3,76.4,2009-10-01,15.5
274,0.0,10,8.1,20091002,232,2009,2.5,2.4,24.6,0.0,2,18.2,69.1,2009-10-02,13.6
275,0.0,10,10.6,20091003,232,2009,1.9,1.9,23.9,0.0,3,17.4,59.9,2009-10-03,7.7
276,0.0,10,7.1,20091004,232,2009,4.1,1.4,21.9,0.1,4,15.6,65.0,2009-10-04,8.1
277,0.0,10,9.8,20091005,232,2009,0.9,1.5,24.6,0.0,5,14.9,72.1,2009-10-05,6.3
278,0.0,10,10.0,20091006,232,2009,0.5,1.0,25.4,0.0,6,15.9,72.9,2009-10-06,9.1
279,0.0,10,4.8,20091007,232,2009,2.8,2.6,22.7,0.0,7,15.9,64.6,2009-10-07,7.4
280,0.0,10,9.0,20091008,232,2009,1.8,1.9,22.6,0.0,8,15.0,59.8,2009-10-08,7.8
281,0.0,10,7.6,20091009,232,2009,2.4,1.3,22.3,0.0,9,13.8,66.3,2009-10-09,6.1
282,0.0,10,10.4,20091010,232,2009,0.3,1.3,22.0,0.0,10,13.7,70.8,2009-10-10,7.3
283,0.0,10,8.2,20091011,232,2009,4.4,1.2,22.7,0.0,11,14.1,72.1,2009-10-11,7.0
284,0.0,10,8.2,20091012,232,2009,3.4,1.5,22.1,0.0,12,13.7,73.1,2009-10-12,7.5
285,0.0,10,5.2,20091013,232,2009,5.3,1.4,21.9,28.0,13,12.7,84.4,2009-10-13,5.6
286,0.0,10,5.4,20091014,232,2009,3.9,1.4,19.6,0.5,14,12.7,81.8,2009-10-14,8.2
287,0.0,10,8.0,20091015,232,2009,1.0,1.3,22.4,0.0,15,12.8,80.1,2009-10-15,6.7
288,0.0,10,7.0,20091016,232,2009,2.9,1.8,22.4,0.0,16,14.8,75.0,2009-10-16,6.8
289,0.0,10,4.0,20091017,232,2009,4.5,2.9,18.8,11.0,17,13.7,74.5,2009-10-17,9.4
290,0.0,10,8.2,20091018,232,2009,4.5,1.7,19.7,0.0,18,12.9,69.0,2009-10-18,7.3
291,0.0,10,4.4,20091019,232,2009,6.5,4.1,17.8,3.5,19,13.2,63.0,2009-10-19,8.7
292,0.0,10,9.6,20091020,232,2009,1.1,1.5,16.4,0.0,20,10.8,59.6,2009-10-20,5.1
293,0.0,10,9.7,20091021,232,2009,1.6,1.8,19.8,0.0,21,12.5,67.1,2009-10-21,6.2
294,0.0,10,7.9,20091022,232,2009,3.1,1.5,20.5,0.0,22,11.5,67.4,2009-10-22,4.2
295,0.0,10,7.1,20091023,232,2009,0.9,1.3,23.2,0.0,23,15.1,69.8,2009-10-23,8.5
296,0.0,10,8.5,20091024,232,2009,0.0,1.9,23.2,0.0,24,16.1,71.5,2009-10-24,10.5
297,0.0,10,7.1,20091025,232,2009,2.5,1.6,22.0,0.0,25,14.9,69.1,2009-10-25,8.6
298,0.0,10,7.8,20091026,232,2009,1.3,1.3,21.2,0.0,26,13.3,79.6,2009-10-26,6.3
299,0.0,10,4.6,20091027,232,2009,2.5,1.3,20.9,0.0,27,14.3,81.8,2009-10-27,8.4
300,0.0,10,5.1,20091028,232,2009,3.8,1.6,22.1,0.0,28,12.4,74.5,2009-10-28,5.6
301,0.0,10,5.6,20091029,232,2009,5.1,2.0,24.4,0.0,29,15.7,62.9,2009-10-29,7.3
302,0.0,10,7.6,20091030,232,2009,3.0,1.3,24.6,0.0,30,16.9,66.8,2009-10-30,12.0
303,0.0,10,2.6,20091031,232,2009,6.6,3.0,23.2,18.0,31,17.9,71.9,2009-10-31,11.1
304,0.0,11,2.4,20091101,232,2009,6.4,3.0,15.1,6.0,1,11.4,74.6,2009-11-01,7.4
305,0.0,11,6.5,20091102,232,2009,2.9,4.4,7.5,0.0,2,2.6,49.3,2009-11-02,-0.9
306,0.0,11,1.6,20091103,232,2009,4.5,1.8,6.9,0.0,3,2.2,65.4,2009-11-03,-4.1
307,0.0,11,1.8,20091104,232,2009,6.6,2.5,15.5,0.0,4,11.3,69.5,2009-11-04,1.4
308,0.0,11,6.8,20091105,232,2009,2.5,1.9,20.3,0.0,5,13.6,68.9,2009-11-05,6.5
309,0.0,11,5.8,20091106,232,2009,3.0,2.1,21.8,0.0,6,13.5,70.9,2009-11-06,6.3
310,0.0,11,1.8,20091107,232,2009,6.0,1.4,22.4,0.0,7,15.5,85.1,2009-11-07,6.6
311,0.0,11,0.0,20091108,232,2009,9.4,1.4,19.5,19.0,8,17.0,89.1,2009-11-08,15.2
312,0.0,11,2.4,20091109,232,2009,7.1,1.0,21.5,0.0,9,17.0,84.6,2009-11-09,15.1
313,0.0,11,0.0,20091110,232,2009,8.9,3.5,17.6,0.0,10,15.3,62.1,2009-11-10,10.9
314,0.0,11,9.1,20091111,232,2009,3.3,3.7,16.1,0.0,11,10.9,52.8,2009-11-11,7.4
315,0.0,11,7.3,20091112,232,2009,4.5,3.7,13.6,0.0,12,10.0,54.0,2009-11-12,4.9
316,0.0,11,0.0,20091113,232,2009,9.3,1.5,11.5,1.5,13,10.3,80.1,2009-11-13,9.1
317,0.0,11,1.7,20091114,232,2009,8.1,4.3,10.6,2.0,14,7.3,65.5,2009-11-14,1.1
318,0.0,11,1.4,20091115,232,2009,8.0,2.9,3.6,1.7,15,1.8,68.0,2009-11-15,0.3
319,0.0,11,3.0,20091116,232,2009,8.5,2.6,3.2,0.0,16,0.5,50.9,2009-11-16,-1.7
320,0.0,11,7.1,20091117,232,2009,4.5,3.0,4.0,0.0,17,0.6,44.5,2009-11-17,-1.8
321,0.0,11,7.7,20091118,232,2009,3.3,1.8,4.6,0.0,18,-1.0,54.8,2009-11-18,-6.3
322,0.0,11,1.5,20091119,232,2009,7.0,1.7,6.7,0.0,19,1.7,60.8,2009-11-19,-2.7
323,0.0,11,3.6,20091120,232,2009,6.1,1.2,5.9,1.0,20,1.3,67.9,2009-11-20,-3.3
324,0.0,11,9.0,20091121,232,2009,1.9,2.0,4.5,0.5,21,0.2,55.9,2009-11-21,-4.5
325,0.0,11,8.1,20091122,232,2009,4.0,1.8,10.0,0.0,22,2.4,58.9,2009-11-22,-5.5
326,0.0,11,1.1,20091123,232,2009,4.0,1.5,13.5,0.0,23,5.9,70.3,2009-11-23,0.9
327,0.0,11,8.5,20091124,232,2009,0.0,1.0,14.9,0.0,24,4.8,77.1,2009-11-24,-1.5
328,0.0,11,0.2,20091125,232,2009,4.6,1.7,8.3,2.0,25,4.4,83.8,2009-11-25,-1.8
329,0.0,11,7.8,20091126,232,2009,2.6,1.5,13.7,0.0,26,5.2,86.1,2009-11-26,-0.9
330,0.0,11,0.0,20091127,232,2009,8.8,1.6,10.3,0.0,27,7.6,77.4,2009-11-27,5.8
331,0.0,11,6.4,20091128,232,2009,5.8,1.1,9.7,0.0,28,5.0,74.6,2009-11-28,0.9
332,0.0,11,0.0,20091129,232,2009,9.9,0.7,6.3,6.0,29,4.5,90.3,2009-11-29,2.1
333,0.0,11,5.3,20091130,232,2009,4.8,1.3,9.7,0.0,30,4.0,83.5,2009-11-30,0.5
334,0.0,12,2.8,20091201,232,2009,4.3,0.7,11.2,0.0,1,4.8,80.9,2009-12-01,0.2
335,0.0,12,2.1,20091202,232,2009,6.4,0.9,9.6,0.0,2,3.9,84.1,2009-12-02,-1.4
336,0.0,12,0.0,20091203,232,2009,7.9,1.4,6.6,0.4,3,3.5,86.0,2009-12-03,-1.1
337,0.0,12,7.9,20091204,232,2009,2.9,1.3,7.1,0.0,4,1.8,81.9,2009-12-04,-3.3
338,0.0,12,1.7,20091205,232,2009,8.0,5.0,6.0,9.0,5,1.7,67.9,2009-12-05,-1.5
339,0.0,12,8.6,20091206,232,2009,0.3,2.9,2.0,0.0,6,-2.1,50.6,2009-12-06,-5.3
340,0.0,12,8.5,20091207,232,2009,0.0,0.8,5.4,0.0,7,-1.9,71.4,2009-12-07,-7.5
341,0.0,12,1.4,20091208,232,2009,6.1,1.1,4.6,0.0,8,0.2,70.8,2009-12-08,-4.7
342,0.0,12,1.1,20091209,232,2009,9.4,1.2,9.4,2.5,9,4.6,73.1,2009-12-09,-1.0
343,0.0,12,0.0,20091210,232,2009,10.0,1.7,9.3,15.5,10,8.2,89.1,2009-12-10,5.5
344,0.0,12,0.0,20091211,232,2009,9.9,1.4,8.8,0.5,11,8.1,92.1,2009-12-11,7.5
345,0.0,12,6.2,20091212,232,2009,5.8,2.2,8.5,0.1,12,5.4,79.9,2009-12-12,1.0
346,0.0,12,5.0,20091213,232,2009,3.9,2.0,7.0,0.0,13,2.6,66.9,2009-12-13,-1.0
347,0.0,12,8.2,20091214,232,2009,3.1,2.3,4.8,0.0,14,0.7,47.0,2009-12-14,-3.0
348,0.0,12,2.9,20091215,232,2009,5.6,3.3,0.5,0.0,15,-1.9,34.8,2009-12-15,-4.9
349,3.5,12,7.8,20091216,232,2009,2.9,2.7,-0.9,1.3,16,-4.4,53.1,2009-12-16,-7.3
350,2.0,12,6.6,20091217,232,2009,4.1,2.1,-2.0,0.8,17,-6.2,64.8,2009-12-17,-12.9
351,5.3,12,5.1,20091218,232,2009,5.8,2.7,-4.1,2.6,18,-7.5,70.1,2009-12-18,-13.4
352,7.3,12,0.4,20091219,232,2009,8.3,1.7,-3.7,2.9,19,-5.7,82.1,2009-12-19,-7.8
353,0.2,12,1.8,20091220,232,2009,4.3,1.8,0.3,0.1,20,-5.0,73.4,2009-12-20,-13.0
354,0.0,12,8.3,20091221,232,2009,0.6,1.3,1.9,0.0,21,-5.2,64.6,2009-12-21,-13.7
355,0.0,12,3.1,20091222,232,2009,6.8,2.6,8.8,0.0,22,3.0,68.6,2009-12-22,-3.7
356,0.0,12,1.6,20091223,232,2009,6.4,1.3,8.9,0.4,23,3.6,81.1,2009-12-23,-1.4
357,0.0,12,4.1,20091224,232,2009,3.4,0.8,8.4,0.0,24,0.8,85.3,2009-12-24,-3.7
358,0.0,12,0.0,20091225,232,2009,7.4,2.1,4.3,1.0,25,0.4,84.3,2009-12-25,-2.7
359,0.5,12,8.4,20091226,232,2009,2.5,3.1,-0.8,0.3,26,-5.4,62.8,2009-12-26,-7.5
360,1.5,12,1.7,20091227,232,2009,5.9,1.5,-2.7,1.3,27,-6.8,70.8,2009-12-27,-11.0
361,0.0,12,5.0,20091228,232,2009,1.5,1.2,-3.3,0.0,28,-8.5,72.4,2009-12-28,-12.4
362,0.0,12,4.5,20091229,232,2009,5.6,2.6,4.4,0.0,29,-2.6,62.6,2009-12-29,-12.8
363,2.0,12,1.2,20091230,232,2009,6.4,4.1,4.7,1.6,30,-1.3,70.1,2009-12-30,-5.2
364,0.5,12,8.2,20091231,232,2009,3.1,3.5,-5.2,0.2,31,-7.9,58.4,2009-12-31,-12.1
