,sunshine,station_id,day,humid,tmin,date,wind,snow,Date,tavg,cloud,year,tmax,month,rainfall
0,3.8,232,1,76.8,-4.6,20160101,1.4,0.0,2016-01-01,1.8,0.0,2016,6.8,1,0.0
1,3.9,232,2,74.8,1.9,20160102,2.0,0.0,2016-01-02,6.1,0.0,2016,12.9,1,0.0
2,4.1,232,3,87.8,0.7,20160103,0.7,0.0,2016-01-03,5.6,0.0,2016,12.1,1,0.0
3,7.4,232,4,68.6,-1.8,20160104,2.8,0.0,2016-01-04,3.9,0.0,2016,7.3,1,0.0
4,5.2,232,5,47.4,-4.5,20160105,2.3,0.0,2016-01-05,-0.9,0.0,2016,2.5,1,0.0
5,0.3,232,6,63.5,-5.9,20160106,1.3,0.0,2016-01-06,-0.1,0.0,2016,3.9,1,0.0
6,6.7,232,7,59.5,-2.4,20160107,2.4,0.0,2016-01-07,-0.5,0.0,2016,2.9,1,0.0
7,8.8,232,8,60.4,-5.6,20160108,1.9,0.0,2016-01-08,-1.3,0.0,2016,2.8,1,0.0
8,5.4,232,9,69.3,-2.1,20160109,1.4,0.0,2016-01-09,0.2,0.0,2016,4.8,1,0.0
9,3.0,232,10,67.4,-3.4,20160110,1.5,0.0,2016-01-10,0.3,0.0,2016,5.7,1,0.0
10,8.3,232,11,62.4,-5.7,20160111,1.9,0.0,2016-01-11,-2.5,0.0,2016,2.1,1,0.0
11,8.4,232,12,68.3,-9.9,20160112,1.8,0.0,2016-01-12,-3.7,0.0,2016,1.9,1,0.0
12,4.2,232,13,76.1,-4.7,20160113,1.8,0.0,2016-01-13,-2.1,0.0,2016,1.9,1,0.5
13,7.3,232,14,61.8,-8.9,20160114,1.2,0.0,2016-01-14,-2.6,0.0,2016,2.3,1,0.0
14,4.8,232,15,70.8,-4.4,20160115,1.1,0.0,2016-01-15,-0.1,0.0,2016,5.4,1,0.0
15,2.3,232,16,72.5,-3.8,20160116,1.2,0.0,2016-01-16,0.6,0.0,2016,6.2,1,0.0
16,0.0,232,17,72.0,-1.2,20160117,1.4,0.0,2016-01-17,2.8,0.0,2016,7.4,1,0.0
17,1.2,232,18,78.9,-8.9,20160118,4.3,0.0,2016-01-18,-4.2,0.0,2016,1.1,1,2.0
18,3.5,232,19,70.4,-11.4,20160119,5.1,0.0,2016-01-19,-9.1,0.0,2016,-5.8,1,1.5
19,6.3,232,20,73.5,-16.8,20160120,1.3,0.0,2016-01-20,-10.9,0.0,2016,-5.7,1,0.0
20,5.0,232,21,72.9,-13.3,20160121,1.2,0.0,2016-01-21,-7.5,0.0,2016,-1.8,1,0.0
21,6.7,232,22,65.6,-14.9,20160122,1.7,0.0,2016-01-22,-7.5,0.0,2016,-1.9,1,0.0
22,4.9,232,23,65.5,-12.4,20160123,3.5,0.0,2016-01-23,-8.9,0.0,2016,-4.8,1,2.5
23,2.5,232,24,76.5,-15.4,20160124,2.0,0.0,2016-01-24,-12.7,0.0,2016,-9.9,1,1.5
24,9.0,232,25,77.8,-18.6,20160125,0.9,0.0,2016-01-25,-10.9,0.0,2016,-4.0,1,0.0
25,5.1,232,26,78.3,-8.4,20160126,1.4,0.0,2016-01-26,-3.5,0.0,2016,3.0,1,0.0
26,8.4,232,27,78.8,-9.6,20160127,0.8,0.0,2016-01-27,-3.3,0.0,2016,4.3,1,0.0
27,0.1,232,28,74.3,-8.8,20160128,0.6,0.0,2016-01-28,-1.0,0.0,2016,3.1,1,0.0
28,0.0,232,29,68.8,-0.6,20160129,0.8,0.0,2016-01-29,2.0,0.0,2016,5.8,1,0.0
29,6.8,232,30,80.5,-5.6,20160130,1.4,0.0,2016-01-30,-0.3,0.0,2016,5.5,1,0.0
30,7.6,232,31,65.4,-5.3,20160131,2.6,0.0,2016-01-31,-2.4,0.0,2016,0.6,1,0.0
31,8.9,232,1,62.9,-9.0,20160201,2.4,0.0,2016-02-01,-5.4,0.0,2016,-0.8,2,0.0
32,9.6,232,2,65.5,-11.7,20160202,1.7,0.0,2016-02-02,-5.9,0.0,2016,0.3,2,0.0
33,8.0,232,3,70.6,-10.6,20160203,1.3,0.0,2016-02-03,-3.5,0.0,2016,4.2,2,0.0
34,7.1,232,4,66.4,-6.6,20160204,1.8,0.0,2016-02-04,-1.0,0.0,2016,4.6,2,0.0
35,9.3,232,5,61.9,-7.7,20160205,1.8,0.0,2016-02-05,-2.1,0.0,2016,3.8,2,0.0
36,9.3,232,6,63.5,-7.4,20160206,2.3,0.0,2016-02-06,-3.1,0.0,2016,1.2,2,0.0
37,9.8,232,7,66.5,-10.2,20160207,1.2,0.0,2016-02-07,-3.7,0.0,2016,3.3,2,0.0
38,5.8,232,8,63.9,-6.3,20160208,3.0,0.0,2016-02-08,2.0,0.0,2016,7.4,2,0.0
39,9.4,232,9,60.9,-3.1,20160209,2.9,0.0,2016-02-09,1.5,0.0,2016,7.0,2,0.0
40,9.8,232,10,60.1,-5.4,20160210,1.2,0.0,2016-02-10,1.7,0.0,2016,11.0,2,0.0
41,2.3,232,11,43.6,-0.8,20160211,2.5,0.0,2016-02-11,7.9,0.0,2016,13.4,2,0.0
42,0.0,232,12,89.3,6.4,20160212,1.8,0.0,2016-02-12,9.9,0.0,2016,11.7,2,9.5
43,0.4,232,13,89.9,6.8,20160213,2.7,0.0,2016-02-13,12.7,0.0,2016,18.4,2,12.0
44,0.2,232,14,78.1,-4.7,20160214,6.2,0.0,2016-02-14,-0.9,0.0,2016,6.7,2,0.1
45,9.7,232,15,63.4,-6.8,20160215,3.7,0.0,2016-02-15,-4.0,0.0,2016,-1.1,2,0.0
46,2.3,232,16,75.6,-5.8,20160216,2.4,0.0,2016-02-16,-0.6,0.0,2016,4.0,2,0.5
47,10.0,232,17,68.6,-5.5,20160217,1.7,0.0,2016-02-17,0.4,0.0,2016,6.6,2,0.0
48,4.9,232,18,64.3,-2.5,20160218,2.8,0.0,2016-02-18,4.2,0.0,2016,9.6,2,0.0
49,0.0,232,19,71.6,-1.8,20160219,1.1,0.0,2016-02-19,2.2,0.0,2016,7.0,2,0.0
50,8.6,232,20,61.0,-2.8,20160220,2.9,0.0,2016-02-20,1.7,0.0,2016,7.5,2,0.0
51,9.3,232,21,50.5,-4.3,20160221,2.4,0.0,2016-02-21,0.5,0.0,2016,5.1,2,0.0
52,1.2,232,22,46.4,-2.3,20160222,1.1,0.0,2016-02-22,2.3,0.0,2016,6.6,2,0.0
53,5.4,232,23,64.5,-2.2,20160223,3.2,0.0,2016-02-23,2.2,0.0,2016,6.1,2,0.5
54,10.4,232,24,57.5,-6.3,20160224,2.8,0.0,2016-02-24,-2.0,0.0,2016,2.6,2,0.0
55,7.5,232,25,62.5,-7.3,20160225,2.0,0.0,2016-02-25,0.4,0.0,2016,5.7,2,0.0
56,4.1,232,26,81.3,-0.7,20160226,1.5,0.0,2016-02-26,2.7,0.0,2016,6.4,2,1.0
57,7.1,232,27,78.1,0.7,20160227,1.4,0.0,2016-02-27,3.4,0.0,2016,7.9,2,6.5
58,0.0,232,28,85.9,-3.6,20160228,1.3,0.0,2016-02-28,0.7,0.0,2016,5.5,2,13.5
59,4.0,232,29,65.6,-6.1,20160229,3.1,0.0,2016-02-29,-2.5,0.0,2016,0.1,2,0.0
60,10.4,232,1,69.9,-10.4,20160301,1.7,0.0,2016-03-01,-3.0,0.0,2016,2.8,3,0.0
61,10.2,232,2,70.4,-3.9,20160302,2.3,0.0,2016-03-02,2.4,0.0,2016,10.0,3,0.0
62,7.2,232,3,76.1,-1.2,20160303,1.6,0.0,2016-03-03,6.4,0.0,2016,14.3,3,0.0
63,1.5,232,4,74.9,3.8,20160304,2.4,0.0,2016-03-04,10.8,0.0,2016,14.8,3,4.0
64,0.7,232,5,88.0,9.9,20160305,2.8,0.0,2016-03-05,12.8,0.0,2016,17.9,3,11.5
65,7.7,232,6,72.4,3.4,20160306,2.1,0.0,2016-03-06,8.1,0.0,2016,13.6,3,0.0
66,1.5,232,7,63.3,1.7,20160307,1.9,0.0,2016-03-07,8.2,0.0,2016,15.5,3,0.0
67,0.1,232,8,56.9,0.9,20160308,2.9,0.0,2016-03-08,4.0,0.0,2016,7.3,3,0.0
68,8.9,232,9,51.6,-0.8,20160309,3.7,0.0,2016-03-09,1.3,0.0,2016,6.0,3,0.0
69,10.1,232,10,48.8,-1.8,20160310,3.8,0.0,2016-03-10,0.3,0.0,2016,3.7,3,0.0
70,10.9,232,11,53.9,-4.9,20160311,2.7,0.0,2016-03-11,0.2,0.0,2016,5.1,3,0.0
71,8.4,232,12,56.0,-5.0,20160312,1.8,0.0,2016-03-12,1.8,0.0,2016,9.2,3,0.0
72,1.5,232,13,63.5,-0.3,20160313,1.3,0.0,2016-03-13,3.6,0.0,2016,8.5,3,0.0
73,5.1,232,14,70.3,-0.6,20160314,2.3,0.0,2016-03-14,4.1,0.0,2016,9.4,3,0.0
74,9.0,232,15,59.5,-4.4,20160315,1.4,0.0,2016-03-15,4.4,0.0,2016,12.9,3,0.0
75,9.1,232,16,52.5,1.0,20160316,1.8,0.0,2016-03-16,7.2,0.0,2016,15.8,3,0.0
76,6.8,232,17,53.0,-2.0,20160317,1.2,0.0,2016-03-17,8.5,0.0,2016,17.1,3,0.0
77,1.6,232,18,73.3,7.3,20160318,1.3,0.0,2016-03-18,11.0,0.0,2016,16.6,3,1.0
78,10.0,232,19,68.6,3.8,20160319,2.1,0.0,2016-03-19,9.6,0.0,2016,16.7,3,0.0
79,10.2,232,20,66.6,0.7,20160320,1.7,0.0,2016-03-20,8.4,0.0,2016,17.6,3,0.0
80,10.7,232,21,63.1,0.8,20160321,1.7,0.0,2016-03-21,8.6,0.0,2016,17.3,3,0.0
81,9.6,232,22,56.1,-0.8,20160322,1.8,0.0,2016-03-22,7.9,0.0,2016,16.1,3,0.0
82,5.4,232,23,61.9,3.9,20160323,2.8,0.0,2016-03-23,7.1,0.0,2016,13.4,3,0.0
83,11.0,232,24,54.0,-0.5,20160324,2.1,0.0,2016-03-24,6.1,0.0,2016,12.4,3,0.0
84,8.3,232,25,56.0,-1.7,20160325,1.7,0.0,2016-03-25,5.4,0.0,2016,13.6,3,0.0
85,10.5,232,26,57.0,-3.1,20160326,1.5,0.0,2016-03-26,4.8,0.0,2016,12.8,3,0.0
86,11.1,232,27,52.4,-2.7,20160327,2.0,0.0,2016-03-27,5.7,0.0,2016,15.1,3,0.0
87,11.5,232,28,48.6,-2.1,20160328,1.6,0.0,2016-03-28,8.3,0.0,2016,18.5,3,0.0
88,4.6,232,29,54.9,5.1,20160329,3.3,0.0,2016-03-29,13.1,0.0,2016,20.8,3,0.0
89,9.0,232,30,61.6,3.5,20160330,1.8,0.0,2016-03-30,10.6,0.0,2016,20.7,3,0.0
90,4.6,232,31,43.0,2.1,20160331,1.5,0.0,2016-03-31,12.1,0.0,2016,22.2,3,0.0
91,10.1,232,1,33.4,1.6,20160401,1.1,0.0,2016-04-01,13.2,0.0,2016,24.5,4,0.0
92,10.0,232,2,38.9,3.4,20160402,1.5,0.0,2016-04-02,14.2,0.0,2016,24.0,4,0.0
93,0.2,232,3,68.5,7.4,20160403,1.1,0.0,2016-04-03,11.6,0.0,2016,15.6,4,0.3
94,7.5,232,4,51.8,9.1,20160404,1.7,0.0,2016-04-04,13.0,0.0,2016,19.1,4,0.0
95,11.0,232,5,36.4,1.0,20160405,1.7,0.0,2016-04-05,10.5,0.0,2016,19.3,4,0.0
96,5.4,232,6,45.4,2.0,20160406,1.8,0.0,2016-04-06,12.8,0.0,2016,22.8,4,3.6
97,5.2,232,7,73.8,9.3,20160407,2.2,0.0,2016-04-07,13.1,0.0,2016,19.2,4,15.9
98,7.7,232,8,71.3,5.8,20160408,1.3,0.0,2016-04-08,12.3,0.0,2016,22.3,4,0.0
99,6.7,232,9,74.1,5.9,20160409,1.3,0.0,2016-04-09,14.1,0.0,2016,21.4,4,0.0
100,5.5,232,10,66.9,9.3,20160410,1.7,0.0,2016-04-10,14.7,0.0,2016,23.7,4,0.0
101,9.6,232,11,48.3,8.0,20160411,2.0,0.0,2016-04-11,12.9,0.0,2016,18.7,4,0.0
102,7.3,232,12,47.3,8.0,20160412,1.9,0.0,2016-04-12,13.2,0.0,2016,20.5,4,0.0
103,4.4,232,13,85.4,10.6,20160413,1.1,0.0,2016-04-13,13.8,0.0,2016,20.8,4,24.8
104,4.7,232,14,75.9,8.7,20160414,1.6,0.0,2016-04-14,13.3,0.0,2016,17.9,4,0.0
105,10.3,232,15,56.6,3.7,20160415,1.3,0.0,2016-04-15,13.6,0.0,2016,23.8,4,0.0
106,2.2,232,16,69.0,5.5,20160416,2.3,0.0,2016-04-16,13.8,0.0,2016,19.6,4,27.5
107,7.0,232,17,52.8,9.7,20160417,5.1,0.0,2016-04-17,12.1,0.0,2016,15.8,4,12.0
108,9.4,232,18,57.9,5.3,20160418,2.5,0.0,2016-04-18,11.9,0.0,2016,18.8,4,2.7
109,8.4,232,19,61.4,7.1,20160419,1.5,0.0,2016-04-19,11.6,0.0,2016,18.6,4,0.0
110,1.7,232,20,70.6,5.8,20160420,1.0,0.0,2016-04-20,11.6,0.0,2016,17.7,4,3.4
111,1.5,232,21,84.1,10.3,20160421,2.2,0.0,2016-04-21,13.9,0.0,2016,18.8,4,20.9
112,8.6,232,22,73.0,12.5,20160422,2.1,0.0,2016-04-22,16.5,0.0,2016,25.6,4,0.0
113,2.2,232,23,53.6,7.7,20160423,1.0,0.0,2016-04-23,13.2,0.0,2016,20.5,4,0.0
114,9.4,232,24,45.0,3.7,20160424,1.2,0.0,2016-04-24,13.7,0.0,2016,23.1,4,0.0
115,10.7,232,25,45.0,5.8,20160425,1.1,0.0,2016-04-25,15.6,0.0,2016,25.3,4,0.0
116,9.6,232,26,38.9,6.6,20160426,1.4,0.0,2016-04-26,18.8,0.0,2016,28.7,4,0.0
117,0.0,232,27,56.5,11.6,20160427,2.8,0.0,2016-04-27,14.5,0.0,2016,19.6,4,7.2
118,6.1,232,28,63.5,9.2,20160428,1.2,0.0,2016-04-28,13.9,0.0,2016,20.8,4,0.0
119,10.3,232,29,58.0,7.1,20160429,1.5,0.0,2016-04-29,14.2,0.0,2016,22.5,4,0.0
120,9.2,232,30,49.4,6.6,20160430,2.2,0.0,2016-04-30,15.9,0.0,2016,24.0,4,0.0
121,9.1,232,1,43.1,8.2,20160501,1.6,0.0,2016-05-01,17.6,0.0,2016,27.3,5,0.0
122,7.8,232,2,64.4,10.0,20160502,1.7,0.0,2016-05-02,18.6,0.0,2016,27.6,5,11.5
123,0.1,232,3,79.5,10.4,20160503,4.7,0.0,2016-05-03,14.1,0.0,2016,18.3,5,22.6
124,11.7,232,4,31.1,11.8,20160504,5.6,0.0,2016-05-04,16.7,0.0,2016,21.8,5,0.0
125,9.1,232,5,48.1,5.6,20160505,1.5,0.0,2016-05-05,17.9,0.0,2016,26.6,5,0.0
126,0.3,232,6,71.3,13.6,20160506,2.0,0.0,2016-05-06,18.6,0.0,2016,23.0,5,0.0
127,10.4,232,7,55.5,9.5,20160507,1.7,0.0,2016-05-07,15.3,0.0,2016,22.1,5,0.0
128,10.8,232,8,50.1,7.1,20160508,1.3,0.0,2016-05-08,17.3,0.0,2016,26.5,5,0.0
129,5.6,232,9,48.6,11.1,20160509,1.3,0.0,2016-05-09,18.4,0.0,2016,26.2,5,0.0
130,0.0,232,10,85.3,12.1,20160510,1.9,0.0,2016-05-10,13.6,0.0,2016,17.3,5,19.3
131,9.5,232,11,67.1,10.5,20160511,1.3,0.0,2016-05-11,16.0,0.0,2016,23.0,5,0.8
132,11.7,232,12,61.8,9.1,20160512,1.9,0.0,2016-05-12,17.3,0.0,2016,25.2,5,0.0
133,8.3,232,13,64.4,12.5,20160513,1.7,0.0,2016-05-13,16.7,0.0,2016,22.4,5,0.0
134,10.4,232,14,50.9,9.9,20160514,1.7,0.0,2016-05-14,18.3,0.0,2016,25.6,5,0.0
135,6.4,232,15,72.0,11.6,20160515,2.2,0.0,2016-05-15,17.5,0.0,2016,25.6,5,26.7
136,10.4,232,16,58.3,8.5,20160516,2.2,0.0,2016-05-16,14.5,0.0,2016,21.9,5,8.0
137,12.0,232,17,58.0,6.0,20160517,1.0,0.0,2016-05-17,16.5,0.0,2016,26.6,5,0.0
138,12.3,232,18,54.8,8.7,20160518,0.9,0.0,2016-05-18,19.5,0.0,2016,29.0,5,0.0
139,11.7,232,19,53.4,11.2,20160519,0.8,0.0,2016-05-19,20.9,0.0,2016,30.4,5,0.0
140,11.5,232,20,52.8,11.6,20160520,0.9,0.0,2016-05-20,20.6,0.0,2016,29.5,5,0.0
141,11.4,232,21,42.3,10.5,20160521,1.4,0.0,2016-05-21,20.1,0.0,2016,28.5,5,0.0
142,11.9,232,22,48.3,10.6,20160522,1.2,0.0,2016-05-22,20.1,0.0,2016,29.2,5,0.0
143,10.0,232,23,47.6,11.3,20160523,0.9,0.0,2016-05-23,21.0,0.0,2016,28.8,5,0.0
144,2.8,232,24,80.4,14.3,20160524,1.4,0.0,2016-05-24,17.5,0.0,2016,20.3,5,18.3
145,5.4,232,25,76.5,13.2,20160525,1.0,0.0,2016-05-25,18.1,0.0,2016,24.9,5,0.0
146,4.2,232,26,72.0,14.0,20160526,1.0,0.0,2016-05-26,19.3,0.0,2016,24.5,5,0.0
147,6.5,232,27,58.8,14.7,20160527,0.9,0.0,2016-05-27,20.7,0.0,2016,27.7,5,0.0
148,9.3,232,28,58.6,14.3,20160528,1.2,0.0,2016-05-28,19.9,0.0,2016,26.7,5,0.0
149,6.7,232,29,55.9,13.9,20160529,1.1,0.0,2016-05-29,19.6,0.0,2016,26.4,5,0.0
150,10.9,232,30,61.0,11.9,20160530,1.4,0.0,2016-05-30,20.2,0.0,2016,27.9,5,0.0
151,10.2,232,31,64.8,13.4,20160531,1.4,0.0,2016-05-31,20.7,0.0,2016,27.9,5,0.0
152,11.1,232,1,54.8,15.5,20160601,1.7,0.0,2016-06-01,20.9,0.0,2016,27.5,6,0.0
153,12.5,232,2,51.4,11.7,20160602,1.2,0.0,2016-06-02,20.5,0.0,2016,28.4,6,0.0
154,9.4,232,3,57.6,12.6,20160603,1.0,0.0,2016-06-03,20.6,0.0,2016,28.0,6,0.0
155,0.1,232,4,66.0,15.0,20160604,0.9,0.0,2016-06-04,18.6,0.0,2016,22.7,6,0.0
156,10.7,232,5,53.8,12.5,20160605,1.3,0.0,2016-06-05,21.6,0.0,2016,29.6,6,0.0
157,0.3,232,6,71.5,14.8,20160606,2.0,0.0,2016-06-06,18.7,0.0,2016,21.6,6,0.0
158,6.1,232,7,69.9,17.6,20160607,1.1,0.0,2016-06-07,21.1,0.0,2016,26.4,6,0.0
159,8.1,232,8,68.3,16.9,20160608,1.3,0.0,2016-06-08,20.8,0.0,2016,25.9,6,0.0
160,10.2,232,9,66.5,14.0,20160609,1.0,0.0,2016-06-09,21.9,0.0,2016,29.9,6,0.0
161,9.8,232,10,0.0,16.2,20160610,1.1,0.0,2016-06-10,23.2,0.0,2016,30.8,6,0.0
162,5.1,232,11,73.4,19.3,20160611,1.4,0.0,2016-06-11,23.9,0.0,2016,28.7,6,0.0
163,1.0,232,12,80.5,20.9,20160612,1.0,0.0,2016-06-12,23.7,0.0,2016,27.0,6,0.1
164,6.0,232,13,75.0,18.9,20160613,1.5,0.0,2016-06-13,22.5,0.0,2016,28.0,6,0.0
165,6.2,232,14,74.5,15.9,20160614,1.2,0.0,2016-06-14,22.3,0.0,2016,29.1,6,0.0
166,1.8,232,15,80.5,19.0,20160615,1.6,0.0,2016-06-15,21.2,0.0,2016,25.7,6,0.3
167,4.9,232,16,75.3,17.3,20160616,1.7,0.0,2016-06-16,20.9,0.0,2016,25.1,6,0.3
168,9.3,232,17,72.4,14.5,20160617,1.1,0.0,2016-06-17,21.6,0.0,2016,28.9,6,0.0
169,11.5,232,18,68.4,16.1,20160618,1.3,0.0,2016-06-18,23.1,0.0,2016,30.5,6,0.0
170,9.5,232,19,70.8,18.8,20160619,1.2,0.0,2016-06-19,23.5,0.0,2016,29.3,6,0.0
171,7.3,232,20,69.4,17.0,20160620,1.1,0.0,2016-06-20,23.5,0.0,2016,30.3,6,0.0
172,6.8,232,21,70.1,18.1,20160621,0.9,0.0,2016-06-21,24.5,0.0,2016,31.1,6,0.0
173,4.3,232,22,75.0,21.0,20160622,1.6,0.0,2016-06-22,24.6,0.0,2016,29.8,6,0.0
174,8.9,232,23,74.9,19.4,20160623,1.5,0.0,2016-06-23,24.7,0.0,2016,30.5,6,0.5
175,2.3,232,24,87.1,19.6,20160624,2.0,0.0,2016-06-24,21.5,0.0,2016,25.3,6,35.0
176,10.5,232,25,66.8,16.2,20160625,2.7,0.0,2016-06-25,21.9,0.0,2016,26.9,6,0.0
177,12.2,232,26,66.6,15.1,20160626,1.5,0.0,2016-06-26,22.4,0.0,2016,29.0,6,0.0
178,5.4,232,27,67.4,15.6,20160627,0.9,0.0,2016-06-27,22.8,0.0,2016,29.2,6,0.0
179,9.7,232,28,66.8,16.1,20160628,1.0,0.0,2016-06-28,23.4,0.0,2016,30.3,6,0.0
180,5.7,232,29,73.8,18.5,20160629,1.5,0.0,2016-06-29,23.1,0.0,2016,27.4,6,0.0
181,4.1,232,30,76.9,21.2,20160630,1.5,0.0,2016-06-30,24.9,0.0,2016,28.0,6,0.0
182,0.3,232,1,88.0,22.9,20160701,1.9,0.0,2016-07-01,24.4,0.0,2016,28.1,7,64.9
183,2.3,232,2,81.6,21.1,20160702,1.4,0.0,2016-07-02,23.7,0.0,2016,28.0,7,1.4
184,0.9,232,3,86.9,20.5,20160703,0.8,0.0,2016-07-03,22.1,0.0,2016,25.1,7,1.0
185,0.0,232,4,99.0,19.7,20160704,2.0,0.0,2016-07-04,21.8,0.0,2016,24.4,7,89.2
186,0.6,232,5,91.4,22.0,20160705,2.0,0.0,2016-07-05,24.6,0.0,2016,28.3,7,78.3
187,3.0,232,6,90.3,20.8,20160706,1.1,0.0,2016-07-06,23.4,0.0,2016,28.3,7,17.0
188,2.6,232,7,84.9,21.2,20160707,1.0,0.0,2016-07-07,24.2,0.0,2016,27.7,7,0.0
189,10.3,232,8,76.4,21.5,20160708,1.1,0.0,2016-07-08,25.9,0.0,2016,31.7,7,0.0
190,10.3,232,9,72.3,20.2,20160709,1.0,0.0,2016-07-09,25.4,0.0,2016,32.0,7,0.0
191,6.8,232,10,74.9,19.2,20160710,0.8,0.0,2016-07-10,24.8,0.0,2016,30.9,7,0.0
192,4.5,232,11,75.1,20.3,20160711,0.8,0.0,2016-07-11,25.9,0.0,2016,31.8,7,1.1
193,3.5,232,12,83.3,21.9,20160712,1.0,0.0,2016-07-12,24.6,0.0,2016,28.6,7,2.2
194,5.3,232,13,77.6,20.3,20160713,1.2,0.0,2016-07-13,24.1,0.0,2016,28.7,7,0.0
195,6.6,232,14,77.6,20.3,20160714,1.2,0.0,2016-07-14,24.3,0.0,2016,29.2,7,0.6
196,4.7,232,15,71.1,19.9,20160715,2.1,0.0,2016-07-15,24.2,0.0,2016,28.2,7,1.5
197,0.1,232,16,93.3,19.4,20160716,2.6,0.0,2016-07-16,21.1,0.0,2016,22.9,7,25.2
198,0.1,232,17,84.8,20.4,20160717,1.4,0.0,2016-07-17,21.9,0.0,2016,24.2,7,0.6
199,5.2,232,18,80.3,19.7,20160718,0.7,0.0,2016-07-18,22.8,0.0,2016,28.4,7,0.0
200,10.8,232,19,75.8,18.2,20160719,0.8,0.0,2016-07-19,25.2,0.0,2016,32.6,7,0.0
201,8.8,232,20,74.0,22.1,20160720,2.0,0.0,2016-07-20,26.2,0.0,2016,31.4,7,0.0
202,7.9,232,21,73.0,21.5,20160721,1.9,0.0,2016-07-21,25.8,0.0,2016,31.1,7,0.0
203,10.9,232,22,72.4,21.9,20160722,1.7,0.0,2016-07-22,27.3,0.0,2016,32.8,7,0.0
204,10.4,232,23,73.6,24.3,20160723,1.3,0.0,2016-07-23,28.0,0.0,2016,33.3,7,0.0
205,4.3,232,24,84.1,25.0,20160724,1.1,0.0,2016-07-24,27.4,0.0,2016,32.2,7,20.4
206,4.7,232,25,81.6,24.4,20160725,0.6,0.0,2016-07-25,27.8,0.0,2016,32.3,7,0.0
207,9.3,232,26,78.0,22.3,20160726,1.0,0.0,2016-07-26,27.1,0.0,2016,32.8,7,0.0
208,3.1,232,27,82.3,22.3,20160727,1.1,0.0,2016-07-27,26.8,0.0,2016,29.9,7,0.0
209,10.0,232,28,74.3,22.4,20160728,1.6,0.0,2016-07-28,27.5,0.0,2016,32.0,7,0.0
210,0.8,232,29,92.8,21.7,20160729,0.9,0.0,2016-07-29,24.5,0.0,2016,26.8,7,38.1
211,4.7,232,30,89.8,23.9,20160730,1.0,0.0,2016-07-30,26.4,0.0,2016,31.9,7,22.8
212,9.6,232,31,84.6,24.1,20160731,1.0,0.0,2016-07-31,27.2,0.0,2016,32.8,7,0.0
213,6.9,232,1,77.8,22.7,20160801,0.9,0.0,2016-08-01,27.1,0.0,2016,32.0,8,0.0
214,0.6,232,2,84.5,22.0,20160802,0.9,0.0,2016-08-02,26.5,0.0,2016,30.7,8,5.5
215,9.8,232,3,80.5,21.9,20160803,0.8,0.0,2016-08-03,26.6,0.0,2016,32.9,8,0.4
216,9.7,232,4,78.8,22.2,20160804,1.0,0.0,2016-08-04,27.3,0.0,2016,33.7,8,0.0
217,10.4,232,5,75.8,22.9,20160805,0.7,0.0,2016-08-05,28.3,0.0,2016,34.2,8,0.0
218,9.9,232,6,74.8,22.9,20160806,0.9,0.0,2016-08-06,28.7,0.0,2016,35.1,8,0.0
219,9.9,232,7,75.5,23.5,20160807,1.3,0.0,2016-08-07,27.6,0.0,2016,33.3,8,0.0
220,10.4,232,8,74.9,21.6,20160808,0.9,0.0,2016-08-08,27.6,0.0,2016,33.9,8,0.0
221,8.5,232,9,79.4,23.5,20160809,1.2,0.0,2016-08-09,27.5,0.0,2016,33.7,8,0.0
222,8.7,232,10,77.3,23.7,20160810,0.8,0.0,2016-08-10,27.5,0.0,2016,32.9,8,0.0
223,11.1,232,11,72.1,21.0,20160811,0.9,0.0,2016-08-11,27.7,0.0,2016,34.4,8,0.0
224,11.2,232,12,70.0,21.9,20160812,1.0,0.0,2016-08-12,28.0,0.0,2016,33.8,8,0.0
225,9.9,232,13,74.4,22.7,20160813,1.1,0.0,2016-08-13,27.8,0.0,2016,33.1,8,0.0
226,8.6,232,14,78.4,22.9,20160814,1.0,0.0,2016-08-14,27.6,0.0,2016,32.9,8,0.0
227,8.1,232,15,72.8,23.4,20160815,1.0,0.0,2016-08-15,27.4,0.0,2016,32.5,8,0.0
228,9.7,232,16,64.6,22.8,20160816,1.0,0.0,2016-08-16,27.8,0.0,2016,33.9,8,0.0
229,10.3,232,17,72.6,22.4,20160817,0.9,0.0,2016-08-17,27.4,0.0,2016,33.8,8,0.0
230,7.2,232,18,73.1,22.7,20160818,0.9,0.0,2016-08-18,27.8,0.0,2016,34.4,8,0.0
231,5.8,232,19,71.8,23.1,20160819,0.9,0.0,2016-08-19,28.1,0.0,2016,33.7,8,0.0
232,10.2,232,20,66.6,23.9,20160820,1.2,0.0,2016-08-20,28.3,0.0,2016,34.9,8,0.0
233,6.8,232,21,63.5,21.4,20160821,1.2,0.0,2016-08-21,27.0,0.0,2016,33.4,8,0.0
234,8.9,232,22,67.0,21.0,20160822,1.0,0.0,2016-08-22,27.6,0.0,2016,34.8,8,0.0
235,5.5,232,23,77.1,23.0,20160823,1.4,0.0,2016-08-23,27.0,0.0,2016,32.8,8,0.1
236,9.3,232,24,71.9,22.8,20160824,1.3,0.0,2016-08-24,26.9,0.0,2016,32.5,8,0.0
237,7.8,232,25,71.0,20.7,20160825,1.0,0.0,2016-08-25,26.8,0.0,2016,32.9,8,0.0
238,0.0,232,26,84.3,17.6,20160826,2.7,0.0,2016-08-26,20.5,0.0,2016,25.5,8,13.8
239,7.1,232,27,65.0,15.4,20160827,2.6,0.0,2016-08-27,21.5,0.0,2016,25.9,8,0.3
240,0.9,232,28,78.8,16.8,20160828,2.0,0.0,2016-08-28,19.5,0.0,2016,23.1,8,3.7
241,7.0,232,29,79.1,14.9,20160829,1.7,0.0,2016-08-29,18.9,0.0,2016,26.0,8,22.6
242,2.7,232,30,87.4,15.2,20160830,2.0,0.0,2016-08-30,18.6,0.0,2016,22.9,8,4.9
243,0.2,232,31,89.0,16.3,20160831,3.8,0.0,2016-08-31,18.6,0.0,2016,22.3,8,30.7
244,8.8,232,1,77.5,17.1,20160901,1.6,0.0,2016-09-01,22.9,0.0,2016,29.9,9,0.9
245,5.5,232,2,78.3,19.0,20160902,2.7,0.0,2016-09-02,22.3,0.0,2016,25.8,9,5.5
246,7.1,232,3,78.3,20.2,20160903,1.3,0.0,2016-09-03,23.4,0.0,2016,29.5,9,0.0
247,4.0,232,4,79.4,19.7,20160904,0.9,0.0,2016-09-04,24.6,0.0,2016,29.4,9,0.0
248,7.3,232,5,80.3,18.7,20160905,0.9,0.0,2016-09-05,24.3,0.0,2016,30.4,9,0.0
249,1.6,232,6,86.3,17.2,20160906,0.6,0.0,2016-09-06,21.5,0.0,2016,27.2,9,0.0
250,4.1,232,7,78.5,17.6,20160907,0.7,0.0,2016-09-07,22.2,0.0,2016,27.8,9,0.0
251,6.3,232,8,83.1,17.8,20160908,0.7,0.0,2016-09-08,21.5,0.0,2016,27.5,9,3.8
252,7.1,232,9,79.0,17.9,20160909,0.8,0.0,2016-09-09,21.9,0.0,2016,28.3,9,0.0
253,6.7,232,10,77.4,17.5,20160910,0.7,0.0,2016-09-10,22.6,0.0,2016,29.1,9,0.0
254,6.6,232,11,75.6,17.7,20160911,0.9,0.0,2016-09-11,22.3,0.0,2016,28.1,9,0.0
255,6.1,232,12,74.3,19.3,20160912,1.0,0.0,2016-09-12,23.0,0.0,2016,28.6,9,0.0
256,9.6,232,13,76.4,16.7,20160913,0.9,0.0,2016-09-13,22.3,0.0,2016,28.7,9,0.0
257,5.9,232,14,76.6,18.3,20160914,0.9,0.0,2016-09-14,22.4,0.0,2016,28.3,9,0.0
258,6.7,232,15,77.9,14.9,20160915,0.7,0.0,2016-09-15,20.9,0.0,2016,28.3,9,0.0
259,0.9,232,16,84.8,17.5,20160916,0.6,0.0,2016-09-16,21.6,0.0,2016,26.5,9,9.3
260,0.0,232,17,94.0,19.6,20160917,2.1,0.0,2016-09-17,20.1,0.0,2016,20.9,9,29.8
261,0.4,232,18,84.4,17.5,20160918,1.9,0.0,2016-09-18,19.5,0.0,2016,21.8,9,0.6
262,7.6,232,19,67.4,14.2,20160919,2.7,0.0,2016-09-19,19.8,0.0,2016,24.6,9,0.0
263,11.0,232,20,63.3,10.8,20160920,2.1,0.0,2016-09-20,17.5,0.0,2016,23.9,9,0.0
264,8.2,232,21,72.4,9.9,20160921,1.2,0.0,2016-09-21,16.9,0.0,2016,22.9,9,0.0
265,7.6,232,22,73.1,14.5,20160922,0.9,0.0,2016-09-22,18.7,0.0,2016,25.6,9,0.0
266,9.9,232,23,75.6,12.6,20160923,0.7,0.0,2016-09-23,18.9,0.0,2016,26.7,9,0.0
267,8.6,232,24,75.8,13.9,20160924,0.6,0.0,2016-09-24,19.9,0.0,2016,27.0,9,0.0
268,2.7,232,25,83.3,15.3,20160925,0.6,0.0,2016-09-25,19.7,0.0,2016,26.0,9,0.0
269,2.8,232,26,81.9,15.7,20160926,0.9,0.0,2016-09-26,20.5,0.0,2016,26.3,9,0.0
270,0.1,232,27,90.1,18.6,20160927,0.7,0.0,2016-09-27,20.8,0.0,2016,23.8,9,5.1
271,2.8,232,28,83.0,17.2,20160928,1.0,0.0,2016-09-28,21.0,0.0,2016,25.8,9,0.0
272,0.1,232,29,76.8,15.5,20160929,2.2,0.0,2016-09-29,19.4,0.0,2016,22.0,9,0.0
273,0.2,232,30,85.6,14.9,20160930,1.0,0.0,2016-09-30,17.2,0.0,2016,20.3,9,0.0
274,1.1,232,1,86.0,14.3,20161001,0.8,0.0,2016-10-01,18.3,0.0,2016,22.4,10,0.0
275,0.1,232,2,83.8,17.0,20161002,1.4,0.0,2016-10-02,19.7,0.0,2016,22.3,10,0.6
276,5.1,232,3,84.3,17.0,20161003,1.3,0.0,2016-10-03,22.6,0.0,2016,27.5,10,15.9
277,7.4,232,4,74.8,13.8,20161004,2.3,0.0,2016-10-04,20.5,0.0,2016,27.4,10,0.0
278,3.4,232,5,84.3,15.8,20161005,1.9,0.0,2016-10-05,18.8,0.0,2016,23.9,10,11.5
279,10.3,232,6,73.1,12.0,20161006,1.2,0.0,2016-10-06,16.8,0.0,2016,22.8,10,0.0
280,6.6,232,7,83.1,11.6,20161007,1.8,0.0,2016-10-07,17.4,0.0,2016,23.4,10,18.6
281,6.1,232,8,72.6,13.5,20161008,1.7,0.0,2016-10-08,16.8,0.0,2016,21.6,10,16.0
282,10.5,232,9,60.9,7.2,20161009,1.6,0.0,2016-10-09,10.7,0.0,2016,16.0,10,0.0
283,6.2,232,10,77.9,5.4,20161010,0.5,0.0,2016-10-10,10.8,0.0,2016,17.0,10,0.0
284,5.2,232,11,80.5,7.7,20161011,0.5,0.0,2016-10-11,12.3,0.0,2016,20.1,10,0.0
285,8.0,232,12,71.3,8.6,20161012,0.9,0.0,2016-10-12,13.3,0.0,2016,20.0,10,0.0
286,5.5,232,13,74.1,6.8,20161013,0.5,0.0,2016-10-13,12.0,0.0,2016,20.0,10,0.0
287,8.7,232,14,76.9,5.8,20161014,0.6,0.0,2016-10-14,13.1,0.0,2016,22.6,10,0.0
288,6.1,232,15,78.5,7.7,20161015,0.6,0.0,2016-10-15,15.3,0.0,2016,24.9,10,0.0
289,0.0,232,16,87.4,13.3,20161016,0.9,0.0,2016-10-16,16.1,0.0,2016,19.3,10,2.8
290,5.7,232,17,83.4,12.5,20161017,0.9,0.0,2016-10-17,16.8,0.0,2016,21.7,10,1.0
291,4.7,232,18,87.1,12.3,20161018,0.8,0.0,2016-10-18,15.2,0.0,2016,21.4,10,0.0
292,6.4,232,19,79.9,10.8,20161019,0.6,0.0,2016-10-19,15.1,0.0,2016,23.2,10,0.0
293,2.6,232,20,78.9,9.4,20161020,1.1,0.0,2016-10-20,15.4,0.0,2016,20.5,10,0.0
294,0.2,232,21,67.9,14.9,20161021,2.6,0.0,2016-10-21,16.5,0.0,2016,18.4,10,0.0
295,5.3,232,22,68.6,13.2,20161022,1.3,0.0,2016-10-22,16.9,0.0,2016,21.6,10,0.0
296,0.3,232,23,78.5,10.8,20161023,3.2,0.0,2016-10-23,13.7,0.0,2016,17.1,10,2.5
297,8.4,232,24,66.8,7.8,20161024,2.1,0.0,2016-10-24,14.0,0.0,2016,19.1,10,0.0
298,1.0,232,25,92.1,10.4,20161025,1.6,0.0,2016-10-25,13.3,0.0,2016,18.2,10,23.0
299,0.3,232,26,88.8,8.3,20161026,0.7,0.0,2016-10-26,11.5,0.0,2016,16.0,10,0.0
300,0.5,232,27,78.3,7.3,20161027,1.5,0.0,2016-10-27,13.5,0.0,2016,18.2,10,0.0
301,0.4,232,28,76.9,12.1,20161028,1.2,0.0,2016-10-28,13.7,0.0,2016,15.7,10,4.0
302,1.0,232,29,55.5,4.4,20161029,1.4,0.0,2016-10-29,8.2,0.0,2016,12.3,10,0.0
303,9.1,232,30,58.3,-2.3,20161030,0.7,0.0,2016-10-30,4.9,0.0,2016,14.2,10,0.0
304,0.1,232,31,65.1,2.0,20161031,1.0,0.0,2016-10-31,6.4,0.0,2016,10.1,10,0.0
305,9.0,232,1,50.5,-2.9,20161101,1.7,0.0,2016-11-01,2.0,0.0,2016,7.2,11,0.0
306,9.1,232,2,62.9,-5.7,20161102,0.8,0.0,2016-11-02,3.0,0.0,2016,10.8,11,0.0
307,5.8,232,3,68.8,1.3,20161103,0.9,0.0,2016-11-03,6.3,0.0,2016,14.9,11,0.0
308,7.4,232,4,74.5,-0.2,20161104,1.1,0.0,2016-11-04,8.9,0.0,2016,17.7,11,0.0
309,2.8,232,5,81.0,6.2,20161105,1.0,0.0,2016-11-05,11.8,0.0,2016,19.4,11,0.0
310,7.4,232,6,69.8,8.2,20161106,2.6,0.0,2016-11-06,12.9,0.0,2016,17.5,11,0.0
311,3.6,232,7,67.3,9.8,20161107,1.5,0.0,2016-11-07,13.6,0.0,2016,18.2,11,5.0
312,6.2,232,8,63.3,0.5,20161108,1.9,0.0,2016-11-08,5.7,0.0,2016,10.0,11,1.0
313,8.1,232,9,57.8,-4.2,20161109,1.0,0.0,2016-11-09,1.6,0.0,2016,8.7,11,0.0
314,1.8,232,10,82.6,-0.3,20161110,1.0,0.0,2016-11-10,5.4,0.0,2016,12.4,11,9.0
315,6.7,232,11,74.6,2.7,20161111,1.1,0.0,2016-11-11,8.1,0.0,2016,14.2,11,0.5
316,6.4,232,12,72.0,0.4,20161112,0.8,0.0,2016-11-12,8.1,0.0,2016,17.5,11,0.0
317,3.0,232,13,77.9,4.3,20161113,0.7,0.0,2016-11-13,11.2,0.0,2016,19.0,11,0.0
318,5.4,232,14,75.1,7.0,20161114,1.1,0.0,2016-11-14,14.0,0.0,2016,21.2,11,0.0
319,8.4,232,15,53.4,-1.0,20161115,1.7,0.0,2016-11-15,6.2,0.0,2016,14.2,11,0.0
320,7.9,232,16,62.9,-3.6,20161116,0.6,0.0,2016-11-16,3.3,0.0,2016,11.9,11,0.0
321,8.0,232,17,67.9,-1.2,20161117,0.6,0.0,2016-11-17,5.5,0.0,2016,14.8,11,0.0
322,2.6,232,18,86.8,0.0,20161118,0.7,0.0,2016-11-18,7.5,0.0,2016,14.5,11,16.0
323,0.2,232,19,92.8,9.9,20161119,0.6,0.0,2016-11-19,12.0,0.0,2016,13.8,11,1.0
324,7.6,232,20,71.9,2.6,20161120,1.5,0.0,2016-11-20,9.9,0.0,2016,15.6,11,0.0
325,0.4,232,21,83.8,1.8,20161121,0.5,0.0,2016-11-21,7.2,0.0,2016,11.9,11,0.0
326,4.5,232,22,50.1,0.3,20161122,2.4,0.0,2016-11-22,4.2,0.0,2016,9.1,11,0.0
327,7.2,232,23,40.0,-4.0,20161123,1.5,0.0,2016-11-23,0.2,0.0,2016,4.7,11,0.0
328,8.9,232,24,50.5,-5.9,20161124,1.8,0.0,2016-11-24,-1.3,0.0,2016,3.5,11,0.0
329,5.7,232,25,64.5,-6.7,20161125,0.7,0.0,2016-11-25,-0.8,0.0,2016,6.7,11,0.0
330,0.2,232,26,83.9,-5.2,20161126,0.9,0.0,2016-11-26,-0.3,0.0,2016,3.2,11,0.0
331,3.6,232,27,85.6,-0.2,20161127,0.8,0.0,2016-11-27,3.3,0.0,2016,9.4,11,0.0
332,8.4,232,28,63.6,-1.7,20161128,1.5,0.0,2016-11-28,2.3,0.0,2016,6.8,11,0.0
333,8.4,232,29,55.8,-5.7,20161129,0.9,0.0,2016-11-29,0.5,0.0,2016,8.0,11,0.0
334,1.9,232,30,75.1,-3.4,20161130,0.6,0.0,2016-11-30,4.5,0.0,2016,11.9,11,1.0
335,6.7,232,1,62.9,-1.0,20161201,1.8,0.0,2016-12-01,4.6,0.0,2016,9.6,12,0.0
336,8.0,232,2,63.8,-6.7,20161202,0.9,0.0,2016-12-02,-0.3,0.0,2016,7.1,12,0.0
337,7.8,232,3,72.0,-5.7,20161203,0.5,0.0,2016-12-03,1.4,0.0,2016,10.0,12,0.0
338,1.7,232,4,73.8,-2.1,20161204,0.5,0.0,2016-12-04,3.0,0.0,2016,8.2,12,0.0
339,2.6,232,5,70.6,1.6,20161205,1.8,0.0,2016-12-05,6.6,0.0,2016,13.2,12,0.5
340,8.3,232,6,43.9,-6.3,20161206,1.8,0.0,2016-12-06,-0.5,0.0,2016,4.8,12,0.0
341,3.2,232,7,73.9,-7.4,20161207,1.1,0.0,2016-12-07,0.6,0.0,2016,7.7,12,1.0
342,2.4,232,8,84.4,-4.5,20161208,0.7,0.0,2016-12-08,2.1,0.0,2016,7.5,12,0.5
343,5.4,232,9,64.9,-1.0,20161209,1.7,0.0,2016-12-09,3.4,0.0,2016,6.7,12,1.9
344,8.4,232,10,60.4,-7.3,20161210,0.9,0.0,2016-12-10,-1.7,0.0,2016,5.0,12,0.0
345,8.7,232,11,64.4,-9.3,20161211,0.6,0.0,2016-12-11,-3.1,0.0,2016,5.8,12,0.0
346,5.2,232,12,65.3,-6.3,20161212,0.6,0.0,2016-12-12,2.5,0.0,2016,11.1,12,0.5
347,3.8,232,13,77.4,-2.1,20161213,1.0,0.0,2016-12-13,2.5,0.0,2016,8.4,12,0.0
348,2.2,232,14,70.3,-2.8,20161214,1.4,0.0,2016-12-14,0.2,0.0,2016,2.6,12,0.0
349,7.9,232,15,46.6,-5.1,20161215,2.1,0.0,2016-12-15,-2.2,0.0,2016,1.1,12,0.0
350,8.1,232,16,58.4,-12.0,20161216,1.3,0.0,2016-12-16,-4.4,0.0,2016,1.4,12,0.0
351,6.4,232,17,68.5,-2.7,20161217,0.9,0.0,2016-12-17,2.6,0.0,2016,10.3,12,0.0
352,0.8,232,18,82.3,-3.5,20161218,0.7,0.0,2016-12-18,2.0,0.0,2016,8.9,12,0.0
353,0.7,232,19,87.5,2.0,20161219,0.9,0.0,2016-12-19,6.4,0.0,2016,10.8,12,1.7
354,4.7,232,20,86.3,1.2,20161220,0.6,0.0,2016-12-20,5.4,0.0,2016,12.5,12,0.0
355,2.6,232,21,86.0,-1.1,20161221,1.6,0.0,2016-12-21,7.5,0.0,2016,13.7,12,21.3
356,0.1,232,22,85.5,3.1,20161222,3.3,0.0,2016-12-22,7.5,0.0,2016,14.0,12,11.0
357,0.1,232,23,82.3,-1.9,20161223,2.6,0.0,2016-12-23,-0.3,0.0,2016,3.2,12,2.3
358,1.9,232,24,76.1,-4.3,20161224,0.7,0.0,2016-12-24,-2.1,0.0,2016,0.5,12,0.0
359,6.1,232,25,83.9,-7.1,20161225,0.5,0.0,2016-12-25,-0.4,0.0,2016,6.4,12,0.0
360,0.1,232,26,90.6,0.7,20161226,0.7,0.0,2016-12-26,2.4,0.0,2016,4.2,12,3.3
361,5.4,232,27,59.9,-5.6,20161227,2.4,0.0,2016-12-27,-0.2,0.0,2016,2.4,12,0.0
362,8.5,232,28,60.9,-10.3,20161228,0.9,0.0,2016-12-28,-3.6,0.0,2016,2.9,12,0.0
363,7.9,232,29,62.3,-6.8,20161229,1.7,0.0,2016-12-29,-3.7,0.0,2016,-0.4,12,0.3
364,8.0,232,30,68.3,-11.1,20161230,0.7,0.0,2016-12-30,-3.8,0.0,2016,3.5,12,0.0
365,1.6,232,31,80.6,-4.4,20161231,0.7,0.0,2016-12-31,0.4,0.0,2016,4.6,12,0.0
