,cloud,tavg,tmax,wind,month,year,day,station_id,Date,tmin,rainfall,humid,snow,date,sunshine
0,2.8,-8.8,-2.2,1.7,1,2011,1,232,2011-01-01,-14.8,0.0,75.1,0.0,20110101,7.3
1,1.5,-7.2,0.1,1.3,1,2011,2,232,2011-01-02,-14.0,0.0,77.1,0.0,20110102,8.3
2,4.3,-6.0,-0.5,1.3,1,2011,3,232,2011-01-03,-13.2,0.0,75.1,0.0,20110103,4.3
3,6.8,-4.1,1.0,1.0,1,2011,4,232,2011-01-04,-10.9,0.0,81.6,0.0,20110104,0.8
4,7.9,-1.5,0.8,3.4,1,2011,5,232,2011-01-05,-4.2,0.2,70.6,0.5,20110105,0.5
5,2.9,-5.9,-3.3,3.0,1,2011,6,232,2011-01-06,-8.8,0.0,60.3,0.2,20110106,8.6
6,0.0,-8.2,-1.4,1.4,1,2011,7,232,2011-01-07,-15.0,0.0,69.8,0.0,20110107,8.7
7,5.0,-4.6,3.5,1.2,1,2011,8,232,2011-01-08,-12.4,0.0,81.6,0.0,20110108,2.8
8,3.0,-4.8,-0.2,4.0,1,2011,9,232,2011-01-09,-10.2,0.0,57.8,0.0,20110109,6.6
9,2.1,-9.1,-3.5,1.8,1,2011,10,232,2011-01-10,-15.9,0.0,57.3,0.0,20110110,7.4
10,6.6,-4.3,0.9,2.0,1,2011,11,232,2011-01-11,-10.5,1.3,62.9,2.4,20110111,2.8
11,0.8,-7.2,-3.4,3.3,1,2011,12,232,2011-01-12,-12.4,0.0,51.9,0.0,20110112,8.9
12,0.3,-8.1,1.0,0.8,1,2011,13,232,2011-01-13,-15.9,0.0,63.4,0.0,20110113,8.9
13,7.0,-2.8,3.0,3.0,1,2011,14,232,2011-01-14,-9.7,0.0,56.6,0.0,20110114,2.0
14,4.9,-9.9,-3.4,5.3,1,2011,15,232,2011-01-15,-14.2,0.4,47.1,0.7,20110115,4.3
15,3.4,-12.4,-7.7,2.8,1,2011,16,232,2011-01-16,-16.2,0.0,64.3,0.0,20110116,6.7
16,0.0,-10.5,-2.8,1.4,1,2011,17,232,2011-01-17,-18.3,0.0,69.4,0.0,20110117,9.0
17,4.5,-7.3,1.0,1.5,1,2011,18,232,2011-01-18,-13.8,0.0,65.6,0.0,20110118,6.2
18,3.3,-6.3,-1.5,1.6,1,2011,19,232,2011-01-19,-10.7,0.0,63.9,0.0,20110119,8.9
19,3.0,-7.4,-3.3,2.3,1,2011,20,232,2011-01-20,-12.3,0.0,60.1,0.0,20110120,8.9
20,3.6,-7.7,-1.8,1.7,1,2011,21,232,2011-01-21,-12.1,0.0,65.4,0.0,20110121,7.8
21,3.3,-4.8,1.3,2.0,1,2011,22,232,2011-01-22,-11.7,0.0,58.6,0.0,20110122,6.2
22,8.0,-3.4,1.7,2.7,1,2011,23,232,2011-01-23,-9.8,3.9,69.3,5.3,20110123,2.0
23,7.5,-7.1,-3.5,2.4,1,2011,24,232,2011-01-24,-9.9,1.7,76.6,2.6,20110124,3.2
24,2.5,-9.0,-2.8,1.2,1,2011,25,232,2011-01-25,-15.4,0.0,76.5,0.0,20110125,8.3
25,1.9,-8.8,-3.3,2.0,1,2011,26,232,2011-01-26,-14.6,0.0,70.9,0.0,20110126,8.6
26,4.0,-8.0,-3.8,2.5,1,2011,27,232,2011-01-27,-14.8,0.0,54.6,0.0,20110127,8.1
27,4.1,-6.6,-3.0,2.4,1,2011,28,232,2011-01-28,-11.4,0.0,50.8,0.0,20110128,8.6
28,3.8,-7.9,-4.0,2.9,1,2011,29,232,2011-01-29,-13.2,0.4,60.6,0.9,20110129,8.3
29,1.6,-7.9,-4.1,3.5,1,2011,30,232,2011-01-30,-13.0,0.0,49.6,0.0,20110130,9.3
30,1.0,-7.1,1.0,1.8,1,2011,31,232,2011-01-31,-16.1,0.0,64.9,0.0,20110131,7.7
31,2.0,-2.5,7.8,1.2,2,2011,1,232,2011-02-01,-10.5,0.0,72.9,0.0,20110201,8.6
32,1.6,-0.2,8.1,0.9,2,2011,2,232,2011-02-02,-6.1,0.0,70.4,0.0,20110202,8.6
33,1.6,0.3,7.8,1.2,2,2011,3,232,2011-02-03,-5.9,0.0,76.9,0.0,20110203,5.2
34,5.0,0.7,6.7,1.3,2,2011,4,232,2011-02-04,-3.7,0.0,79.8,0.0,20110204,3.9
35,5.8,1.1,6.6,1.3,2,2011,5,232,2011-02-05,-2.7,0.0,71.5,0.0,20110205,5.8
36,7.5,1.3,5.0,1.2,2,2011,6,232,2011-02-06,-2.9,0.0,72.3,0.0,20110206,0.5
37,5.4,1.5,5.8,1.8,2,2011,7,232,2011-02-07,-0.7,0.0,70.4,0.0,20110207,1.6
38,5.9,3.0,9.0,1.7,2,2011,8,232,2011-02-08,-1.2,0.0,59.9,0.0,20110208,2.0
39,2.6,-0.7,1.7,3.8,2,2011,9,232,2011-02-09,-3.6,0.0,61.1,0.0,20110209,7.2
40,4.6,-2.6,2.0,1.6,2,2011,10,232,2011-02-10,-5.9,0.0,58.4,0.0,20110210,2.6
41,0.6,-2.5,3.2,2.9,2,2011,11,232,2011-02-11,-6.8,0.0,58.5,0.0,20110211,9.4
42,0.8,-4.8,-1.4,3.7,2,2011,12,232,2011-02-12,-9.0,0.0,55.1,0.0,20110212,8.8
43,4.1,-4.8,1.3,1.6,2,2011,13,232,2011-02-13,-11.6,0.0,56.9,0.0,20110213,8.4
44,7.1,-3.3,-0.4,1.8,2,2011,14,232,2011-02-14,-7.4,0.0,61.5,0.0,20110214,0.7
45,0.0,-2.3,4.9,1.5,2,2011,15,232,2011-02-15,-8.3,0.0,61.4,0.0,20110215,9.2
46,6.4,-1.2,5.2,1.5,2,2011,16,232,2011-02-16,-8.9,0.0,67.1,0.0,20110216,2.6
47,6.6,0.0,3.0,2.2,2,2011,17,232,2011-02-17,-1.7,2.0,79.5,2.2,20110217,0.0
48,0.0,0.2,8.1,1.2,2,2011,18,232,2011-02-18,-6.2,0.0,67.9,0.0,20110218,9.3
49,4.3,0.2,7.6,1.5,2,2011,19,232,2011-02-19,-6.0,0.0,58.3,0.0,20110219,9.2
50,2.5,3.6,13.2,1.2,2,2011,20,232,2011-02-20,-5.8,0.0,54.8,0.0,20110220,8.8
51,1.1,5.2,12.7,2.3,2,2011,21,232,2011-02-21,-1.2,0.0,47.8,0.0,20110221,10.2
52,1.5,3.9,13.9,1.4,2,2011,22,232,2011-02-22,-4.1,0.0,58.9,0.0,20110222,9.2
53,1.4,4.1,12.9,1.7,2,2011,23,232,2011-02-23,-3.5,0.0,63.9,0.0,20110223,8.8
54,2.3,5.4,13.4,1.7,2,2011,24,232,2011-02-24,-2.7,0.0,71.9,0.0,20110224,9.1
55,3.6,2.0,6.5,3.6,2,2011,25,232,2011-02-25,-3.9,0.0,57.4,0.0,20110225,7.7
56,5.0,5.4,13.5,2.2,2,2011,26,232,2011-02-26,-4.8,0.0,47.4,0.0,20110226,8.4
57,10.0,6.4,8.1,3.0,2,2011,27,232,2011-02-27,4.8,28.5,84.9,0.0,20110227,0.0
58,10.0,5.5,8.4,2.4,2,2011,28,232,2011-02-28,3.6,0.5,80.8,0.0,20110228,0.0
59,7.1,1.0,4.5,4.0,3,2011,1,232,2011-03-01,-1.2,3.0,83.5,0.3,20110301,0.0
60,0.3,-0.8,2.1,4.2,3,2011,2,232,2011-03-02,-3.2,0.0,50.1,0.0,20110302,10.2
61,0.0,-1.2,1.9,3.6,3,2011,3,232,2011-03-03,-6.7,0.0,49.5,0.0,20110303,10.6
62,0.0,0.0,5.1,2.9,3,2011,4,232,2011-03-04,-6.1,0.0,55.0,0.0,20110304,10.8
63,4.0,1.0,7.8,1.5,3,2011,5,232,2011-03-05,-5.2,0.0,64.9,0.0,20110305,4.3
64,7.3,3.5,9.9,1.8,3,2011,6,232,2011-03-06,-2.2,0.0,70.8,0.0,20110306,6.2
65,0.4,1.9,5.5,4.7,3,2011,7,232,2011-03-07,-0.6,0.0,57.8,0.0,20110307,10.5
66,0.9,2.1,8.0,3.3,3,2011,8,232,2011-03-08,-4.4,0.0,50.0,0.0,20110308,9.1
67,1.4,1.3,5.5,4.4,3,2011,9,232,2011-03-09,-2.4,0.0,47.6,0.0,20110309,9.6
68,0.9,1.8,7.7,2.5,3,2011,10,232,2011-03-10,-6.0,0.0,59.9,0.0,20110310,8.6
69,1.1,3.4,11.3,2.2,3,2011,11,232,2011-03-11,-4.4,0.0,50.9,0.0,20110311,10.2
70,2.5,7.4,15.7,2.9,3,2011,12,232,2011-03-12,-1.2,0.0,46.6,0.0,20110312,9.9
71,4.3,9.6,18.8,1.4,3,2011,13,232,2011-03-13,1.3,0.0,57.6,0.0,20110313,7.1
72,8.3,7.1,10.3,2.2,3,2011,14,232,2011-03-14,4.3,0.0,78.4,0.0,20110314,0.0
73,3.6,2.5,6.8,5.6,3,2011,15,232,2011-03-15,-0.9,0.0,48.1,0.0,20110315,8.9
74,2.1,1.0,5.1,4.7,3,2011,16,232,2011-03-16,-1.1,0.0,37.8,0.0,20110316,10.2
75,0.0,0.7,7.1,2.7,3,2011,17,232,2011-03-17,-6.3,0.0,45.4,0.0,20110317,11.1
76,3.4,5.9,14.7,2.2,3,2011,18,232,2011-03-18,-5.0,0.0,37.5,0.0,20110318,5.8
77,6.9,10.4,15.2,3.0,3,2011,19,232,2011-03-19,6.6,0.0,40.6,0.0,20110319,6.1
78,8.6,5.4,8.7,1.8,3,2011,20,232,2011-03-20,1.9,14.5,77.4,0.0,20110320,0.7
79,8.3,7.2,13.2,2.9,3,2011,21,232,2011-03-21,2.5,0.0,60.8,0.0,20110321,4.3
80,2.8,2.4,5.6,5.1,3,2011,22,232,2011-03-22,-0.2,0.0,39.0,0.0,20110322,10.4
81,0.5,1.7,7.3,2.5,3,2011,23,232,2011-03-23,-5.2,0.0,44.8,0.0,20110323,10.9
82,5.8,3.3,10.3,2.4,3,2011,24,232,2011-03-24,-2.0,9.0,64.9,1.5,20110324,6.3
83,1.1,2.4,5.8,5.0,3,2011,25,232,2011-03-25,0.1,0.0,54.8,0.0,20110325,11.0
84,1.0,2.5,8.4,2.6,3,2011,26,232,2011-03-26,-3.8,0.0,54.3,0.0,20110326,10.5
85,5.4,5.1,11.4,2.2,3,2011,27,232,2011-03-27,-4.0,0.0,45.1,0.0,20110327,7.8
86,4.0,5.6,10.7,2.9,3,2011,28,232,2011-03-28,0.0,0.0,58.5,0.0,20110328,8.4
87,0.9,3.8,10.1,2.4,3,2011,29,232,2011-03-29,-3.5,0.0,61.4,0.0,20110329,10.4
88,0.0,6.4,15.1,2.2,3,2011,30,232,2011-03-30,-2.3,0.0,61.3,0.0,20110330,11.1
89,0.3,7.8,19.0,2.3,3,2011,31,232,2011-03-31,-0.7,0.0,59.0,0.0,20110331,9.0
90,1.0,8.0,18.4,2.0,4,2011,1,232,2011-04-01,-1.3,0.0,48.3,0.0,20110401,11.0
91,8.8,7.9,13.6,1.2,4,2011,2,232,2011-04-02,0.6,0.0,52.1,0.0,20110402,0.0
92,5.4,9.0,14.7,2.3,4,2011,3,232,2011-04-03,3.8,0.0,61.3,0.0,20110403,4.5
93,0.0,8.5,16.8,2.0,4,2011,4,232,2011-04-04,1.0,0.0,47.1,0.0,20110404,10.9
94,0.0,8.7,18.5,1.8,4,2011,5,232,2011-04-05,-0.9,0.0,36.6,0.0,20110405,11.8
95,6.0,9.8,19.1,1.9,4,2011,6,232,2011-04-06,-1.2,0.0,40.8,0.0,20110406,6.9
96,10.0,10.6,14.7,2.2,4,2011,7,232,2011-04-07,7.9,14.0,90.0,0.0,20110407,0.0
97,5.4,10.6,17.6,2.6,4,2011,8,232,2011-04-08,4.7,0.0,65.0,0.0,20110408,7.0
98,0.6,9.7,18.3,1.9,4,2011,9,232,2011-04-09,1.0,0.0,52.4,0.0,20110409,10.5
99,6.9,12.1,18.9,3.1,4,2011,10,232,2011-04-10,7.0,0.5,47.3,0.0,20110410,0.3
100,1.3,9.5,14.5,4.4,4,2011,11,232,2011-04-11,4.4,0.0,42.8,0.0,20110411,11.8
101,0.0,8.8,18.0,2.3,4,2011,12,232,2011-04-12,-0.9,0.0,37.4,0.0,20110412,12.0
102,0.0,9.8,19.6,2.4,4,2011,13,232,2011-04-13,0.2,0.0,43.9,0.0,20110413,11.4
103,3.8,11.2,20.2,1.6,4,2011,14,232,2011-04-14,1.2,0.0,44.1,0.0,20110414,9.9
104,5.8,14.7,25.0,3.1,4,2011,15,232,2011-04-15,7.5,0.0,66.4,0.0,20110415,8.6
105,0.0,10.7,19.1,2.5,4,2011,16,232,2011-04-16,4.4,0.0,42.1,0.0,20110416,12.1
106,3.5,12.5,21.3,2.9,4,2011,17,232,2011-04-17,4.8,0.0,49.5,0.0,20110417,10.7
107,9.3,7.7,11.3,3.3,4,2011,18,232,2011-04-18,4.8,0.4,70.1,0.0,20110418,0.3
108,2.9,10.6,16.2,2.8,4,2011,19,232,2011-04-19,3.9,0.0,47.0,0.0,20110419,10.8
109,0.8,10.9,18.8,2.7,4,2011,20,232,2011-04-20,3.1,0.0,52.0,0.0,20110420,10.8
110,8.1,12.5,19.1,2.0,4,2011,21,232,2011-04-21,4.4,0.0,38.4,0.0,20110421,2.5
111,10.0,10.0,12.3,2.6,4,2011,22,232,2011-04-22,8.5,20.5,86.0,0.0,20110422,0.0
112,1.4,9.6,14.8,4.2,4,2011,23,232,2011-04-23,3.5,0.0,56.9,0.0,20110423,12.0
113,3.3,9.6,15.2,3.3,4,2011,24,232,2011-04-24,2.3,0.1,57.3,0.0,20110424,9.5
114,5.4,11.7,18.6,3.0,4,2011,25,232,2011-04-25,3.3,0.5,54.5,0.0,20110425,7.8
115,10.0,11.6,13.7,2.7,4,2011,26,232,2011-04-26,9.6,0.5,79.5,0.0,20110426,0.0
116,6.5,11.8,16.0,3.4,4,2011,27,232,2011-04-27,6.1,0.2,70.5,0.0,20110427,2.3
117,3.5,10.1,15.4,3.5,4,2011,28,232,2011-04-28,4.8,1.0,57.8,0.0,20110428,8.5
118,7.0,14.3,20.8,2.9,4,2011,29,232,2011-04-29,4.5,3.0,45.9,0.0,20110429,2.6
119,10.0,16.7,20.9,3.6,4,2011,30,232,2011-04-30,14.0,92.5,83.6,0.0,20110430,0.0
120,3.6,13.8,16.2,4.0,5,2011,1,232,2011-05-01,10.3,3.5,69.8,0.0,20110501,8.2
121,3.6,14.5,21.4,1.7,5,2011,2,232,2011-05-02,7.9,0.0,60.8,0.0,20110502,9.9
122,2.9,15.3,21.1,2.6,5,2011,3,232,2011-05-03,10.0,0.0,54.9,0.0,20110503,9.8
123,4.4,15.0,22.9,1.5,5,2011,4,232,2011-05-04,6.4,0.0,53.0,0.0,20110504,9.5
124,0.5,17.2,24.9,2.6,5,2011,5,232,2011-05-05,10.8,0.0,45.9,0.0,20110505,11.7
125,7.9,16.6,21.4,2.6,5,2011,6,232,2011-05-06,10.4,0.1,61.5,0.0,20110506,0.2
126,5.4,17.5,25.5,2.5,5,2011,7,232,2011-05-07,13.5,0.1,75.5,0.0,20110507,6.3
127,6.5,19.1,25.4,1.3,5,2011,8,232,2011-05-08,12.5,0.0,53.9,0.0,20110508,5.4
128,9.8,22.2,28.2,3.8,5,2011,9,232,2011-05-09,15.3,0.1,69.0,0.0,20110509,0.2
129,10.0,18.8,20.6,1.5,5,2011,10,232,2011-05-10,17.1,54.5,91.0,0.0,20110510,0.0
130,7.1,17.1,20.0,3.7,5,2011,11,232,2011-05-11,15.0,27.5,80.6,0.0,20110511,1.0
131,6.4,16.0,21.4,2.9,5,2011,12,232,2011-05-12,12.7,1.0,69.0,0.0,20110512,1.0
132,0.0,15.7,21.1,3.6,5,2011,13,232,2011-05-13,9.0,0.0,51.1,0.0,20110513,12.4
133,0.0,16.9,23.5,3.0,5,2011,14,232,2011-05-14,9.7,0.0,41.8,0.0,20110514,12.2
134,2.9,19.0,26.0,3.7,5,2011,15,232,2011-05-15,11.3,0.0,43.3,0.0,20110515,11.0
135,1.6,16.7,22.8,2.3,5,2011,16,232,2011-05-16,10.9,0.0,53.1,0.0,20110516,12.3
136,1.0,16.2,24.2,1.8,5,2011,17,232,2011-05-17,7.3,0.0,50.1,0.0,20110517,11.4
137,4.6,20.7,26.8,3.4,5,2011,18,232,2011-05-18,11.1,0.0,45.5,0.0,20110518,8.1
138,4.4,21.4,27.6,3.2,5,2011,19,232,2011-05-19,17.2,0.0,57.1,0.0,20110519,7.7
139,9.1,20.1,23.9,2.3,5,2011,20,232,2011-05-20,17.0,3.0,79.3,0.0,20110520,0.3
140,10.0,15.5,17.3,1.6,5,2011,21,232,2011-05-21,14.0,7.0,87.8,0.0,20110521,0.0
141,8.4,17.7,23.5,1.7,5,2011,22,232,2011-05-22,12.5,0.0,62.5,0.0,20110522,6.5
142,5.5,17.9,24.9,1.3,5,2011,23,232,2011-05-23,12.8,0.0,63.4,0.0,20110523,5.5
143,5.0,18.9,27.9,1.4,5,2011,24,232,2011-05-24,9.5,0.0,56.6,0.0,20110524,8.6
144,8.8,20.9,27.8,1.6,5,2011,25,232,2011-05-25,14.4,0.0,54.8,0.0,20110525,1.8
145,9.0,18.0,22.2,2.8,5,2011,26,232,2011-05-26,15.4,5.0,61.4,0.0,20110526,0.2
146,7.4,18.3,22.7,1.4,5,2011,27,232,2011-05-27,14.9,0.0,69.3,0.0,20110527,0.8
147,5.3,19.9,27.7,1.7,5,2011,28,232,2011-05-28,13.1,0.0,65.4,0.0,20110528,9.3
148,1.4,21.7,29.9,1.8,5,2011,29,232,2011-05-29,13.7,0.0,57.3,0.0,20110529,11.3
149,6.4,21.9,29.5,1.7,5,2011,30,232,2011-05-30,15.4,0.0,50.8,0.0,20110530,7.7
150,10.0,20.1,23.4,2.3,5,2011,31,232,2011-05-31,16.2,1.5,64.6,0.0,20110531,0.0
151,8.1,18.3,23.9,2.0,6,2011,1,232,2011-06-01,15.3,36.5,83.0,0.0,20110601,2.6
152,4.3,19.7,25.7,2.0,6,2011,2,232,2011-06-02,15.6,0.0,74.4,0.0,20110602,7.7
153,2.8,20.1,27.0,2.3,6,2011,3,232,2011-06-03,14.3,0.0,66.0,0.0,20110603,10.6
154,6.9,20.4,24.7,2.6,6,2011,4,232,2011-06-04,17.4,0.0,75.1,0.0,20110604,5.1
155,4.1,21.4,28.0,1.8,6,2011,5,232,2011-06-05,16.2,0.0,62.3,0.0,20110605,11.6
156,6.0,20.7,28.2,1.5,6,2011,6,232,2011-06-06,13.1,0.0,57.3,0.0,20110606,7.7
157,3.3,21.1,29.0,1.6,6,2011,7,232,2011-06-07,13.2,0.0,60.0,0.0,20110607,9.2
158,3.1,22.3,28.9,2.0,6,2011,8,232,2011-06-08,15.7,0.0,61.5,0.0,20110608,9.4
159,7.8,21.1,26.0,1.8,6,2011,9,232,2011-06-09,16.8,0.0,76.5,0.0,20110609,4.7
160,9.6,22.1,26.1,1.6,6,2011,10,232,2011-06-10,19.2,0.0,74.9,0.0,20110610,0.2
161,3.5,23.6,30.9,1.8,6,2011,11,232,2011-06-11,17.5,0.0,60.1,0.0,20110611,12.2
162,4.8,23.2,31.2,1.7,6,2011,12,232,2011-06-12,16.4,0.0,54.5,0.0,20110612,10.0
163,4.3,21.8,27.0,2.1,6,2011,13,232,2011-06-13,18.4,0.1,66.0,0.0,20110613,8.9
164,4.8,22.3,29.8,1.6,6,2011,14,232,2011-06-14,16.3,0.0,65.4,0.0,20110614,9.4
165,5.3,23.9,30.8,1.8,6,2011,15,232,2011-06-15,16.5,0.0,57.9,0.0,20110615,11.0
166,0.8,24.6,31.2,2.3,6,2011,16,232,2011-06-16,16.6,0.0,50.6,0.0,20110616,12.8
167,7.5,23.2,30.5,2.4,6,2011,17,232,2011-06-17,18.5,0.0,53.8,0.0,20110617,5.2
168,7.3,23.0,28.6,1.8,6,2011,18,232,2011-06-18,17.9,0.0,61.8,0.0,20110618,5.1
169,0.9,24.9,32.5,1.7,6,2011,19,232,2011-06-19,17.0,0.0,59.5,0.0,20110619,12.0
170,0.4,24.9,31.8,2.1,6,2011,20,232,2011-06-20,19.4,0.0,60.9,0.0,20110620,12.4
171,2.4,24.1,31.0,1.7,6,2011,21,232,2011-06-21,17.5,0.0,64.9,0.0,20110621,11.7
172,9.9,23.8,27.8,1.8,6,2011,22,232,2011-06-22,20.3,5.0,84.3,0.0,20110622,1.8
173,10.0,24.6,27.3,2.5,6,2011,23,232,2011-06-23,23.0,28.0,85.6,0.0,20110623,0.0
174,10.0,21.1,23.5,1.4,6,2011,24,232,2011-06-24,19.7,157.5,92.3,0.0,20110624,0.0
175,10.0,20.1,21.3,3.2,6,2011,25,232,2011-06-25,19.3,34.5,87.5,0.0,20110625,0.0
176,9.6,22.4,27.2,4.1,6,2011,26,232,2011-06-26,18.9,12.5,79.0,0.0,20110626,0.6
177,9.4,21.1,23.2,3.1,6,2011,27,232,2011-06-27,19.9,3.5,81.6,0.0,20110627,0.0
178,5.8,24.5,31.9,1.8,6,2011,28,232,2011-06-28,17.1,1.0,72.6,0.0,20110628,9.6
179,9.6,23.6,28.3,2.2,6,2011,29,232,2011-06-29,22.0,69.0,86.5,0.0,20110629,0.0
180,9.6,25.3,27.9,1.9,6,2011,30,232,2011-06-30,22.2,27.0,83.9,0.0,20110630,0.2
181,7.6,25.4,30.6,1.2,7,2011,1,232,2011-07-01,22.7,0.0,82.0,0.0,20110701,2.7
182,8.5,26.1,31.2,1.0,7,2011,2,232,2011-07-02,22.8,13.0,84.1,0.0,20110702,1.1
183,10.0,24.3,26.7,2.3,7,2011,3,232,2011-07-03,22.0,85.0,89.8,0.0,20110703,0.0
184,4.0,24.1,29.3,2.3,7,2011,4,232,2011-07-04,19.8,4.0,77.3,0.0,20110704,10.8
185,2.9,23.9,31.3,1.7,7,2011,5,232,2011-07-05,18.1,0.0,74.9,0.0,20110705,10.2
186,7.6,24.2,30.3,1.2,7,2011,6,232,2011-07-06,18.4,0.0,75.4,0.0,20110706,3.8
187,10.0,24.1,25.8,2.0,7,2011,7,232,2011-07-07,22.6,59.5,88.3,0.0,20110707,0.0
188,10.0,23.3,25.3,1.2,7,2011,8,232,2011-07-08,22.2,37.5,91.3,0.0,20110708,0.0
189,9.3,24.7,27.7,1.6,7,2011,9,232,2011-07-09,22.4,23.5,86.8,0.0,20110709,0.4
190,10.0,22.6,24.6,1.9,7,2011,10,232,2011-07-10,21.1,30.0,89.9,0.0,20110710,0.0
191,10.0,21.3,22.8,2.1,7,2011,11,232,2011-07-11,20.4,68.5,91.8,0.0,20110711,0.0
192,10.0,23.3,25.5,1.7,7,2011,12,232,2011-07-12,21.0,68.0,91.3,0.0,20110712,0.0
193,10.0,25.0,26.6,2.0,7,2011,13,232,2011-07-13,23.1,1.5,87.9,0.0,20110713,0.0
194,10.0,25.7,30.2,2.0,7,2011,14,232,2011-07-14,24.0,25.0,86.9,0.0,20110714,0.1
195,9.9,25.5,29.9,2.2,7,2011,15,232,2011-07-15,23.2,18.0,86.8,0.0,20110715,0.8
196,8.3,26.3,30.5,1.5,7,2011,16,232,2011-07-16,23.8,8.5,86.3,0.0,20110716,2.6
197,7.8,27.1,32.3,1.8,7,2011,17,232,2011-07-17,24.5,0.0,81.6,0.0,20110717,2.8
198,3.1,28.2,33.7,2.1,7,2011,18,232,2011-07-18,22.6,0.0,71.4,0.0,20110718,10.7
199,2.3,28.4,33.1,3.5,7,2011,19,232,2011-07-19,22.7,0.0,63.3,0.0,20110719,11.9
200,1.1,27.9,33.1,2.3,7,2011,20,232,2011-07-20,21.8,0.0,59.0,0.0,20110720,13.0
201,5.5,27.0,33.1,2.0,7,2011,21,232,2011-07-21,21.7,0.0,69.1,0.0,20110721,9.0
202,9.6,24.2,27.0,1.7,7,2011,22,232,2011-07-22,22.2,1.0,87.0,0.0,20110722,0.0
203,7.6,26.0,30.2,1.0,7,2011,23,232,2011-07-23,22.8,0.1,82.0,0.0,20110723,1.8
204,9.9,24.6,27.2,1.4,7,2011,24,232,2011-07-24,23.2,49.0,90.4,0.0,20110724,0.2
205,8.4,26.3,30.3,1.7,7,2011,25,232,2011-07-25,23.0,0.0,81.1,0.0,20110725,1.7
206,9.0,26.6,30.9,2.6,7,2011,26,232,2011-07-26,23.9,15.5,80.9,0.0,20110726,1.1
207,8.6,27.9,30.5,2.2,7,2011,27,232,2011-07-27,24.8,56.0,79.3,0.0,20110727,0.7
208,7.9,27.9,31.4,2.8,7,2011,28,232,2011-07-28,25.3,0.0,74.1,0.0,20110728,2.7
209,9.1,26.4,30.2,1.2,7,2011,29,232,2011-07-29,24.4,57.5,86.6,0.0,20110729,1.3
210,8.3,27.5,32.2,1.4,7,2011,30,232,2011-07-30,24.6,13.5,82.4,0.0,20110730,4.7
211,9.4,26.4,29.1,1.7,7,2011,31,232,2011-07-31,24.3,10.5,86.3,0.0,20110731,0.3
212,9.3,26.4,29.4,1.8,8,2011,1,232,2011-08-01,24.2,1.0,84.9,0.0,20110801,0.2
213,6.4,27.4,31.9,1.6,8,2011,2,232,2011-08-02,24.0,0.0,79.8,0.0,20110802,4.6
214,7.9,26.5,31.6,2.2,8,2011,3,232,2011-08-03,23.6,19.0,81.4,0.0,20110803,3.1
215,8.0,27.0,32.1,1.9,8,2011,4,232,2011-08-04,23.9,0.0,83.4,0.0,20110804,1.1
216,2.5,29.0,34.3,1.5,8,2011,5,232,2011-08-05,23.8,0.0,72.5,0.0,20110805,10.8
217,6.9,28.5,31.5,2.6,8,2011,6,232,2011-08-06,24.6,0.0,72.9,0.0,20110806,3.2
218,8.4,28.0,32.3,4.8,8,2011,7,232,2011-08-07,24.1,20.5,72.8,0.0,20110807,2.9
219,8.9,26.2,28.1,5.0,8,2011,8,232,2011-08-08,24.0,27.0,78.5,0.0,20110808,0.0
220,8.8,24.2,26.6,2.0,8,2011,9,232,2011-08-09,22.6,16.0,89.4,0.0,20110809,0.5
221,9.1,26.1,28.5,1.7,8,2011,10,232,2011-08-10,24.2,0.0,87.0,0.0,20110810,0.5
222,8.3,27.1,31.7,1.8,8,2011,11,232,2011-08-11,24.1,0.5,84.1,0.0,20110811,5.8
223,9.6,25.4,29.9,1.4,8,2011,12,232,2011-08-12,24.0,53.5,89.9,0.0,20110812,0.1
224,8.5,26.0,28.5,1.6,8,2011,13,232,2011-08-13,24.2,13.0,85.9,0.0,20110813,0.3
225,8.3,26.4,31.1,1.8,8,2011,14,232,2011-08-14,23.9,9.5,86.0,0.0,20110814,2.5
226,7.6,25.9,30.5,1.1,8,2011,15,232,2011-08-15,22.8,0.0,86.0,0.0,20110815,1.0
227,8.9,26.7,30.4,1.7,8,2011,16,232,2011-08-16,23.9,27.0,86.9,0.0,20110816,1.4
228,10.0,25.4,27.0,1.2,8,2011,17,232,2011-08-17,23.7,73.5,91.9,0.0,20110817,0.0
229,7.8,25.1,29.7,2.0,8,2011,18,232,2011-08-18,23.1,1.5,85.0,0.0,20110818,3.3
230,9.4,24.0,27.8,1.4,8,2011,19,232,2011-08-19,21.4,1.0,85.4,0.0,20110819,0.0
231,8.0,21.4,24.7,0.9,8,2011,20,232,2011-08-20,19.0,3.0,88.3,0.0,20110820,0.9
232,5.8,22.9,29.6,1.0,8,2011,21,232,2011-08-21,18.3,0.0,80.9,0.0,20110821,6.4
233,5.5,22.7,27.7,1.8,8,2011,22,232,2011-08-22,18.5,0.0,78.1,0.0,20110822,5.3
234,4.9,22.2,28.2,1.6,8,2011,23,232,2011-08-23,16.7,0.0,74.1,0.0,20110823,8.7
235,8.6,22.5,27.2,1.7,8,2011,24,232,2011-08-24,18.0,0.2,75.1,0.0,20110824,2.3
236,8.0,24.0,29.1,1.5,8,2011,25,232,2011-08-25,20.3,2.0,79.4,0.0,20110825,2.8
237,8.4,24.7,28.0,2.5,8,2011,26,232,2011-08-26,21.1,0.0,75.1,0.0,20110826,1.7
238,6.1,25.9,30.1,2.4,8,2011,27,232,2011-08-27,22.0,0.0,74.5,0.0,20110827,6.9
239,4.8,26.1,32.3,1.8,8,2011,28,232,2011-08-28,22.8,0.0,75.8,0.0,20110828,9.3
240,5.9,26.1,33.0,1.6,8,2011,29,232,2011-08-29,21.9,0.0,79.4,0.0,20110829,5.4
241,9.0,25.6,30.7,1.3,8,2011,30,232,2011-08-30,22.8,0.0,82.5,0.0,20110830,0.6
242,3.5,26.4,32.8,1.4,8,2011,31,232,2011-08-31,21.5,0.0,74.1,0.0,20110831,9.8
243,0.4,25.1,31.5,1.9,9,2011,1,232,2011-09-01,19.2,0.0,76.9,0.0,20110901,10.9
244,0.8,26.2,32.0,1.8,9,2011,2,232,2011-09-02,20.6,0.0,68.6,0.0,20110902,9.1
245,1.5,25.0,30.3,3.1,9,2011,3,232,2011-09-03,19.1,0.0,57.8,0.0,20110903,10.6
246,3.5,23.1,29.3,2.1,9,2011,4,232,2011-09-04,17.5,0.0,59.3,0.0,20110904,6.0
247,1.4,21.6,28.7,2.1,9,2011,5,232,2011-09-05,16.7,0.0,67.0,0.0,20110905,10.9
248,0.1,21.3,29.0,1.9,9,2011,6,232,2011-09-06,15.3,0.0,67.6,0.0,20110906,12.1
249,4.6,20.9,27.4,1.2,9,2011,7,232,2011-09-07,13.8,0.0,70.4,0.0,20110907,4.7
250,9.1,20.5,24.1,1.0,9,2011,8,232,2011-09-08,19.1,0.2,80.8,0.0,20110908,0.6
251,10.0,19.1,20.6,0.9,9,2011,9,232,2011-09-09,17.1,0.5,86.9,0.0,20110909,0.0
252,10.0,19.4,21.2,1.7,9,2011,10,232,2011-09-10,17.5,4.0,87.9,0.0,20110910,0.0
253,10.0,20.8,23.6,1.7,9,2011,11,232,2011-09-11,18.8,81.0,91.3,0.0,20110911,0.1
254,7.9,23.7,29.3,1.3,9,2011,12,232,2011-09-12,20.9,0.5,81.6,0.0,20110912,4.2
255,7.9,24.4,29.7,1.2,9,2011,13,232,2011-09-13,20.5,0.0,81.8,0.0,20110913,3.9
256,3.5,24.6,30.0,1.2,9,2011,14,232,2011-09-14,21.0,0.0,81.1,0.0,20110914,4.8
257,3.1,24.7,31.5,1.4,9,2011,15,232,2011-09-15,20.4,0.0,78.8,0.0,20110915,7.5
258,2.6,24.8,31.1,1.2,9,2011,16,232,2011-09-16,20.1,0.0,76.9,0.0,20110916,9.4
259,5.1,24.7,32.5,1.7,9,2011,17,232,2011-09-17,20.2,47.5,81.1,0.0,20110917,5.5
260,8.9,21.8,25.0,2.9,9,2011,18,232,2011-09-18,19.0,0.5,75.9,0.0,20110918,0.2
261,8.9,17.3,19.2,3.7,9,2011,19,232,2011-09-19,15.2,0.5,63.4,0.0,20110919,0.0
262,5.8,17.1,21.9,1.9,9,2011,20,232,2011-09-20,11.4,0.0,60.8,0.0,20110920,4.1
263,2.9,16.8,23.7,2.0,9,2011,21,232,2011-09-21,10.2,0.0,63.1,0.0,20110921,10.0
264,0.0,16.0,23.7,1.7,9,2011,22,232,2011-09-22,8.8,0.0,66.8,0.0,20110922,11.5
265,0.8,17.3,25.9,1.1,9,2011,23,232,2011-09-23,10.2,0.0,67.4,0.0,20110923,10.0
266,0.6,17.8,26.2,2.1,9,2011,24,232,2011-09-24,12.6,0.0,66.0,0.0,20110924,10.4
267,1.8,17.3,26.3,1.0,9,2011,25,232,2011-09-25,10.4,0.0,67.6,0.0,20110925,10.8
268,0.4,17.6,27.0,1.0,9,2011,26,232,2011-09-26,9.9,0.0,67.4,0.0,20110926,11.0
269,0.0,18.6,26.5,2.3,9,2011,27,232,2011-09-27,11.4,0.0,60.8,0.0,20110927,11.3
270,8.0,18.6,22.8,2.1,9,2011,28,232,2011-09-28,14.8,0.0,72.3,0.0,20110928,0.4
271,9.6,17.0,18.5,2.1,9,2011,29,232,2011-09-29,16.1,18.5,87.0,0.0,20110929,0.0
272,1.9,15.7,19.1,4.0,9,2011,30,232,2011-09-30,10.9,0.0,55.9,0.0,20110930,10.4
273,3.6,11.3,18.0,1.9,10,2011,1,232,2011-10-01,6.0,0.0,67.9,0.0,20111001,8.1
274,4.5,10.9,18.1,1.9,10,2011,2,232,2011-10-02,5.7,0.0,66.1,0.0,20111002,4.2
275,0.8,11.2,20.5,1.0,10,2011,3,232,2011-10-03,3.1,0.0,62.6,0.0,20111003,11.0
276,2.5,12.9,21.6,1.4,10,2011,4,232,2011-10-04,4.7,0.0,64.3,0.0,20111004,10.3
277,5.3,14.1,21.5,1.1,10,2011,5,232,2011-10-05,9.6,0.0,65.9,0.0,20111005,3.7
278,1.9,14.1,22.0,2.2,10,2011,6,232,2011-10-06,8.8,0.0,69.4,0.0,20111006,6.4
279,0.6,13.8,21.5,1.4,10,2011,7,232,2011-10-07,6.2,0.0,71.5,0.0,20111007,9.7
280,1.3,13.4,22.3,1.0,10,2011,8,232,2011-10-08,6.7,0.0,72.9,0.0,20111008,9.9
281,5.4,14.3,22.3,1.2,10,2011,9,232,2011-10-09,8.0,0.0,77.1,0.0,20111009,3.1
282,5.3,15.2,23.5,1.0,10,2011,10,232,2011-10-10,8.1,0.0,75.1,0.0,20111010,7.9
283,2.8,15.1,22.6,1.4,10,2011,11,232,2011-10-11,7.5,0.0,71.4,0.0,20111011,6.5
284,6.3,12.9,20.6,1.0,10,2011,12,232,2011-10-12,6.3,0.0,72.9,0.0,20111012,1.6
285,2.0,14.3,24.9,0.8,10,2011,13,232,2011-10-13,6.4,0.0,65.6,0.0,20111013,9.9
286,8.9,14.1,15.9,1.6,10,2011,14,232,2011-10-14,11.3,5.0,82.0,0.0,20111014,0.0
287,6.8,14.5,20.7,2.2,10,2011,15,232,2011-10-15,9.6,9.0,80.9,0.0,20111015,2.4
288,3.3,14.4,20.6,2.5,10,2011,16,232,2011-10-16,8.9,1.0,70.3,0.0,20111016,5.2
289,0.6,11.1,17.2,2.4,10,2011,17,232,2011-10-17,5.9,0.0,54.9,0.0,20111017,10.4
290,0.0,7.6,16.3,1.2,10,2011,18,232,2011-10-18,0.1,0.0,55.6,0.0,20111018,10.3
291,1.0,10.7,21.6,1.4,10,2011,19,232,2011-10-19,1.2,0.0,67.6,0.0,20111019,10.2
292,6.1,14.9,20.8,2.1,10,2011,20,232,2011-10-20,9.8,0.0,66.6,0.0,20111020,5.9
293,8.1,15.9,21.0,1.6,10,2011,21,232,2011-10-21,10.6,1.0,70.4,0.0,20111021,1.4
294,5.9,15.1,20.3,1.3,10,2011,22,232,2011-10-22,10.1,6.5,80.0,0.0,20111022,4.1
295,7.9,15.1,21.9,1.2,10,2011,23,232,2011-10-23,8.6,0.0,76.8,0.0,20111023,4.2
296,8.9,13.8,17.9,3.0,10,2011,24,232,2011-10-24,9.9,0.0,68.0,0.0,20111024,0.0
297,0.0,7.4,12.3,3.2,10,2011,25,232,2011-10-25,1.6,0.0,48.4,0.0,20111025,10.2
298,1.8,6.8,16.5,0.9,10,2011,26,232,2011-10-26,-0.9,0.0,61.3,0.0,20111026,10.2
299,4.4,10.4,20.1,1.4,10,2011,27,232,2011-10-27,2.5,0.0,58.9,0.0,20111027,8.7
300,6.3,12.3,19.6,0.8,10,2011,28,232,2011-10-28,7.4,0.0,67.8,0.0,20111028,3.4
301,9.3,12.0,13.9,1.0,10,2011,29,232,2011-10-29,10.2,4.0,85.9,0.0,20111029,0.0
302,2.4,13.5,20.2,1.8,10,2011,30,232,2011-10-30,8.3,0.0,74.0,0.0,20111030,8.0
303,3.1,11.8,21.7,0.8,10,2011,31,232,2011-10-31,4.8,0.0,66.1,0.0,20111031,8.4
304,2.8,14.4,23.4,1.2,11,2011,1,232,2011-11-01,6.9,0.0,59.4,0.0,20111101,9.7
305,5.9,15.2,23.4,1.1,11,2011,2,232,2011-11-02,10.0,0.0,60.9,0.0,20111102,2.8
306,1.1,15.8,25.3,1.0,11,2011,3,232,2011-11-03,8.0,0.0,71.5,0.0,20111103,8.6
307,7.4,19.9,25.2,2.0,11,2011,4,232,2011-11-04,14.2,2.0,69.8,0.0,20111104,5.8
308,8.6,18.8,22.8,1.0,11,2011,5,232,2011-11-05,15.8,5.5,81.6,0.0,20111105,0.8
309,10.0,16.1,18.7,1.4,11,2011,6,232,2011-11-06,14.3,2.5,87.1,0.0,20111106,0.0
310,7.9,14.5,18.9,1.2,11,2011,7,232,2011-11-07,11.3,0.0,83.1,0.0,20111107,0.6
311,7.9,14.6,19.4,1.3,11,2011,8,232,2011-11-08,10.1,0.4,79.6,0.0,20111108,2.9
312,7.3,14.6,17.6,2.3,11,2011,9,232,2011-11-09,10.7,0.0,66.5,0.0,20111109,1.5
313,6.8,13.9,17.5,2.4,11,2011,10,232,2011-11-10,8.1,0.0,61.1,0.0,20111110,4.6
314,7.6,12.4,18.9,1.3,11,2011,11,232,2011-11-11,9.4,1.5,77.6,0.0,20111111,1.4
315,5.8,11.2,16.6,1.3,11,2011,12,232,2011-11-12,7.4,0.0,75.4,0.0,20111112,4.0
316,4.1,11.3,15.9,2.2,11,2011,13,232,2011-11-13,7.2,0.0,60.5,0.0,20111113,4.7
317,0.5,6.2,12.0,2.2,11,2011,14,232,2011-11-14,1.3,0.0,57.6,0.0,20111114,9.4
318,1.5,5.0,12.8,1.0,11,2011,15,232,2011-11-15,-0.7,0.0,65.3,0.0,20111115,8.6
319,4.0,8.0,17.3,1.5,11,2011,16,232,2011-11-16,-0.1,0.0,59.3,0.0,20111116,6.7
320,8.3,13.2,17.5,2.0,11,2011,17,232,2011-11-17,6.8,0.0,52.4,0.0,20111117,0.5
321,8.9,16.1,20.9,2.5,11,2011,18,232,2011-11-18,11.6,14.0,82.1,0.0,20111118,3.6
322,7.1,11.9,16.6,4.1,11,2011,19,232,2011-11-19,6.4,1.5,79.3,0.0,20111119,0.5
323,2.8,2.7,6.7,4.7,11,2011,20,232,2011-11-20,-0.3,0.0,47.4,0.0,20111120,7.4
324,0.6,0.7,7.0,1.5,11,2011,21,232,2011-11-21,-4.1,0.0,56.1,0.0,20111121,9.3
325,9.1,5.5,8.4,2.5,11,2011,22,232,2011-11-22,-1.0,0.0,50.6,0.0,20111122,0.9
326,8.5,5.0,9.4,4.1,11,2011,23,232,2011-11-23,1.4,3.5,71.3,0.0,20111123,0.7
327,3.5,0.7,4.0,3.1,11,2011,24,232,2011-11-24,-2.2,0.0,54.9,0.0,20111124,9.1
328,2.3,2.6,9.4,0.9,11,2011,25,232,2011-11-25,-1.3,0.0,65.0,0.0,20111125,6.4
329,7.9,6.4,11.6,2.8,11,2011,26,232,2011-11-26,-1.1,0.0,64.3,0.0,20111126,0.1
330,6.5,12.5,18.8,3.0,11,2011,27,232,2011-11-27,8.9,0.0,69.4,0.0,20111127,0.7
331,2.4,13.3,21.5,2.1,11,2011,28,232,2011-11-28,9.1,0.0,77.6,0.0,20111128,6.1
332,8.1,11.7,15.3,1.3,11,2011,29,232,2011-11-29,7.8,0.4,91.8,0.0,20111129,0.0
333,9.5,6.7,12.1,2.8,11,2011,30,232,2011-11-30,4.3,34.5,85.1,0.0,20111130,0.0
334,8.3,6.6,8.8,2.6,12,2011,1,232,2011-12-01,4.8,0.0,65.6,0.0,20111201,0.3
335,9.4,6.5,9.5,2.5,12,2011,2,232,2011-12-02,2.4,0.4,65.0,0.0,20111202,0.0
336,6.1,5.9,10.1,2.0,12,2011,3,232,2011-12-03,2.9,5.0,82.9,0.0,20111203,2.8
337,5.1,4.7,7.6,2.2,12,2011,4,232,2011-12-04,-0.4,0.0,62.0,0.0,20111204,3.2
338,4.6,1.4,6.7,1.6,12,2011,5,232,2011-12-05,-3.3,0.0,49.3,0.0,20111205,7.0
339,7.1,3.5,8.2,1.5,12,2011,6,232,2011-12-06,0.2,0.0,54.0,0.0,20111206,2.9
340,10.0,4.8,7.8,1.7,12,2011,7,232,2011-12-07,1.5,0.0,65.4,0.0,20111207,0.0
341,8.8,2.2,5.3,4.0,12,2011,8,232,2011-12-08,-1.9,0.0,61.8,0.0,20111208,0.5
342,5.4,-1.9,0.8,1.9,12,2011,9,232,2011-12-09,-4.3,0.1,72.1,0.2,20111209,1.7
343,6.8,-1.6,2.8,1.6,12,2011,10,232,2011-12-10,-5.7,0.1,75.4,0.2,20111210,2.7
344,8.0,3.2,6.4,1.5,12,2011,11,232,2011-12-11,-0.2,0.0,78.6,0.0,20111211,1.4
345,4.8,4.6,9.1,1.7,12,2011,12,232,2011-12-12,-1.4,0.0,59.6,0.0,20111212,5.4
346,1.1,0.2,8.5,1.0,12,2011,13,232,2011-12-13,-5.2,0.0,68.4,0.0,20111213,8.3
347,5.3,2.2,8.3,1.8,12,2011,14,232,2011-12-14,-4.6,0.0,67.8,0.0,20111214,2.3
348,4.8,-1.6,2.5,3.8,12,2011,15,232,2011-12-15,-3.4,0.0,46.1,0.0,20111215,8.0
349,4.5,-4.8,-2.0,3.6,12,2011,16,232,2011-12-16,-6.5,0.5,54.0,1.0,20111216,4.8
350,3.4,-4.8,0.1,1.8,12,2011,17,232,2011-12-17,-9.2,0.0,59.8,0.0,20111217,7.4
351,4.0,-1.6,2.5,1.9,12,2011,18,232,2011-12-18,-6.4,0.0,64.8,0.0,20111218,6.2
352,1.8,-3.9,2.1,0.8,12,2011,19,232,2011-12-19,-8.5,0.0,70.5,0.0,20111219,3.2
353,3.1,-1.7,5.0,0.9,12,2011,20,232,2011-12-20,-8.6,0.0,65.4,0.0,20111220,6.7
354,9.0,2.8,7.3,2.2,12,2011,21,232,2011-12-21,0.0,0.0,64.9,0.0,20111221,0.6
355,2.4,-3.3,1.9,4.6,12,2011,22,232,2011-12-22,-6.8,0.5,42.8,0.0,20111222,8.3
356,1.3,-5.5,0.0,2.1,12,2011,23,232,2011-12-23,-11.6,0.3,44.5,0.7,20111223,8.3
357,3.9,-3.9,-1.2,3.0,12,2011,24,232,2011-12-24,-7.9,3.5,62.6,5.8,20111224,5.3
358,0.3,-5.5,-2.1,2.7,12,2011,25,232,2011-12-25,-9.9,0.0,45.8,0.0,20111225,8.4
359,0.0,-7.6,-1.9,2.4,12,2011,26,232,2011-12-26,-13.4,0.0,55.0,0.0,20111226,8.4
360,1.3,-5.6,1.8,0.8,12,2011,27,232,2011-12-27,-12.3,0.0,58.5,0.0,20111227,8.1
361,5.9,-1.3,5.2,1.1,12,2011,28,232,2011-12-28,-8.5,0.0,64.1,0.0,20111228,5.4
362,3.9,-0.7,2.8,2.1,12,2011,29,232,2011-12-29,-6.5,0.1,71.9,0.0,20111229,6.3
363,0.0,-4.7,2.2,1.1,12,2011,30,232,2011-12-30,-9.4,0.0,76.6,0.0,20111230,7.8
364,5.3,-2.5,2.5,0.7,12,2011,31,232,2011-12-31,-9.6,0.0,70.1,0.0,20111231,3.6
