,tmin,cloud,sunshine,tavg,wind,day,rainfall,date,humid,tmax,year,snow,Date,station_id,month
0,-13.2,1.6,9.0,-6.5,0.6,1,0.0,20220101,59.3,1.0,2022,0.0,2022-01-01,232,1
1,-8.6,3.6,6.4,-2.3,1.2,2,0.3,20220102,70.3,4.9,2022,0.0,2022-01-02,232,1
2,-11.9,2.6,8.2,-4.2,0.6,3,0.0,20220103,75.1,3.0,2022,0.0,2022-01-03,232,1
3,-8.0,1.7,9.1,-2.2,1.2,4,0.0,20220104,59.3,2.5,2022,0.0,2022-01-04,232,1
4,-10.7,8.1,0.8,-3.7,0.3,5,0.0,20220105,65.8,3.1,2022,0.0,2022-01-05,232,1
5,-9.0,0.0,9.0,-2.7,1.1,6,0.0,20220106,64.9,4.4,2022,0.0,2022-01-06,232,1
6,-11.1,0.0,9.0,-4.1,0.7,7,0.0,20220107,63.6,5.0,2022,0.0,2022-01-07,232,1
7,-10.4,3.0,5.9,-1.2,0.7,8,0.0,20220108,69.8,6.5,2022,0.0,2022-01-08,232,1
8,-4.8,3.3,7.3,0.7,0.7,9,0.0,20220109,74.4,5.5,2022,0.0,2022-01-09,232,1
9,-7.7,7.6,0.9,-1.0,1.0,10,0.0,20220110,73.5,5.1,2022,0.0,2022-01-10,232,1
10,-8.6,2.4,8.3,-5.1,2.7,11,0.5,20220111,60.5,0.3,2022,0.0,2022-01-11,232,1
11,-13.8,2.9,9.2,-7.3,1.1,12,0.0,20220112,62.6,-1.4,2022,0.0,2022-01-12,232,1
12,-9.4,3.3,7.9,-5.3,2.1,13,0.0,20220113,59.4,-1.5,2022,0.0,2022-01-13,232,1
13,-11.7,3.5,9.2,-5.2,0.8,14,0.0,20220114,48.4,1.4,2022,0.0,2022-01-14,232,1
14,-8.8,7.0,2.3,-2.3,0.5,15,0.0,20220115,55.4,4.2,2022,0.0,2022-01-15,232,1
15,-4.8,2.3,8.7,-0.6,1.7,16,0.2,20220116,58.0,3.2,2022,0.0,2022-01-16,232,1
16,-11.3,4.9,5.2,-4.7,1.5,17,1.0,20220117,63.8,1.7,2022,0.0,2022-01-17,232,1
17,-14.2,0.1,9.3,-7.2,0.9,18,0.0,20220118,60.1,0.1,2022,0.0,2022-01-18,232,1
18,-12.5,5.5,1.8,-5.8,0.9,19,0.0,20220119,79.0,0.4,2022,0.0,2022-01-19,232,1
19,-12.7,0.1,9.4,-5.5,0.6,20,0.0,20220120,70.4,2.5,2022,0.0,2022-01-20,232,1
20,-12.7,1.5,9.5,-4.7,0.5,21,0.0,20220121,63.8,5.3,2022,0.0,2022-01-21,232,1
21,-7.4,8.3,1.6,0.7,0.4,22,0.0,20220122,58.0,8.5,2022,0.0,2022-01-22,232,1
22,-3.2,5.1,5.1,2.3,0.7,23,0.0,20220123,63.3,9.3,2022,0.0,2022-01-23,232,1
23,-5.5,3.1,6.8,2.8,1.9,24,0.0,20220124,63.9,9.2,2022,0.0,2022-01-24,232,1
24,0.5,8.1,0.0,2.3,0.7,25,0.5,20220125,94.5,4.4,2022,0.0,2022-01-25,232,1
25,-2.1,3.6,7.8,1.3,1.0,26,0.0,20220126,74.5,6.1,2022,0.0,2022-01-26,232,1
26,-6.4,4.1,9.6,-1.2,1.0,27,0.0,20220127,65.0,4.5,2022,0.0,2022-01-27,232,1
27,-5.8,4.1,9.4,-1.6,1.2,28,0.0,20220128,54.1,2.9,2022,0.0,2022-01-28,232,1
28,-8.2,2.1,9.4,-3.5,1.2,29,0.0,20220129,56.0,1.6,2022,0.0,2022-01-29,232,1
29,-11.3,1.6,9.4,-4.1,0.9,30,0.0,20220130,62.4,2.5,2022,0.0,2022-01-30,232,1
30,-10.9,3.5,9.6,-2.3,0.7,31,0.8,20220131,66.4,5.5,2022,0.0,2022-01-31,232,1
31,-1.8,7.1,0.6,-0.5,2.0,1,0.7,20220201,83.6,1.0,2022,0.0,2022-02-01,232,2
32,-7.0,5.5,6.5,-2.4,1.4,2,0.0,20220202,66.4,0.7,2022,0.0,2022-02-02,232,2
33,-9.1,2.9,9.7,-3.6,1.1,3,0.0,20220203,63.5,1.8,2022,0.0,2022-02-03,232,2
34,-7.4,5.5,7.4,-4.0,1.8,4,0.0,20220204,65.1,0.9,2022,0.0,2022-02-04,232,2
35,-8.5,3.6,7.9,-5.1,2.1,5,0.0,20220205,57.3,-0.7,2022,0.0,2022-02-05,232,2
36,-11.8,2.1,7.7,-4.0,1.4,6,0.0,20220206,64.1,2.9,2022,0.0,2022-02-06,232,2
37,-10.7,5.9,3.7,-3.0,1.0,7,0.0,20220207,52.8,2.3,2022,0.0,2022-02-07,232,2
38,-8.3,3.3,7.3,-1.5,0.9,8,0.0,20220208,62.0,5.8,2022,0.0,2022-02-08,232,2
39,-9.4,4.9,8.9,-0.4,0.5,9,0.0,20220209,57.0,7.6,2022,0.0,2022-02-09,232,2
40,-4.0,2.4,9.5,1.1,1.1,10,0.0,20220210,59.6,7.3,2022,0.0,2022-02-10,232,2
41,-7.0,3.3,9.0,0.7,0.7,11,0.0,20220211,66.8,9.8,2022,0.0,2022-02-11,232,2
42,-3.3,4.4,8.5,2.3,0.7,12,0.0,20220212,60.5,11.3,2022,0.0,2022-02-12,232,2
43,-3.3,5.6,4.1,2.6,0.6,13,0.0,20220213,65.3,10.8,2022,0.0,2022-02-13,232,2
44,-5.0,4.9,4.9,1.9,1.5,14,1.0,20220214,72.5,10.7,2022,0.0,2022-02-14,232,2
45,-5.5,7.8,2.4,-3.1,2.8,15,0.0,20220215,69.0,0.0,2022,0.0,2022-02-15,232,2
46,-7.9,5.5,5.8,-5.9,2.4,16,0.0,20220216,63.3,-3.5,2022,0.0,2022-02-16,232,2
47,-10.2,0.1,9.8,-6.1,1.5,17,0.0,20220217,48.6,-1.2,2022,0.0,2022-02-17,232,2
48,-12.7,7.0,9.4,-2.9,0.6,18,0.0,20220218,52.9,5.9,2022,0.0,2022-02-18,232,2
49,-4.8,7.5,2.5,-0.6,1.8,19,0.0,20220219,59.3,3.4,2022,0.0,2022-02-19,232,2
50,-6.6,2.9,10.4,-3.7,2.4,20,0.5,20220220,45.9,-0.8,2022,0.0,2022-02-20,232,2
51,-10.2,2.0,7.0,-2.1,2.1,21,0.0,20220221,65.8,5.3,2022,0.0,2022-02-21,232,2
52,-6.7,3.5,8.4,-3.0,1.8,22,0.5,20220222,48.8,2.2,2022,0.0,2022-02-22,232,2
53,-11.7,2.8,10.1,-5.3,1.6,23,0.0,20220223,48.8,-0.2,2022,0.0,2022-02-23,232,2
54,-11.8,0.1,10.6,-3.6,1.2,24,0.0,20220224,53.8,3.6,2022,0.0,2022-02-24,232,2
55,-9.1,0.9,7.6,0.7,1.0,25,0.0,20220225,72.8,10.4,2022,0.0,2022-02-25,232,2
56,-2.5,6.5,5.5,5.1,2.5,26,0.6,20220226,73.4,12.3,2022,0.0,2022-02-26,232,2
57,-3.8,0.0,10.6,3.0,1.7,27,0.0,20220227,57.3,10.5,2022,0.0,2022-02-27,232,2
58,-4.7,6.8,7.1,3.9,0.6,28,0.0,20220228,58.9,12.5,2022,0.0,2022-02-28,232,2
59,0.2,7.1,2.5,4.5,1.3,1,0.9,20220301,80.4,9.9,2022,0.0,2022-03-01,232,3
60,-6.0,0.0,10.8,1.9,1.5,2,0.0,20220302,65.5,9.8,2022,0.0,2022-03-02,232,3
61,-4.4,0.0,10.4,3.6,0.9,3,0.0,20220303,66.0,13.3,2022,0.0,2022-03-03,232,3
62,-3.2,5.3,6.3,7.3,2.6,4,0.0,20220304,60.5,16.9,2022,0.0,2022-03-04,232,3
63,-0.9,0.1,10.4,3.0,3.3,5,0.0,20220305,42.5,8.3,2022,0.0,2022-03-05,232,3
64,-3.3,1.6,10.9,1.3,1.7,6,0.0,20220306,40.0,6.2,2022,0.0,2022-03-06,232,3
65,-5.4,3.4,9.2,1.7,0.9,7,0.0,20220307,53.5,9.5,2022,0.0,2022-03-07,232,3
66,-5.0,2.1,10.0,3.8,1.0,8,0.0,20220308,60.5,13.2,2022,0.0,2022-03-08,232,3
67,-1.6,2.3,7.8,5.8,0.7,9,0.0,20220309,68.0,15.2,2022,0.0,2022-03-09,232,3
68,-1.5,7.1,7.0,7.5,0.7,10,0.0,20220310,53.0,17.1,2022,0.0,2022-03-10,232,3
69,0.2,7.1,3.1,9.4,0.6,11,0.0,20220311,64.4,18.2,2022,0.0,2022-03-11,232,3
70,5.2,8.0,3.2,13.7,1.6,12,0.0,20220312,73.4,20.3,2022,0.0,2022-03-12,232,3
71,11.3,9.5,0.0,13.2,1.1,13,16.9,20220313,96.0,16.7,2022,0.0,2022-03-13,232,3
72,5.3,9.3,0.0,9.6,2.2,14,3.2,20220314,96.6,13.5,2022,0.0,2022-03-14,232,3
73,3.6,5.5,7.8,8.2,1.2,15,0.0,20220315,74.9,15.1,2022,0.0,2022-03-15,232,3
74,0.2,5.0,8.2,9.1,0.9,16,0.0,20220316,71.0,17.9,2022,0.0,2022-03-16,232,3
75,6.8,10.0,0.0,8.5,1.7,17,4.5,20220317,91.3,10.7,2022,0.0,2022-03-17,232,3
76,5.3,9.6,0.0,6.9,3.4,18,2.3,20220318,78.6,8.9,2022,0.0,2022-03-18,232,3
77,1.2,8.8,0.1,3.7,1.5,19,6.7,20220319,89.4,6.7,2022,0.0,2022-03-19,232,3
78,0.5,8.6,2.7,4.3,1.3,20,0.0,20220320,76.9,9.9,2022,0.0,2022-03-20,232,3
79,-2.9,7.5,7.0,4.2,0.9,21,0.0,20220321,59.9,10.9,2022,0.0,2022-03-21,232,3
80,-1.9,2.6,11.1,5.7,1.4,22,0.0,20220322,57.6,12.5,2022,0.0,2022-03-22,232,3
81,0.7,7.1,0.6,4.4,0.9,23,0.0,20220323,72.4,9.3,2022,0.0,2022-03-23,232,3
82,-1.5,7.5,2.2,6.7,1.0,24,0.0,20220324,75.1,15.0,2022,0.0,2022-03-24,232,3
83,2.8,7.1,2.7,11.4,2.0,25,8.0,20220325,74.0,18.0,2022,0.0,2022-03-25,232,3
84,5.7,7.1,0.8,11.1,2.4,26,15.1,20220326,89.3,14.6,2022,0.0,2022-03-26,232,3
85,0.1,0.8,10.4,7.1,1.7,27,0.0,20220327,56.5,14.3,2022,0.0,2022-03-27,232,3
86,-2.5,0.0,11.4,6.1,1.0,28,0.0,20220328,46.4,14.4,2022,0.0,2022-03-28,232,3
87,-1.3,0.9,11.4,8.4,0.9,29,0.0,20220329,63.1,17.9,2022,0.0,2022-03-29,232,3
88,1.8,7.0,2.3,10.4,0.9,30,0.0,20220330,83.9,17.5,2022,0.0,2022-03-30,232,3
89,6.7,9.5,0.0,10.2,1.5,31,0.0,20220331,81.5,14.1,2022,0.0,2022-03-31,232,3
90,1.5,3.5,10.2,8.0,1.3,1,0.0,20220401,60.1,15.0,2022,0.0,2022-04-01,232,4
91,-2.0,0.5,11.6,6.2,1.3,2,0.0,20220402,57.1,15.2,2022,0.0,2022-04-02,232,4
92,-1.5,0.5,11.7,7.9,1.1,3,0.0,20220403,57.9,16.2,2022,0.0,2022-04-03,232,4
93,-0.2,0.0,11.7,8.5,1.1,4,0.0,20220404,53.0,17.5,2022,0.0,2022-04-04,232,4
94,-0.9,5.8,8.5,8.6,0.9,5,0.0,20220405,52.0,17.9,2022,0.0,2022-04-05,232,4
95,2.0,4.9,8.6,10.2,1.1,6,0.0,20220406,45.9,18.9,2022,0.0,2022-04-06,232,4
96,5.3,3.8,9.2,10.9,1.6,7,0.0,20220407,44.3,17.5,2022,0.0,2022-04-07,232,4
97,0.2,0.8,12.0,11.9,1.0,8,0.0,20220408,45.8,22.2,2022,0.0,2022-04-08,232,4
98,7.6,2.5,9.6,16.5,1.5,9,0.0,20220409,47.5,25.7,2022,0.0,2022-04-09,232,4
99,6.3,3.4,11.5,16.6,1.0,10,0.0,20220410,50.3,26.3,2022,0.0,2022-04-10,232,4
100,9.0,2.1,10.2,18.4,1.0,11,0.0,20220411,64.9,27.0,2022,0.0,2022-04-11,232,4
101,11.7,6.4,8.5,18.9,1.3,12,0.0,20220412,75.0,27.6,2022,0.0,2022-04-12,232,4
102,8.4,10.0,0.0,11.9,2.6,13,16.4,20220413,97.6,16.2,2022,0.0,2022-04-13,232,4
103,7.6,9.8,0.0,9.8,3.6,14,9.5,20220414,82.8,11.9,2022,0.0,2022-04-14,232,4
104,3.5,2.3,11.9,11.1,1.5,15,0.0,20220415,64.3,18.1,2022,0.0,2022-04-15,232,4
105,3.0,1.0,12.2,10.7,1.2,16,0.0,20220416,53.6,18.2,2022,0.0,2022-04-16,232,4
106,1.1,2.3,11.4,11.7,1.2,17,0.0,20220417,55.5,21.3,2022,0.0,2022-04-17,232,4
107,6.9,6.6,9.0,13.2,1.2,18,0.0,20220418,52.9,22.0,2022,0.0,2022-04-18,232,4
108,3.7,1.6,12.0,13.3,1.1,19,0.0,20220419,56.3,22.8,2022,0.0,2022-04-19,232,4
109,3.0,1.1,12.2,13.0,0.9,20,0.0,20220420,57.8,23.2,2022,0.0,2022-04-20,232,4
110,4.5,4.3,8.0,13.4,1.3,21,0.0,20220421,59.1,21.9,2022,0.0,2022-04-21,232,4
111,7.8,5.5,5.1,15.5,1.9,22,0.0,20220422,75.3,22.6,2022,0.0,2022-04-22,232,4
112,9.3,7.5,8.1,16.3,0.8,23,0.0,20220423,63.3,24.4,2022,0.0,2022-04-23,232,4
113,9.9,3.6,7.9,17.6,1.0,24,0.0,20220424,72.0,26.7,2022,0.0,2022-04-24,232,4
114,13.4,9.4,2.0,19.0,0.8,25,3.9,20220425,77.0,25.2,2022,0.0,2022-04-25,232,4
115,15.2,8.1,2.1,18.6,1.6,26,9.0,20220426,80.1,24.2,2022,0.0,2022-04-26,232,4
116,9.2,1.4,11.8,15.5,1.2,27,0.0,20220427,39.5,22.6,2022,0.0,2022-04-27,232,4
117,6.7,5.5,8.1,15.6,1.2,28,0.0,20220428,54.3,25.0,2022,0.0,2022-04-28,232,4
118,9.1,7.3,2.3,12.2,2.2,29,12.8,20220429,78.6,16.2,2022,0.0,2022-04-29,232,4
119,7.7,7.8,3.1,12.3,1.3,30,0.0,20220430,73.5,18.2,2022,0.0,2022-04-30,232,4
120,4.4,1.3,11.0,11.7,1.8,1,0.0,20220501,57.3,19.1,2022,0.0,2022-05-01,232,5
121,4.6,2.6,11.8,11.8,1.5,2,0.0,20220502,59.6,19.1,2022,0.0,2022-05-02,232,5
122,3.1,0.3,12.6,12.2,0.9,3,0.0,20220503,59.4,22.0,2022,0.0,2022-05-03,232,5
123,4.7,1.5,12.4,15.4,1.0,4,0.0,20220504,58.1,25.8,2022,0.0,2022-05-04,232,5
124,6.2,0.0,12.7,16.7,0.8,5,0.0,20220505,63.8,25.9,2022,0.0,2022-05-05,232,5
125,9.5,5.1,9.7,18.2,1.1,6,0.0,20220506,72.1,25.9,2022,0.0,2022-05-06,232,5
126,10.8,7.1,6.6,16.6,1.5,7,0.0,20220507,66.5,21.7,2022,0.0,2022-05-07,232,5
127,10.3,9.6,2.3,15.3,1.8,8,1.0,20220508,54.4,21.2,2022,0.0,2022-05-08,232,5
128,10.5,5.6,10.7,15.5,2.0,9,2.2,20220509,61.0,23.0,2022,0.0,2022-05-09,232,5
129,7.4,5.3,10.6,16.8,1.4,10,0.0,20220510,46.4,24.5,2022,0.0,2022-05-10,232,5
130,11.2,8.1,8.1,17.8,1.1,11,0.0,20220511,53.5,24.1,2022,0.0,2022-05-11,232,5
131,12.1,7.3,6.3,18.7,1.0,12,0.0,20220512,61.6,26.4,2022,0.0,2022-05-12,232,5
132,13.3,7.3,1.7,17.2,0.9,13,0.0,20220513,63.1,21.7,2022,0.0,2022-05-13,232,5
133,8.0,3.8,11.9,14.2,2.1,14,0.0,20220514,53.3,20.3,2022,0.0,2022-05-14,232,5
134,6.8,1.6,11.9,13.9,1.4,15,0.0,20220515,51.4,20.4,2022,0.0,2022-05-15,232,5
135,3.9,0.6,12.9,14.7,1.4,16,0.0,20220516,51.8,23.9,2022,0.0,2022-05-16,232,5
136,7.6,0.9,11.6,18.3,1.4,17,0.0,20220517,56.4,26.6,2022,0.0,2022-05-17,232,5
137,10.9,3.1,11.0,19.8,1.7,18,0.0,20220518,51.5,27.2,2022,0.0,2022-05-18,232,5
138,10.2,7.6,6.1,17.8,1.4,19,0.0,20220519,49.0,24.6,2022,0.0,2022-05-19,232,5
139,10.8,4.6,9.7,18.7,1.0,20,0.0,20220520,61.3,26.4,2022,0.0,2022-05-20,232,5
140,14.1,2.8,9.6,19.6,1.3,21,0.0,20220521,74.0,26.2,2022,0.0,2022-05-21,232,5
141,12.3,1.3,11.9,19.8,1.3,22,0.0,20220522,74.3,27.4,2022,0.0,2022-05-22,232,5
142,13.3,2.8,11.7,22.0,1.3,23,0.0,20220523,64.5,29.9,2022,0.0,2022-05-23,232,5
143,11.9,0.8,13.0,20.8,1.0,24,0.0,20220524,58.9,29.3,2022,0.0,2022-05-24,232,5
144,12.2,5.4,10.2,19.7,1.3,25,0.9,20220525,70.5,26.9,2022,0.0,2022-05-25,232,5
145,12.4,2.8,11.2,18.0,1.7,26,5.6,20220526,60.3,24.2,2022,0.0,2022-05-26,232,5
146,11.7,0.9,12.5,18.5,1.9,27,0.0,20220527,64.4,24.6,2022,0.0,2022-05-27,232,5
147,11.1,2.5,12.4,19.6,1.3,28,0.0,20220528,62.9,28.9,2022,0.0,2022-05-28,232,5
148,10.6,3.1,12.4,20.5,1.0,29,0.0,20220529,62.5,29.0,2022,0.0,2022-05-29,232,5
149,16.2,6.6,0.6,19.8,1.1,30,0.1,20220530,78.5,24.5,2022,0.0,2022-05-30,232,5
150,10.6,2.0,13.2,18.8,1.3,31,0.0,20220531,55.4,27.5,2022,0.0,2022-05-31,232,5
151,10.6,1.3,13.1,20.0,1.3,1,0.0,20220601,48.3,30.4,2022,0.0,2022-06-01,232,6
152,9.7,1.6,13.1,19.6,1.2,2,0.0,20220602,72.5,28.6,2022,0.0,2022-06-02,232,6
153,15.9,2.5,10.7,22.9,0.9,3,0.0,20220603,70.4,30.8,2022,0.0,2022-06-03,232,6
154,15.6,7.0,7.8,22.6,1.5,4,0.0,20220604,65.3,28.4,2022,0.0,2022-06-04,232,6
155,15.9,9.5,0.0,18.1,2.3,5,2.4,20220605,82.9,22.1,2022,0.0,2022-06-05,232,6
156,15.6,6.0,2.8,17.9,1.4,6,2.5,20220606,82.5,21.6,2022,0.0,2022-06-06,232,6
157,13.0,7.4,2.6,16.7,1.6,7,0.0,20220607,78.1,20.9,2022,0.0,2022-06-07,232,6
158,12.7,6.5,5.8,18.9,1.2,8,0.0,20220608,75.8,25.6,2022,0.0,2022-06-08,232,6
159,16.4,6.4,3.2,20.5,0.9,9,0.0,20220609,77.8,25.4,2022,0.0,2022-06-09,232,6
160,14.7,5.6,8.0,21.5,1.1,10,0.0,20220610,73.1,27.8,2022,0.0,2022-06-10,232,6
161,14.6,5.0,10.0,23.1,1.5,11,0.0,20220611,65.0,30.1,2022,0.0,2022-06-11,232,6
162,16.2,6.4,8.3,22.5,1.6,12,0.0,20220612,69.9,27.8,2022,0.0,2022-06-12,232,6
163,18.8,6.9,11.1,22.5,3.0,13,0.0,20220613,60.6,26.6,2022,0.0,2022-06-13,232,6
164,15.7,7.8,0.5,18.0,3.1,14,1.2,20220614,71.6,20.9,2022,0.0,2022-06-14,232,6
165,14.3,8.3,2.3,18.8,1.7,15,17.1,20220615,87.8,24.9,2022,0.0,2022-06-15,232,6
166,16.2,5.1,6.6,20.4,1.4,16,0.0,20220616,74.5,25.4,2022,0.0,2022-06-16,232,6
167,14.6,6.0,4.3,21.3,0.7,17,0.0,20220617,82.3,26.0,2022,0.0,2022-06-17,232,6
168,20.1,5.5,2.1,23.3,0.8,18,0.0,20220618,83.0,26.6,2022,0.0,2022-06-18,232,6
169,20.0,6.6,0.7,23.6,0.6,19,0.0,20220619,84.5,27.2,2022,0.0,2022-06-19,232,6
170,21.2,3.1,6.2,25.2,0.8,20,0.0,20220620,78.3,30.5,2022,0.0,2022-06-20,232,6
171,19.5,1.5,12.5,25.5,1.1,21,0.0,20220621,74.6,33.1,2022,0.0,2022-06-21,232,6
172,19.6,5.0,10.2,25.0,1.0,22,0.0,20220622,77.5,32.3,2022,0.0,2022-06-22,232,6
173,19.4,8.9,0.4,24.1,1.5,23,45.3,20220623,92.4,29.5,2022,0.0,2022-06-23,232,6
174,20.9,7.5,4.2,24.1,2.0,24,12.0,20220624,86.4,28.1,2022,0.0,2022-06-24,232,6
175,19.3,2.1,6.2,26.1,1.3,25,0.0,20220625,79.3,32.1,2022,0.0,2022-06-25,232,6
176,24.7,8.0,1.7,26.9,1.4,26,0.0,20220626,81.0,29.6,2022,0.0,2022-06-26,232,6
177,24.0,10.0,0.1,27.2,1.7,27,1.0,20220627,82.4,29.3,2022,0.0,2022-06-27,232,6
178,26.8,9.6,4.1,28.5,3.4,28,0.1,20220628,70.3,31.2,2022,0.0,2022-06-28,232,6
179,24.0,9.8,0.7,25.5,1.9,29,55.5,20220629,95.6,29.0,2022,0.0,2022-06-29,232,6
180,21.0,7.9,2.7,25.1,1.7,30,30.9,20220630,90.5,30.2,2022,0.0,2022-06-30,232,6
181,21.9,4.1,9.5,26.8,1.0,1,0.0,20220701,80.5,31.7,2022,0.0,2022-07-01,232,7
182,21.5,4.3,12.2,27.3,0.7,2,0.0,20220702,79.4,33.5,2022,0.0,2022-07-02,232,7
183,22.8,5.8,10.2,26.8,0.8,3,1.9,20220703,83.0,33.2,2022,0.0,2022-07-03,232,7
184,22.5,6.3,9.2,26.9,0.9,4,2.5,20220704,80.8,32.9,2022,0.0,2022-07-04,232,7
185,23.2,7.5,4.1,26.9,0.7,5,0.0,20220705,88.1,32.5,2022,0.0,2022-07-05,232,7
186,23.5,6.6,5.5,28.6,1.3,6,0.0,20220706,79.8,33.9,2022,0.0,2022-07-06,232,7
187,24.6,7.9,3.7,28.2,1.6,7,4.0,20220707,84.3,33.4,2022,0.0,2022-07-07,232,7
188,24.1,7.0,5.4,26.8,1.5,8,1.0,20220708,82.4,30.9,2022,0.0,2022-07-08,232,7
189,23.2,6.4,1.2,25.4,0.9,9,0.0,20220709,90.0,29.6,2022,0.0,2022-07-09,232,7
190,21.4,6.1,8.3,27.2,0.8,10,2.0,20220710,81.5,33.2,2022,0.0,2022-07-10,232,7
191,21.8,7.4,2.0,23.8,0.8,11,13.3,20220711,95.6,27.6,2022,0.0,2022-07-11,232,7
192,21.7,8.1,1.6,25.8,0.9,12,0.0,20220712,90.5,29.0,2022,0.0,2022-07-12,232,7
193,23.3,9.3,0.0,24.3,1.6,13,36.1,20220713,95.5,26.0,2022,0.0,2022-07-13,232,7
194,23.0,5.9,2.1,25.1,1.3,14,2.8,20220714,91.5,28.7,2022,0.0,2022-07-14,232,7
195,20.9,2.5,9.2,25.0,1.1,15,0.0,20220715,81.1,30.0,2022,0.0,2022-07-15,232,7
196,19.5,6.0,3.4,23.9,0.9,16,0.5,20220716,85.6,28.9,2022,0.0,2022-07-16,232,7
197,19.7,6.8,5.1,24.4,1.0,17,0.0,20220717,85.3,29.5,2022,0.0,2022-07-17,232,7
198,20.4,7.9,0.1,22.6,1.5,18,8.4,20220718,96.5,24.8,2022,0.0,2022-07-18,232,7
199,19.3,7.3,2.4,24.1,0.9,19,0.0,20220719,89.3,29.8,2022,0.0,2022-07-19,232,7
200,21.4,8.8,7.1,25.8,0.7,20,0.0,20220720,82.3,31.4,2022,0.0,2022-07-20,232,7
201,22.0,8.1,0.0,23.0,1.4,21,22.1,20220721,96.6,24.1,2022,0.0,2022-07-21,232,7
202,21.1,5.8,5.2,24.2,1.5,22,0.7,20220722,87.5,28.7,2022,0.0,2022-07-22,232,7
203,19.4,8.0,0.3,23.5,1.1,23,10.3,20220723,90.5,27.4,2022,0.0,2022-07-23,232,7
204,22.2,5.3,0.5,24.3,1.2,24,2.5,20220724,95.0,27.0,2022,0.0,2022-07-24,232,7
205,22.5,3.0,7.3,26.0,1.0,25,0.0,20220725,84.6,31.0,2022,0.0,2022-07-25,232,7
206,20.9,3.6,11.8,26.9,0.8,26,0.0,20220726,80.4,33.4,2022,0.0,2022-07-26,232,7
207,22.8,6.4,6.9,26.0,1.6,27,0.0,20220727,77.6,30.3,2022,0.0,2022-07-27,232,7
208,21.0,3.9,11.5,27.1,2.0,28,0.0,20220728,79.9,32.0,2022,0.0,2022-07-28,232,7
209,23.3,3.9,10.9,28.8,1.5,29,0.0,20220729,76.1,34.1,2022,0.0,2022-07-29,232,7
210,24.0,5.8,7.1,28.7,2.7,30,0.0,20220730,73.4,32.5,2022,0.0,2022-07-30,232,7
211,25.0,9.8,0.0,26.5,2.3,31,8.9,20220731,92.6,28.6,2022,0.0,2022-07-31,232,7
212,24.7,8.3,2.5,27.7,2.5,1,16.5,20220801,86.1,32.0,2022,0.0,2022-08-01,232,8
213,25.4,8.3,0.3,27.1,1.4,2,0.3,20220802,92.3,29.6,2022,0.0,2022-08-02,232,8
214,25.0,6.1,5.6,27.6,1.1,3,3.0,20220803,90.8,32.0,2022,0.0,2022-08-03,232,8
215,24.4,4.4,6.4,27.7,0.9,4,0.0,20220804,87.3,31.9,2022,0.0,2022-08-04,232,8
216,24.2,5.4,6.1,27.6,1.0,5,0.0,20220805,88.9,32.4,2022,0.0,2022-08-05,232,8
217,24.4,5.0,6.6,28.3,0.7,6,0.0,20220806,87.8,33.2,2022,0.0,2022-08-06,232,8
218,25.4,8.0,2.1,28.5,1.1,7,0.0,20220807,86.6,32.2,2022,0.0,2022-08-07,232,8
219,26.0,10.0,0.0,27.2,1.7,8,9.1,20220808,91.9,28.9,2022,0.0,2022-08-08,232,8
220,25.2,10.0,0.2,26.9,1.5,9,18.4,20220809,92.4,29.2,2022,0.0,2022-08-09,232,8
221,22.2,10.0,0.0,23.7,0.9,10,101.5,20220810,99.0,27.1,2022,0.0,2022-08-10,232,8
222,23.8,9.5,0.0,24.7,0.9,11,75.6,20220811,99.0,25.7,2022,0.0,2022-08-11,232,8
223,21.4,3.8,10.4,25.6,0.8,12,0.1,20220812,84.1,31.1,2022,0.0,2022-08-12,232,8
224,21.7,9.3,0.0,24.5,0.7,13,27.7,20220813,96.9,26.6,2022,0.0,2022-08-13,232,8
225,24.3,7.6,0.0,25.5,0.7,14,14.8,20220814,98.1,27.3,2022,0.0,2022-08-14,232,8
226,25.1,9.4,2.1,27.6,2.4,15,10.6,20220815,86.5,30.8,2022,0.0,2022-08-15,232,8
227,21.8,6.0,5.9,25.6,1.0,16,0.5,20220816,86.8,30.3,2022,0.0,2022-08-16,232,8
228,20.2,6.3,3.4,24.0,0.9,17,0.1,20220817,89.6,29.8,2022,0.0,2022-08-17,232,8
229,18.7,4.8,6.5,23.3,0.7,18,0.0,20220818,85.6,29.9,2022,0.0,2022-08-18,232,8
230,19.4,8.5,0.3,25.1,1.2,19,0.0,20220819,91.5,28.5,2022,0.0,2022-08-19,232,8
231,22.3,4.6,7.4,26.9,1.3,20,3.1,20220820,86.6,31.1,2022,0.0,2022-08-20,232,8
232,20.9,2.6,10.7,26.0,0.8,21,0.0,20220821,82.0,31.7,2022,0.0,2022-08-21,232,8
233,22.0,8.1,4.1,25.9,0.9,22,0.0,20220822,84.6,30.8,2022,0.0,2022-08-22,232,8
234,20.9,7.5,0.2,23.5,0.7,23,8.0,20220823,98.3,25.9,2022,0.0,2022-08-23,232,8
235,19.2,6.5,1.9,22.8,1.8,24,0.0,20220824,84.6,25.8,2022,0.0,2022-08-24,232,8
236,17.9,8.8,0.0,20.9,0.6,25,0.5,20220825,91.4,26.3,2022,0.0,2022-08-25,232,8
237,15.5,3.8,8.0,21.4,0.8,26,0.0,20220826,83.4,27.7,2022,0.0,2022-08-26,232,8
238,15.1,4.6,10.2,20.6,1.3,27,0.0,20220827,72.1,25.1,2022,0.0,2022-08-27,232,8
239,12.6,2.8,12.2,20.1,1.0,28,0.0,20220828,75.0,27.4,2022,0.0,2022-08-28,232,8
240,17.2,7.6,0.0,19.1,1.4,29,0.9,20220829,89.5,21.1,2022,0.0,2022-08-29,232,8
241,17.2,10.0,0.0,18.9,1.3,30,70.0,20220830,99.0,20.0,2022,0.0,2022-08-30,232,8
242,18.8,7.8,0.1,20.5,0.6,31,5.9,20220831,98.0,22.8,2022,0.0,2022-08-31,232,8
243,17.5,6.4,7.4,21.5,0.6,1,0.0,20220901,85.8,27.9,2022,0.0,2022-09-01,232,9
244,16.0,5.0,7.9,22.5,2.2,2,0.0,20220902,73.3,28.2,2022,0.0,2022-09-02,232,9
245,19.6,6.9,3.3,23.0,3.1,3,0.0,20220903,72.1,27.3,2022,0.0,2022-09-03,232,9
246,20.7,9.9,0.0,23.3,1.7,4,4.4,20220904,90.4,25.9,2022,0.0,2022-09-04,232,9
247,18.5,10.0,0.0,21.8,0.9,5,76.5,20220905,99.0,24.9,2022,0.0,2022-09-05,232,9
248,14.7,5.6,5.2,19.6,2.1,6,50.2,20220906,86.3,24.9,2022,0.0,2022-09-06,232,9
249,14.0,2.5,8.5,19.5,0.9,7,0.0,20220907,81.1,27.6,2022,0.0,2022-09-07,232,9
250,12.6,1.6,11.9,20.1,0.6,8,0.0,20220908,78.1,28.3,2022,0.0,2022-09-08,232,9
251,15.5,5.1,9.2,21.2,1.0,9,0.0,20220909,75.3,28.3,2022,0.0,2022-09-09,232,9
252,16.6,8.3,6.9,20.9,1.7,10,0.0,20220910,70.9,27.0,2022,0.0,2022-09-10,232,9
253,17.6,9.0,3.7,22.3,1.1,11,0.0,20220911,80.6,27.4,2022,0.0,2022-09-11,232,9
254,19.8,10.0,1.3,22.7,0.8,12,0.0,20220912,90.8,26.7,2022,0.0,2022-09-12,232,9
255,20.5,9.9,0.3,23.9,1.3,13,0.0,20220913,82.1,27.2,2022,0.0,2022-09-13,232,9
256,20.7,8.5,2.8,23.9,2.8,14,0.0,20220914,59.3,28.3,2022,0.0,2022-09-14,232,9
257,21.1,7.6,7.8,24.7,3.1,15,0.0,20220915,66.6,28.6,2022,0.0,2022-09-15,232,9
258,21.5,6.6,6.6,25.2,2.0,16,0.2,20220916,78.5,30.3,2022,0.0,2022-09-16,232,9
259,22.3,7.4,9.2,25.8,0.9,17,0.0,20220917,86.0,31.3,2022,0.0,2022-09-17,232,9
260,22.4,8.9,4.8,26.7,1.7,18,0.0,20220918,79.6,31.9,2022,0.0,2022-09-18,232,9
261,19.0,4.5,8.6,24.6,2.8,19,0.0,20220919,63.5,28.8,2022,0.0,2022-09-19,232,9
262,12.8,3.1,5.3,17.3,1.1,20,0.0,20220920,76.0,22.6,2022,0.0,2022-09-20,232,9
263,10.1,0.4,11.3,16.6,1.1,21,0.0,20220921,74.1,23.9,2022,0.0,2022-09-21,232,9
264,10.2,6.8,9.4,16.7,0.9,22,0.0,20220922,77.5,23.5,2022,0.0,2022-09-22,232,9
265,10.9,4.0,7.1,15.9,1.3,23,2.0,20220923,78.3,24.0,2022,0.0,2022-09-23,232,9
266,8.7,4.9,10.4,16.1,0.9,24,0.0,20220924,77.3,23.2,2022,0.0,2022-09-24,232,9
267,12.9,8.3,3.1,16.9,0.6,25,0.0,20220925,81.4,24.1,2022,0.0,2022-09-25,232,9
268,12.6,7.8,5.8,17.2,0.6,26,0.0,20220926,78.4,25.5,2022,0.0,2022-09-26,232,9
269,9.5,1.0,10.9,17.5,0.6,27,0.0,20220927,78.5,26.6,2022,0.0,2022-09-27,232,9
270,11.6,5.1,6.3,17.4,0.5,28,0.0,20220928,84.9,25.2,2022,0.0,2022-09-28,232,9
271,13.0,4.1,5.9,17.2,0.5,29,0.0,20220929,90.3,24.8,2022,0.0,2022-09-29,232,9
272,11.5,2.9,7.2,17.2,0.5,30,0.0,20220930,85.5,26.9,2022,0.0,2022-09-30,232,9
273,11.5,6.8,5.9,18.2,0.6,1,0.0,20221001,82.3,26.9,2022,0.0,2022-10-01,232,10
274,14.0,9.5,1.1,18.7,1.2,2,2.1,20221002,84.8,23.7,2022,0.0,2022-10-02,232,10
275,18.0,9.5,0.0,22.0,1.3,3,19.5,20221003,97.1,25.2,2022,0.0,2022-10-03,232,10
276,14.2,9.4,1.7,18.6,2.1,4,52.0,20221004,86.6,23.4,2022,0.0,2022-10-04,232,10
277,13.3,7.6,7.1,15.9,0.9,5,0.0,20221005,76.8,21.1,2022,0.0,2022-10-05,232,10
278,13.4,9.3,3.1,16.2,0.8,6,0.0,20221006,84.9,20.6,2022,0.0,2022-10-06,232,10
279,11.1,5.8,6.9,14.9,1.2,7,0.0,20221007,78.8,19.2,2022,0.0,2022-10-07,232,10
280,8.8,2.3,10.1,14.7,1.7,8,0.0,20221008,70.8,20.4,2022,0.0,2022-10-08,232,10
281,10.8,9.1,0.0,12.7,1.1,9,17.3,20221009,93.5,14.1,2022,0.0,2022-10-09,232,10
282,8.3,6.9,4.5,10.3,2.8,10,7.2,20221010,84.1,13.0,2022,0.0,2022-10-10,232,10
283,6.2,2.6,10.6,10.4,1.2,11,0.1,20221011,81.6,16.2,2022,0.0,2022-10-11,232,10
284,4.3,4.1,7.3,10.7,0.8,12,0.0,20221012,86.8,19.7,2022,0.0,2022-10-12,232,10
285,6.8,1.5,10.4,13.5,0.8,13,0.0,20221013,83.3,21.6,2022,0.0,2022-10-13,232,10
286,8.3,8.3,2.7,14.2,0.5,14,0.0,20221014,88.1,21.3,2022,0.0,2022-10-14,232,10
287,10.7,6.0,6.3,16.5,0.5,15,0.0,20221015,84.5,24.2,2022,0.0,2022-10-15,232,10
288,13.6,8.6,0.4,16.6,0.7,16,0.0,20221016,89.1,21.4,2022,0.0,2022-10-16,232,10
289,6.0,3.3,0.0,11.3,2.0,17,0.0,20221017,53.8,15.8,2022,0.0,2022-10-17,232,10
290,1.0,0.0,10.5,6.8,1.0,18,0.0,20221018,73.6,13.9,2022,0.0,2022-10-18,232,10
291,-0.4,0.0,10.4,7.3,0.7,19,0.0,20221019,76.6,16.2,2022,0.0,2022-10-19,232,10
292,1.0,2.0,10.4,9.6,0.6,20,0.0,20221020,78.1,19.4,2022,0.0,2022-10-20,232,10
293,4.8,8.1,4.1,11.2,0.5,21,0.0,20221021,82.3,19.3,2022,0.0,2022-10-21,232,10
294,6.6,4.0,8.8,13.1,0.9,22,0.0,20221022,81.8,20.0,2022,0.0,2022-10-22,232,10
295,9.6,3.5,5.8,13.6,1.3,23,0.0,20221023,68.9,18.1,2022,0.0,2022-10-23,232,10
296,3.0,1.0,9.4,8.6,1.2,24,0.0,20221024,67.6,15.0,2022,0.0,2022-10-24,232,10
297,0.7,0.0,9.9,8.1,1.1,25,0.0,20221025,74.9,16.3,2022,0.0,2022-10-25,232,10
298,2.0,4.1,9.4,9.6,0.6,26,0.0,20221026,76.9,17.5,2022,0.0,2022-10-26,232,10
299,3.8,2.6,9.5,11.5,0.9,27,0.0,20221027,80.8,19.6,2022,0.0,2022-10-27,232,10
300,6.8,3.4,5.5,11.1,0.5,28,0.0,20221028,87.4,19.1,2022,0.0,2022-10-28,232,10
301,4.7,3.8,8.7,11.4,0.6,29,0.0,20221029,82.0,20.0,2022,0.0,2022-10-29,232,10
302,5.5,3.1,8.3,11.5,0.6,30,0.0,20221030,81.1,20.1,2022,0.0,2022-10-30,232,10
303,6.6,4.0,7.9,12.2,0.8,31,0.0,20221031,80.9,19.8,2022,0.0,2022-10-31,232,10
304,6.4,3.1,4.4,11.4,0.7,1,0.0,20221101,85.8,18.5,2022,0.0,2022-11-01,232,11
305,3.1,3.3,6.7,8.6,0.8,2,0.0,20221102,71.4,18.1,2022,0.0,2022-11-02,232,11
306,1.4,0.0,2.0,8.3,1.1,3,0.0,20221103,71.0,15.7,2022,0.0,2022-11-03,232,11
307,-1.4,0.4,9.7,4.4,1.6,4,0.0,20221104,54.5,9.3,2022,0.0,2022-11-04,232,11
308,-4.1,0.0,9.8,3.8,0.8,5,0.0,20221105,66.5,12.8,2022,0.0,2022-11-05,232,11
309,-1.7,2.9,8.7,6.1,0.7,6,0.0,20221106,78.9,15.5,2022,0.0,2022-11-06,232,11
310,0.0,4.1,7.7,8.1,0.6,7,0.0,20221107,74.1,16.0,2022,0.0,2022-11-07,232,11
311,5.1,3.0,7.6,10.3,0.7,8,0.0,20221108,75.4,18.2,2022,0.0,2022-11-08,232,11
312,2.1,5.6,2.9,7.7,0.4,9,0.0,20221109,89.1,16.1,2022,0.0,2022-11-09,232,11
313,3.3,4.1,6.5,9.6,0.5,10,0.0,20221110,85.0,18.4,2022,0.0,2022-11-10,232,11
314,4.8,1.9,8.9,11.8,0.5,11,0.0,20221111,77.0,21.4,2022,0.0,2022-11-11,232,11
315,6.1,6.9,2.5,15.4,1.1,12,14.5,20221112,82.1,23.0,2022,0.0,2022-11-12,232,11
316,9.6,9.8,0.0,10.8,1.9,13,0.4,20221113,86.3,18.2,2022,0.0,2022-11-13,232,11
317,4.2,5.1,3.3,9.1,1.0,14,0.0,20221114,83.3,14.8,2022,0.0,2022-11-14,232,11
318,0.0,3.1,4.0,5.9,0.5,15,4.3,20221115,90.9,12.2,2022,0.0,2022-11-15,232,11
319,2.3,3.3,5.9,6.7,0.7,16,0.1,20221116,79.9,14.0,2022,0.0,2022-11-16,232,11
320,1.8,2.9,8.8,7.6,0.6,17,0.0,20221117,78.3,15.5,2022,0.0,2022-11-17,232,11
321,0.0,0.0,9.3,7.3,0.9,18,0.0,20221118,76.4,17.4,2022,0.0,2022-11-18,232,11
322,0.4,3.3,9.2,9.1,0.8,19,0.0,20221119,75.3,18.4,2022,0.0,2022-11-19,232,11
323,5.9,3.8,3.7,10.6,0.5,20,0.0,20221120,80.9,18.8,2022,0.0,2022-11-20,232,11
324,3.1,3.4,7.7,10.0,0.7,21,0.0,20221121,77.8,18.3,2022,0.0,2022-11-21,232,11
325,5.9,9.4,0.9,9.9,0.5,22,0.5,20221122,89.0,15.1,2022,0.0,2022-11-22,232,11
326,2.9,4.3,7.3,9.3,1.0,23,0.0,20221123,76.5,15.5,2022,0.0,2022-11-23,232,11
327,1.4,3.5,6.8,6.5,0.5,24,0.0,20221124,82.8,14.9,2022,0.0,2022-11-24,232,11
328,0.2,3.1,8.7,8.2,1.0,25,0.0,20221125,70.8,16.9,2022,0.0,2022-11-25,232,11
329,-1.1,0.4,8.7,6.7,1.3,26,0.0,20221126,65.4,12.6,2022,0.0,2022-11-26,232,11
330,-3.9,4.4,8.2,3.7,0.7,27,0.0,20221127,63.6,13.9,2022,0.0,2022-11-27,232,11
331,-0.4,7.1,1.8,8.1,1.1,28,20.5,20221128,89.0,12.5,2022,0.0,2022-11-28,232,11
332,1.0,9.8,1.8,8.4,2.3,29,2.9,20221129,66.8,14.5,2022,0.0,2022-11-29,232,11
333,-5.3,4.1,7.8,-3.3,2.6,30,0.0,20221130,48.4,1.0,2022,0.0,2022-11-30,232,11
334,-8.9,3.9,7.7,-4.6,1.0,1,0.0,20221201,53.9,0.4,2022,0.0,2022-12-01,232,12
335,-8.4,3.1,7.3,-3.7,0.8,2,0.0,20221202,71.0,3.1,2022,0.0,2022-12-02,232,12
336,-3.1,7.4,0.5,1.5,0.8,3,0.3,20221203,82.4,5.2,2022,0.0,2022-12-03,232,12
337,-5.7,8.9,2.3,-1.8,1.6,4,0.0,20221204,44.6,2.2,2022,0.0,2022-12-04,232,12
338,-7.1,3.3,7.6,-2.8,1.2,5,0.0,20221205,45.1,1.9,2022,0.0,2022-12-05,232,12
339,-8.0,7.6,1.2,-1.6,0.7,6,1.5,20221206,92.3,2.6,2022,0.0,2022-12-06,232,12
340,-1.5,4.8,1.9,2.2,0.8,7,0.5,20221207,85.9,8.1,2022,0.0,2022-12-07,232,12
341,-3.3,1.5,8.2,1.4,0.6,8,0.0,20221208,71.8,9.7,2022,0.0,2022-12-08,232,12
342,-4.1,2.8,4.7,2.1,0.6,9,0.0,20221209,79.6,11.0,2022,0.0,2022-12-09,232,12
343,-4.6,6.3,3.1,0.8,0.6,10,0.0,20221210,72.8,6.4,2022,0.0,2022-12-10,232,12
344,-5.3,0.5,9.0,-0.1,0.8,11,0.0,20221211,69.3,7.6,2022,0.0,2022-12-11,232,12
345,-6.3,6.0,4.3,0.7,0.8,12,0.7,20221212,80.8,7.0,2022,0.0,2022-12-12,232,12
346,-4.2,6.8,0.8,0.9,2.4,13,11.2,20221213,94.5,4.1,2022,0.0,2022-12-13,232,12
347,-12.0,1.8,7.0,-8.2,1.4,14,0.1,20221214,69.6,-4.3,2022,0.0,2022-12-14,232,12
348,-12.3,4.1,3.7,-3.9,1.0,15,2.9,20221215,88.1,2.5,2022,0.0,2022-12-15,232,12
349,-10.5,8.0,6.8,-5.8,0.0,16,0.0,20221216,67.1,-2.5,2022,0.0,2022-12-16,232,12
350,-12.7,4.6,5.4,-7.6,0.9,17,2.0,20221217,75.1,-2.7,2022,0.0,2022-12-17,232,12
351,-16.9,2.0,8.9,-11.1,0.9,18,0.0,20221218,75.3,-5.7,2022,0.0,2022-12-18,232,12
352,-15.5,3.1,7.1,-8.4,0.7,19,0.0,20221219,76.9,-1.8,2022,0.0,2022-12-19,232,12
353,-13.1,3.6,8.2,-5.2,0.7,20,0.0,20221220,76.1,2.0,2022,0.0,2022-12-20,232,12
354,-4.1,9.1,0.0,-0.1,1.1,21,3.4,20221221,93.6,1.9,2022,0.0,2022-12-21,232,12
355,-9.0,5.3,4.3,-5.5,3.0,22,0.3,20221222,69.1,-0.4,2022,0.0,2022-12-22,232,12
356,-10.9,7.3,1.5,-9.5,2.5,23,5.6,20221223,77.0,-7.0,2022,0.0,2022-12-23,232,12
357,-18.1,4.6,9.0,-11.7,0.6,24,0.0,20221224,76.3,-4.6,2022,0.0,2022-12-24,232,12
358,-16.6,3.4,9.0,-8.5,0.7,25,0.0,20221225,81.3,0.4,2022,0.0,2022-12-25,232,12
359,-13.6,3.4,7.8,-7.3,0.4,26,0.0,20221226,83.5,0.7,2022,0.0,2022-12-26,232,12
360,-13.3,2.6,8.8,-5.6,0.5,27,0.0,20221227,82.5,3.4,2022,0.0,2022-12-27,232,12
361,-9.1,0.0,6.3,-4.2,1.0,28,0.1,20221228,76.1,1.1,2022,0.0,2022-12-28,232,12
362,-12.6,3.5,6.7,-5.5,0.5,29,0.0,20221229,72.3,1.7,2022,0.0,2022-12-29,232,12
363,-7.5,3.9,5.0,-2.9,0.7,30,0.2,20221230,79.0,2.6,2022,0.0,2022-12-30,232,12
364,-9.8,3.9,2.3,-3.9,0.4,31,0.0,20221231,85.4,4.3,2022,0.0,2022-12-31,232,12
