,month,tavg,rainfall,year,date,tmin,cloud,tmax,day,snow,wind,station_id,Date,sunshine,humid
0,1,-2.4,0.0,2020,20200101,-9.2,6.5,1.2,1,0.0,1.1,232,2020-01-01,0.0,80.6
1,1,0.4,0.0,2020,20200102,-1.3,0.0,2.6,2,0.0,0.5,232,2020-01-02,0.0,87.5
2,1,0.0,0.0,2020,20200103,-3.9,4.8,5.4,3,0.0,0.7,232,2020-01-03,5.2,81.4
3,1,-0.7,0.0,2020,20200104,-6.4,1.9,7.5,4,0.0,0.7,232,2020-01-04,5.7,80.4
4,1,-0.7,0.0,2020,20200105,-7.2,3.5,7.0,5,0.0,0.6,232,2020-01-05,7.3,72.6
5,1,2.6,5.7,2020,20200106,-2.4,9.8,5.2,6,0.0,1.5,232,2020-01-06,0.0,87.8
6,1,8.3,44.0,2020,20200107,5.2,10.0,13.7,7,0.0,1.7,232,2020-01-07,0.0,99.1
7,1,3.7,7.8,2020,20200108,1.4,8.0,11.5,8,0.0,3.6,232,2020-01-08,0.0,93.4
8,1,-0.1,0.0,2020,20200109,-4.0,3.0,3.5,9,0.0,1.5,232,2020-01-09,5.6,77.0
9,1,-1.3,0.0,2020,20200110,-5.8,3.8,5.3,10,0.0,0.8,232,2020-01-10,8.6,80.0
10,1,-0.4,0.0,2020,20200111,-5.6,3.9,5.5,11,0.0,0.9,232,2020-01-11,8.4,78.0
11,1,0.4,0.0,2020,20200112,-2.9,5.5,3.7,12,0.0,1.5,232,2020-01-12,3.9,73.6
12,1,-1.2,0.0,2020,20200113,-5.2,4.4,2.0,13,0.0,1.7,232,2020-01-13,7.8,67.9
13,1,-1.9,0.0,2020,20200114,-6.3,4.5,3.7,14,0.0,1.0,232,2020-01-14,6.2,69.6
14,1,-2.9,0.0,2020,20200115,-7.5,1.3,2.5,15,0.0,1.0,232,2020-01-15,9.1,73.5
15,1,-2.3,0.0,2020,20200116,-7.5,7.5,3.9,16,0.0,0.9,232,2020-01-16,7.7,66.1
16,1,-1.9,0.0,2020,20200117,-7.0,4.8,4.5,17,0.0,0.7,232,2020-01-17,6.8,69.5
17,1,-1.2,0.0,2020,20200118,-7.4,2.4,6.2,18,0.0,1.0,232,2020-01-18,9.1,64.9
18,1,1.2,0.0,2020,20200119,-4.9,5.1,7.7,19,0.0,1.2,232,2020-01-19,2.4,74.6
19,1,1.5,0.3,2020,20200120,-1.9,4.3,6.5,20,0.0,1.7,232,2020-01-20,3.9,67.6
20,1,-1.2,0.0,2020,20200121,-7.6,2.9,5.5,21,0.0,0.9,232,2020-01-21,9.3,53.3
21,1,1.2,0.0,2020,20200122,-2.5,9.5,4.4,22,0.0,0.7,232,2020-01-22,0.0,64.4
22,1,4.3,0.0,2020,20200123,-2.1,5.9,11.5,23,0.0,1.3,232,2020-01-23,8.4,66.3
23,1,2.2,0.0,2020,20200124,-3.2,5.4,9.3,24,0.0,0.8,232,2020-01-24,8.4,79.6
24,1,2.7,0.0,2020,20200125,-2.7,7.5,9.8,25,0.0,0.3,232,2020-01-25,1.9,85.6
25,1,5.2,0.0,2020,20200126,-1.8,8.8,11.4,26,0.0,1.9,232,2020-01-26,4.8,70.9
26,1,5.7,1.9,2020,20200127,2.6,9.9,8.0,27,0.0,3.5,232,2020-01-27,0.0,69.4
27,1,6.1,0.0,2020,20200128,2.1,8.5,10.6,28,0.0,1.1,232,2020-01-28,2.0,74.4
28,1,5.8,0.0,2020,20200129,1.7,6.8,10.1,29,0.0,1.4,232,2020-01-29,4.7,66.0
29,1,4.0,0.0,2020,20200130,-1.3,4.9,10.4,30,0.0,0.8,232,2020-01-30,4.7,67.6
30,1,2.5,0.0,2020,20200131,-2.0,3.3,8.2,31,0.0,1.1,232,2020-01-31,4.5,75.8
31,2,0.5,0.0,2020,20200201,-4.3,4.8,7.0,1,0.0,0.6,232,2020-02-01,0.8,85.6
32,2,0.4,0.0,2020,20200202,-4.9,2.3,6.7,2,0.0,0.8,232,2020-02-02,6.8,73.3
33,2,0.1,0.0,2020,20200203,-4.0,2.6,4.3,3,0.0,1.7,232,2020-02-03,9.4,61.8
34,2,-1.0,0.6,2020,20200204,-8.5,2.6,5.5,4,0.0,1.4,232,2020-02-04,9.4,69.5
35,2,-6.1,0.0,2020,20200205,-8.7,0.0,-0.9,5,0.0,2.3,232,2020-02-05,9.8,48.1
36,2,-6.6,0.0,2020,20200206,-12.8,2.9,0.1,6,0.0,0.9,232,2020-02-06,9.1,53.9
37,2,-2.7,0.0,2020,20200207,-10.1,6.4,2.5,7,0.0,1.0,232,2020-02-07,4.3,66.9
38,2,0.2,0.0,2020,20200208,-4.5,2.3,4.2,8,0.0,1.8,232,2020-02-08,9.2,61.9
39,2,-2.0,0.0,2020,20200209,-9.2,2.0,4.7,9,0.0,1.0,232,2020-02-09,9.7,67.0
40,2,2.8,0.0,2020,20200210,-2.3,1.5,10.6,10,0.0,1.1,232,2020-02-10,8.7,63.5
41,2,4.6,0.0,2020,20200211,-5.3,3.6,14.7,11,0.0,0.8,232,2020-02-11,8.8,56.5
42,2,6.6,7.9,2020,20200212,3.5,7.8,9.0,12,0.0,1.2,232,2020-02-12,0.0,94.9
43,2,6.8,0.1,2020,20200213,1.4,7.6,12.0,13,0.0,1.2,232,2020-02-13,1.7,91.5
44,2,5.4,0.0,2020,20200214,1.1,5.8,13.7,14,0.0,0.6,232,2020-02-14,4.7,89.3
45,2,8.0,0.5,2020,20200215,-0.9,6.6,16.0,15,0.0,1.4,232,2020-02-15,4.1,78.9
46,2,-0.2,7.5,2020,20200216,-3.3,9.0,6.5,16,0.0,3.7,232,2020-02-16,1.0,88.8
47,2,-5.0,1.2,2020,20200217,-7.8,8.6,-2.4,17,0.0,1.9,232,2020-02-17,0.7,83.5
48,2,-4.9,0.0,2020,20200218,-13.2,1.4,2.1,18,0.0,1.1,232,2020-02-18,9.9,71.0
49,2,-0.3,0.0,2020,20200219,-7.6,7.8,7.3,19,0.0,0.7,232,2020-02-19,6.0,78.5
50,2,3.3,0.0,2020,20200220,-3.0,3.0,11.8,20,0.0,0.7,232,2020-02-20,9.4,76.9
51,2,5.9,0.8,2020,20200221,-1.9,8.8,13.1,21,0.0,1.2,232,2020-02-21,3.1,78.5
52,2,5.3,3.6,2020,20200222,1.4,5.9,9.5,22,0.0,3.7,232,2020-02-22,5.6,64.5
53,2,2.2,0.0,2020,20200223,-4.4,0.0,8.5,23,0.0,1.2,232,2020-02-23,10.4,61.0
54,2,5.4,0.0,2020,20200224,-4.0,4.5,14.4,24,0.0,0.7,232,2020-02-24,9.2,62.9
55,2,6.6,35.5,2020,20200225,5.2,8.8,8.2,25,0.0,2.9,232,2020-02-25,0.0,89.9
56,2,6.1,0.0,2020,20200226,1.5,2.6,12.0,26,0.0,1.5,232,2020-02-26,5.8,78.8
57,2,4.4,0.0,2020,20200227,0.1,3.3,10.7,27,0.0,0.7,232,2020-02-27,6.2,76.8
58,2,3.8,5.4,2020,20200228,-0.3,8.5,5.4,28,0.0,1.0,232,2020-02-28,0.0,93.1
59,2,6.9,0.0,2020,20200229,2.6,4.0,13.0,29,0.0,0.7,232,2020-02-29,4.2,84.8
60,3,5.5,0.0,2020,20200301,0.2,8.0,11.5,1,0.0,1.6,232,2020-03-01,1.3,82.9
61,3,3.9,0.0,2020,20200302,0.9,3.1,7.5,2,0.0,2.2,232,2020-03-02,10.3,62.8
62,3,4.8,0.0,2020,20200303,-2.0,8.0,12.9,3,0.0,1.4,232,2020-03-03,3.5,72.6
63,3,2.6,0.0,2020,20200304,0.2,7.1,7.1,4,0.0,2.7,232,2020-03-04,4.5,66.8
64,3,1.1,0.0,2020,20200305,-3.7,0.0,7.2,5,0.0,1.8,232,2020-03-05,10.8,55.1
65,3,2.3,0.0,2020,20200306,-6.4,3.3,11.1,6,0.0,0.8,232,2020-03-06,10.8,57.4
66,3,4.1,0.0,2020,20200307,-2.2,6.3,10.2,7,0.0,0.8,232,2020-03-07,0.4,69.5
67,3,6.8,0.0,2020,20200308,-2.7,0.8,17.3,8,0.0,0.9,232,2020-03-08,10.7,63.9
68,3,8.7,1.1,2020,20200309,-0.7,8.5,16.6,9,0.0,0.9,232,2020-03-09,4.5,66.0
69,3,6.4,7.6,2020,20200310,2.5,7.4,8.0,10,0.0,2.1,232,2020-03-10,0.0,87.1
70,3,3.4,0.0,2020,20200311,-1.3,0.0,8.0,11,0.0,2.2,232,2020-03-11,11.2,55.6
71,3,5.0,0.0,2020,20200312,-4.4,0.4,15.4,12,0.0,1.3,232,2020-03-12,10.9,55.9
72,3,5.0,0.0,2020,20200313,0.6,6.3,10.5,13,0.0,1.9,232,2020-03-13,6.0,51.9
73,3,4.3,0.0,2020,20200314,-4.0,3.1,10.7,14,0.0,2.3,232,2020-03-14,10.6,51.6
74,3,3.5,0.0,2020,20200315,-1.9,4.4,10.4,15,0.0,2.6,232,2020-03-15,6.0,59.0
75,3,3.2,0.0,2020,20200316,-3.3,0.0,10.7,16,0.0,1.4,232,2020-03-16,11.3,51.3
76,3,4.2,0.0,2020,20200317,-3.1,5.0,12.7,17,0.0,1.2,232,2020-03-17,2.4,78.9
77,3,8.2,0.0,2020,20200318,-1.8,1.8,18.4,18,0.0,1.0,232,2020-03-18,8.5,60.3
78,3,10.0,0.0,2020,20200319,6.1,3.4,14.0,19,0.0,4.3,232,2020-03-19,5.6,51.8
79,3,7.9,0.0,2020,20200320,-0.4,0.4,15.9,20,0.0,1.8,232,2020-03-20,11.1,48.1
80,3,11.9,0.0,2020,20200321,0.7,5.1,22.2,21,0.0,1.6,232,2020-03-21,6.9,62.6
81,3,11.3,0.0,2020,20200322,6.8,2.0,17.6,22,0.0,2.2,232,2020-03-22,10.4,56.5
82,3,9.2,0.0,2020,20200323,-0.4,0.0,17.6,23,0.0,1.6,232,2020-03-23,9.3,53.6
83,3,9.3,0.0,2020,20200324,0.4,0.0,18.2,24,0.0,1.1,232,2020-03-24,11.2,54.1
84,3,11.0,0.0,2020,20200325,0.2,2.5,20.8,25,0.0,0.9,232,2020-03-25,10.4,52.9
85,3,13.3,0.1,2020,20200326,4.8,9.3,19.8,26,0.0,1.4,232,2020-03-26,1.3,69.9
86,3,10.5,12.9,2020,20200327,4.7,6.8,14.2,27,0.0,1.7,232,2020-03-27,4.8,78.3
87,3,6.8,0.0,2020,20200328,2.3,7.6,11.9,28,0.0,1.5,232,2020-03-28,4.9,41.4
88,3,6.9,0.0,2020,20200329,-2.6,3.8,15.7,29,0.0,1.1,232,2020-03-29,10.3,57.6
89,3,9.6,0.0,2020,20200330,2.0,2.3,17.3,30,0.0,1.1,232,2020-03-30,11.5,49.9
90,3,10.0,0.0,2020,20200331,0.0,4.1,19.1,31,0.0,1.2,232,2020-03-31,10.4,46.3
91,4,10.1,0.0,2020,20200401,4.2,4.6,17.2,1,0.0,2.0,232,2020-04-01,7.4,49.1
92,4,8.2,0.0,2020,20200402,-0.6,2.0,16.5,2,0.0,1.4,232,2020-04-02,11.1,51.4
93,4,8.4,0.0,2020,20200403,-0.7,0.4,16.5,3,0.0,1.6,232,2020-04-03,11.7,48.5
94,4,7.1,0.0,2020,20200404,-0.5,1.3,14.0,4,0.0,2.1,232,2020-04-04,10.5,49.4
95,4,6.0,0.0,2020,20200405,-1.0,0.0,13.2,5,0.0,1.8,232,2020-04-05,12.1,41.0
96,4,7.8,0.0,2020,20200406,-2.5,3.3,16.6,6,0.0,1.4,232,2020-04-06,10.6,49.9
97,4,10.5,0.0,2020,20200407,1.2,1.9,18.8,7,0.0,1.6,232,2020-04-07,10.0,53.5
98,4,8.6,0.0,2020,20200408,0.9,0.0,14.2,8,0.0,2.1,232,2020-04-08,12.1,42.0
99,4,8.2,0.0,2020,20200409,0.5,2.4,14.5,9,0.0,1.8,232,2020-04-09,11.7,55.0
100,4,9.5,0.0,2020,20200410,1.5,5.5,17.1,10,0.0,1.4,232,2020-04-10,9.1,59.0
101,4,7.4,0.0,2020,20200411,0.8,6.0,14.3,11,0.0,1.0,232,2020-04-11,3.9,67.1
102,4,8.3,0.4,2020,20200412,-0.6,2.4,15.7,12,0.0,2.4,232,2020-04-12,8.3,64.6
103,4,10.6,0.0,2020,20200413,5.0,2.1,17.5,13,0.0,2.3,232,2020-04-13,10.5,41.8
104,4,11.0,0.0,2020,20200414,0.7,1.5,20.7,14,0.0,1.3,232,2020-04-14,12.2,44.9
105,4,11.3,0.0,2020,20200415,1.1,6.3,19.9,15,0.0,1.0,232,2020-04-15,11.1,42.6
106,4,14.6,0.0,2020,20200416,2.8,3.9,22.6,16,0.0,1.8,232,2020-04-16,10.9,44.5
107,4,13.2,2.4,2020,20200417,9.3,7.0,18.5,17,0.0,2.5,232,2020-04-17,2.3,73.1
108,4,13.2,0.0,2020,20200418,8.9,4.0,19.4,18,0.0,1.9,232,2020-04-18,7.4,69.3
109,4,10.8,12.0,2020,20200419,7.6,9.4,14.4,19,0.0,2.3,232,2020-04-19,0.5,83.5
110,4,10.4,0.0,2020,20200420,6.7,6.3,15.6,20,0.0,2.1,232,2020-04-20,1.4,80.4
111,4,7.2,0.0,2020,20200421,2.1,6.6,12.2,21,0.0,3.4,232,2020-04-21,10.4,54.3
112,4,6.4,0.1,2020,20200422,3.8,4.5,10.1,22,0.0,3.3,232,2020-04-22,6.5,48.4
113,4,7.3,0.0,2020,20200423,-0.9,1.5,14.0,23,0.0,2.5,232,2020-04-23,10.3,51.1
114,4,9.3,0.0,2020,20200424,-0.8,0.0,15.9,24,0.0,2.7,232,2020-04-24,12.4,52.0
115,4,14.4,0.0,2020,20200425,8.2,1.6,21.4,25,0.0,3.4,232,2020-04-25,11.0,46.4
116,4,11.4,0.0,2020,20200426,2.7,1.6,18.5,26,0.0,1.8,232,2020-04-26,12.2,49.8
117,4,11.1,0.2,2020,20200427,2.8,2.3,18.2,27,0.0,1.8,232,2020-04-27,11.2,51.4
118,4,12.5,0.0,2020,20200428,2.3,0.0,21.6,28,0.0,1.5,232,2020-04-28,12.5,52.4
119,4,13.6,0.0,2020,20200429,4.9,0.0,23.3,29,0.0,1.1,232,2020-04-29,12.3,58.5
120,4,16.2,0.0,2020,20200430,3.6,1.5,25.7,30,0.0,1.4,232,2020-04-30,12.1,62.0
121,5,21.7,0.0,2020,20200501,14.8,3.8,29.1,1,0.0,1.9,232,2020-05-01,8.7,68.0
122,5,21.3,0.0,2020,20200502,18.0,8.5,26.8,2,0.0,1.1,232,2020-05-02,3.0,74.5
123,5,18.2,0.5,2020,20200503,14.9,7.8,22.5,3,0.0,1.8,232,2020-05-03,1.5,85.4
124,5,19.3,0.0,2020,20200504,12.3,5.6,26.1,4,0.0,1.5,232,2020-05-04,8.6,73.6
125,5,13.8,5.0,2020,20200505,9.8,7.1,20.5,5,0.0,0.7,232,2020-05-05,1.3,91.9
126,5,16.9,0.0,2020,20200506,9.5,2.8,26.8,6,0.0,1.1,232,2020-05-06,9.0,71.8
127,5,18.5,0.0,2020,20200507,9.5,3.5,24.9,7,0.0,2.4,232,2020-05-07,11.2,39.9
128,5,17.3,4.8,2020,20200508,10.9,7.5,24.0,8,0.0,1.6,232,2020-05-08,8.4,48.6
129,5,15.5,12.8,2020,20200509,13.1,8.9,17.6,9,0.0,2.5,232,2020-05-09,0.0,96.3
130,5,14.3,0.8,2020,20200510,10.6,6.0,18.9,10,0.0,1.4,232,2020-05-10,0.8,92.3
131,5,16.7,0.1,2020,20200511,9.4,6.4,24.1,11,0.0,1.4,232,2020-05-11,8.9,66.3
132,5,15.1,0.0,2020,20200512,9.8,2.0,20.4,12,0.0,2.5,232,2020-05-12,10.8,67.1
133,5,14.8,0.0,2020,20200513,6.7,0.6,22.7,13,0.0,1.9,232,2020-05-13,12.9,56.0
134,5,18.0,0.0,2020,20200514,8.5,8.6,26.6,14,0.0,0.8,232,2020-05-14,7.6,52.3
135,5,15.6,11.8,2020,20200515,14.4,9.0,18.0,15,0.0,1.9,232,2020-05-15,0.0,91.3
136,5,16.9,0.1,2020,20200516,15.1,8.1,19.9,16,0.0,0.9,232,2020-05-16,0.1,95.0
137,5,20.3,0.0,2020,20200517,15.3,6.1,26.4,17,0.0,1.1,232,2020-05-17,8.2,78.3
138,5,18.9,37.5,2020,20200518,13.6,8.3,26.0,18,0.0,2.5,232,2020-05-18,4.7,84.0
139,5,13.2,4.1,2020,20200519,10.8,7.8,18.0,19,0.0,1.5,232,2020-05-19,2.1,82.8
140,5,13.5,0.0,2020,20200520,7.3,4.0,19.7,20,0.0,1.2,232,2020-05-20,8.7,71.3
141,5,15.9,0.0,2020,20200521,7.7,4.0,22.0,21,0.0,0.7,232,2020-05-21,9.4,72.9
142,5,18.3,0.0,2020,20200522,12.9,7.6,23.1,22,0.0,1.5,232,2020-05-22,4.3,74.8
143,5,19.5,0.0,2020,20200523,13.9,4.9,25.6,23,0.0,1.2,232,2020-05-23,11.8,73.5
144,5,18.4,8.9,2020,20200524,14.8,6.4,22.7,24,0.0,1.6,232,2020-05-24,6.4,83.6
145,5,16.3,0.0,2020,20200525,13.6,7.9,20.4,25,0.0,0.8,232,2020-05-25,1.3,84.8
146,5,17.1,0.0,2020,20200526,12.0,7.4,24.4,26,0.0,1.2,232,2020-05-26,7.0,75.9
147,5,17.3,0.0,2020,20200527,11.9,5.3,23.9,27,0.0,1.3,232,2020-05-27,11.7,68.9
148,5,17.3,0.0,2020,20200528,10.0,3.8,24.5,28,0.0,1.0,232,2020-05-28,9.7,73.8
149,5,19.1,0.0,2020,20200529,11.4,3.5,26.6,29,0.0,0.8,232,2020-05-29,10.8,72.0
150,5,21.1,0.0,2020,20200530,12.6,3.0,28.3,30,0.0,0.8,232,2020-05-30,12.2,63.6
151,5,20.1,0.0,2020,20200531,12.9,6.5,26.6,31,0.0,1.0,232,2020-05-31,6.3,70.3
152,6,19.6,0.7,2020,20200601,13.5,5.0,25.4,1,0.0,2.2,232,2020-06-01,11.3,64.0
153,6,17.9,0.0,2020,20200602,11.5,9.3,23.0,2,0.0,0.8,232,2020-06-02,1.1,66.9
154,6,21.7,0.0,2020,20200603,17.4,6.0,27.9,3,0.0,0.9,232,2020-06-03,7.7,78.6
155,6,23.9,0.0,2020,20200604,18.5,4.6,29.9,4,0.0,1.3,232,2020-06-04,8.9,76.3
156,6,23.5,0.0,2020,20200605,19.2,6.5,28.8,5,0.0,1.2,232,2020-06-05,9.3,67.3
157,6,23.4,0.0,2020,20200606,15.4,4.0,30.2,6,0.0,1.1,232,2020-06-06,10.4,66.0
158,6,22.6,0.0,2020,20200607,18.9,4.4,28.1,7,0.0,1.0,232,2020-06-07,6.0,76.0
159,6,23.8,0.0,2020,20200608,16.6,0.1,31.1,8,0.0,1.2,232,2020-06-08,12.3,71.0
160,6,24.8,0.0,2020,20200609,16.6,3.0,32.7,9,0.0,1.0,232,2020-06-09,12.3,61.3
161,6,24.4,45.7,2020,20200610,17.0,7.4,32.4,10,0.0,0.9,232,2020-06-10,8.7,70.5
162,6,24.5,1.9,2020,20200611,20.7,4.8,30.2,11,0.0,1.1,232,2020-06-11,6.8,79.3
163,6,22.8,2.5,2020,20200612,19.2,9.5,26.6,12,0.0,0.4,232,2020-06-12,0.2,91.4
164,6,24.7,1.8,2020,20200613,20.1,7.5,30.7,13,0.0,1.2,232,2020-06-13,7.4,80.8
165,6,23.3,1.1,2020,20200614,20.2,5.6,27.8,14,0.0,1.8,232,2020-06-14,4.7,82.1
166,6,21.5,0.0,2020,20200615,15.2,4.9,28.0,15,0.0,1.3,232,2020-06-15,11.6,71.6
167,6,22.5,0.0,2020,20200616,15.5,6.5,29.0,16,0.0,0.8,232,2020-06-16,8.3,72.5
168,6,22.1,0.0,2020,20200617,18.3,9.3,26.5,17,0.0,1.0,232,2020-06-17,4.2,76.3
169,6,20.1,0.0,2020,20200618,17.1,9.3,23.5,18,0.0,0.9,232,2020-06-18,0.0,79.9
170,6,22.5,0.0,2020,20200619,17.1,5.9,28.1,19,0.0,0.9,232,2020-06-19,6.9,74.0
171,6,22.7,0.0,2020,20200620,16.7,2.9,29.5,20,0.0,1.0,232,2020-06-20,10.7,79.3
172,6,24.3,0.0,2020,20200621,18.5,2.5,31.2,21,0.0,1.0,232,2020-06-21,11.3,71.4
173,6,25.6,0.0,2020,20200622,17.5,0.8,32.9,22,0.0,0.9,232,2020-06-22,12.9,66.5
174,6,24.4,0.0,2020,20200623,17.7,9.0,30.0,23,0.0,0.7,232,2020-06-23,4.7,75.0
175,6,21.7,3.8,2020,20200624,20.2,9.5,24.4,24,0.0,2.0,232,2020-06-24,0.0,88.4
176,6,21.5,2.5,2020,20200625,20.3,9.1,24.2,25,0.0,1.2,232,2020-06-25,0.1,91.4
177,6,22.1,0.0,2020,20200626,19.1,7.8,26.3,26,0.0,1.8,232,2020-06-26,5.0,81.0
178,6,22.9,0.0,2020,20200627,18.2,7.9,28.3,27,0.0,0.8,232,2020-06-27,3.6,78.8
179,6,22.6,0.0,2020,20200628,17.1,3.1,28.7,28,0.0,1.2,232,2020-06-28,9.5,77.8
180,6,21.2,37.5,2020,20200629,16.5,8.3,26.1,29,0.0,2.5,232,2020-06-29,0.4,87.9
181,6,19.8,24.4,2020,20200630,18.0,0.0,20.8,30,0.0,1.8,232,2020-06-30,0.0,95.4
182,7,19.9,3.0,2020,20200701,16.7,8.0,24.2,1,0.0,0.8,232,2020-07-01,1.2,91.9
183,7,22.4,0.0,2020,20200702,16.9,7.0,28.1,2,0.0,0.7,232,2020-07-02,6.6,82.4
184,7,21.5,0.0,2020,20200703,18.5,9.3,25.3,3,0.0,1.8,232,2020-07-03,1.0,79.9
185,7,21.5,0.0,2020,20200704,17.6,6.6,26.8,4,0.0,0.9,232,2020-07-04,5.4,79.8
186,7,21.9,0.0,2020,20200705,17.6,6.4,26.5,5,0.0,0.6,232,2020-07-05,5.2,83.9
187,7,23.8,0.0,2020,20200706,18.2,6.7,28.8,6,0.0,0.9,232,2020-07-06,5.9,80.1
188,7,23.7,0.0,2020,20200707,20.4,5.1,27.1,7,0.0,1.1,232,2020-07-07,3.6,79.4
189,7,23.4,0.0,2020,20200708,18.1,6.1,29.6,8,0.0,1.0,232,2020-07-08,8.2,80.4
190,7,25.4,0.0,2020,20200709,19.0,4.3,30.6,9,0.0,1.7,232,2020-07-09,10.6,73.0
191,7,24.7,1.7,2020,20200710,22.1,8.6,28.6,10,0.0,2.0,232,2020-07-10,6.4,83.1
192,7,25.0,0.0,2020,20200711,20.8,0.0,28.8,11,0.0,1.2,232,2020-07-11,5.1,76.5
193,7,21.7,10.2,2020,20200712,18.8,0.0,24.1,12,0.0,2.2,232,2020-07-12,0.0,88.5
194,7,18.7,71.1,2020,20200713,17.7,10.0,20.2,13,0.0,3.5,232,2020-07-13,0.0,97.1
195,7,19.5,8.8,2020,20200714,17.6,0.0,21.7,14,0.0,2.3,232,2020-07-14,0.0,93.4
196,7,21.0,1.4,2020,20200715,18.1,5.8,26.1,15,0.0,1.0,232,2020-07-15,6.0,87.4
197,7,22.3,0.0,2020,20200716,17.6,5.0,28.1,16,0.0,0.7,232,2020-07-16,5.3,83.5
198,7,23.8,0.0,2020,20200717,18.7,4.1,29.6,17,0.0,0.8,232,2020-07-17,9.4,79.6
199,7,23.6,0.0,2020,20200718,19.6,6.1,28.4,18,0.0,1.0,232,2020-07-18,5.9,76.1
200,7,24.6,11.6,2020,20200719,20.1,9.4,27.9,19,0.0,2.5,232,2020-07-19,0.2,82.9
201,7,23.8,6.5,2020,20200720,21.5,9.4,27.2,20,0.0,1.8,232,2020-07-20,0.1,92.5
202,7,24.3,0.0,2020,20200721,20.8,6.5,29.1,21,0.0,0.6,232,2020-07-21,9.0,80.3
203,7,22.3,40.1,2020,20200722,21.3,10.0,24.0,22,0.0,0.4,232,2020-07-22,0.0,98.9
204,7,21.3,56.7,2020,20200723,20.2,9.5,22.5,23,0.0,3.0,232,2020-07-23,0.0,97.1
205,7,21.4,15.2,2020,20200724,19.1,8.6,24.3,24,0.0,2.4,232,2020-07-24,0.2,90.8
206,7,22.5,0.8,2020,20200725,20.0,8.1,26.9,25,0.0,0.7,232,2020-07-25,0.4,92.3
207,7,23.1,0.2,2020,20200726,20.1,8.0,26.7,26,0.0,0.6,232,2020-07-26,2.1,90.9
208,7,23.6,1.3,2020,20200727,21.4,10.0,26.7,27,0.0,1.1,232,2020-07-27,0.2,92.1
209,7,23.5,4.5,2020,20200728,21.6,9.8,25.9,28,0.0,1.1,232,2020-07-28,0.0,94.1
210,7,23.9,71.3,2020,20200729,22.9,9.6,25.1,29,0.0,1.2,232,2020-07-29,0.0,99.3
211,7,24.5,52.0,2020,20200730,23.0,7.9,27.3,30,0.0,0.7,232,2020-07-30,0.2,97.5
212,7,25.5,0.0,2020,20200731,22.8,8.4,29.3,31,0.0,0.6,232,2020-07-31,2.9,92.3
213,8,25.3,17.4,2020,20200801,22.9,8.9,29.6,1,0.0,1.0,232,2020-08-01,2.2,92.5
214,8,25.7,6.7,2020,20200802,22.8,9.0,29.0,2,0.0,1.2,232,2020-08-02,0.5,92.6
215,8,24.4,182.9,2020,20200803,22.5,9.0,26.5,3,0.0,1.3,232,2020-08-03,0.0,96.3
216,8,26.2,1.3,2020,20200804,22.2,8.5,30.8,4,0.0,1.0,232,2020-08-04,2.6,90.6
217,8,25.8,15.8,2020,20200805,24.0,8.7,27.6,5,0.0,1.4,232,2020-08-05,1.2,95.1
218,8,24.4,19.1,2020,20200806,21.6,9.6,27.6,6,0.0,2.1,232,2020-08-06,0.5,96.1
219,8,22.1,5.9,2020,20200807,20.5,7.9,23.7,7,0.0,0.6,232,2020-08-07,0.0,98.3
220,8,23.5,27.2,2020,20200808,21.8,9.3,25.8,8,0.0,1.2,232,2020-08-08,0.0,99.0
221,8,25.1,39.0,2020,20200809,23.7,9.0,27.7,9,0.0,1.4,232,2020-08-09,0.0,94.5
222,8,25.6,13.5,2020,20200810,23.0,8.6,29.2,10,0.0,1.1,232,2020-08-10,1.2,95.1
223,8,24.1,30.7,2020,20200811,22.8,8.8,25.8,11,0.0,0.8,232,2020-08-11,0.0,98.6
224,8,25.5,24.5,2020,20200812,22.6,8.4,29.1,12,0.0,0.6,232,2020-08-12,0.6,97.3
225,8,27.6,0.0,2020,20200813,23.7,6.3,31.8,13,0.0,1.3,232,2020-08-13,4.5,88.5
226,8,28.0,0.0,2020,20200814,25.7,0.0,31.8,14,0.0,1.9,232,2020-08-14,3.8,84.5
227,8,27.8,0.0,2020,20200815,25.1,7.3,31.0,15,0.0,1.1,232,2020-08-15,2.1,87.1
228,8,26.8,0.0,2020,20200816,23.2,5.8,31.8,16,0.0,1.1,232,2020-08-16,6.6,86.1
229,8,26.5,0.0,2020,20200817,22.0,5.4,32.0,17,0.0,0.5,232,2020-08-17,6.6,86.1
230,8,26.3,0.0,2020,20200818,22.4,2.4,31.7,18,0.0,0.8,232,2020-08-18,8.7,87.3
231,8,26.3,0.0,2020,20200819,21.3,2.1,32.5,19,0.0,0.9,232,2020-08-19,10.4,83.4
232,8,26.6,0.0,2020,20200820,21.9,2.4,32.0,20,0.0,0.7,232,2020-08-20,9.2,82.4
233,8,26.6,0.0,2020,20200821,21.2,5.3,32.3,21,0.0,0.7,232,2020-08-21,8.6,85.0
234,8,24.8,6.6,2020,20200822,22.6,8.8,28.5,22,0.0,1.0,232,2020-08-22,0.4,93.1
235,8,24.9,0.0,2020,20200823,20.8,4.9,30.3,23,0.0,0.7,232,2020-08-23,7.6,85.0
236,8,26.2,0.0,2020,20200824,20.8,4.4,31.8,24,0.0,0.8,232,2020-08-24,10.9,82.9
237,8,27.8,0.0,2020,20200825,22.4,4.8,34.1,25,0.0,1.0,232,2020-08-25,10.2,81.8
238,8,27.7,2.1,2020,20200826,24.1,7.4,32.6,26,0.0,3.4,232,2020-08-26,5.5,82.4
239,8,27.5,19.1,2020,20200827,24.6,8.3,31.5,27,0.0,3.0,232,2020-08-27,3.9,84.9
240,8,27.0,44.8,2020,20200828,24.1,8.5,32.5,28,0.0,0.9,232,2020-08-28,4.4,88.6
241,8,26.0,25.1,2020,20200829,23.6,7.3,30.9,29,0.0,0.9,232,2020-08-29,1.4,94.6
242,8,27.1,0.0,2020,20200830,24.4,6.3,31.3,30,0.0,0.5,232,2020-08-30,4.2,87.3
243,8,26.3,0.0,2020,20200831,23.8,6.4,29.8,31,0.0,2.1,232,2020-08-31,2.0,81.0
244,9,25.6,0.3,2020,20200901,21.3,6.8,30.3,1,0.0,1.4,232,2020-09-01,4.8,80.1
245,9,23.9,31.7,2020,20200902,23.0,10.0,24.8,2,0.0,1.5,232,2020-09-02,0.0,97.1
246,9,22.8,56.6,2020,20200903,20.4,6.5,26.0,3,0.0,3.6,232,2020-09-03,4.9,84.8
247,9,22.7,0.0,2020,20200904,18.4,3.4,27.8,4,0.0,1.2,232,2020-09-04,9.2,76.6
248,9,20.6,0.0,2020,20200905,17.2,9.0,24.9,5,0.0,0.9,232,2020-09-05,0.1,86.0
249,9,20.3,10.9,2020,20200906,18.0,10.0,24.9,6,0.0,1.8,232,2020-09-06,0.3,89.4
250,9,18.8,42.1,2020,20200907,16.7,7.5,21.9,7,0.0,3.3,232,2020-09-07,0.0,94.6
251,9,22.4,0.0,2020,20200908,18.4,4.1,26.6,8,0.0,2.0,232,2020-09-08,8.8,79.8
252,9,20.7,3.2,2020,20200909,17.3,7.7,25.7,9,0.0,1.0,232,2020-09-09,3.6,87.5
253,9,20.9,0.0,2020,20200910,16.1,5.4,26.9,10,0.0,0.5,232,2020-09-10,6.8,85.8
254,9,20.7,4.9,2020,20200911,17.7,9.1,25.2,11,0.0,1.4,232,2020-09-11,0.5,85.6
255,9,18.7,12.5,2020,20200912,17.2,7.4,20.2,12,0.0,0.8,232,2020-09-12,0.0,96.3
256,9,20.0,0.0,2020,20200913,16.0,3.4,25.4,13,0.0,0.8,232,2020-09-13,9.2,82.3
257,9,20.0,0.0,2020,20200914,14.6,4.4,25.7,14,0.0,0.8,232,2020-09-14,8.9,85.8
258,9,21.2,0.0,2020,20200915,16.7,6.1,27.3,15,0.0,0.7,232,2020-09-15,6.4,85.1
259,9,20.3,4.8,2020,20200916,19.2,7.6,23.5,16,0.0,0.6,232,2020-09-16,0.3,96.6
260,9,20.2,0.0,2020,20200917,16.8,9.9,23.4,17,0.0,0.4,232,2020-09-17,0.0,91.5
261,9,18.7,0.0,2020,20200918,13.8,5.3,24.4,18,0.0,1.6,232,2020-09-18,7.2,79.5
262,9,17.0,0.2,2020,20200919,12.4,3.0,24.4,19,0.0,0.8,232,2020-09-19,6.7,86.9
263,9,16.4,0.0,2020,20200920,10.9,0.3,24.2,20,0.0,0.9,232,2020-09-20,9.6,79.1
264,9,16.1,0.0,2020,20200921,9.8,4.8,23.3,21,0.0,0.5,232,2020-09-21,9.6,79.8
265,9,17.5,0.0,2020,20200922,12.2,5.4,23.6,22,0.0,1.5,232,2020-09-22,7.4,77.9
266,9,18.0,0.0,2020,20200923,12.8,8.9,23.3,23,0.0,1.9,232,2020-09-23,3.8,69.8
267,9,19.5,0.0,2020,20200924,14.5,5.9,25.3,24,0.0,2.5,232,2020-09-24,8.0,67.0
268,9,19.0,0.0,2020,20200925,12.6,5.5,25.3,25,0.0,1.6,232,2020-09-25,5.6,75.0
269,9,17.5,0.0,2020,20200926,12.4,3.4,23.6,26,0.0,1.4,232,2020-09-26,8.5,77.5
270,9,17.4,0.0,2020,20200927,11.4,0.5,24.2,27,0.0,0.9,232,2020-09-27,10.7,79.1
271,9,17.0,0.0,2020,20200928,10.9,1.0,25.0,28,0.0,0.6,232,2020-09-28,10.7,81.3
272,9,16.7,0.0,2020,20200929,10.6,5.9,24.1,29,0.0,0.6,232,2020-09-29,5.8,81.6
273,9,18.0,0.0,2020,20200930,11.8,5.0,24.3,30,0.0,0.5,232,2020-09-30,7.8,83.3
274,10,18.2,0.0,2020,20201001,13.0,5.3,24.2,1,0.0,1.0,232,2020-10-01,6.4,83.1
275,10,18.8,0.8,2020,20201002,14.2,7.1,24.2,2,0.0,1.0,232,2020-10-02,4.2,82.5
276,10,18.1,18.1,2020,20201003,16.2,9.5,21.3,3,0.0,0.2,232,2020-10-03,1.2,96.3
277,10,16.8,0.0,2020,20201004,12.1,9.0,21.7,4,0.0,1.6,232,2020-10-04,1.1,78.3
278,10,11.9,0.0,2020,20201005,5.0,2.6,18.4,5,0.0,1.3,232,2020-10-05,10.0,71.0
279,10,11.9,0.0,2020,20201006,5.3,2.0,19.0,6,0.0,0.8,232,2020-10-06,10.9,77.8
280,10,14.7,0.0,2020,20201007,7.9,6.1,20.8,7,0.0,1.2,232,2020-10-07,7.9,71.9
281,10,15.4,0.0,2020,20201008,8.5,0.6,21.7,8,0.0,1.9,232,2020-10-08,9.8,66.9
282,10,14.9,0.0,2020,20201009,7.3,1.8,22.5,9,0.0,1.7,232,2020-10-09,10.5,71.6
283,10,15.0,0.0,2020,20201010,8.1,5.0,21.7,10,0.0,1.0,232,2020-10-10,9.4,75.0
284,10,14.7,0.0,2020,20201011,9.0,4.5,19.4,11,0.0,0.8,232,2020-10-11,4.7,87.4
285,10,15.4,0.0,2020,20201012,9.9,4.3,21.8,12,0.0,0.8,232,2020-10-12,4.1,81.9
286,10,10.7,0.0,2020,20201013,5.2,5.4,17.3,13,0.0,0.6,232,2020-10-13,5.3,75.4
287,10,10.7,0.0,2020,20201014,5.4,6.9,19.0,14,0.0,0.8,232,2020-10-14,4.0,72.4
288,10,9.0,0.0,2020,20201015,3.0,6.8,17.2,15,0.0,0.6,232,2020-10-15,5.2,72.3
289,10,9.8,0.0,2020,20201016,3.8,7.1,16.2,16,0.0,0.3,232,2020-10-16,0.3,82.8
290,10,10.6,0.0,2020,20201017,5.3,1.9,19.2,17,0.0,0.6,232,2020-10-17,9.6,78.5
291,10,10.4,0.0,2020,20201018,1.8,0.6,19.2,18,0.0,0.7,232,2020-10-18,9.9,79.5
292,10,11.8,0.0,2020,20201019,4.6,1.8,20.8,19,0.0,0.6,232,2020-10-19,9.6,80.6
293,10,11.8,0.0,2020,20201020,7.3,3.0,21.2,20,0.0,0.5,232,2020-10-20,7.2,81.4
294,10,11.3,0.0,2020,20201021,6.8,8.6,15.9,21,0.0,0.5,232,2020-10-21,0.0,90.0
295,10,11.7,0.0,2020,20201022,7.2,3.8,17.5,22,0.0,1.4,232,2020-10-22,3.6,76.0
296,10,8.9,0.0,2020,20201023,4.3,0.3,13.3,23,0.0,1.7,232,2020-10-23,10.0,60.1
297,10,6.5,0.0,2020,20201024,-0.9,0.9,13.1,24,0.0,1.4,232,2020-10-24,9.9,66.3
298,10,8.8,0.0,2020,20201025,0.5,4.5,18.6,25,0.0,0.7,232,2020-10-25,8.5,76.4
299,10,9.6,0.0,2020,20201026,2.5,1.9,18.8,26,0.0,0.6,232,2020-10-26,8.3,81.6
300,10,10.6,0.0,2020,20201027,3.7,2.3,19.8,27,0.0,0.6,232,2020-10-27,8.7,82.1
301,10,12.5,0.0,2020,20201028,6.4,2.9,19.0,28,0.0,1.1,232,2020-10-28,7.6,64.9
302,10,7.8,0.0,2020,20201029,0.0,4.0,16.7,29,0.0,0.8,232,2020-10-29,9.1,64.0
303,10,8.4,0.0,2020,20201030,0.6,0.9,18.4,30,0.0,0.6,232,2020-10-30,9.7,68.0
304,10,10.3,0.0,2020,20201031,1.8,4.4,18.5,31,0.0,0.5,232,2020-10-31,7.5,76.6
305,11,11.6,5.6,2020,20201101,10.4,9.8,12.7,1,0.0,0.5,232,2020-11-01,0.0,96.6
306,11,9.8,0.0,2020,20201102,3.6,0.0,16.3,2,0.0,0.6,232,2020-11-02,7.4,71.1
307,11,5.6,1.2,2020,20201103,0.6,2.9,9.1,3,0.0,2.1,232,2020-11-03,7.6,58.0
308,11,3.1,0.0,2020,20201104,-3.5,0.0,10.7,4,0.0,1.0,232,2020-11-04,9.8,65.4
309,11,6.6,0.0,2020,20201105,-2.5,5.5,14.5,5,0.0,0.6,232,2020-11-05,7.0,72.0
310,11,11.0,0.0,2020,20201106,7.1,9.1,15.6,6,0.0,0.7,232,2020-11-06,0.1,73.0
311,11,11.2,0.0,2020,20201107,5.2,3.9,18.1,7,0.0,0.8,232,2020-11-07,7.1,77.4
312,11,7.6,0.0,2020,20201108,2.6,0.3,13.2,8,0.0,1.7,232,2020-11-08,9.4,55.9
313,11,5.9,0.0,2020,20201109,-2.3,3.1,10.8,9,0.0,1.3,232,2020-11-09,8.3,46.9
314,11,5.6,0.0,2020,20201110,-1.1,0.0,13.2,10,0.0,1.0,232,2020-11-10,9.7,65.6
315,11,6.0,0.0,2020,20201111,-1.4,0.0,15.5,11,0.0,0.5,232,2020-11-11,9.7,72.0
316,11,7.2,0.0,2020,20201112,-1.0,0.4,17.9,12,0.0,0.5,232,2020-11-12,9.6,69.5
317,11,7.7,0.0,2020,20201113,0.8,2.6,18.1,13,0.0,0.5,232,2020-11-13,5.6,81.8
318,11,9.3,0.0,2020,20201114,3.7,0.0,18.3,14,0.0,0.6,232,2020-11-14,6.0,79.0
319,11,9.3,0.0,2020,20201115,2.1,2.5,18.1,15,0.0,0.5,232,2020-11-15,7.4,83.0
320,11,9.1,0.0,2020,20201116,3.2,3.1,18.3,16,0.0,0.7,232,2020-11-16,7.6,81.8
321,11,13.6,2.7,2020,20201117,5.8,6.4,19.5,17,0.0,1.2,232,2020-11-17,1.9,83.4
322,11,15.7,3.8,2020,20201118,11.1,8.9,19.0,18,0.0,1.1,232,2020-11-18,0.0,93.4
323,11,15.1,28.8,2020,20201119,9.5,9.5,20.6,19,0.0,2.6,232,2020-11-19,0.0,90.1
324,11,5.3,0.0,2020,20201120,3.3,9.4,9.5,20,0.0,2.3,232,2020-11-20,0.0,78.3
325,11,6.9,0.0,2020,20201121,-1.4,4.3,13.1,21,0.0,1.6,232,2020-11-21,8.3,72.8
326,11,7.0,3.8,2020,20201122,3.8,8.8,8.9,22,0.0,1.6,232,2020-11-22,0.0,82.6
327,11,2.0,0.0,2020,20201123,-2.0,1.5,6.7,23,0.0,1.5,232,2020-11-23,9.3,70.0
328,11,2.9,0.0,2020,20201124,-2.6,8.1,9.6,24,0.0,0.8,232,2020-11-24,3.1,62.9
329,11,3.0,0.0,2020,20201125,-3.3,2.6,11.2,25,0.0,0.8,232,2020-11-25,9.2,74.5
330,11,4.5,0.0,2020,20201126,-0.7,7.0,11.5,26,0.0,0.7,232,2020-11-26,6.7,75.6
331,11,4.3,0.0,2020,20201127,1.8,6.0,8.4,27,0.0,1.7,232,2020-11-27,1.5,70.0
332,11,1.8,0.0,2020,20201128,-0.3,4.9,4.4,28,0.0,1.9,232,2020-11-28,8.6,55.4
333,11,0.6,0.0,2020,20201129,-2.4,6.0,4.0,29,0.0,0.9,232,2020-11-29,1.1,74.8
334,11,-0.7,0.0,2020,20201130,-5.5,2.4,4.6,30,0.0,1.1,232,2020-11-30,8.4,74.5
335,12,-0.3,0.0,2020,20201201,-6.8,5.1,7.3,1,0.0,0.8,232,2020-12-01,9.0,64.4
336,12,2.9,0.0,2020,20201202,-1.2,5.8,8.1,2,0.0,0.9,232,2020-12-02,5.8,52.1
337,12,0.5,0.0,2020,20201203,-3.2,3.9,6.3,3,0.0,1.3,232,2020-12-03,9.0,61.0
338,12,-1.2,0.0,2020,20201204,-7.2,0.8,5.0,4,0.0,1.0,232,2020-12-04,8.6,69.8
339,12,-1.2,0.0,2020,20201205,-6.0,6.3,4.4,5,0.0,0.4,232,2020-12-05,1.0,90.8
340,12,1.6,0.0,2020,20201206,-3.2,3.4,9.2,6,0.0,0.6,232,2020-12-06,5.7,83.0
341,12,2.7,0.0,2020,20201207,-1.9,5.6,7.4,7,0.0,1.1,232,2020-12-07,0.1,69.9
342,12,-0.8,0.0,2020,20201208,-5.8,1.6,4.4,8,0.0,1.2,232,2020-12-08,8.9,59.6
343,12,-0.3,0.0,2020,20201209,-8.3,4.8,6.6,9,0.0,0.7,232,2020-12-09,5.9,66.5
344,12,4.3,0.0,2020,20201210,0.9,7.6,9.5,10,0.0,0.5,232,2020-12-10,1.1,72.8
345,12,4.7,0.0,2020,20201211,0.9,7.5,10.7,11,0.0,0.6,232,2020-12-11,4.3,79.8
346,12,2.6,0.0,2020,20201212,-3.3,2.1,7.6,12,0.0,1.2,232,2020-12-12,8.7,57.3
347,12,-1.2,3.4,2020,20201213,-4.5,6.6,3.4,13,0.0,1.6,232,2020-12-13,0.5,80.5
348,12,-5.6,0.0,2020,20201214,-7.7,3.8,-2.9,14,0.0,2.1,232,2020-12-14,9.0,47.3
349,12,-6.6,0.0,2020,20201215,-12.2,2.3,-2.3,15,0.0,1.7,232,2020-12-15,9.0,51.5
350,12,-7.0,0.0,2020,20201216,-12.2,0.0,-2.1,16,0.0,1.4,232,2020-12-16,9.1,52.3
351,12,-6.2,0.0,2020,20201217,-12.9,1.3,0.8,17,0.0,0.8,232,2020-12-17,9.0,65.0
352,12,-1.4,1.3,2020,20201218,-5.2,5.1,2.7,18,0.0,1.7,232,2020-12-18,3.7,67.9
353,12,-5.1,0.0,2020,20201219,-11.1,2.4,-0.2,19,0.0,1.2,232,2020-12-19,9.0,54.4
354,12,-4.7,0.0,2020,20201220,-10.9,0.4,2.1,20,0.0,0.9,232,2020-12-20,8.9,66.9
355,12,-1.8,0.0,2020,20201221,-8.2,3.4,4.4,21,0.0,0.6,232,2020-12-21,4.0,75.3
356,12,-0.7,0.0,2020,20201222,-6.5,1.8,7.7,22,0.0,0.7,232,2020-12-22,7.3,79.0
357,12,1.5,0.0,2020,20201223,-5.2,5.8,8.3,23,0.0,0.7,232,2020-12-23,1.5,85.0
358,12,2.2,0.0,2020,20201224,-1.2,2.8,8.2,24,0.0,1.7,232,2020-12-24,6.5,71.0
359,12,-0.4,0.0,2020,20201225,-4.9,1.6,4.1,25,0.0,1.2,232,2020-12-25,7.7,67.4
360,12,0.1,0.0,2020,20201226,-5.9,6.3,7.4,26,0.0,0.8,232,2020-12-26,2.7,84.8
361,12,1.7,0.0,2020,20201227,-3.9,7.1,8.4,27,0.0,0.5,232,2020-12-27,4.9,85.8
362,12,3.3,0.0,2020,20201228,-2.0,4.5,11.4,28,0.0,0.5,232,2020-12-28,5.7,82.6
363,12,0.0,0.8,2020,20201229,-3.9,9.5,4.4,29,0.0,1.4,232,2020-12-29,0.2,86.9
364,12,-8.8,0.0,2020,20201230,-11.6,4.4,-3.9,30,0.0,3.3,232,2020-12-30,5.3,66.0
365,12,-9.6,0.0,2020,20201231,-16.0,4.5,-4.2,31,0.0,1.0,232,2020-12-31,4.9,76.1
