,year,rainfall,cloud,sunshine,humid,snow,tmax,day,tmin,wind,month,Date,tavg,date,station_id
0,2017,0.0,0.0,5.2,83.1,0.0,8.7,1,-2.1,0.6,1,2017-01-01,2.3,20170101,232
1,2017,0.0,0.0,3.3,79.5,0.0,11.0,2,-0.3,1.2,1,2017-01-02,4.8,20170102,232
2,2017,0.0,0.0,7.2,74.3,0.0,8.8,3,-3.1,1.0,1,2017-01-03,2.1,20170103,232
3,2017,0.0,0.0,5.9,68.9,0.0,10.0,4,-2.7,0.9,1,2017-01-04,2.8,20170104,232
4,2017,0.0,0.0,0.2,67.0,0.0,9.0,5,-2.5,1.9,1,2017-01-05,3.9,20170105,232
5,2017,0.0,0.0,6.3,68.3,0.0,10.8,6,-0.2,1.4,1,2017-01-06,4.8,20170106,232
6,2017,0.0,0.0,5.4,78.8,0.0,9.3,7,-3.6,0.4,1,2017-01-07,2.4,20170107,232
7,2017,0.0,0.0,5.0,66.1,0.0,12.4,8,1.2,1.4,1,2017-01-08,6.9,20170108,232
8,2017,0.0,0.0,5.4,68.5,0.0,6.3,9,-1.8,2.2,1,2017-01-09,3.0,20170109,232
9,2017,0.0,0.0,6.3,55.8,0.0,2.5,10,-4.6,1.7,1,2017-01-10,-1.2,20170110,232
10,2017,0.0,0.0,7.4,59.4,0.0,2.2,11,-11.0,1.3,1,2017-01-11,-3.9,20170111,232
11,2017,1.0,0.0,3.1,67.4,0.0,2.5,12,-4.3,1.1,1,2017-01-12,-1.6,20170112,232
12,2017,0.1,0.0,5.6,64.5,0.0,-0.7,13,-10.9,1.7,1,2017-01-13,-5.2,20170113,232
13,2017,0.0,0.0,8.0,37.1,0.0,-4.3,14,-9.2,2.7,1,2017-01-14,-6.7,20170114,232
14,2017,0.0,0.0,8.3,51.1,0.0,-1.0,15,-14.8,1.2,1,2017-01-15,-7.7,20170115,232
15,2017,0.0,0.0,8.3,58.5,0.0,2.9,16,-14.2,0.7,1,2017-01-16,-6.2,20170116,232
16,2017,0.0,0.0,6.0,64.5,0.0,4.0,17,-11.8,0.7,1,2017-01-17,-4.6,20170117,232
17,2017,0.0,0.0,4.6,74.9,0.0,4.9,18,-6.8,0.6,1,2017-01-18,-1.2,20170118,232
18,2017,0.0,0.0,5.2,73.8,0.0,5.0,19,-6.1,1.0,1,2017-01-19,-1.5,20170119,232
19,2017,3.7,0.0,4.1,74.5,0.0,-1.3,20,-7.0,2.5,1,2017-01-20,-3.1,20170120,232
20,2017,0.5,0.0,2.9,81.4,0.0,0.9,21,-10.6,0.8,1,2017-01-21,-4.2,20170121,232
21,2017,0.9,0.0,6.9,61.3,0.0,-1.0,22,-8.5,2.4,1,2017-01-22,-5.9,20170122,232
22,2017,0.0,0.0,9.0,67.0,0.0,-3.0,23,-14.2,1.5,1,2017-01-23,-8.7,20170123,232
23,2017,0.0,0.0,8.4,64.8,0.0,0.0,24,-15.9,0.9,1,2017-01-24,-8.3,20170124,232
24,2017,0.0,0.0,8.5,66.0,0.0,1.0,25,-15.1,0.8,1,2017-01-25,-7.2,20170125,232
25,2017,0.0,0.0,7.3,64.1,0.0,4.5,26,-13.7,0.9,1,2017-01-26,-3.0,20170126,232
26,2017,3.1,0.0,8.0,54.5,0.0,3.9,27,-7.5,2.4,1,2017-01-27,-1.2,20170127,232
27,2017,0.0,0.0,6.6,56.0,0.0,6.9,28,-11.2,0.8,1,2017-01-28,-1.7,20170128,232
28,2017,4.1,0.0,0.0,79.6,0.0,3.7,29,0.6,0.9,1,2017-01-29,1.9,20170129,232
29,2017,0.5,0.0,6.8,69.8,0.0,0.7,30,-9.9,2.3,1,2017-01-30,-3.9,20170130,232
30,2017,0.0,0.0,7.0,61.5,0.0,0.0,31,-12.4,1.0,1,2017-01-31,-6.1,20170131,232
31,2017,0.0,0.0,7.9,52.6,0.0,1.8,1,-8.5,1.7,2,2017-02-01,-3.3,20170201,232
32,2017,0.0,0.0,8.6,51.5,0.0,3.8,2,-11.1,1.4,2,2017-02-02,-2.3,20170202,232
33,2017,0.0,0.0,7.5,67.9,0.0,7.0,3,-4.1,1.0,2,2017-02-03,0.6,20170203,232
34,2017,0.0,0.0,1.1,65.5,0.0,6.7,4,-5.9,0.6,2,2017-02-04,1.1,20170204,232
35,2017,0.0,0.0,0.5,71.1,0.0,5.8,5,1.3,1.6,2,2017-02-05,2.5,20170205,232
36,2017,0.0,0.0,8.7,56.8,0.0,1.9,6,-4.7,2.2,2,2017-02-06,-1.0,20170206,232
37,2017,0.0,0.0,5.7,60.3,0.0,4.5,7,-7.6,0.9,2,2017-02-07,-1.9,20170207,232
38,2017,0.0,0.0,3.4,59.6,0.0,3.0,8,-6.9,1.4,2,2017-02-08,-1.5,20170208,232
39,2017,0.0,0.0,8.5,51.8,0.0,-0.9,9,-5.3,3.1,2,2017-02-09,-3.5,20170209,232
40,2017,0.0,0.0,8.9,49.6,0.0,-2.2,10,-7.1,3.0,2,2017-02-10,-5.0,20170210,232
41,2017,0.0,0.0,8.5,53.4,0.0,0.9,11,-9.8,1.9,2,2017-02-11,-3.7,20170211,232
42,2017,0.0,0.0,9.2,61.3,0.0,4.6,12,-9.8,1.4,2,2017-02-12,-2.4,20170212,232
43,2017,1.9,0.0,3.4,79.3,0.0,5.0,13,-9.0,0.7,2,2017-02-13,-1.2,20170213,232
44,2017,0.0,0.0,8.8,58.1,0.0,6.4,14,-4.5,1.4,2,2017-02-14,0.4,20170214,232
45,2017,0.0,0.0,8.3,59.0,0.0,9.1,15,-8.1,0.6,2,2017-02-15,0.1,20170215,232
46,2017,0.0,0.0,7.2,65.8,0.0,13.3,16,-6.2,1.3,2,2017-02-16,5.1,20170216,232
47,2017,2.5,0.0,7.4,62.6,0.0,11.2,17,-2.4,2.6,2,2017-02-17,2.5,20170217,232
48,2017,0.0,0.0,9.6,46.6,0.0,3.5,18,-7.9,1.8,2,2017-02-18,-1.9,20170218,232
49,2017,6.2,0.0,4.7,68.3,0.0,8.8,19,-7.3,1.7,2,2017-02-19,1.8,20170219,232
50,2017,7.7,0.0,8.0,60.5,0.0,6.7,20,-4.6,2.9,2,2017-02-20,0.0,20170220,232
51,2017,0.0,0.0,8.7,50.0,0.0,7.8,21,-8.9,1.0,2,2017-02-21,-1.0,20170221,232
52,2017,13.9,0.0,0.2,80.5,0.0,3.9,22,-1.7,1.6,2,2017-02-22,2.2,20170222,232
53,2017,0.0,0.0,8.4,55.9,0.0,3.2,23,-2.6,3.3,2,2017-02-23,-0.1,20170223,232
54,2017,0.0,0.0,9.0,54.5,0.0,4.5,24,-7.6,1.4,2,2017-02-24,-0.6,20170224,232
55,2017,0.0,0.0,10.2,57.1,0.0,9.2,25,-5.5,1.3,2,2017-02-25,1.7,20170225,232
56,2017,0.0,0.0,9.3,56.3,0.0,9.0,26,-1.9,1.4,2,2017-02-26,2.9,20170226,232
57,2017,0.0,0.0,10.0,54.8,0.0,10.3,27,-5.2,1.0,2,2017-02-27,2.2,20170227,232
58,2017,0.0,0.0,10.0,50.8,0.0,12.8,28,-5.5,0.9,2,2017-02-28,3.5,20170228,232
59,2017,0.2,0.0,1.3,58.6,0.0,11.6,1,-0.7,1.2,3,2017-03-01,5.0,20170301,232
60,2017,2.6,0.0,7.6,66.8,0.0,6.2,2,-2.1,2.4,3,2017-03-02,2.1,20170302,232
61,2017,0.0,0.0,9.8,55.5,0.0,12.0,3,-5.5,1.2,3,2017-03-03,2.7,20170303,232
62,2017,0.0,0.0,10.3,56.3,0.0,13.0,4,-4.1,0.9,3,2017-03-04,4.4,20170304,232
63,2017,0.0,0.0,7.9,67.1,0.0,12.9,5,-1.7,1.3,3,2017-03-05,5.3,20170305,232
64,2017,0.0,0.0,10.0,43.9,0.0,5.7,6,-2.0,2.8,3,2017-03-06,1.5,20170306,232
65,2017,0.7,0.0,10.1,52.4,0.0,2.3,7,-2.0,3.1,3,2017-03-07,-0.5,20170307,232
66,2017,0.0,0.0,8.5,52.8,0.0,5.8,8,-6.8,2.5,3,2017-03-08,0.9,20170308,232
67,2017,0.0,0.0,10.0,54.0,0.0,10.7,9,-4.2,2.8,3,2017-03-09,4.1,20170309,232
68,2017,0.0,0.0,10.1,45.9,0.0,12.1,10,-4.2,1.4,3,2017-03-10,3.7,20170310,232
69,2017,0.0,0.0,10.1,43.8,0.0,16.9,11,-4.7,1.2,3,2017-03-11,5.4,20170311,232
70,2017,0.0,0.0,6.3,52.1,0.0,16.0,12,-2.5,1.3,3,2017-03-12,7.1,20170312,232
71,2017,0.0,0.0,8.6,54.9,0.0,13.0,13,0.2,1.9,3,2017-03-13,6.7,20170313,232
72,2017,0.1,0.0,10.2,53.6,0.0,10.4,14,-2.5,2.0,3,2017-03-14,4.4,20170314,232
73,2017,0.0,0.0,10.3,47.5,0.0,12.5,15,-4.1,1.2,3,2017-03-15,4.1,20170315,232
74,2017,0.0,0.0,9.8,45.1,0.0,13.2,16,-3.6,1.4,3,2017-03-16,4.7,20170316,232
75,2017,0.0,0.0,8.2,42.0,0.0,15.4,17,-3.6,1.2,3,2017-03-17,6.0,20170317,232
76,2017,0.0,0.0,6.9,35.4,0.0,16.9,18,1.1,1.4,3,2017-03-18,7.6,20170318,232
77,2017,0.0,0.0,10.3,42.0,0.0,18.6,19,-1.9,1.0,3,2017-03-19,8.2,20170319,232
78,2017,0.0,0.0,1.3,50.5,0.0,14.7,20,-0.5,0.9,3,2017-03-20,8.5,20170320,232
79,2017,0.0,0.0,8.4,46.0,0.0,11.5,21,4.5,2.2,3,2017-03-21,7.5,20170321,232
80,2017,0.0,0.0,8.6,39.5,0.0,13.6,22,-2.0,1.6,3,2017-03-22,6.7,20170322,232
81,2017,0.0,0.0,7.2,39.9,0.0,15.3,23,0.8,1.4,3,2017-03-23,7.3,20170323,232
82,2017,0.0,0.0,7.4,49.4,0.0,14.7,24,-1.2,1.0,3,2017-03-24,7.1,20170324,232
83,2017,0.0,0.0,0.7,61.8,0.0,9.7,25,4.3,1.8,3,2017-03-25,7.1,20170325,232
84,2017,0.0,0.0,5.3,54.0,0.0,11.2,26,1.9,1.5,3,2017-03-26,6.7,20170326,232
85,2017,0.2,0.0,5.4,63.4,0.0,11.8,27,0.6,2.0,3,2017-03-27,6.2,20170327,232
86,2017,0.0,0.0,4.7,58.3,0.0,13.5,28,-2.4,1.3,3,2017-03-28,6.1,20170328,232
87,2017,0.0,0.0,9.0,48.0,0.0,15.9,29,2.1,1.6,3,2017-03-29,9.0,20170329,232
88,2017,0.0,0.0,9.9,49.9,0.0,18.1,30,-1.4,1.6,3,2017-03-30,9.1,20170330,232
89,2017,2.7,0.0,0.2,76.1,0.0,13.0,31,6.5,1.4,3,2017-03-31,8.5,20170331,232
90,2017,0.0,0.0,6.5,67.3,0.0,13.7,1,3.3,1.5,4,2017-04-01,8.2,20170401,232
91,2017,0.0,0.0,10.8,49.6,0.0,15.7,2,-0.8,1.6,4,2017-04-02,8.0,20170402,232
92,2017,0.0,0.0,11.3,45.3,0.0,20.3,3,-1.0,1.7,4,2017-04-03,9.7,20170403,232
93,2017,0.0,0.0,9.3,38.6,0.0,23.0,4,0.7,1.2,4,2017-04-04,12.7,20170404,232
94,2017,11.1,0.0,0.0,67.3,0.0,15.4,5,9.3,1.6,4,2017-04-05,12.6,20170405,232
95,2017,2.5,0.0,4.6,79.4,0.0,17.2,6,10.5,1.6,4,2017-04-06,13.2,20170406,232
96,2017,0.0,0.0,8.4,61.9,0.0,24.1,7,9.6,1.5,4,2017-04-07,15.1,20170407,232
97,2017,0.0,0.0,8.9,65.5,0.0,21.8,8,6.8,1.4,4,2017-04-08,13.4,20170408,232
98,2017,0.0,0.0,5.3,56.9,0.0,18.1,9,9.8,3.0,4,2017-04-09,13.6,20170409,232
99,2017,0.0,0.0,9.3,23.6,0.0,20.4,10,9.2,3.6,4,2017-04-10,15.0,20170410,232
100,2017,14.7,0.0,7.8,58.1,0.0,19.0,11,7.7,2.1,4,2017-04-11,12.2,20170411,232
101,2017,0.0,0.0,11.5,16.3,0.0,15.9,12,6.7,2.6,4,2017-04-12,11.7,20170412,232
102,2017,0.0,0.0,10.5,50.1,0.0,21.2,13,1.2,2.0,4,2017-04-13,11.6,20170413,232
103,2017,0.0,0.0,5.3,51.6,0.0,19.8,14,6.1,2.9,4,2017-04-14,13.7,20170414,232
104,2017,0.0,0.0,10.6,57.3,0.0,25.3,15,7.6,1.4,4,2017-04-15,16.3,20170415,232
105,2017,0.0,0.0,9.4,49.9,0.0,27.5,16,7.7,1.0,4,2017-04-16,17.7,20170416,232
106,2017,12.7,0.0,1.8,77.0,0.0,16.2,17,9.9,1.3,4,2017-04-17,12.7,20170417,232
107,2017,1.9,0.0,2.5,75.0,0.0,19.7,18,7.8,2.5,4,2017-04-18,12.1,20170418,232
108,2017,0.0,0.0,11.1,47.5,0.0,18.3,19,4.8,1.9,4,2017-04-19,12.2,20170419,232
109,2017,0.0,0.0,0.1,60.6,0.0,14.8,20,6.8,0.9,4,2017-04-20,10.7,20170420,232
110,2017,0.0,0.0,10.0,57.5,0.0,19.2,21,3.3,1.5,4,2017-04-21,11.9,20170421,232
111,2017,0.0,0.0,9.7,51.5,0.0,20.4,22,4.6,1.4,4,2017-04-22,13.1,20170422,232
112,2017,0.0,0.0,11.6,45.4,0.0,22.7,23,3.5,1.4,4,2017-04-23,13.0,20170423,232
113,2017,0.0,0.0,11.1,45.0,0.0,22.6,24,2.8,1.7,4,2017-04-24,13.3,20170424,232
114,2017,0.0,0.0,5.7,54.9,0.0,22.9,25,7.0,1.7,4,2017-04-25,15.6,20170425,232
115,2017,0.0,0.0,9.6,40.9,0.0,19.7,26,10.5,2.1,4,2017-04-26,14.5,20170426,232
116,2017,0.0,0.0,11.4,43.6,0.0,19.0,27,3.3,2.2,4,2017-04-27,11.8,20170427,232
117,2017,0.0,0.0,8.8,52.3,0.0,22.9,28,3.4,2.5,4,2017-04-28,13.4,20170428,232
118,2017,0.0,0.0,9.7,49.1,0.0,25.3,29,4.8,1.7,4,2017-04-29,14.9,20170429,232
119,2017,0.0,0.0,10.3,57.1,0.0,27.6,30,7.9,2.0,4,2017-04-30,18.0,20170430,232
120,2017,0.0,0.0,9.4,57.5,0.0,27.1,1,8.9,1.3,5,2017-05-01,17.6,20170501,232
121,2017,0.0,0.0,10.6,48.6,0.0,26.8,2,8.4,1.2,5,2017-05-02,17.9,20170502,232
122,2017,0.0,0.0,10.9,47.6,0.0,28.5,3,8.1,1.2,5,2017-05-03,19.0,20170503,232
123,2017,0.0,0.0,7.2,53.1,0.0,26.8,4,10.4,1.4,5,2017-05-04,19.1,20170504,232
124,2017,0.0,0.0,8.5,55.8,0.0,27.3,5,15.7,1.7,5,2017-05-05,20.1,20170505,232
125,2017,0.0,0.0,11.0,36.6,0.0,21.6,6,7.4,2.7,5,2017-05-06,14.7,20170506,232
126,2017,0.0,0.0,11.0,47.0,0.0,23.1,7,5.6,2.0,5,2017-05-07,14.9,20170507,232
127,2017,0.0,0.0,3.5,55.3,0.0,22.9,8,5.5,1.3,5,2017-05-08,15.7,20170508,232
128,2017,4.6,0.0,1.9,70.1,0.0,20.6,9,13.6,2.3,5,2017-05-09,15.2,20170509,232
129,2017,2.4,0.0,4.1,79.4,0.0,19.6,10,11.8,1.6,5,2017-05-10,15.2,20170510,232
130,2017,0.0,0.0,4.0,73.8,0.0,25.5,11,11.8,1.0,5,2017-05-11,17.6,20170511,232
131,2017,0.0,0.0,0.2,75.3,0.0,23.6,12,14.1,1.4,5,2017-05-12,18.9,20170512,232
132,2017,1.7,0.0,7.3,73.9,0.0,23.7,13,10.0,2.1,5,2017-05-13,16.0,20170513,232
133,2017,0.0,0.0,11.4,52.3,0.0,20.7,14,6.8,2.3,5,2017-05-14,14.2,20170514,232
134,2017,0.0,0.0,11.2,61.4,0.0,20.6,15,6.2,2.1,5,2017-05-15,14.2,20170515,232
135,2017,0.0,0.0,6.7,63.3,0.0,22.0,16,10.9,1.2,5,2017-05-16,15.5,20170516,232
136,2017,0.0,0.0,11.4,54.5,0.0,24.6,17,8.1,1.3,5,2017-05-17,17.0,20170517,232
137,2017,0.0,0.0,12.0,54.4,0.0,26.6,18,8.2,1.3,5,2017-05-18,18.1,20170518,232
138,2017,0.0,0.0,11.6,48.8,0.0,28.4,19,9.4,1.6,5,2017-05-19,19.2,20170519,232
139,2017,0.0,0.0,10.5,46.1,0.0,25.9,20,9.1,1.3,5,2017-05-20,18.2,20170520,232
140,2017,0.0,0.0,11.7,51.5,0.0,26.5,21,10.6,1.3,5,2017-05-21,18.9,20170521,232
141,2017,0.0,0.0,11.2,54.1,0.0,27.7,22,11.0,1.2,5,2017-05-22,19.7,20170522,232
142,2017,0.2,0.0,4.4,63.1,0.0,24.4,23,12.1,1.0,5,2017-05-23,19.3,20170523,232
143,2017,5.4,0.0,7.7,71.3,0.0,25.2,24,15.2,1.3,5,2017-05-24,19.4,20170524,232
144,2017,0.0,0.0,11.3,57.3,0.0,25.9,25,10.5,2.3,5,2017-05-25,17.7,20170525,232
145,2017,0.0,0.0,11.8,45.0,0.0,20.6,26,11.1,2.0,5,2017-05-26,15.7,20170526,232
146,2017,0.0,0.0,11.9,53.1,0.0,25.0,27,7.5,1.3,5,2017-05-27,16.5,20170527,232
147,2017,0.0,0.0,10.9,55.0,0.0,29.4,28,8.6,1.9,5,2017-05-28,19.3,20170528,232
148,2017,0.0,0.0,11.1,61.1,0.0,31.0,29,13.1,1.3,5,2017-05-29,21.7,20170529,232
149,2017,0.0,0.0,11.4,57.1,0.0,29.2,30,13.6,1.1,5,2017-05-30,21.5,20170530,232
150,2017,0.0,0.0,7.8,59.8,0.0,28.0,31,13.2,1.0,5,2017-05-31,20.6,20170531,232
151,2017,0.0,0.0,7.9,61.5,0.0,26.5,1,16.5,2.0,6,2017-06-01,21.2,20170601,232
152,2017,0.0,0.0,12.3,43.6,0.0,25.0,2,10.2,1.8,6,2017-06-02,18.5,20170602,232
153,2017,0.0,0.0,11.1,43.1,0.0,24.6,3,13.7,1.9,6,2017-06-03,18.8,20170603,232
154,2017,0.0,0.0,12.3,43.6,0.0,26.7,4,9.1,1.7,6,2017-06-04,19.1,20170604,232
155,2017,0.0,0.0,11.2,38.9,0.0,28.3,5,10.7,1.4,6,2017-06-05,20.9,20170605,232
156,2017,4.4,0.0,0.0,65.3,0.0,21.9,6,14.8,2.4,6,2017-06-06,17.4,20170606,232
157,2017,1.1,0.0,0.0,86.0,0.0,19.3,7,15.6,2.0,6,2017-06-07,17.3,20170607,232
158,2017,0.0,0.0,8.0,65.4,0.0,26.3,8,14.5,2.1,6,2017-06-08,19.1,20170608,232
159,2017,0.0,0.0,8.2,65.6,0.0,28.3,9,12.3,2.3,6,2017-06-09,20.3,20170609,232
160,2017,0.0,0.0,7.6,57.3,0.0,26.1,10,15.0,1.3,6,2017-06-10,20.8,20170610,232
161,2017,0.0,0.0,12.2,42.1,0.0,28.8,11,10.1,1.4,6,2017-06-11,20.6,20170611,232
162,2017,0.0,0.0,8.3,45.6,0.0,26.4,12,13.2,1.9,6,2017-06-12,20.1,20170612,232
163,2017,0.0,0.0,6.6,62.9,0.0,25.7,13,14.3,1.4,6,2017-06-13,19.2,20170613,232
164,2017,0.0,0.0,10.8,61.4,0.0,26.7,14,13.8,1.6,6,2017-06-14,20.1,20170614,232
165,2017,0.0,0.0,11.5,57.3,0.0,29.8,15,13.4,1.8,6,2017-06-15,21.8,20170615,232
166,2017,0.0,0.0,9.4,56.0,0.0,31.8,16,15.0,1.4,6,2017-06-16,23.2,20170616,232
167,2017,0.0,0.0,11.6,47.8,0.0,30.4,17,13.3,1.3,6,2017-06-17,22.1,20170617,232
168,2017,0.0,0.0,12.3,45.6,0.0,31.5,18,12.5,1.4,6,2017-06-18,22.3,20170618,232
169,2017,0.0,0.0,11.5,52.5,0.0,31.5,19,13.9,1.3,6,2017-06-19,23.0,20170619,232
170,2017,0.0,0.0,7.4,49.1,0.0,30.6,20,15.3,1.1,6,2017-06-20,23.5,20170620,232
171,2017,0.2,0.0,9.6,55.8,0.0,30.0,21,17.5,1.9,6,2017-06-21,23.6,20170621,232
172,2017,0.0,0.0,11.5,61.6,0.0,30.8,22,15.8,1.3,6,2017-06-22,23.0,20170622,232
173,2017,0.0,0.0,11.3,52.3,0.0,33.6,23,16.0,1.4,6,2017-06-23,24.7,20170623,232
174,2017,6.1,0.0,1.4,67.6,0.0,29.5,24,18.3,1.0,6,2017-06-24,21.9,20170624,232
175,2017,0.5,0.0,5.5,78.3,0.0,28.9,25,17.5,1.2,6,2017-06-25,22.1,20170625,232
176,2017,1.2,0.0,5.5,70.1,0.0,28.9,26,20.5,2.2,6,2017-06-26,23.5,20170626,232
177,2017,0.0,0.0,4.7,71.9,0.0,29.0,27,19.1,1.7,6,2017-06-27,23.3,20170627,232
178,2017,2.1,0.0,7.4,70.0,0.0,30.9,28,20.7,1.3,6,2017-06-28,24.4,20170628,232
179,2017,0.0,0.0,8.3,66.5,0.0,31.3,29,18.9,1.3,6,2017-06-29,24.7,20170629,232
180,2017,0.0,0.0,6.5,63.0,0.0,31.1,30,20.9,1.5,6,2017-06-30,25.2,20170630,232
181,2017,3.9,0.0,0.0,82.8,0.0,24.9,1,20.2,0.8,7,2017-07-01,22.8,20170701,232
182,2017,6.0,0.0,1.0,81.1,0.0,29.6,2,22.9,1.7,7,2017-07-02,25.6,20170702,232
183,2017,8.1,0.0,0.1,85.3,0.0,27.1,3,23.2,1.7,7,2017-07-03,24.7,20170703,232
184,2017,133.8,0.0,6.0,79.3,0.0,31.5,4,22.4,1.4,7,2017-07-04,25.5,20170704,232
185,2017,0.0,0.0,8.6,68.9,0.0,32.6,5,21.7,0.9,7,2017-07-05,26.4,20170705,232
186,2017,0.2,0.0,4.6,78.1,0.0,32.2,6,21.4,1.1,7,2017-07-06,24.9,20170706,232
187,2017,4.4,0.0,0.3,81.9,0.0,28.7,7,21.3,1.3,7,2017-07-07,25.0,20170707,232
188,2017,51.6,0.0,1.3,82.8,0.0,27.5,8,23.2,1.1,7,2017-07-08,24.9,20170708,232
189,2017,37.5,0.0,6.1,75.5,0.0,31.9,9,22.4,1.4,7,2017-07-09,26.1,20170709,232
190,2017,101.6,0.0,0.2,85.4,0.0,27.0,10,22.5,1.5,7,2017-07-10,24.8,20170710,232
191,2017,7.1,0.0,3.4,78.0,0.0,30.8,11,22.7,1.4,7,2017-07-11,25.1,20170711,232
192,2017,0.0,0.0,8.2,73.9,0.0,31.1,12,22.7,0.9,7,2017-07-12,26.1,20170712,232
193,2017,0.0,0.0,7.6,73.9,0.0,31.6,13,20.8,0.9,7,2017-07-13,25.5,20170713,232
194,2017,3.2,0.0,7.5,75.8,0.0,32.3,14,22.1,1.4,7,2017-07-14,26.1,20170714,232
195,2017,32.2,0.0,0.7,85.5,0.0,27.2,15,22.4,1.5,7,2017-07-15,23.9,20170715,232
196,2017,232.7,0.0,0.2,88.8,0.0,25.9,16,22.0,1.1,7,2017-07-16,23.6,20170716,232
197,2017,2.7,0.0,0.1,86.1,0.0,27.4,17,21.8,0.9,7,2017-07-17,24.1,20170717,232
198,2017,2.0,0.0,2.7,81.0,0.0,29.2,18,21.6,0.8,7,2017-07-18,24.8,20170718,232
199,2017,0.0,0.0,6.5,73.8,0.0,32.1,19,22.7,0.9,7,2017-07-19,26.2,20170719,232
200,2017,0.0,0.0,7.7,75.3,0.0,32.3,20,22.6,1.0,7,2017-07-20,27.1,20170720,232
201,2017,0.0,0.0,5.8,74.0,0.0,33.0,21,24.1,1.1,7,2017-07-21,28.2,20170721,232
202,2017,0.0,0.0,3.2,74.1,0.0,31.3,22,25.2,1.1,7,2017-07-22,27.8,20170722,232
203,2017,3.8,0.0,0.0,85.1,0.0,28.4,23,24.6,0.7,7,2017-07-23,26.1,20170723,232
204,2017,66.4,0.0,0.2,85.5,0.0,29.0,24,24.6,0.8,7,2017-07-24,26.4,20170724,232
205,2017,5.1,0.0,6.7,74.1,0.0,32.3,25,24.0,1.2,7,2017-07-25,27.2,20170725,232
206,2017,0.0,0.0,11.2,61.6,0.0,30.4,26,21.4,2.3,7,2017-07-26,25.7,20170726,232
207,2017,0.0,0.0,6.6,66.0,0.0,31.3,27,19.4,1.3,7,2017-07-27,25.4,20170727,232
208,2017,49.8,0.0,0.1,80.9,0.0,29.0,28,23.6,0.9,7,2017-07-28,25.5,20170728,232
209,2017,1.4,0.0,4.5,73.1,0.0,29.1,29,23.3,2.3,7,2017-07-29,25.7,20170729,232
210,2017,0.0,0.0,8.5,71.1,0.0,31.5,30,20.9,1.1,7,2017-07-30,26.0,20170730,232
211,2017,34.6,0.0,0.0,88.3,0.0,25.4,31,21.7,1.2,7,2017-07-31,23.2,20170731,232
212,2017,2.8,0.0,24.0,77.8,0.0,31.7,1,21.8,1.0,8,2017-08-01,25.7,20170801,232
213,2017,0.0,0.0,9.2,72.5,0.0,33.6,2,23.0,1.0,8,2017-08-02,27.9,20170802,232
214,2017,0.0,0.0,11.5,63.6,0.0,30.8,3,23.6,2.1,8,2017-08-03,26.8,20170803,232
215,2017,0.0,0.0,11.9,66.1,0.0,33.9,4,21.7,1.3,8,2017-08-04,27.6,20170804,232
216,2017,0.0,0.0,10.6,66.9,0.0,35.2,5,23.8,1.1,8,2017-08-05,29.0,20170805,232
217,2017,0.0,0.0,7.6,65.9,0.0,33.9,6,25.6,1.3,8,2017-08-06,29.1,20170806,232
218,2017,0.0,0.0,10.5,64.3,0.0,32.5,7,23.0,1.3,8,2017-08-07,27.4,20170807,232
219,2017,0.0,0.0,2.9,71.5,0.0,30.4,8,21.2,0.8,8,2017-08-08,25.7,20170808,232
220,2017,9.0,0.0,0.0,83.1,0.0,24.9,9,22.6,1.6,8,2017-08-09,23.6,20170809,232
221,2017,2.8,0.0,2.5,82.1,0.0,29.1,10,23.1,0.7,8,2017-08-10,24.8,20170810,232
222,2017,1.9,0.0,7.1,76.9,0.0,31.1,11,22.4,1.1,8,2017-08-11,25.2,20170811,232
223,2017,0.0,0.0,9.5,68.3,0.0,30.4,12,21.1,1.6,8,2017-08-12,25.4,20170812,232
224,2017,0.1,0.0,1.3,66.9,0.0,26.1,13,21.4,2.3,8,2017-08-13,24.0,20170813,232
225,2017,44.3,0.0,0.5,85.0,0.0,24.6,14,20.6,2.6,8,2017-08-14,21.9,20170814,232
226,2017,19.3,0.0,0.0,86.4,0.0,23.1,15,20.9,1.9,8,2017-08-15,22.2,20170815,232
227,2017,33.0,0.0,1.6,81.6,0.0,27.0,16,21.6,1.6,8,2017-08-16,23.9,20170816,232
228,2017,4.3,0.0,5.8,76.6,0.0,28.9,17,21.6,1.3,8,2017-08-17,24.2,20170817,232
229,2017,0.5,0.0,4.9,76.4,0.0,28.4,18,21.4,0.7,8,2017-08-18,23.9,20170818,232
230,2017,11.6,0.0,2.2,76.5,0.0,29.5,19,20.7,1.3,8,2017-08-19,23.9,20170819,232
231,2017,21.3,0.0,1.8,76.0,0.0,27.8,20,21.9,2.6,8,2017-08-20,24.3,20170820,232
232,2017,62.0,0.0,1.0,83.3,0.0,26.4,21,22.4,1.4,8,2017-08-21,24.0,20170821,232
233,2017,0.0,0.0,7.9,74.4,0.0,31.3,22,22.4,0.9,8,2017-08-22,26.1,20170822,232
234,2017,6.3,0.0,6.5,76.0,0.0,31.2,23,23.5,1.5,8,2017-08-23,26.8,20170823,232
235,2017,42.1,0.0,3.2,77.4,0.0,29.5,24,22.3,2.2,8,2017-08-24,26.2,20170824,232
236,2017,0.0,0.0,9.1,60.9,0.0,30.6,25,18.8,1.0,8,2017-08-25,24.6,20170825,232
237,2017,0.0,0.0,9.2,53.9,0.0,28.2,26,16.5,1.2,8,2017-08-26,22.0,20170826,232
238,2017,0.0,0.0,5.5,66.9,0.0,27.9,27,15.8,0.9,8,2017-08-27,21.2,20170827,232
239,2017,30.2,0.0,3.9,74.9,0.0,27.3,28,17.0,1.0,8,2017-08-28,22.2,20170828,232
240,2017,0.0,0.0,10.3,56.1,0.0,23.2,29,16.0,1.8,8,2017-08-29,19.4,20170829,232
241,2017,0.0,0.0,1.2,61.3,0.0,21.4,30,14.6,0.7,8,2017-08-30,17.2,20170830,232
242,2017,0.0,0.0,9.9,65.9,0.0,26.2,31,14.6,1.2,8,2017-08-31,20.1,20170831,232
243,2017,0.0,0.0,11.0,59.9,0.0,26.8,1,13.1,1.2,9,2017-09-01,19.9,20170901,232
244,2017,0.0,0.0,11.4,64.6,0.0,26.6,2,14.0,1.0,9,2017-09-02,19.6,20170902,232
245,2017,0.0,0.0,10.1,63.0,0.0,28.2,3,13.4,0.8,9,2017-09-03,20.2,20170903,232
246,2017,0.0,0.0,9.6,58.9,0.0,27.4,4,13.4,1.1,9,2017-09-04,20.5,20170904,232
247,2017,0.5,0.0,0.3,73.3,0.0,23.1,5,16.2,0.9,9,2017-09-05,20.2,20170905,232
248,2017,2.4,0.0,0.2,79.5,0.0,22.3,6,17.8,0.6,9,2017-09-06,19.8,20170906,232
249,2017,0.0,0.0,8.1,71.0,0.0,26.7,7,16.9,1.0,9,2017-09-07,20.8,20170907,232
250,2017,0.0,0.0,7.5,67.9,0.0,27.6,8,17.2,0.8,9,2017-09-08,21.4,20170908,232
251,2017,0.0,0.0,5.6,69.4,0.0,28.1,9,15.1,0.7,9,2017-09-09,20.6,20170909,232
252,2017,0.0,0.0,0.4,74.3,0.0,25.4,10,17.2,0.8,9,2017-09-10,21.1,20170910,232
253,2017,21.5,0.0,1.3,72.1,0.0,23.6,11,17.4,1.7,9,2017-09-11,19.8,20170911,232
254,2017,0.0,0.0,8.2,63.0,0.0,27.1,12,14.3,1.2,9,2017-09-12,20.1,20170912,232
255,2017,0.0,0.0,10.8,54.8,0.0,26.7,13,11.5,1.1,9,2017-09-13,18.4,20170913,232
256,2017,0.0,0.0,11.0,58.3,0.0,27.0,14,11.2,1.0,9,2017-09-14,18.9,20170914,232
257,2017,0.0,0.0,9.8,49.9,0.0,25.1,15,14.9,3.2,9,2017-09-15,20.0,20170915,232
258,2017,0.0,0.0,6.8,49.0,0.0,24.2,16,15.4,3.0,9,2017-09-16,19.8,20170916,232
259,2017,0.0,0.0,8.0,60.3,0.0,27.1,17,13.7,1.6,9,2017-09-17,19.8,20170917,232
260,2017,0.0,0.0,9.6,62.0,0.0,26.2,18,13.0,1.0,9,2017-09-18,19.0,20170918,232
261,2017,0.0,0.0,3.7,67.3,0.0,26.6,19,13.8,1.9,9,2017-09-19,20.9,20170919,232
262,2017,0.0,0.0,10.6,44.0,0.0,23.3,20,11.7,1.6,9,2017-09-20,18.4,20170920,232
263,2017,0.0,0.0,11.1,57.4,0.0,25.2,21,9.3,0.7,9,2017-09-21,16.3,20170921,232
264,2017,0.0,0.0,9.2,61.4,0.0,26.2,22,11.0,0.9,9,2017-09-22,18.3,20170922,232
265,2017,0.0,0.0,4.5,71.8,0.0,24.9,23,12.8,0.7,9,2017-09-23,18.2,20170923,232
266,2017,0.3,0.0,3.9,70.8,0.0,26.7,24,15.9,1.1,9,2017-09-24,21.0,20170924,232
267,2017,0.0,0.0,7.5,65.4,0.0,28.2,25,16.8,1.0,9,2017-09-25,21.2,20170925,232
268,2017,0.9,0.0,7.5,62.5,0.0,28.3,26,14.8,1.2,9,2017-09-26,21.2,20170926,232
269,2017,17.7,0.0,2.3,74.3,0.0,24.3,27,16.2,1.2,9,2017-09-27,19.2,20170927,232
270,2017,0.0,0.0,10.1,50.8,0.0,23.6,28,14.6,1.9,9,2017-09-28,18.9,20170928,232
271,2017,0.0,0.0,9.2,50.4,0.0,20.9,29,6.8,1.0,9,2017-09-29,13.4,20170929,232
272,2017,0.0,0.0,9.8,68.3,0.0,24.9,30,7.0,0.9,9,2017-09-30,15.5,20170930,232
273,2017,5.9,0.0,0.6,89.6,0.0,18.6,1,11.8,1.7,10,2017-10-01,15.3,20171001,232
274,2017,3.0,0.0,5.2,87.1,0.0,25.3,2,14.9,1.6,10,2017-10-02,19.0,20171002,232
275,2017,0.0,0.0,5.0,73.4,0.0,20.9,3,11.4,1.2,10,2017-10-03,16.2,20171003,232
276,2017,0.0,0.0,7.9,74.3,0.0,22.8,4,9.3,1.0,10,2017-10-04,15.8,20171004,232
277,2017,0.0,0.0,4.1,73.9,0.0,20.7,5,10.8,1.9,10,2017-10-05,16.5,20171005,232
278,2017,0.7,0.0,0.3,89.1,0.0,18.5,6,10.6,1.3,10,2017-10-06,15.5,20171006,232
279,2017,0.0,0.0,5.8,86.3,0.0,24.4,7,15.6,0.8,10,2017-10-07,18.8,20171007,232
280,2017,0.0,0.0,8.0,82.8,0.0,26.3,8,15.6,0.9,10,2017-10-08,19.7,20171008,232
281,2017,0.0,0.0,9.6,82.0,0.0,26.6,9,15.2,0.9,10,2017-10-09,20.3,20171009,232
282,2017,0.0,0.0,2.4,88.4,0.0,25.3,10,15.3,0.7,10,2017-10-10,19.7,20171010,232
283,2017,3.8,0.0,0.1,89.4,0.0,20.5,11,12.3,1.3,10,2017-10-11,15.7,20171011,232
284,2017,0.7,0.0,0.0,91.1,0.0,12.9,12,6.8,0.8,10,2017-10-12,11.0,20171012,232
285,2017,0.0,0.0,6.3,79.4,0.0,16.8,13,3.2,0.9,10,2017-10-13,9.6,20171013,232
286,2017,0.0,0.0,8.3,66.8,0.0,18.6,14,4.5,1.2,10,2017-10-14,11.5,20171014,232
287,2017,0.0,0.0,6.5,76.0,0.0,19.9,15,6.0,1.3,10,2017-10-15,12.7,20171015,232
288,2017,0.0,0.0,4.5,74.6,0.0,20.2,16,8.9,1.0,10,2017-10-16,14.0,20171016,232
289,2017,0.0,0.0,9.7,76.6,0.0,21.9,17,5.6,0.7,10,2017-10-17,12.8,20171017,232
290,2017,0.0,0.0,0.0,70.0,0.0,18.0,18,9.1,2.1,10,2017-10-18,14.6,20171018,232
291,2017,0.0,0.0,8.2,78.0,0.0,20.1,19,7.2,1.1,10,2017-10-19,13.0,20171019,232
292,2017,0.0,0.0,9.4,75.5,0.0,22.0,20,6.8,0.9,10,2017-10-20,13.4,20171020,232
293,2017,0.0,0.0,9.1,74.5,0.0,22.3,21,5.9,1.1,10,2017-10-21,13.1,20171021,232
294,2017,0.0,0.0,8.7,65.3,0.0,22.2,22,4.5,2.4,10,2017-10-22,13.6,20171022,232
295,2017,0.0,0.0,9.3,67.0,0.0,17.9,23,4.7,1.1,10,2017-10-23,10.8,20171023,232
296,2017,0.0,0.0,7.7,76.4,0.0,17.8,24,4.0,0.7,10,2017-10-24,10.1,20171024,232
297,2017,0.0,0.0,7.9,80.3,0.0,18.9,25,3.4,0.8,10,2017-10-25,10.2,20171025,232
298,2017,0.0,0.0,6.1,75.8,0.0,18.8,26,4.9,0.7,10,2017-10-26,11.6,20171026,232
299,2017,0.0,0.0,6.8,71.3,0.0,21.6,27,7.8,0.8,10,2017-10-27,13.2,20171027,232
300,2017,0.0,0.0,8.9,75.0,0.0,22.8,28,5.6,1.0,10,2017-10-28,13.2,20171028,232
301,2017,0.0,0.0,8.7,65.6,0.0,17.1,29,5.5,2.1,10,2017-10-29,9.8,20171029,232
302,2017,0.0,0.0,9.3,49.9,0.0,11.9,30,-1.2,1.3,10,2017-10-30,5.3,20171030,232
303,2017,0.0,0.0,9.2,73.4,0.0,16.2,31,-3.2,0.8,10,2017-10-31,6.1,20171031,232
304,2017,0.0,0.0,4.5,77.5,0.0,17.8,1,4.7,1.0,11,2017-11-01,11.6,20171101,232
305,2017,0.0,0.0,2.2,84.5,0.0,18.2,2,9.3,0.7,11,2017-11-02,13.0,20171102,232
306,2017,0.0,0.0,4.0,76.4,0.0,15.7,3,6.9,1.6,11,2017-11-03,10.2,20171103,232
307,2017,0.0,0.0,7.6,63.8,0.0,12.7,4,1.1,1.4,11,2017-11-04,6.4,20171104,232
308,2017,0.0,0.0,8.6,75.6,0.0,14.0,5,-2.2,0.8,11,2017-11-05,5.2,20171105,232
309,2017,0.0,0.0,7.2,78.3,0.0,16.2,6,-0.6,0.7,11,2017-11-06,6.5,20171106,232
310,2017,0.0,0.0,7.4,75.5,0.0,19.3,7,3.5,0.8,11,2017-11-07,11.7,20171107,232
311,2017,0.0,0.0,7.4,62.3,0.0,17.8,8,4.7,2.0,11,2017-11-08,12.7,20171108,232
312,2017,0.0,0.0,8.5,63.1,0.0,16.2,9,-1.2,0.8,11,2017-11-09,6.3,20171109,232
313,2017,5.3,0.0,3.4,70.0,0.0,17.5,10,0.6,2.1,11,2017-11-10,8.4,20171110,232
314,2017,0.0,0.0,8.9,54.6,0.0,9.7,11,-1.7,1.8,11,2017-11-11,4.8,20171111,232
315,2017,0.0,0.0,8.4,71.8,0.0,11.6,12,-3.9,0.8,11,2017-11-12,2.7,20171112,232
316,2017,0.0,0.0,2.4,70.6,0.0,12.2,13,-2.2,0.7,11,2017-11-13,5.8,20171113,232
317,2017,1.1,0.0,8.5,56.6,0.0,12.1,14,2.0,1.8,11,2017-11-14,7.3,20171114,232
318,2017,0.0,0.0,7.4,55.1,0.0,8.5,15,-0.2,2.0,11,2017-11-15,4.2,20171115,232
319,2017,0.0,0.0,8.7,55.8,0.0,6.7,16,-5.0,1.1,11,2017-11-16,0.8,20171116,232
320,2017,0.1,0.0,2.7,57.4,0.0,8.1,17,-5.3,1.3,11,2017-11-17,2.9,20171117,232
321,2017,0.0,0.0,8.5,44.8,0.0,4.7,18,-2.9,3.0,11,2017-11-18,-0.6,20171118,232
322,2017,0.0,0.0,7.8,45.8,0.0,3.5,19,-6.8,1.4,11,2017-11-19,-1.1,20171119,232
323,2017,0.0,0.0,6.5,60.4,0.0,8.1,20,-3.9,1.2,11,2017-11-20,2.3,20171120,232
324,2017,0.0,0.0,7.4,71.3,0.0,7.9,21,-6.0,0.8,11,2017-11-21,-0.1,20171121,232
325,2017,0.0,0.0,3.1,61.8,0.0,10.4,22,-3.6,1.9,11,2017-11-22,3.7,20171122,232
326,2017,0.2,0.0,5.7,71.3,0.0,4.8,23,-5.3,1.3,11,2017-11-23,-0.1,20171123,232
327,2017,6.2,0.0,2.8,87.5,0.0,2.7,24,-5.0,1.0,11,2017-11-24,-0.9,20171124,232
328,2017,1.2,0.0,6.8,75.5,0.0,10.1,25,-7.1,2.0,11,2017-11-25,3.6,20171125,232
329,2017,9.3,0.0,6.7,78.3,0.0,10.3,26,-2.5,1.5,11,2017-11-26,5.0,20171126,232
330,2017,0.0,0.0,8.4,76.8,0.0,9.7,27,-5.6,0.6,11,2017-11-27,0.8,20171127,232
331,2017,0.0,0.0,6.0,80.8,0.0,11.8,28,-2.0,0.9,11,2017-11-28,3.9,20171128,232
332,2017,0.0,0.0,6.8,52.1,0.0,8.9,29,0.6,1.9,11,2017-11-29,5.0,20171129,232
333,2017,0.0,0.0,7.9,32.9,0.0,2.7,30,-3.1,2.2,11,2017-11-30,-0.8,20171130,232
334,2017,0.0,0.0,8.2,45.5,0.0,14.6,1,-9.2,1.4,12,2017-12-01,-1.6,20171201,232
335,2017,0.0,0.0,7.8,68.3,0.0,7.3,2,-6.8,0.8,12,2017-12-02,-0.3,20171202,232
336,2017,0.8,0.0,2.5,90.1,0.0,7.1,3,-3.9,0.8,12,2017-12-03,2.0,20171203,232
337,2017,0.0,0.0,7.8,62.6,0.0,4.1,4,-3.6,2.4,12,2017-12-04,0.5,20171204,232
338,2017,0.0,0.0,8.0,49.6,0.0,0.0,5,-7.2,1.6,12,2017-12-05,-4.3,20171205,232
339,2017,2.6,0.0,4.1,88.1,0.0,3.9,6,-6.4,1.2,12,2017-12-06,-0.9,20171206,232
340,2017,0.8,0.0,3.6,68.9,0.0,6.1,7,-1.9,1.6,12,2017-12-07,1.9,20171207,232
341,2017,0.0,0.0,8.5,53.3,0.0,0.5,8,-4.8,1.9,12,2017-12-08,-2.8,20171208,232
342,2017,0.0,0.0,4.5,60.0,0.0,5.2,9,-3.3,1.1,12,2017-12-09,0.3,20171209,232
343,2017,1.0,0.0,2.0,74.8,0.0,8.3,10,-1.7,1.9,12,2017-12-10,2.5,20171210,232
344,2017,0.0,0.0,1.3,58.3,0.0,0.1,11,-9.1,2.8,12,2017-12-11,-5.1,20171211,232
345,2017,0.0,0.0,8.5,49.5,0.0,-3.4,12,-13.8,1.9,12,2017-12-12,-8.0,20171212,232
346,2017,0.0,0.0,8.2,54.3,0.0,-1.7,13,-12.3,1.5,12,2017-12-13,-8.0,20171213,232
347,2017,0.0,0.0,5.5,61.9,0.0,-0.3,14,-15.1,0.7,12,2017-12-14,-7.3,20171214,232
348,2017,0.0,0.0,3.7,59.1,0.0,2.4,15,-11.0,0.6,12,2017-12-15,-3.2,20171215,232
349,2017,0.0,0.0,7.7,47.3,0.0,1.9,16,-6.8,2.4,12,2017-12-16,-3.5,20171216,232
350,2017,0.0,0.0,8.7,55.1,0.0,-1.3,17,-11.5,1.5,12,2017-12-17,-6.5,20171217,232
351,2017,0.2,0.0,6.5,66.9,0.0,6.9,18,-9.3,1.9,12,2017-12-18,-0.1,20171218,232
352,2017,0.0,0.0,7.6,57.0,0.0,2.2,19,-9.4,1.7,12,2017-12-19,-3.7,20171219,232
353,2017,0.3,0.0,5.3,78.3,0.0,3.5,20,-12.1,1.1,12,2017-12-20,-3.2,20171220,232
354,2017,0.0,0.0,8.6,73.6,0.0,4.2,21,-6.3,1.0,12,2017-12-21,-1.7,20171221,232
355,2017,0.0,0.0,5.6,77.4,0.0,8.1,22,-6.8,0.9,12,2017-12-22,-0.1,20171222,232
356,2017,0.0,0.0,6.1,83.3,0.0,10.4,23,-1.3,0.8,12,2017-12-23,3.1,20171223,232
357,2017,10.7,0.0,0.0,86.1,0.0,6.0,24,0.1,1.7,12,2017-12-24,2.8,20171224,232
358,2017,0.0,0.0,8.2,55.1,0.0,1.5,25,-4.1,2.3,12,2017-12-25,-1.6,20171225,232
359,2017,0.0,0.0,7.8,59.8,0.0,1.4,26,-6.5,2.0,12,2017-12-26,-2.7,20171226,232
360,2017,0.0,0.0,8.7,49.6,0.0,-1.4,27,-13.0,1.3,12,2017-12-27,-6.9,20171227,232
361,2017,0.0,0.0,6.0,60.3,0.0,2.9,28,-9.3,0.8,12,2017-12-28,-2.5,20171228,232
362,2017,0.0,0.0,0.9,70.5,0.0,6.9,29,-1.2,0.8,12,2017-12-29,2.4,20171229,232
363,2017,1.7,0.0,3.2,80.6,0.0,6.5,30,-1.9,0.9,12,2017-12-30,2.4,20171230,232
364,2017,0.7,0.0,8.0,65.9,0.0,4.3,31,-4.3,1.9,12,2017-12-31,0.6,20171231,232
