,station_id,sunshine,humid,day,tmin,snow,Date,date,cloud,tavg,year,wind,month,rainfall,tmax
0,232,8.0,66.1,1,-8.5,0.0,2018-01-01,20180101,0.0,-2.8,2018,0.9,1,0.0,3.8
1,232,1.7,64.4,2,-8.1,0.0,2018-01-02,20180102,0.0,-2.6,2018,0.9,1,0.0,2.9
2,232,8.6,50.3,3,-7.2,0.0,2018-01-03,20180103,0.0,-3.2,2018,1.7,1,0.0,0.7
3,232,6.7,54.1,4,-8.1,0.0,2018-01-04,20180104,0.0,-3.8,2018,1.1,1,0.0,-0.3
4,232,7.8,70.4,5,-7.0,0.0,2018-01-05,20180105,0.0,-2.6,2018,1.3,1,0.0,2.6
5,232,8.3,65.0,6,-9.0,0.0,2018-01-06,20180106,0.0,-2.8,2018,1.2,1,0.0,3.5
6,232,2.0,66.9,7,-10.4,0.0,2018-01-07,20180107,0.0,-2.8,2018,0.8,1,0.0,2.7
7,232,0.0,80.3,8,-1.1,0.0,2018-01-08,20180108,0.0,0.9,2018,1.4,1,1.9,3.2
8,232,1.0,86.6,9,-5.8,0.0,2018-01-09,20180109,0.0,-3.4,2018,1.9,1,3.0,-0.7
9,232,3.3,65.5,10,-11.4,0.0,2018-01-10,20180110,0.0,-6.8,2018,1.9,1,1.7,-2.2
10,232,5.0,71.9,11,-16.2,0.0,2018-01-11,20180111,0.0,-11.2,2018,1.4,1,0.0,-6.7
11,232,8.3,66.3,12,-20.6,0.0,2018-01-12,20180112,0.0,-11.8,2018,1.0,1,0.0,-5.8
12,232,1.3,83.0,13,-8.8,0.0,2018-01-13,20180113,0.0,-4.7,2018,1.2,1,0.0,1.5
13,232,7.7,77.3,14,-13.0,0.0,2018-01-14,20180114,0.0,-3.4,2018,0.5,1,0.0,5.4
14,232,6.9,75.8,15,-1.5,0.0,2018-01-15,20180115,0.0,2.2,2018,0.8,1,0.0,8.2
15,232,0.0,86.5,16,-2.8,0.0,2018-01-16,20180116,0.0,1.9,2018,0.6,1,1.2,6.5
16,232,0.0,94.3,17,1.6,0.0,2018-01-17,20180117,0.0,3.3,2018,0.8,1,5.0,5.9
17,232,1.8,78.9,18,-0.7,0.0,2018-01-18,20180118,0.0,2.2,2018,1.1,1,0.0,6.0
18,232,8.2,66.8,19,-4.8,0.0,2018-01-19,20180119,0.0,-0.8,2018,1.0,1,0.0,5.3
19,232,4.9,77.5,20,-6.3,0.0,2018-01-20,20180120,0.0,-0.2,2018,0.9,1,0.0,7.7
20,232,3.8,70.9,21,-5.9,0.0,2018-01-21,20180121,0.0,-1.0,2018,0.7,1,0.0,6.1
21,232,1.7,67.3,22,-2.0,0.0,2018-01-22,20180122,0.0,2.0,2018,1.9,1,1.2,7.4
22,232,8.9,46.4,23,-11.8,0.0,2018-01-23,20180123,0.0,-8.8,2018,3.0,1,0.0,-1.9
23,232,8.5,33.6,24,-15.3,0.0,2018-01-24,20180124,0.0,-12.4,2018,2.6,1,0.0,-8.8
24,232,6.9,42.3,25,-17.0,0.0,2018-01-25,20180125,0.0,-12.8,2018,2.2,1,0.0,-8.4
25,232,8.6,51.6,26,-16.8,0.0,2018-01-26,20180126,0.0,-13.7,2018,2.1,1,0.0,-9.5
26,232,8.4,53.0,27,-19.1,0.0,2018-01-27,20180127,0.0,-10.4,2018,1.1,1,0.0,-2.9
27,232,7.0,46.4,28,-8.7,0.0,2018-01-28,20180128,0.0,-4.7,2018,2.0,1,0.0,-0.1
28,232,8.8,50.6,29,-11.0,0.0,2018-01-29,20180129,0.0,-7.9,2018,1.9,1,0.0,-4.1
29,232,8.2,64.6,30,-15.5,0.0,2018-01-30,20180130,0.0,-6.1,2018,1.3,1,0.0,1.3
30,232,3.9,49.8,31,-6.9,0.0,2018-01-31,20180131,0.0,-1.9,2018,1.0,1,0.0,2.4
31,232,8.6,50.3,1,-11.5,0.0,2018-02-01,20180201,0.0,-4.3,2018,1.3,2,0.0,2.3
32,232,8.4,57.4,2,-12.0,0.0,2018-02-02,20180202,0.0,-4.5,2018,1.1,2,0.0,3.7
33,232,6.1,60.1,3,-8.9,0.0,2018-02-03,20180203,0.0,-5.9,2018,3.0,2,0.0,-3.3
34,232,9.2,47.1,4,-12.9,0.0,2018-02-04,20180204,0.0,-8.5,2018,2.3,2,0.0,-4.8
35,232,9.3,47.9,5,-15.8,0.0,2018-02-05,20180205,0.0,-9.0,2018,2.2,2,0.0,-4.2
36,232,9.2,51.0,6,-13.1,0.0,2018-02-06,20180206,0.0,-9.2,2018,2.3,2,0.0,-5.1
37,232,9.5,59.3,7,-19.0,0.0,2018-02-07,20180207,0.0,-9.9,2018,1.2,2,0.0,-1.9
38,232,8.8,55.3,8,-14.6,0.0,2018-02-08,20180208,0.0,-5.8,2018,0.8,2,0.0,3.2
39,232,3.0,57.1,9,-9.3,0.0,2018-02-09,20180209,0.0,-0.4,2018,0.9,2,0.0,7.9
40,232,5.2,52.0,10,-6.4,0.0,2018-02-10,20180210,0.0,-1.0,2018,2.2,2,0.0,5.6
41,232,5.2,73.1,11,-11.1,0.0,2018-02-11,20180211,0.0,-5.4,2018,1.8,2,0.0,-0.2
42,232,4.3,78.1,12,-15.7,0.0,2018-02-12,20180212,0.0,-7.4,2018,1.1,2,0.3,-2.4
43,232,6.4,72.3,13,-12.8,0.0,2018-02-13,20180213,0.0,-2.9,2018,1.1,2,0.6,4.0
44,232,4.1,64.5,14,-6.1,0.0,2018-02-14,20180214,0.0,3.0,2018,2.2,2,0.0,9.6
45,232,9.2,44.8,15,-5.0,0.0,2018-02-15,20180215,0.0,-0.6,2018,1.7,2,0.0,4.7
46,232,8.8,53.9,16,-8.0,0.0,2018-02-16,20180216,0.0,-1.3,2018,1.3,2,0.0,5.6
47,232,8.5,32.1,17,-5.8,0.0,2018-02-17,20180217,0.0,-2.1,2018,2.1,2,0.0,1.8
48,232,1.6,46.1,18,-5.8,0.0,2018-02-18,20180218,0.0,-1.4,2018,0.7,2,0.0,4.2
49,232,7.2,59.3,19,-6.2,0.0,2018-02-19,20180219,0.0,0.4,2018,0.9,2,0.0,7.8
50,232,5.8,53.3,20,-5.7,0.0,2018-02-20,20180220,0.0,0.8,2018,1.4,2,0.0,6.5
51,232,8.9,33.8,21,-4.7,0.0,2018-02-21,20180221,0.0,-0.8,2018,1.6,2,0.0,4.1
52,232,7.1,59.0,22,-8.4,0.0,2018-02-22,20180222,0.0,-0.6,2018,1.4,2,0.0,7.2
53,232,4.9,72.1,23,-1.3,0.0,2018-02-23,20180223,0.0,4.9,2018,2.1,2,0.7,10.1
54,232,8.0,47.5,24,-2.2,0.0,2018-02-24,20180224,0.0,4.4,2018,2.0,2,0.0,10.1
55,232,5.4,39.8,25,-2.4,0.0,2018-02-25,20180225,0.0,2.0,2018,1.4,2,0.0,9.1
56,232,9.8,51.4,26,-7.2,0.0,2018-02-26,20180226,0.0,1.4,2018,0.8,2,0.0,11.3
57,232,4.7,56.8,27,-5.1,0.0,2018-02-27,20180227,0.0,4.1,2018,0.8,2,0.0,13.0
58,232,0.0,78.5,28,1.4,0.0,2018-02-28,20180228,0.0,5.0,2018,3.0,2,30.0,9.0
59,232,7.2,67.5,1,-2.8,0.0,2018-03-01,20180301,0.0,0.9,2018,3.7,3,1.6,5.1
60,232,10.0,48.3,2,-7.8,0.0,2018-03-02,20180302,0.0,-0.4,2018,1.1,3,0.0,7.3
61,232,9.8,48.6,3,-3.2,0.0,2018-03-03,20180303,0.0,7.3,2018,1.3,3,0.0,17.4
62,232,5.6,70.3,4,7.2,0.0,2018-03-04,20180304,0.0,12.9,2018,1.7,3,13.8,20.9
63,232,1.6,77.0,5,0.3,0.0,2018-03-05,20180305,0.0,5.3,2018,4.0,3,7.1,12.2
64,232,10.3,65.3,6,-3.0,0.0,2018-03-06,20180306,0.0,3.9,2018,1.1,3,0.0,12.1
65,232,3.8,70.5,7,-0.2,0.0,2018-03-07,20180307,0.0,5.0,2018,2.8,3,4.4,9.9
66,232,1.3,87.0,8,0.9,0.0,2018-03-08,20180308,0.0,3.4,2018,1.8,3,6.7,7.5
67,232,2.3,73.8,9,-0.1,0.0,2018-03-09,20180309,0.0,3.8,2018,1.3,3,0.0,8.1
68,232,6.6,74.8,10,-3.4,0.0,2018-03-10,20180310,0.0,3.0,2018,1.2,3,0.0,10.9
69,232,8.7,62.0,11,1.1,0.0,2018-03-11,20180311,0.0,6.2,2018,1.2,3,0.0,13.3
70,232,9.0,66.1,12,-2.4,0.0,2018-03-12,20180312,0.0,6.8,2018,1.0,3,0.0,17.5
71,232,9.9,66.1,13,0.0,0.0,2018-03-13,20180313,0.0,11.0,2018,1.8,3,0.0,20.1
72,232,9.6,64.4,14,4.2,0.0,2018-03-14,20180314,0.0,14.0,2018,1.2,3,0.0,24.1
73,232,0.0,95.9,15,8.3,0.0,2018-03-15,20180315,0.0,11.8,2018,1.3,3,7.6,14.9
74,232,4.7,67.6,16,-0.3,0.0,2018-03-16,20180316,0.0,5.5,2018,3.5,3,0.1,9.4
75,232,9.7,58.8,17,-2.9,0.0,2018-03-17,20180317,0.0,5.6,2018,1.5,3,0.0,14.4
76,232,0.0,76.5,18,1.5,0.0,2018-03-18,20180318,0.0,6.8,2018,0.7,3,3.4,11.3
77,232,0.0,88.8,19,5.3,0.0,2018-03-19,20180319,0.0,7.6,2018,3.3,3,13.7,9.8
78,232,5.5,48.6,20,2.7,0.0,2018-03-20,20180320,0.0,5.5,2018,5.1,3,0.1,9.7
79,232,0.0,82.8,21,-0.4,0.0,2018-03-21,20180321,0.0,1.5,2018,2.5,3,3.6,4.8
80,232,9.9,67.3,22,0.5,0.0,2018-03-22,20180322,0.0,4.7,2018,1.9,3,0.1,11.3
81,232,7.5,63.8,23,-2.8,0.0,2018-03-23,20180323,0.0,4.7,2018,1.4,3,0.0,13.1
82,232,7.0,70.5,24,-0.5,0.0,2018-03-24,20180324,0.0,7.1,2018,1.3,3,0.0,15.5
83,232,7.0,70.3,25,3.1,0.0,2018-03-25,20180325,0.0,9.1,2018,1.3,3,0.0,19.1
84,232,8.4,72.5,26,-0.4,0.0,2018-03-26,20180326,0.0,9.6,2018,1.4,3,0.0,19.4
85,232,7.4,67.6,27,2.8,0.0,2018-03-27,20180327,0.0,12.6,2018,1.3,3,0.0,22.2
86,232,9.6,63.1,28,4.5,0.0,2018-03-28,20180328,0.0,13.7,2018,1.5,3,0.0,22.7
87,232,3.4,71.9,29,7.4,0.0,2018-03-29,20180329,0.0,13.9,2018,1.1,3,0.0,21.0
88,232,7.6,58.4,30,6.0,0.0,2018-03-30,20180330,0.0,13.2,2018,1.7,3,0.0,20.5
89,232,9.1,58.0,31,6.6,0.0,2018-03-31,20180331,0.0,14.0,2018,1.4,3,0.0,22.2
90,232,1.4,70.8,1,7.4,0.0,2018-04-01,20180401,0.0,14.3,2018,1.0,4,0.0,21.1
91,232,7.8,69.6,2,9.1,0.0,2018-04-02,20180402,0.0,16.5,2018,1.4,4,0.0,24.8
92,232,6.2,68.5,3,10.5,0.0,2018-04-03,20180403,0.0,17.5,2018,1.3,4,0.0,24.3
93,232,0.0,82.4,4,9.0,0.0,2018-04-04,20180404,0.0,12.1,2018,2.9,4,13.0,16.2
94,232,0.0,92.3,5,7.1,0.0,2018-04-05,20180405,0.0,7.7,2018,3.1,4,18.9,9.0
95,232,6.5,70.1,6,3.0,0.0,2018-04-06,20180406,0.0,6.8,2018,3.1,4,13.7,10.3
96,232,8.5,41.5,7,2.8,0.0,2018-04-07,20180407,0.0,4.8,2018,4.3,4,0.0,8.7
97,232,6.2,54.5,8,-2.2,0.0,2018-04-08,20180408,0.0,7.0,2018,3.0,4,0.0,12.5
98,232,10.0,51.3,9,4.4,0.0,2018-04-09,20180409,0.0,10.1,2018,1.4,4,0.0,17.2
99,232,7.1,54.9,10,2.3,0.0,2018-04-10,20180410,0.0,14.8,2018,3.4,4,2.4,23.0
100,232,10.0,51.5,11,7.0,0.0,2018-04-11,20180411,0.0,13.4,2018,2.8,4,0.1,18.5
101,232,11.1,42.8,12,2.2,0.0,2018-04-12,20180412,0.0,11.5,2018,2.0,4,0.0,20.5
102,232,2.7,37.8,13,2.4,0.0,2018-04-13,20180413,0.0,12.5,2018,3.1,4,0.0,18.4
103,232,0.0,83.6,14,6.8,0.0,2018-04-14,20180414,0.0,8.5,2018,2.3,4,22.4,12.8
104,232,8.0,69.3,15,4.9,0.0,2018-04-15,20180415,0.0,8.9,2018,2.5,4,0.0,14.5
105,232,10.8,57.9,16,0.9,0.0,2018-04-16,20180416,0.0,10.3,2018,1.3,4,0.0,18.1
106,232,9.1,51.3,17,4.6,0.0,2018-04-17,20180417,0.0,11.8,2018,1.4,4,0.0,20.0
107,232,10.8,49.1,18,2.1,0.0,2018-04-18,20180418,0.0,11.3,2018,1.4,4,0.0,20.6
108,232,10.6,46.3,19,2.1,0.0,2018-04-19,20180419,0.0,13.5,2018,1.3,4,0.0,23.4
109,232,10.5,54.0,20,6.8,0.0,2018-04-20,20180420,0.0,17.2,2018,0.9,4,0.0,29.1
110,232,10.8,49.4,21,7.8,0.0,2018-04-21,20180421,0.0,17.5,2018,1.3,4,0.0,28.6
111,232,1.0,67.1,22,9.6,0.0,2018-04-22,20180422,0.0,15.7,2018,2.1,4,1.1,19.3
112,232,0.0,90.3,23,10.0,0.0,2018-04-23,20180423,0.0,10.8,2018,4.6,4,40.3,15.9
113,232,0.0,71.6,24,7.1,0.0,2018-04-24,20180424,0.0,11.7,2018,3.2,4,5.1,15.5
114,232,11.5,49.0,25,2.4,0.0,2018-04-25,20180425,0.0,12.4,2018,1.3,4,0.0,22.4
115,232,9.6,57.3,26,4.3,0.0,2018-04-26,20180426,0.0,13.8,2018,1.3,4,0.0,23.0
116,232,10.3,61.3,27,5.4,0.0,2018-04-27,20180427,0.0,14.0,2018,1.3,4,0.0,22.3
117,232,9.3,62.5,28,6.4,0.0,2018-04-28,20180428,0.0,13.9,2018,1.3,4,0.0,23.6
118,232,11.3,54.9,29,3.9,0.0,2018-04-29,20180429,0.0,14.4,2018,1.1,4,0.0,24.9
119,232,8.1,65.1,30,8.8,0.0,2018-04-30,20180430,0.0,17.9,2018,1.2,4,0.0,25.7
120,232,4.7,73.0,1,15.7,0.0,2018-05-01,20180501,0.0,19.6,2018,1.3,5,0.0,25.0
121,232,1.2,81.5,2,10.1,0.0,2018-05-02,20180502,0.0,16.0,2018,2.4,5,13.4,21.7
122,232,9.5,58.1,3,6.8,0.0,2018-05-03,20180503,0.0,11.4,2018,3.4,5,0.0,16.4
123,232,11.6,44.6,4,5.2,0.0,2018-05-04,20180504,0.0,13.2,2018,3.0,5,0.0,20.9
124,232,10.2,49.0,5,5.4,0.0,2018-05-05,20180505,0.0,16.7,2018,1.7,5,0.0,25.8
125,232,0.0,91.3,6,14.1,0.0,2018-05-06,20180506,0.0,15.3,2018,1.9,5,15.6,18.0
126,232,3.6,77.5,7,12.9,0.0,2018-05-07,20180507,0.0,17.2,2018,1.0,5,0.0,22.6
127,232,8.6,60.4,8,12.3,0.0,2018-05-08,20180508,0.0,16.2,2018,3.5,5,0.0,20.8
128,232,11.3,61.1,9,7.1,0.0,2018-05-09,20180509,0.0,14.3,2018,1.8,5,0.0,21.8
129,232,10.5,70.3,10,7.1,0.0,2018-05-10,20180510,0.0,14.7,2018,1.5,5,0.0,23.0
130,232,6.3,57.9,11,11.5,0.0,2018-05-11,20180511,0.0,16.2,2018,1.4,5,0.0,23.1
131,232,0.0,89.8,12,11.7,0.0,2018-05-12,20180512,0.0,14.3,2018,1.2,5,18.1,16.8
132,232,4.0,84.1,13,12.0,0.0,2018-05-13,20180513,0.0,15.2,2018,1.4,5,0.4,19.5
133,232,6.2,75.4,14,12.0,0.0,2018-05-14,20180514,0.0,18.3,2018,1.0,5,0.0,26.0
134,232,7.5,69.5,15,12.7,0.0,2018-05-15,20180515,0.0,21.5,2018,0.8,5,0.0,28.3
135,232,0.2,78.0,16,20.6,0.0,2018-05-16,20180516,0.0,24.1,2018,2.1,5,0.0,26.7
136,232,0.9,77.8,17,22.9,0.0,2018-05-17,20180517,0.0,24.5,2018,1.2,5,0.7,27.9
137,232,0.0,86.1,18,13.7,0.0,2018-05-18,20180518,0.0,18.6,2018,1.6,5,16.5,22.9
138,232,8.4,56.1,19,12.6,0.0,2018-05-19,20180519,0.0,16.4,2018,4.0,5,0.0,21.2
139,232,7.4,37.5,20,10.6,0.0,2018-05-20,20180520,0.0,16.9,2018,3.3,5,0.0,21.6
140,232,9.8,62.4,21,9.9,0.0,2018-05-21,20180521,0.0,16.0,2018,2.9,5,0.0,21.3
141,232,5.5,76.8,22,11.0,0.0,2018-05-22,20180522,0.0,17.2,2018,1.0,5,8.7,23.4
142,232,10.9,64.0,23,10.8,0.0,2018-05-23,20180523,0.0,17.0,2018,1.8,5,9.3,22.2
143,232,11.1,61.4,24,7.3,0.0,2018-05-24,20180524,0.0,16.7,2018,1.6,5,0.0,25.6
144,232,9.3,54.8,25,8.6,0.0,2018-05-25,20180525,0.0,17.7,2018,1.2,5,0.0,26.1
145,232,11.3,55.5,26,8.1,0.0,2018-05-26,20180526,0.0,19.1,2018,1.1,5,0.0,29.6
146,232,0.9,62.9,27,12.7,0.0,2018-05-27,20180527,0.0,18.3,2018,1.0,5,0.0,24.4
147,232,11.8,62.6,28,10.7,0.0,2018-05-28,20180528,0.0,20.1,2018,1.3,5,0.0,29.4
148,232,5.6,69.6,29,16.4,0.0,2018-05-29,20180529,0.0,21.5,2018,1.1,5,0.0,27.2
149,232,7.3,70.5,30,14.3,0.0,2018-05-30,20180530,0.0,20.0,2018,1.6,5,0.0,27.0
150,232,11.7,67.0,31,10.8,0.0,2018-05-31,20180531,0.0,18.8,2018,1.3,5,0.0,26.4
151,232,12.1,54.8,1,13.3,0.0,2018-06-01,20180601,0.0,21.5,2018,1.3,6,0.0,29.3
152,232,11.7,48.5,2,12.5,0.0,2018-06-02,20180602,0.0,21.2,2018,1.2,6,0.0,29.8
153,232,11.6,55.6,3,11.5,0.0,2018-06-03,20180603,0.0,20.8,2018,1.0,6,0.0,30.0
154,232,7.9,62.9,4,13.6,0.0,2018-06-04,20180604,0.0,20.7,2018,1.2,6,0.0,28.3
155,232,7.5,64.3,5,17.5,0.0,2018-06-05,20180605,0.0,22.2,2018,1.2,6,0.2,28.2
156,232,11.1,69.5,6,15.1,0.0,2018-06-06,20180606,0.0,21.9,2018,1.4,6,0.0,29.1
157,232,8.3,69.6,7,17.5,0.0,2018-06-07,20180607,0.0,22.1,2018,1.7,6,0.0,28.7
158,232,7.0,72.5,8,16.9,0.0,2018-06-08,20180608,0.0,20.5,2018,1.8,6,0.0,25.1
159,232,7.6,63.5,9,15.1,0.0,2018-06-09,20180609,0.0,21.7,2018,2.8,6,0.0,28.3
160,232,6.7,58.3,10,18.2,0.0,2018-06-10,20180610,0.0,20.7,2018,3.7,6,0.0,24.5
161,232,1.7,67.0,11,17.4,0.0,2018-06-11,20180611,0.0,19.6,2018,2.1,6,0.5,22.2
162,232,7.6,68.9,12,16.3,0.0,2018-06-12,20180612,0.0,20.1,2018,1.3,6,0.0,26.3
163,232,5.9,67.4,13,13.3,0.0,2018-06-13,20180613,0.0,21.2,2018,1.4,6,0.0,26.7
164,232,5.2,61.9,14,18.6,0.0,2018-06-14,20180614,0.0,21.6,2018,2.9,6,0.0,26.0
165,232,10.1,54.0,15,16.5,0.0,2018-06-15,20180615,0.0,20.4,2018,3.2,6,2.1,25.1
166,232,12.3,58.0,16,12.9,0.0,2018-06-16,20180616,0.0,20.3,2018,1.7,6,0.0,28.0
167,232,4.7,67.3,17,13.9,0.0,2018-06-17,20180617,0.0,20.9,2018,1.2,6,0.0,28.1
168,232,9.5,60.0,18,17.5,0.0,2018-06-18,20180618,0.0,23.5,2018,1.3,6,0.0,30.3
169,232,0.4,76.6,19,15.8,0.0,2018-06-19,20180619,0.0,19.7,2018,0.9,6,0.0,24.4
170,232,9.1,66.5,20,16.5,0.0,2018-06-20,20180620,0.0,22.1,2018,1.4,6,0.0,28.1
171,232,10.3,55.1,21,16.9,0.0,2018-06-21,20180621,0.0,22.5,2018,1.8,6,0.0,28.7
172,232,9.6,52.4,22,14.2,0.0,2018-06-22,20180622,0.0,23.1,2018,1.3,6,0.0,31.4
173,232,8.2,52.3,23,17.6,0.0,2018-06-23,20180623,0.0,23.1,2018,1.7,6,0.0,30.4
174,232,10.2,56.8,24,17.8,0.0,2018-06-24,20180624,0.0,24.5,2018,1.3,6,0.0,32.4
175,232,7.5,58.8,25,16.2,0.0,2018-06-25,20180625,0.0,24.3,2018,0.8,6,0.0,32.6
176,232,0.0,87.0,26,19.5,0.0,2018-06-26,20180626,0.0,21.8,2018,1.9,6,77.6,25.2
177,232,7.0,74.6,27,20.7,0.0,2018-06-27,20180627,0.0,24.0,2018,1.8,6,0.0,29.8
178,232,0.0,80.4,28,21.4,0.0,2018-06-28,20180628,0.0,23.5,2018,1.5,6,0.0,26.0
179,232,6.8,75.1,29,21.1,0.0,2018-06-29,20180629,0.0,24.3,2018,1.2,6,0.0,30.1
180,232,1.7,80.8,30,19.3,0.0,2018-06-30,20180630,0.0,23.9,2018,1.2,6,8.5,29.3
181,232,0.0,90.5,1,19.7,0.0,2018-07-01,20180701,0.0,20.8,2018,2.0,7,120.1,22.6
182,232,2.0,87.8,2,20.0,0.0,2018-07-02,20180702,0.0,22.4,2018,1.9,7,27.5,26.0
183,232,9.4,72.6,3,21.4,0.0,2018-07-03,20180703,0.0,25.5,2018,2.7,7,0.5,30.0
184,232,8.6,73.3,4,22.2,0.0,2018-07-04,20180704,0.0,25.9,2018,1.3,7,0.1,31.0
185,232,4.8,77.5,5,21.3,0.0,2018-07-05,20180705,0.0,24.7,2018,1.5,7,18.8,30.4
186,232,2.5,63.1,6,21.0,0.0,2018-07-06,20180706,0.0,23.2,2018,3.2,7,0.0,26.6
187,232,8.6,57.5,7,19.5,0.0,2018-07-07,20180707,0.0,22.8,2018,2.8,7,0.0,28.0
188,232,10.1,60.0,8,16.5,0.0,2018-07-08,20180708,0.0,21.7,2018,2.6,7,0.0,26.2
189,232,0.0,82.3,9,18.4,0.0,2018-07-09,20180709,0.0,19.8,2018,2.3,7,17.9,21.8
190,232,0.8,78.8,10,19.7,0.0,2018-07-10,20180710,0.0,24.0,2018,1.6,7,0.1,28.9
191,232,4.8,77.1,11,23.4,0.0,2018-07-11,20180711,0.0,26.7,2018,1.2,7,0.8,31.5
192,232,6.2,77.4,12,23.7,0.0,2018-07-12,20180712,0.0,26.7,2018,0.9,7,0.0,30.9
193,232,8.0,73.9,13,23.8,0.0,2018-07-13,20180713,0.0,26.9,2018,0.8,7,0.0,31.2
194,232,8.6,72.6,14,22.8,0.0,2018-07-14,20180714,0.0,26.8,2018,0.9,7,0.0,32.2
195,232,11.9,66.5,15,21.7,0.0,2018-07-15,20180715,0.0,27.4,2018,1.1,7,0.0,33.3
196,232,10.5,65.4,16,21.2,0.0,2018-07-16,20180716,0.0,27.0,2018,1.1,7,0.0,33.4
197,232,11.4,70.3,17,20.9,0.0,2018-07-17,20180717,0.0,26.3,2018,1.1,7,0.0,32.3
198,232,10.1,67.4,18,21.4,0.0,2018-07-18,20180718,0.0,27.0,2018,1.2,7,0.0,32.6
199,232,12.1,66.1,19,21.4,0.0,2018-07-19,20180719,0.0,26.8,2018,1.1,7,0.0,32.7
200,232,10.5,68.3,20,20.5,0.0,2018-07-20,20180720,0.0,27.4,2018,0.8,7,0.0,34.3
201,232,11.7,63.0,21,22.0,0.0,2018-07-21,20180721,0.0,28.2,2018,0.9,7,0.0,35.1
202,232,8.7,63.5,22,21.3,0.0,2018-07-22,20180722,0.0,28.8,2018,0.8,7,0.0,35.6
203,232,10.3,63.0,23,24.5,0.0,2018-07-23,20180723,0.0,29.0,2018,0.9,7,0.0,34.6
204,232,11.8,66.4,24,23.0,0.0,2018-07-24,20180724,0.0,29.3,2018,1.1,7,0.0,35.7
205,232,8.2,69.0,25,25.5,0.0,2018-07-25,20180725,0.0,28.9,2018,1.2,7,0.0,33.4
206,232,9.4,71.4,26,23.2,0.0,2018-07-26,20180726,0.0,28.2,2018,1.0,7,0.0,34.6
207,232,10.5,68.1,27,24.4,0.0,2018-07-27,20180727,0.0,29.1,2018,1.3,7,0.0,35.4
208,232,6.3,72.5,28,24.1,0.0,2018-07-28,20180728,0.0,28.1,2018,1.2,7,0.0,35.1
209,232,11.7,58.8,29,23.5,0.0,2018-07-29,20180729,0.0,28.9,2018,1.8,7,0.0,34.5
210,232,11.1,60.3,30,22.6,0.0,2018-07-30,20180730,0.0,28.6,2018,1.6,7,0.0,34.9
211,232,12.1,58.3,31,22.0,0.0,2018-07-31,20180731,0.0,29.0,2018,1.5,7,0.0,35.9
212,232,11.4,60.0,1,23.1,0.0,2018-08-01,20180801,0.9,30.2,2018,1.2,8,0.0,37.8
213,232,11.9,59.4,2,23.9,0.0,2018-08-02,20180802,2.6,30.1,2018,1.3,8,0.0,36.9
214,232,10.9,57.8,3,24.3,0.0,2018-08-03,20180803,3.4,30.4,2018,1.4,8,0.0,37.1
215,232,6.8,66.1,4,24.8,0.0,2018-08-04,20180804,5.6,28.5,2018,1.2,8,0.0,34.1
216,232,9.1,66.1,5,24.8,0.0,2018-08-05,20180805,5.5,28.9,2018,1.6,8,0.0,33.6
217,232,6.1,68.0,6,26.3,0.0,2018-08-06,20180806,7.3,29.2,2018,1.2,8,0.0,34.9
218,232,7.8,65.1,7,24.6,0.0,2018-08-07,20180807,4.0,29.0,2018,1.5,8,0.0,34.2
219,232,11.0,62.3,8,24.4,0.0,2018-08-08,20180808,3.6,29.1,2018,1.4,8,0.0,34.9
220,232,9.7,70.1,9,23.8,0.0,2018-08-09,20180809,5.3,28.3,2018,1.3,8,0.0,33.1
221,232,7.8,66.5,10,24.3,0.0,2018-08-10,20180810,5.1,29.0,2018,1.4,8,0.0,35.4
222,232,7.6,62.8,11,24.6,0.0,2018-08-11,20180811,4.8,28.1,2018,2.5,8,0.0,32.6
223,232,8.3,63.5,12,23.2,0.0,2018-08-12,20180812,6.5,28.4,2018,2.0,8,0.2,33.7
224,232,9.8,60.9,13,23.9,0.0,2018-08-13,20180813,5.5,30.2,2018,1.3,8,0.0,36.6
225,232,10.1,57.4,14,25.4,0.0,2018-08-14,20180814,5.8,30.4,2018,1.2,8,0.0,36.6
226,232,10.8,52.9,15,24.3,0.0,2018-08-15,20180815,3.9,30.8,2018,1.6,8,0.0,37.8
227,232,8.6,54.9,16,23.8,0.0,2018-08-16,20180816,6.1,28.1,2018,3.1,8,0.0,33.9
228,232,10.9,42.9,17,21.0,0.0,2018-08-17,20180817,1.8,25.5,2018,4.2,8,0.0,30.6
229,232,10.9,51.0,18,17.0,0.0,2018-08-18,20180818,3.6,23.8,2018,1.9,8,0.0,31.2
230,232,8.7,56.1,19,18.0,0.0,2018-08-19,20180819,6.9,24.9,2018,1.0,8,0.0,32.3
231,232,7.2,58.0,20,20.1,0.0,2018-08-20,20180820,4.9,27.0,2018,2.0,8,0.0,33.5
232,232,0.8,65.0,21,23.9,0.0,2018-08-21,20180821,7.6,26.3,2018,1.6,8,0.0,28.8
233,232,9.5,55.3,22,21.1,0.0,2018-08-22,20180822,4.9,29.4,2018,2.7,8,0.0,36.5
234,232,1.3,60.9,23,24.6,0.0,2018-08-23,20180823,9.9,28.3,2018,3.9,8,6.0,31.6
235,232,1.3,80.1,24,23.0,0.0,2018-08-24,20180824,8.0,24.4,2018,3.3,8,17.3,26.2
236,232,1.8,78.6,25,20.0,0.0,2018-08-25,20180825,9.0,22.8,2018,0.9,8,0.0,26.1
237,232,1.1,79.5,26,18.7,0.0,2018-08-26,20180826,9.2,21.0,2018,1.6,8,22.0,25.4
238,232,0.3,89.5,27,19.4,0.0,2018-08-27,20180827,9.3,22.4,2018,1.2,8,81.6,25.9
239,232,0.4,87.1,28,23.2,0.0,2018-08-28,20180828,9.3,24.6,2018,0.7,8,34.4,27.7
240,232,4.8,71.9,29,23.2,0.0,2018-08-29,20180829,8.6,26.1,2018,1.6,8,0.0,31.0
241,232,4.5,83.3,30,23.0,0.0,2018-08-30,20180830,6.8,25.1,2018,1.1,8,15.8,30.1
242,232,4.6,81.5,31,19.2,0.0,2018-08-31,20180831,7.8,21.9,2018,1.1,8,105.4,27.1
243,232,10.1,65.0,1,16.8,0.0,2018-09-01,20180901,3.9,22.9,2018,2.7,9,0.0,28.8
244,232,8.1,64.0,2,17.1,0.0,2018-09-02,20180902,4.8,22.8,2018,2.4,9,0.0,27.8
245,232,1.8,76.8,3,21.2,0.0,2018-09-03,20180903,9.8,23.8,2018,1.6,9,72.2,28.8
246,232,9.5,72.3,4,18.5,0.0,2018-09-04,20180904,4.1,22.8,2018,1.7,9,4.6,27.2
247,232,10.3,66.8,5,16.0,0.0,2018-09-05,20180905,1.9,21.2,2018,1.8,9,0.0,27.9
248,232,2.3,75.8,6,15.9,0.0,2018-09-06,20180906,7.4,21.4,2018,1.3,9,3.4,27.4
249,232,6.6,71.8,7,14.3,0.0,2018-09-07,20180907,7.8,19.3,2018,1.4,9,3.6,24.8
250,232,11.6,63.1,8,10.9,0.0,2018-09-08,20180908,0.3,18.6,2018,1.0,9,0.0,26.4
251,232,10.9,65.5,9,12.3,0.0,2018-09-09,20180909,1.3,19.3,2018,0.9,9,0.0,26.9
252,232,9.3,62.0,10,13.5,0.0,2018-09-10,20180910,1.3,19.7,2018,1.7,9,0.0,26.3
253,232,7.6,58.3,11,10.4,0.0,2018-09-11,20180911,6.5,18.7,2018,2.6,9,0.0,24.1
254,232,10.0,65.6,12,13.3,0.0,2018-09-12,20180912,5.1,20.0,2018,1.8,9,0.0,26.7
255,232,2.7,75.4,13,17.5,0.0,2018-09-13,20180913,9.1,20.2,2018,1.9,9,0.0,24.3
256,232,0.0,80.6,14,17.3,0.0,2018-09-14,20180914,8.9,20.9,2018,2.3,9,3.9,24.3
257,232,0.0,84.6,15,19.7,0.0,2018-09-15,20180915,8.0,21.0,2018,1.2,9,1.5,22.8
258,232,0.0,80.5,16,19.4,0.0,2018-09-16,20180916,9.6,21.2,2018,0.8,9,0.0,23.7
259,232,9.5,67.6,17,15.4,0.0,2018-09-17,20180917,5.0,20.5,2018,0.9,9,0.0,25.9
260,232,7.9,63.6,18,13.6,0.0,2018-09-18,20180918,6.5,19.4,2018,1.0,9,0.0,26.4
261,232,0.0,71.0,19,14.5,0.0,2018-09-19,20180919,9.0,19.5,2018,0.6,9,0.0,23.9
262,232,0.0,76.0,20,17.1,0.0,2018-09-20,20180920,8.9,19.1,2018,2.9,9,0.5,20.1
263,232,0.0,85.0,21,17.3,0.0,2018-09-21,20180921,9.5,18.5,2018,1.7,9,30.4,19.9
264,232,9.0,67.8,22,12.6,0.0,2018-09-22,20180922,3.1,19.2,2018,1.3,9,0.0,25.4
265,232,8.0,73.4,23,11.9,0.0,2018-09-23,20180923,5.9,16.9,2018,1.1,9,4.5,26.0
266,232,9.5,66.0,24,10.1,0.0,2018-09-24,20180924,4.4,15.0,2018,1.1,9,0.0,21.4
267,232,10.2,66.6,25,7.4,0.0,2018-09-25,20180925,2.3,15.2,2018,1.2,9,0.0,22.6
268,232,7.2,64.5,26,12.5,0.0,2018-09-26,20180926,5.6,16.8,2018,2.4,9,0.0,22.6
269,232,9.8,64.6,27,8.9,0.0,2018-09-27,20180927,1.6,16.2,2018,1.3,9,0.0,23.3
270,232,3.8,71.9,28,9.9,0.0,2018-09-28,20180928,6.4,15.5,2018,1.7,9,0.0,20.7
271,232,9.5,67.9,29,10.4,0.0,2018-09-29,20180929,1.8,17.3,2018,1.3,9,0.0,25.2
272,232,9.5,62.5,30,11.2,0.0,2018-09-30,20180930,1.1,15.7,2018,1.6,9,0.0,22.7
273,232,5.6,71.4,1,10.3,0.0,2018-10-01,20181001,6.3,13.7,2018,1.9,10,3.8,18.3
274,232,9.6,70.3,2,6.9,0.0,2018-10-02,20181002,0.1,13.2,2018,1.0,10,0.0,20.3
275,232,8.1,71.3,3,6.5,0.0,2018-10-03,20181003,3.1,13.4,2018,0.8,10,0.0,22.6
276,232,9.8,58.4,4,9.1,0.0,2018-10-04,20181004,6.4,18.0,2018,2.6,10,0.0,24.3
277,232,0.0,81.6,5,15.1,0.0,2018-10-05,20181005,9.3,16.9,2018,2.8,10,30.4,18.5
278,232,0.9,79.4,6,14.2,0.0,2018-10-06,20181006,8.3,17.6,2018,3.0,10,50.9,21.6
279,232,8.2,71.3,7,8.4,0.0,2018-10-07,20181007,2.5,14.8,2018,1.0,10,0.0,21.2
280,232,9.6,63.3,8,5.1,0.0,2018-10-08,20181008,2.5,11.6,2018,1.0,10,0.0,20.1
281,232,2.1,66.9,9,6.4,0.0,2018-10-09,20181009,9.1,13.2,2018,1.1,10,0.0,19.4
282,232,7.3,51.5,10,8.9,0.0,2018-10-10,20181010,7.9,13.3,2018,2.3,10,0.0,15.9
283,232,7.8,61.5,11,2.4,0.0,2018-10-11,20181011,2.6,8.8,2018,1.5,10,0.0,14.4
284,232,9.4,64.5,12,1.6,0.0,2018-10-12,20181012,0.0,8.6,2018,0.9,10,0.0,16.4
285,232,9.4,65.8,13,1.5,0.0,2018-10-13,20181013,0.0,9.3,2018,0.7,10,0.0,18.8
286,232,8.7,65.0,14,3.5,0.0,2018-10-14,20181014,4.5,11.2,2018,0.9,10,0.0,18.7
287,232,7.6,72.1,15,5.7,0.0,2018-10-15,20181015,4.3,12.4,2018,0.8,10,0.0,20.8
288,232,3.6,78.5,16,7.9,0.0,2018-10-16,20181016,6.9,11.8,2018,0.7,10,0.0,18.9
289,232,6.9,69.6,17,5.0,0.0,2018-10-17,20181017,1.5,10.2,2018,1.0,10,0.0,18.1
290,232,6.6,75.8,18,1.6,0.0,2018-10-18,20181018,4.9,9.4,2018,1.5,10,0.3,16.4
291,232,9.4,69.3,19,3.6,0.0,2018-10-19,20181019,0.5,10.3,2018,0.9,10,0.0,18.4
292,232,7.9,71.0,20,2.8,0.0,2018-10-20,20181020,3.1,9.9,2018,0.7,10,0.0,20.4
293,232,9.3,67.0,21,1.7,0.0,2018-10-21,20181021,1.1,9.8,2018,0.7,10,0.0,20.5
294,232,3.8,71.0,22,4.8,0.0,2018-10-22,20181022,6.9,10.9,2018,0.5,10,0.0,19.7
295,232,2.9,88.1,23,4.4,0.0,2018-10-23,20181023,4.8,9.3,2018,0.8,10,3.2,17.9
296,232,6.3,77.4,24,5.5,0.0,2018-10-24,20181024,4.1,10.0,2018,0.9,10,0.0,17.9
297,232,8.2,70.3,25,2.5,0.0,2018-10-25,20181025,3.9,9.9,2018,0.7,10,0.0,20.9
298,232,0.2,81.8,26,6.6,0.0,2018-10-26,20181026,7.1,10.4,2018,1.3,10,5.1,13.0
299,232,6.7,63.3,27,5.2,0.0,2018-10-27,20181027,5.4,8.7,2018,2.1,10,1.5,12.7
300,232,4.5,71.0,28,3.9,0.0,2018-10-28,20181028,5.5,9.4,2018,1.7,10,4.4,15.6
301,232,4.8,69.5,29,4.1,0.0,2018-10-29,20181029,5.3,8.0,2018,1.4,10,0.2,13.5
302,232,9.4,62.3,30,-1.4,0.0,2018-10-30,20181030,1.1,5.1,2018,1.3,10,0.0,11.4
303,232,8.9,64.3,31,0.4,0.0,2018-10-31,20181031,1.3,6.1,2018,1.3,10,0.0,12.2
304,232,8.7,66.3,1,-1.8,0.0,2018-11-01,20181101,0.0,5.5,2018,1.0,11,0.0,14.5
305,232,9.1,63.8,2,-1.0,0.0,2018-11-02,20181102,0.0,7.1,2018,0.8,11,0.0,18.3
306,232,7.5,66.5,3,0.2,0.0,2018-11-03,20181103,0.1,7.9,2018,0.7,11,0.0,18.7
307,232,8.6,62.6,4,0.4,0.0,2018-11-04,20181104,2.3,8.7,2018,0.9,11,0.0,19.3
308,232,8.1,69.9,5,1.3,0.0,2018-11-05,20181105,4.9,8.6,2018,0.8,11,0.0,18.1
309,232,5.1,73.5,6,3.2,0.0,2018-11-06,20181106,6.3,10.2,2018,0.6,11,0.0,18.6
310,232,0.0,88.0,7,9.4,0.0,2018-11-07,20181107,9.0,11.7,2018,0.7,11,0.7,13.6
311,232,0.0,88.5,8,11.5,0.0,2018-11-08,20181108,9.6,13.3,2018,2.5,11,39.0,16.5
312,232,5.0,70.4,9,5.4,0.0,2018-11-09,20181109,5.4,11.1,2018,2.6,11,0.2,15.6
313,232,6.3,76.9,10,3.8,0.0,2018-11-10,20181110,3.1,9.3,2018,0.9,11,0.0,17.4
314,232,0.3,81.3,11,2.8,0.0,2018-11-11,20181111,5.0,7.3,2018,0.7,11,0.0,11.8
315,232,9.1,66.1,12,0.8,0.0,2018-11-12,20181112,0.3,6.7,2018,1.1,11,0.0,13.5
316,232,7.5,71.3,13,0.1,0.0,2018-11-13,20181113,1.5,6.2,2018,0.7,11,0.0,14.7
317,232,7.4,70.1,14,0.2,0.0,2018-11-14,20181114,1.0,6.6,2018,0.4,11,0.0,15.4
318,232,7.8,70.1,15,-0.1,0.0,2018-11-15,20181115,4.1,6.7,2018,0.4,11,0.0,15.8
319,232,3.7,66.5,16,2.8,0.0,2018-11-16,20181116,7.1,8.4,2018,1.0,11,0.0,14.9
320,232,7.3,61.0,17,-1.4,0.0,2018-11-17,20181117,5.5,4.6,2018,0.8,11,0.0,11.2
321,232,3.3,62.3,18,-2.3,0.0,2018-11-18,20181118,8.4,4.1,2018,0.6,11,0.0,10.9
322,232,6.1,61.5,19,-0.1,0.0,2018-11-19,20181119,1.4,6.2,2018,0.8,11,0.0,12.5
323,232,8.8,49.5,20,-3.1,0.0,2018-11-20,20181120,0.1,3.8,2018,0.5,11,0.0,12.4
324,232,0.0,80.8,21,-1.2,0.0,2018-11-21,20181121,9.5,2.6,2018,0.8,11,3.4,6.5
325,232,8.2,62.6,22,-3.5,0.0,2018-11-22,20181122,0.4,1.6,2018,1.0,11,0.0,6.9
326,232,8.2,46.3,23,-5.5,0.0,2018-11-23,20181123,2.8,0.2,2018,0.9,11,0.0,7.8
327,232,0.0,75.0,24,-2.5,0.0,2018-11-24,20181124,8.1,3.3,2018,1.6,11,5.0,5.5
328,232,3.4,78.1,25,0.5,0.0,2018-11-25,20181125,3.5,5.4,2018,0.8,11,0.0,11.1
329,232,6.4,72.4,26,-1.8,0.0,2018-11-26,20181126,3.3,3.9,2018,0.6,11,0.0,14.1
330,232,3.4,72.1,27,-2.4,0.0,2018-11-27,20181127,6.5,5.9,2018,0.6,11,0.0,13.6
331,232,4.2,38.8,28,-1.4,0.0,2018-11-28,20181128,5.0,4.1,2018,0.9,11,0.0,11.0
332,232,2.4,51.5,29,-3.4,0.0,2018-11-29,20181129,2.8,3.0,2018,0.5,11,0.0,9.5
333,232,8.2,61.3,30,-4.1,0.0,2018-11-30,20181130,1.3,1.6,2018,0.7,11,0.0,8.8
334,232,5.7,66.0,1,-2.4,0.0,2018-12-01,20181201,7.4,2.7,2018,0.4,12,0.0,11.2
335,232,5.3,68.4,2,-2.6,0.0,2018-12-02,20181202,6.3,6.2,2018,0.8,12,0.0,14.5
336,232,0.0,88.4,3,6.5,0.0,2018-12-03,20181203,8.9,11.1,2018,1.0,12,13.6,13.5
337,232,0.7,74.0,4,2.0,0.0,2018-12-04,20181204,7.3,8.2,2018,2.1,12,9.0,12.6
338,232,3.9,48.6,5,-3.2,0.0,2018-12-05,20181205,6.1,0.9,2018,1.3,12,0.0,4.2
339,232,5.3,66.9,6,-0.4,0.0,2018-12-06,20181206,8.6,2.6,2018,1.6,12,1.3,6.4
340,232,7.5,43.5,7,-8.4,0.0,2018-12-07,20181207,5.3,-5.2,2018,3.2,12,0.0,1.6
341,232,8.0,48.8,8,-11.5,0.0,2018-12-08,20181208,1.9,-7.1,2018,1.5,12,0.0,-3.3
342,232,7.9,40.4,9,-13.1,0.0,2018-12-09,20181209,1.4,-7.0,2018,1.4,12,0.0,-1.7
343,232,8.8,45.3,10,-12.0,0.0,2018-12-10,20181210,4.1,-4.3,2018,0.9,12,0.0,4.5
344,232,0.0,76.9,11,-6.3,0.0,2018-12-11,20181211,9.3,-2.1,2018,0.5,12,0.5,0.5
345,232,8.7,52.6,12,-7.4,0.0,2018-12-12,20181212,0.3,-2.2,2018,1.4,12,0.0,2.6
346,232,3.8,66.6,13,-8.9,0.0,2018-12-13,20181213,3.9,-2.6,2018,1.6,12,1.4,3.0
347,232,8.4,61.1,14,-11.3,0.0,2018-12-14,20181214,0.4,-5.8,2018,1.0,12,0.0,0.8
348,232,7.7,61.0,15,-12.3,0.0,2018-12-15,20181215,4.3,-4.8,2018,0.7,12,0.0,3.9
349,232,2.1,70.3,16,-6.5,0.0,2018-12-16,20181216,7.8,-1.3,2018,0.8,12,0.0,3.2
350,232,7.0,62.0,17,-2.7,0.0,2018-12-17,20181217,4.1,1.9,2018,1.3,12,0.0,6.8
351,232,6.4,72.4,18,-5.0,0.0,2018-12-18,20181218,1.9,0.2,2018,0.6,12,0.0,8.0
352,232,7.1,64.1,19,-2.9,0.0,2018-12-19,20181219,3.8,2.6,2018,0.7,12,0.0,10.7
353,232,4.6,63.4,20,-3.4,0.0,2018-12-20,20181220,4.8,1.2,2018,0.3,12,0.0,10.0
354,232,3.8,61.0,21,-6.0,0.0,2018-12-21,20181221,5.5,2.5,2018,0.3,12,0.0,10.6
355,232,7.0,59.9,22,-1.0,0.0,2018-12-22,20181222,5.6,5.1,2018,0.8,12,0.0,11.9
356,232,8.0,44.0,23,-1.6,0.0,2018-12-23,20181223,3.4,4.2,2018,2.1,12,0.0,8.4
357,232,8.1,50.6,24,-8.4,0.0,2018-12-24,20181224,1.1,-3.3,2018,1.0,12,0.0,2.9
358,232,0.6,62.8,25,-9.6,0.0,2018-12-25,20181225,8.3,-2.5,2018,0.5,12,0.0,3.6
359,232,6.8,42.1,26,-3.2,0.0,2018-12-26,20181226,6.5,0.0,2018,1.9,12,0.0,4.1
360,232,8.1,32.1,27,-9.7,0.0,2018-12-27,20181227,1.0,-7.9,2018,2.9,12,0.0,-3.1
361,232,8.0,46.0,28,-14.1,0.0,2018-12-28,20181228,0.8,-10.4,2018,1.7,12,0.0,-6.0
362,232,7.7,38.6,29,-14.5,0.0,2018-12-29,20181229,1.4,-6.6,2018,2.1,12,0.0,-2.6
363,232,8.3,42.4,30,-13.6,0.0,2018-12-30,20181230,3.1,-7.3,2018,1.1,12,0.0,-1.0
364,232,8.6,55.1,31,-15.2,0.0,2018-12-31,20181231,0.1,-7.0,2018,0.7,12,0.0,0.7
