,month,tavg,rainfall,year,date,tmin,cloud,tmax,day,snow,wind,station_id,Date,sunshine,humid
0,1,-6.2,0.0,2010,20100101,-13.4,2.3,-0.8,1,0.0,1.5,232,2010-01-01,7.6,55.9
1,1,-0.8,0.0,2010,20100102,-4.0,7.6,3.2,2,0.0,3.4,232,2010-01-02,0.0,74.3
2,1,-4.0,0.0,2010,20100103,-6.9,4.9,-1.2,3,0.0,1.9,232,2010-01-03,7.3,55.4
3,1,-3.2,9.9,2010,20100104,-5.2,9.6,-0.2,4,12.8,2.6,232,2010-01-04,0.0,81.4
4,1,-6.7,3.7,2010,20100105,-9.4,7.0,-2.8,5,6.5,2.5,232,2010-01-05,1.7,77.3
5,1,-8.7,0.4,2010,20100106,-13.7,5.3,-4.4,6,1.8,1.4,232,2010-01-06,7.3,75.0
6,1,-9.5,0.1,2010,20100107,-16.1,3.6,-3.8,7,0.3,1.3,232,2010-01-07,6.7,71.6
7,1,-10.3,0.0,2010,20100108,-17.7,0.0,-1.2,8,0.0,1.0,232,2010-01-08,7.8,80.1
8,1,-6.9,0.1,2010,20100109,-13.9,8.5,-2.1,9,0.1,1.2,232,2010-01-09,0.4,85.6
9,1,-5.3,0.0,2010,20100110,-12.0,8.9,0.9,10,0.0,1.0,232,2010-01-10,1.0,84.6
10,1,-4.3,0.0,2010,20100111,-11.5,8.1,0.0,11,0.0,1.4,232,2010-01-11,0.4,79.8
11,1,-7.2,0.0,2010,20100112,-11.5,2.9,-4.3,12,0.0,2.5,232,2010-01-12,7.0,57.8
12,1,-11.2,1.0,2010,20100113,-15.8,5.3,-7.3,13,2.0,2.2,232,2010-01-13,5.2,73.3
13,1,-10.0,0.0,2010,20100114,-19.5,3.5,-3.1,14,0.0,1.3,232,2010-01-14,6.9,70.0
14,1,-4.7,2.0,2010,20100115,-12.1,4.5,1.2,15,3.4,1.6,232,2010-01-15,2.8,76.8
15,1,-9.7,0.0,2010,20100116,-17.8,1.1,-0.8,16,0.0,0.9,232,2010-01-16,8.6,72.8
16,1,-7.3,0.0,2010,20100117,-15.8,0.0,3.2,17,0.0,0.7,232,2010-01-17,8.8,72.6
17,1,-2.9,0.0,2010,20100118,-11.9,3.5,4.4,18,0.0,1.2,232,2010-01-18,3.7,76.6
18,1,2.9,0.0,2010,20100119,-6.1,7.0,7.7,19,0.0,2.5,232,2010-01-19,4.9,69.0
19,1,6.5,18.5,2010,20100120,3.9,10.0,9.1,20,0.0,2.2,232,2010-01-20,0.0,93.3
20,1,-2.1,2.0,2010,20100121,-4.6,3.8,4.0,21,0.0,4.9,232,2010-01-21,7.2,69.5
21,1,-4.6,0.0,2010,20100122,-6.7,2.0,-0.9,22,0.0,2.8,232,2010-01-22,8.2,57.9
22,1,-4.2,0.0,2010,20100123,-9.0,2.6,0.0,23,0.1,1.6,232,2010-01-23,9.0,72.1
23,1,0.4,0.0,2010,20100124,-5.1,6.0,4.9,24,0.0,1.8,232,2010-01-24,4.4,71.8
24,1,-0.8,0.0,2010,20100125,-5.1,2.5,3.8,25,0.0,3.7,232,2010-01-25,7.5,61.4
25,1,-3.7,0.0,2010,20100126,-10.1,0.0,2.8,26,0.0,1.8,232,2010-01-26,9.2,59.0
26,1,0.9,3.0,2010,20100127,-5.9,7.5,6.6,27,0.0,2.4,232,2010-01-27,3.1,74.3
27,1,1.7,0.0,2010,20100128,-1.7,4.1,5.9,28,0.0,3.4,232,2010-01-28,7.2,71.0
28,1,-1.7,0.0,2010,20100129,-6.4,2.5,4.2,29,0.0,2.1,232,2010-01-29,2.5,69.3
29,1,0.6,0.0,2010,20100130,-4.6,4.8,7.4,30,0.0,1.5,232,2010-01-30,3.6,74.3
30,1,1.7,0.0,2010,20100131,-3.0,5.1,8.5,31,0.0,1.2,232,2010-01-31,5.1,83.6
31,2,1.2,0.0,2010,20100201,-1.0,5.8,2.8,1,0.0,2.5,232,2010-02-01,0.0,83.1
32,2,-4.1,0.0,2010,20100202,-7.7,1.9,-0.9,2,0.0,3.5,232,2010-02-02,7.7,42.8
33,2,-7.2,0.0,2010,20100203,-10.1,0.3,-3.8,3,0.0,2.8,232,2010-02-03,9.4,49.6
34,2,-3.7,0.2,2010,20100204,-10.1,3.6,1.5,4,0.3,1.7,232,2010-02-04,8.4,61.9
35,2,-3.9,0.0,2010,20100205,-8.4,1.0,0.3,5,0.0,2.5,232,2010-02-05,9.5,54.4
36,2,-4.7,0.0,2010,20100206,-11.3,0.0,1.8,6,0.0,1.7,232,2010-02-06,9.7,59.0
37,2,0.2,0.0,2010,20100207,-10.3,5.5,8.0,7,0.0,1.5,232,2010-02-07,5.2,45.1
38,2,3.9,0.5,2010,20100208,2.6,10.0,5.3,8,0.0,1.6,232,2010-02-08,0.0,64.8
39,2,4.2,11.0,2010,20100209,3.1,10.0,5.1,9,0.0,1.0,232,2010-02-09,0.0,96.0
40,2,3.7,3.0,2010,20100210,2.1,10.0,5.3,10,0.0,1.3,232,2010-02-10,0.0,96.1
41,2,2.0,13.7,2010,20100211,0.4,9.5,5.8,11,1.9,1.7,232,2010-02-11,0.0,88.4
42,2,1.0,1.0,2010,20100212,-0.6,9.5,2.8,12,1.4,1.5,232,2010-02-12,0.7,86.3
43,2,-1.3,0.2,2010,20100213,-4.3,6.0,1.7,13,0.6,2.7,232,2010-02-13,5.3,70.4
44,2,-1.9,0.0,2010,20100214,-5.2,6.5,0.9,14,0.0,1.3,232,2010-02-14,0.0,70.3
45,2,-2.2,0.0,2010,20100215,-5.3,4.1,1.9,15,0.0,2.4,232,2010-02-15,5.9,60.5
46,2,-3.4,0.0,2010,20100216,-6.8,3.4,0.9,16,0.0,2.6,232,2010-02-16,9.9,58.1
47,2,-2.0,0.7,2010,20100217,-7.0,8.1,1.8,17,1.0,1.1,232,2010-02-17,3.2,60.3
48,2,-2.1,1.1,2010,20100218,-5.8,3.4,0.2,18,1.8,3.8,232,2010-02-18,7.7,63.0
49,2,-0.7,0.0,2010,20100219,-5.6,3.1,4.4,19,0.0,2.3,232,2010-02-19,7.6,63.3
50,2,2.5,0.0,2010,20100220,-3.9,0.5,10.1,20,0.0,1.4,232,2010-02-20,9.2,66.5
51,2,3.4,0.0,2010,20100221,-2.9,1.3,11.6,21,0.0,2.0,232,2010-02-21,8.7,67.6
52,2,4.8,0.0,2010,20100222,-1.7,4.4,12.7,22,0.0,1.5,232,2010-02-22,5.1,72.8
53,2,6.7,0.0,2010,20100223,-2.4,0.0,17.5,23,0.0,2.2,232,2010-02-23,9.8,59.6
54,2,11.9,0.0,2010,20100224,0.8,4.9,19.8,24,0.0,2.2,232,2010-02-24,6.7,59.8
55,2,13.6,16.0,2010,20100225,10.9,9.9,15.9,25,0.0,2.0,232,2010-02-25,0.0,88.8
56,2,10.8,0.0,2010,20100226,7.8,6.3,16.8,26,0.0,1.8,232,2010-02-26,2.5,88.5
57,2,6.8,3.0,2010,20100227,3.8,6.5,11.6,27,0.0,2.7,232,2010-02-27,4.7,78.9
58,2,6.6,0.0,2010,20100228,1.7,6.9,12.3,28,0.0,1.4,232,2010-02-28,4.3,78.1
59,3,5.1,18.5,2010,20100301,3.5,9.3,7.2,1,0.0,2.8,232,2010-03-01,0.0,83.8
60,3,3.8,0.1,2010,20100302,1.0,8.5,6.1,2,0.0,2.6,232,2010-03-02,0.0,82.9
61,3,5.2,0.0,2010,20100303,-2.1,5.9,11.4,3,0.0,2.0,232,2010-03-03,7.9,64.6
62,3,6.7,0.5,2010,20100304,5.2,10.0,7.9,4,0.0,2.2,232,2010-03-04,0.0,75.8
63,3,6.4,3.0,2010,20100305,4.9,10.0,9.0,5,0.0,1.7,232,2010-03-05,0.0,84.0
64,3,5.9,0.0,2010,20100306,3.0,9.4,9.3,6,0.0,2.3,232,2010-03-06,1.0,75.5
65,3,5.4,0.0,2010,20100307,3.2,7.8,8.0,7,0.0,3.0,232,2010-03-07,1.5,61.1
66,3,4.2,0.0,2010,20100308,-1.0,5.5,8.1,8,0.0,3.2,232,2010-03-08,5.3,56.5
67,3,1.6,9.0,2010,20100309,-2.2,10.0,4.7,9,5.2,2.1,232,2010-03-09,0.0,84.6
68,3,-0.6,2.0,2010,20100310,-2.8,8.0,1.3,10,3.8,3.3,232,2010-03-10,1.4,83.5
69,3,2.6,0.0,2010,20100311,-4.1,3.1,8.3,11,0.0,2.0,232,2010-03-11,8.9,69.0
70,3,7.0,0.0,2010,20100312,1.9,7.9,13.4,12,0.0,3.7,232,2010-03-12,2.3,67.9
71,3,3.4,0.0,2010,20100313,0.3,3.0,9.1,13,0.0,2.2,232,2010-03-13,7.3,46.9
72,3,7.8,0.0,2010,20100314,-0.9,6.0,12.7,14,0.0,2.3,232,2010-03-14,2.2,57.3
73,3,8.3,8.5,2010,20100315,3.4,8.9,12.2,15,0.0,3.5,232,2010-03-15,0.9,77.5
74,3,2.2,0.0,2010,20100316,-0.9,1.8,5.7,16,0.0,4.5,232,2010-03-16,9.1,45.6
75,3,0.3,9.0,2010,20100317,-3.4,6.3,4.8,17,13.0,1.2,232,2010-03-17,2.3,75.6
76,3,0.3,1.2,2010,20100318,-3.2,2.5,4.1,18,2.5,2.5,232,2010-03-18,11.0,67.8
77,3,5.3,0.0,2010,20100319,-4.1,3.0,13.1,19,0.0,2.1,232,2010-03-19,7.7,56.5
78,3,10.1,1.0,2010,20100320,3.4,9.4,18.2,20,0.0,4.4,232,2010-03-20,0.6,77.1
79,3,3.5,0.0,2010,20100321,-0.6,1.3,7.9,21,0.0,4.8,232,2010-03-21,11.3,48.1
80,3,2.7,0.5,2010,20100322,-1.4,9.0,5.8,22,0.0,1.7,232,2010-03-22,0.0,76.1
81,3,6.1,0.0,2010,20100323,2.2,9.3,11.7,23,0.0,1.7,232,2010-03-23,3.6,77.9
82,3,8.9,0.0,2010,20100324,1.5,7.0,14.9,24,0.0,2.0,232,2010-03-24,6.7,59.9
83,3,6.3,0.0,2010,20100325,2.0,6.8,10.7,25,0.0,3.8,232,2010-03-25,2.3,47.5
84,3,3.5,0.0,2010,20100326,-0.6,1.4,7.6,26,0.0,3.8,232,2010-03-26,10.4,41.1
85,3,6.3,0.0,2010,20100327,1.5,6.6,9.8,27,0.0,2.8,232,2010-03-27,0.6,70.1
86,3,5.3,0.0,2010,20100328,1.6,1.1,8.9,28,0.0,3.4,232,2010-03-28,11.5,48.9
87,3,5.3,0.0,2010,20100329,-2.4,0.0,12.2,29,0.0,2.1,232,2010-03-29,11.4,51.4
88,3,8.5,0.0,2010,20100330,0.3,6.6,15.1,30,0.0,2.2,232,2010-03-30,2.9,52.9
89,3,8.7,20.5,2010,20100331,6.4,10.0,9.9,31,0.0,1.9,232,2010-03-31,0.0,86.1
90,4,7.7,9.5,2010,20100401,3.4,8.5,10.6,1,0.0,2.5,232,2010-04-01,0.0,87.0
91,4,6.3,0.0,2010,20100402,-0.9,0.8,12.4,2,0.0,3.3,232,2010-04-02,11.3,55.0
92,4,5.1,0.0,2010,20100403,-0.1,0.0,10.8,3,0.0,2.5,232,2010-04-03,11.6,42.9
93,4,7.5,0.0,2010,20100404,-1.6,2.8,18.2,4,0.0,2.4,232,2010-04-04,10.4,49.0
94,4,10.6,0.0,2010,20100405,1.4,5.5,18.0,5,0.0,1.7,232,2010-04-05,8.2,66.3
95,4,8.4,0.0,2010,20100406,4.4,5.6,12.3,6,0.0,3.1,232,2010-04-06,5.2,66.0
96,4,6.3,0.0,2010,20100407,-0.9,1.1,12.8,7,0.0,1.9,232,2010-04-07,11.8,53.6
97,4,8.8,0.0,2010,20100408,-1.2,0.4,18.5,8,0.0,1.9,232,2010-04-08,11.4,51.0
98,4,10.9,0.0,2010,20100409,2.5,1.9,19.8,9,0.0,1.6,232,2010-04-09,9.2,56.9
99,4,10.1,0.0,2010,20100410,6.4,9.8,16.1,10,0.0,1.6,232,2010-04-10,0.4,75.4
100,4,12.8,0.0,2010,20100411,7.2,7.4,19.0,11,0.0,2.7,232,2010-04-11,1.9,64.1
101,4,13.4,4.5,2010,20100412,10.3,9.6,17.7,12,0.0,3.0,232,2010-04-12,2.0,62.3
102,4,5.5,2.0,2010,20100413,3.2,5.6,10.8,13,0.0,6.3,232,2010-04-13,6.8,55.1
103,4,4.9,0.0,2010,20100414,2.8,7.0,8.0,14,0.0,4.0,232,2010-04-14,5.1,36.9
104,4,5.9,0.0,2010,20100415,-1.4,2.6,13.1,15,0.0,2.1,232,2010-04-15,9.8,49.0
105,4,6.6,0.0,2010,20100416,-0.5,0.8,14.2,16,0.0,1.8,232,2010-04-16,9.6,56.5
106,4,7.6,0.0,2010,20100417,-1.1,1.6,14.8,17,0.0,1.9,232,2010-04-17,10.1,58.9
107,4,11.8,0.0,2010,20100418,3.7,9.5,18.6,18,0.0,2.4,232,2010-04-18,0.0,55.9
108,4,16.6,0.0,2010,20100419,12.1,8.3,21.4,19,0.0,2.4,232,2010-04-19,0.1,49.6
109,4,15.9,0.0,2010,20100420,8.7,6.5,22.9,20,0.0,1.9,232,2010-04-20,5.9,70.5
110,4,13.9,5.5,2010,20100421,8.6,8.8,20.1,21,0.0,2.9,232,2010-04-21,0.5,67.8
111,4,10.9,4.0,2010,20100422,7.7,10.0,12.9,22,0.0,2.7,232,2010-04-22,0.0,74.0
112,4,10.9,2.5,2010,20100423,7.8,5.4,15.7,23,0.0,2.8,232,2010-04-23,7.0,71.5
113,4,10.2,0.0,2010,20100424,2.9,0.3,18.3,24,0.0,2.1,232,2010-04-24,12.1,58.9
114,4,12.4,0.0,2010,20100425,1.9,3.6,22.2,25,0.0,1.5,232,2010-04-25,9.9,44.4
115,4,12.1,24.0,2010,20100426,8.5,9.6,18.2,26,0.0,2.1,232,2010-04-26,0.0,67.4
116,4,9.2,2.5,2010,20100427,5.2,6.1,12.3,27,0.0,3.7,232,2010-04-27,2.5,68.8
117,4,5.4,6.0,2010,20100428,2.5,8.0,9.0,28,0.0,3.5,232,2010-04-28,0.5,78.0
118,4,10.2,0.5,2010,20100429,5.2,2.1,14.5,29,0.0,4.0,232,2010-04-29,10.8,53.8
119,4,10.5,0.0,2010,20100430,4.4,1.9,15.5,30,0.0,2.9,232,2010-04-30,11.4,60.5
120,5,11.6,0.0,2010,20100501,2.3,0.0,19.9,1,0.0,2.2,232,2010-05-01,12.3,58.3
121,5,17.6,0.0,2010,20100502,6.7,0.0,26.4,2,0.0,2.1,232,2010-05-02,12.3,51.8
122,5,21.0,0.0,2010,20100503,15.1,5.9,25.4,3,0.0,2.9,232,2010-05-03,4.1,68.9
123,5,21.1,0.0,2010,20100504,15.4,5.6,28.7,4,0.0,2.0,232,2010-05-04,5.2,64.8
124,5,21.4,0.0,2010,20100505,13.1,8.3,26.5,5,0.0,2.6,232,2010-05-05,3.9,54.3
125,5,15.9,4.0,2010,20100506,10.5,8.3,22.3,6,0.0,3.5,232,2010-05-06,0.1,78.9
126,5,15.2,0.0,2010,20100507,6.7,0.0,22.4,7,0.0,2.5,232,2010-05-07,12.6,53.6
127,5,17.6,0.0,2010,20100508,10.3,3.5,24.3,8,0.0,2.2,232,2010-05-08,11.4,50.0
128,5,19.1,0.0,2010,20100509,11.6,7.5,27.3,9,0.0,1.5,232,2010-05-09,4.6,53.0
129,5,16.2,0.0,2010,20100510,11.2,4.1,21.4,10,0.0,2.8,232,2010-05-10,9.2,52.4
130,5,14.1,0.0,2010,20100511,7.3,2.1,21.9,11,0.0,2.3,232,2010-05-11,7.8,58.6
131,5,14.1,0.0,2010,20100512,8.7,1.1,20.7,12,0.0,2.5,232,2010-05-12,9.3,66.8
132,5,15.4,0.0,2010,20100513,7.4,0.8,22.8,13,0.0,1.7,232,2010-05-13,10.7,60.3
133,5,17.2,0.0,2010,20100514,9.2,0.9,25.3,14,0.0,1.8,232,2010-05-14,12.0,53.9
134,5,15.9,0.0,2010,20100515,11.0,5.4,22.3,15,0.0,1.6,232,2010-05-15,2.0,59.6
135,5,17.4,0.0,2010,20100516,8.2,3.5,25.1,16,0.0,1.5,232,2010-05-16,10.3,52.8
136,5,19.5,7.5,2010,20100517,10.2,6.0,28.4,17,0.0,2.0,232,2010-05-17,9.9,59.1
137,5,19.0,39.0,2010,20100518,18.0,10.0,20.1,18,0.0,2.4,232,2010-05-18,0.0,91.9
138,5,19.6,0.5,2010,20100519,16.2,6.1,24.5,19,0.0,2.1,232,2010-05-19,8.4,78.0
139,5,20.8,0.0,2010,20100520,14.6,0.0,28.5,20,0.0,2.2,232,2010-05-20,11.8,63.4
140,5,21.7,0.0,2010,20100521,14.0,3.1,30.5,21,0.0,1.8,232,2010-05-21,10.1,57.9
141,5,18.9,12.0,2010,20100522,15.1,10.0,24.9,22,0.0,2.2,232,2010-05-22,0.1,66.8
142,5,16.6,14.5,2010,20100523,15.2,10.0,18.3,23,0.0,2.6,232,2010-05-23,0.0,87.1
143,5,14.9,6.0,2010,20100524,14.0,10.0,16.6,24,0.0,2.8,232,2010-05-24,0.0,87.5
144,5,16.4,0.4,2010,20100525,13.7,9.5,20.1,25,0.0,1.4,232,2010-05-25,0.6,83.1
145,5,18.1,0.1,2010,20100526,14.6,4.6,22.3,26,0.0,2.3,232,2010-05-26,6.3,65.5
146,5,17.0,0.0,2010,20100527,10.2,4.0,23.8,27,0.0,1.8,232,2010-05-27,11.5,59.5
147,5,16.7,0.0,2010,20100528,12.4,8.4,20.9,28,0.0,1.3,232,2010-05-28,0.7,75.9
148,5,19.2,0.0,2010,20100529,14.8,4.9,25.8,29,0.0,1.3,232,2010-05-29,7.3,64.5
149,5,18.4,0.0,2010,20100530,14.0,4.5,25.5,30,0.0,1.8,232,2010-05-30,7.5,61.5
150,5,17.8,0.0,2010,20100531,13.8,6.4,23.3,31,0.0,2.0,232,2010-05-31,6.4,48.5
151,6,18.3,0.0,2010,20100601,11.8,0.3,25.0,1,0.0,1.8,232,2010-06-01,13.5,52.5
152,6,20.1,0.0,2010,20100602,12.6,0.5,27.4,2,0.0,1.6,232,2010-06-02,12.2,56.9
153,6,20.7,0.0,2010,20100603,14.8,1.0,26.9,3,0.0,1.6,232,2010-06-03,12.5,61.9
154,6,21.0,0.0,2010,20100604,13.8,0.3,28.1,4,0.0,1.6,232,2010-06-04,13.2,59.3
155,6,21.6,0.0,2010,20100605,14.2,4.0,29.2,5,0.0,1.4,232,2010-06-05,11.8,49.9
156,6,23.5,0.0,2010,20100606,15.1,5.0,30.4,6,0.0,1.3,232,2010-06-06,10.2,50.9
157,6,24.5,0.0,2010,20100607,17.5,3.4,31.2,7,0.0,1.6,232,2010-06-07,12.5,45.6
158,6,23.4,0.0,2010,20100608,15.7,0.3,29.7,8,0.0,1.7,232,2010-06-08,13.7,45.4
159,6,24.5,0.0,2010,20100609,16.0,0.8,31.6,9,0.0,1.6,232,2010-06-09,13.1,48.9
160,6,24.3,0.0,2010,20100610,17.0,5.1,31.2,10,0.0,1.6,232,2010-06-10,8.1,57.6
161,6,24.3,0.1,2010,20100611,18.2,7.5,29.7,11,0.0,1.7,232,2010-06-11,4.2,56.3
162,6,20.8,23.0,2010,20100612,18.7,9.9,23.4,12,0.0,1.7,232,2010-06-12,0.1,81.4
163,6,23.2,0.2,2010,20100613,19.8,8.4,29.0,13,0.0,1.2,232,2010-06-13,2.2,78.4
164,6,22.4,1.5,2010,20100614,21.0,9.3,26.3,14,0.0,1.0,232,2010-06-14,1.6,85.3
165,6,24.2,0.0,2010,20100615,20.3,6.9,30.1,15,0.0,1.2,232,2010-06-15,8.1,74.8
166,6,23.4,0.1,2010,20100616,20.3,6.8,29.0,16,0.0,1.5,232,2010-06-16,4.2,78.0
167,6,23.9,0.0,2010,20100617,19.2,8.8,28.5,17,0.0,1.0,232,2010-06-17,1.4,79.1
168,6,26.1,0.0,2010,20100618,22.2,8.6,30.5,18,0.0,1.4,232,2010-06-18,2.7,69.5
169,6,23.7,1.5,2010,20100619,21.3,9.6,27.3,19,0.0,1.4,232,2010-06-19,0.6,80.3
170,6,23.1,4.5,2010,20100620,19.8,7.5,27.5,20,0.0,1.8,232,2010-06-20,3.3,80.6
171,6,22.6,0.0,2010,20100621,18.9,4.9,28.9,21,0.0,1.2,232,2010-06-21,6.8,75.8
172,6,21.8,0.0,2010,20100622,16.0,4.9,28.4,22,0.0,1.6,232,2010-06-22,6.8,61.3
173,6,23.1,0.0,2010,20100623,17.3,1.9,29.8,23,0.0,1.3,232,2010-06-23,10.8,59.6
174,6,23.5,0.0,2010,20100624,17.1,0.5,31.5,24,0.0,1.4,232,2010-06-24,11.9,64.3
175,6,25.3,0.1,2010,20100625,17.9,5.8,32.7,25,0.0,1.4,232,2010-06-25,9.7,59.8
176,6,23.8,1.0,2010,20100626,21.3,9.8,27.0,26,0.0,2.1,232,2010-06-26,0.0,79.6
177,6,23.2,3.0,2010,20100627,19.8,8.9,26.0,27,0.0,1.4,232,2010-06-27,1.2,86.9
178,6,23.8,0.0,2010,20100628,18.9,5.4,31.0,28,0.0,1.2,232,2010-06-28,6.7,76.9
179,6,23.9,0.0,2010,20100629,18.9,7.6,29.2,29,0.0,1.1,232,2010-06-29,2.5,80.5
180,6,23.8,2.0,2010,20100630,22.0,9.8,26.4,30,0.0,0.8,232,2010-06-30,0.0,87.3
181,7,24.9,0.0,2010,20100701,22.1,10.0,27.4,1,0.0,1.0,232,2010-07-01,0.0,86.1
182,7,25.8,9.5,2010,20100702,23.9,10.0,27.7,2,0.0,1.4,232,2010-07-02,0.1,88.3
183,7,25.7,2.5,2010,20100703,24.3,10.0,29.0,3,0.0,1.0,232,2010-07-03,0.3,88.1
184,7,26.0,0.5,2010,20100704,24.0,9.4,29.3,4,0.0,1.0,232,2010-07-04,0.5,86.8
185,7,26.3,0.0,2010,20100705,22.4,6.5,31.0,5,0.0,1.3,232,2010-07-05,3.9,80.3
186,7,26.5,0.0,2010,20100706,20.5,3.3,33.0,6,0.0,1.3,232,2010-07-06,10.9,65.4
187,7,25.7,0.0,2010,20100707,20.6,3.6,30.3,7,0.0,1.8,232,2010-07-07,11.7,67.6
188,7,24.2,0.5,2010,20100708,19.3,7.8,29.2,8,0.0,1.4,232,2010-07-08,4.2,71.3
189,7,25.2,0.0,2010,20100709,19.2,4.8,31.6,9,0.0,1.3,232,2010-07-09,8.9,67.3
190,7,26.2,0.0,2010,20100710,20.8,8.3,29.9,10,0.0,1.6,232,2010-07-10,2.7,68.8
191,7,23.8,8.5,2010,20100711,20.8,8.8,26.5,11,0.0,2.0,232,2010-07-11,1.0,76.0
192,7,24.8,0.0,2010,20100712,19.8,4.8,29.8,12,0.0,1.5,232,2010-07-12,6.8,73.4
193,7,25.0,0.0,2010,20100713,21.0,6.1,30.1,13,0.0,1.6,232,2010-07-13,7.3,73.0
194,7,25.6,0.5,2010,20100714,21.4,4.3,30.4,14,0.0,1.6,232,2010-07-14,5.4,71.9
195,7,25.6,0.5,2010,20100715,21.1,5.8,32.0,15,0.0,1.1,232,2010-07-15,6.8,75.1
196,7,24.6,29.0,2010,20100716,22.3,9.6,27.8,16,0.0,1.5,232,2010-07-16,0.8,86.6
197,7,24.9,37.0,2010,20100717,23.8,10.0,25.9,17,0.0,1.5,232,2010-07-17,0.0,88.9
198,7,28.1,0.0,2010,20100718,25.0,8.1,31.5,18,0.0,1.5,232,2010-07-18,2.8,71.4
199,7,27.7,0.0,2010,20100719,23.9,6.3,33.2,19,0.0,2.1,232,2010-07-19,6.8,75.1
200,7,28.4,0.0,2010,20100720,23.6,3.1,33.3,20,0.0,2.0,232,2010-07-20,9.1,74.4
201,7,28.4,0.0,2010,20100721,23.9,5.6,32.4,21,0.0,2.3,232,2010-07-21,5.3,72.3
202,7,28.5,0.0,2010,20100722,24.9,5.3,32.8,22,0.0,2.2,232,2010-07-22,6.6,72.5
203,7,24.4,54.0,2010,20100723,21.6,9.3,28.8,23,0.0,2.0,232,2010-07-23,0.0,85.4
204,7,24.8,8.5,2010,20100724,21.6,9.6,31.2,24,0.0,1.3,232,2010-07-24,2.3,84.8
205,7,25.5,17.5,2010,20100725,22.8,7.9,30.2,25,0.0,1.3,232,2010-07-25,4.4,84.0
206,7,26.5,0.0,2010,20100726,23.1,5.6,30.7,26,0.0,2.0,232,2010-07-26,6.6,78.9
207,7,26.4,1.0,2010,20100727,22.2,5.6,32.1,27,0.0,1.8,232,2010-07-27,8.3,76.0
208,7,24.8,1.5,2010,20100728,21.4,7.0,28.6,28,0.0,1.8,232,2010-07-28,0.6,83.6
209,7,27.2,0.0,2010,20100729,23.0,6.5,31.5,29,0.0,1.5,232,2010-07-29,4.2,76.9
210,7,26.9,0.0,2010,20100730,23.4,7.8,31.5,30,0.0,1.3,232,2010-07-30,2.7,80.3
211,7,26.9,0.0,2010,20100731,23.0,6.9,31.4,31,0.0,1.3,232,2010-07-31,1.5,82.0
212,8,28.5,0.0,2010,20100801,24.3,6.9,32.4,1,0.0,1.6,232,2010-08-01,3.2,78.6
213,8,27.2,0.0,2010,20100802,23.4,8.4,30.3,2,0.0,1.5,232,2010-08-02,0.2,78.8
214,8,26.8,0.0,2010,20100803,21.6,6.0,32.1,3,0.0,1.2,232,2010-08-03,5.1,73.8
215,8,29.1,12.5,2010,20100804,24.9,7.4,34.5,4,0.0,1.5,232,2010-08-04,6.2,78.5
216,8,28.7,21.0,2010,20100805,26.1,4.9,34.6,5,0.0,1.8,232,2010-08-05,6.5,81.6
217,8,27.8,0.5,2010,20100806,25.0,6.5,32.1,6,0.0,2.0,232,2010-08-06,3.9,83.0
218,8,27.5,1.0,2010,20100807,24.5,7.0,31.3,7,0.0,1.7,232,2010-08-07,2.9,79.8
219,8,27.6,0.0,2010,20100808,23.5,4.3,33.6,8,0.0,1.6,232,2010-08-08,7.9,73.3
220,8,28.3,0.0,2010,20100809,23.1,2.9,34.9,9,0.0,1.5,232,2010-08-09,12.1,70.6
221,8,26.9,42.0,2010,20100810,24.8,9.3,30.5,10,0.0,2.0,232,2010-08-10,0.9,84.8
222,8,28.0,0.5,2010,20100811,24.5,7.5,33.1,11,0.0,2.7,232,2010-08-11,2.7,76.9
223,8,26.2,3.0,2010,20100812,22.1,8.6,30.3,12,0.0,1.2,232,2010-08-12,0.5,79.6
224,8,26.7,68.0,2010,20100813,25.0,10.0,28.3,13,0.0,1.3,232,2010-08-13,0.0,89.9
225,8,27.2,52.0,2010,20100814,23.7,9.5,29.7,14,0.0,2.0,232,2010-08-14,2.6,86.5
226,8,27.0,52.0,2010,20100815,23.8,7.5,31.8,15,0.0,2.0,232,2010-08-15,4.8,82.4
227,8,24.0,6.5,2010,20100816,21.8,9.8,25.9,16,0.0,1.1,232,2010-08-16,0.0,88.6
228,8,26.3,0.1,2010,20100817,21.9,6.1,31.5,17,0.0,1.0,232,2010-08-17,9.5,77.5
229,8,27.1,58.0,2010,20100818,23.5,7.6,33.1,18,0.0,1.5,232,2010-08-18,5.4,83.0
230,8,29.1,0.0,2010,20100819,25.2,5.3,34.3,19,0.0,1.7,232,2010-08-19,10.4,73.1
231,8,28.4,0.0,2010,20100820,24.6,4.5,34.4,20,0.0,1.3,232,2010-08-20,6.0,78.3
232,8,28.1,0.0,2010,20100821,23.6,1.8,33.8,21,0.0,1.2,232,2010-08-21,8.3,78.6
233,8,28.1,0.0,2010,20100822,23.7,3.4,33.5,22,0.0,1.4,232,2010-08-22,7.0,78.4
234,8,26.2,4.0,2010,20100823,24.3,8.1,29.6,23,0.0,1.3,232,2010-08-23,1.9,86.8
235,8,25.4,4.0,2010,20100824,24.0,9.6,28.0,24,0.0,1.0,232,2010-08-24,0.5,89.1
236,8,24.8,25.5,2010,20100825,23.8,10.0,27.0,25,0.0,1.6,232,2010-08-25,0.0,88.9
237,8,25.5,1.5,2010,20100826,23.7,8.8,28.6,26,0.0,1.9,232,2010-08-26,1.4,85.4
238,8,27.3,0.0,2010,20100827,22.9,6.1,31.0,27,0.0,1.7,232,2010-08-27,6.1,79.1
239,8,26.5,9.5,2010,20100828,24.8,9.0,29.3,28,0.0,2.4,232,2010-08-28,1.4,81.9
240,8,24.7,67.0,2010,20100829,22.7,8.9,26.5,29,0.0,1.4,232,2010-08-29,0.1,89.8
241,8,25.7,2.0,2010,20100830,23.5,9.1,29.6,30,0.0,1.0,232,2010-08-30,2.8,84.9
242,8,24.7,55.5,2010,20100831,23.1,9.6,29.0,31,0.0,0.8,232,2010-08-31,0.7,89.1
243,9,27.0,8.5,2010,20100901,22.9,7.6,32.0,1,0.0,2.4,232,2010-09-01,7.0,79.6
244,9,25.9,32.5,2010,20100902,23.0,7.8,29.3,2,0.0,4.0,232,2010-09-02,3.0,83.3
245,9,26.5,10.0,2010,20100903,23.7,6.8,33.0,3,0.0,1.6,232,2010-09-03,4.1,84.1
246,9,27.3,0.0,2010,20100904,23.4,4.4,32.7,4,0.0,1.2,232,2010-09-04,8.5,80.0
247,9,26.3,35.0,2010,20100905,23.2,7.3,32.8,5,0.0,1.8,232,2010-09-05,4.9,82.6
248,9,24.5,9.5,2010,20100906,22.9,9.0,27.6,6,0.0,1.7,232,2010-09-06,1.1,86.1
249,9,24.8,0.0,2010,20100907,21.7,7.5,28.6,7,0.0,2.0,232,2010-09-07,2.5,75.5
250,9,22.2,0.0,2010,20100908,19.9,9.8,24.2,8,0.0,1.4,232,2010-09-08,0.0,75.5
251,9,22.7,3.0,2010,20100909,20.1,9.6,24.5,9,0.0,1.9,232,2010-09-09,0.0,87.3
252,9,26.0,3.5,2010,20100910,23.8,9.0,30.1,10,0.0,2.5,232,2010-09-10,1.3,81.4
253,9,23.9,104.0,2010,20100911,22.1,10.0,25.9,11,0.0,1.2,232,2010-09-11,0.0,91.8
254,9,23.4,52.0,2010,20100912,19.6,7.0,27.2,12,0.0,2.1,232,2010-09-12,4.0,85.1
255,9,23.4,0.0,2010,20100913,19.0,4.9,28.4,13,0.0,1.3,232,2010-09-13,8.5,79.4
256,9,22.9,0.0,2010,20100914,19.1,6.1,28.5,14,0.0,1.1,232,2010-09-14,3.4,83.5
257,9,22.6,0.0,2010,20100915,17.3,0.0,29.9,15,0.0,1.0,232,2010-09-15,11.2,75.4
258,9,22.4,0.0,2010,20100916,16.5,0.6,30.1,16,0.0,1.2,232,2010-09-16,10.1,74.3
259,9,22.4,0.0,2010,20100917,16.1,1.4,30.1,17,0.0,1.3,232,2010-09-17,9.8,73.1
260,9,22.8,0.0,2010,20100918,16.6,1.5,30.6,18,0.0,1.5,232,2010-09-18,11.1,72.8
261,9,21.0,4.0,2010,20100919,18.4,9.0,24.0,19,0.0,1.6,232,2010-09-19,0.0,89.4
262,9,21.6,32.5,2010,20100920,19.9,9.5,22.6,20,0.0,1.3,232,2010-09-20,0.0,91.5
263,9,25.2,18.5,2010,20100921,20.0,9.6,29.7,21,0.0,3.0,232,2010-09-21,0.6,84.1
264,9,17.8,3.5,2010,20100922,16.6,9.5,21.6,22,0.0,1.9,232,2010-09-22,0.0,88.9
265,9,16.9,0.0,2010,20100923,12.1,2.0,22.9,23,0.0,1.6,232,2010-09-23,10.4,73.0
266,9,17.0,0.0,2010,20100924,10.9,2.3,24.5,24,0.0,1.3,232,2010-09-24,9.1,71.1
267,9,17.3,0.0,2010,20100925,10.4,3.5,24.1,25,0.0,1.1,232,2010-09-25,7.5,71.1
268,9,17.2,0.0,2010,20100926,12.6,4.9,23.3,26,0.0,1.6,232,2010-09-26,5.4,71.8
269,9,17.5,0.0,2010,20100927,11.5,3.3,25.1,27,0.0,1.4,232,2010-09-27,8.2,77.0
270,9,15.6,0.4,2010,20100928,8.4,2.9,19.8,28,0.0,2.6,232,2010-09-28,11.1,62.3
271,9,12.4,0.0,2010,20100929,7.6,5.9,19.3,29,0.0,1.2,232,2010-09-29,2.6,74.5
272,9,12.2,0.0,2010,20100930,4.8,0.3,21.0,30,0.0,1.1,232,2010-09-30,10.8,74.1
273,10,13.6,0.0,2010,20101001,6.8,3.8,22.3,1,0.0,1.1,232,2010-10-01,5.6,78.6
274,10,17.1,11.5,2010,20101002,11.1,8.0,21.0,2,0.0,1.4,232,2010-10-02,0.5,84.3
275,10,18.7,4.0,2010,20101003,14.1,7.1,23.0,3,0.0,2.4,232,2010-10-03,7.2,75.9
276,10,14.8,3.0,2010,20101004,12.2,8.8,18.0,4,0.0,2.3,232,2010-10-04,0.3,82.8
277,10,14.4,0.0,2010,20101005,9.7,4.6,19.9,5,0.0,1.1,232,2010-10-05,5.1,80.0
278,10,14.1,0.0,2010,20101006,8.1,0.3,22.2,6,0.0,1.1,232,2010-10-06,10.2,80.3
279,10,15.8,0.0,2010,20101007,8.7,2.3,24.7,7,0.0,1.2,232,2010-10-07,10.0,79.3
280,10,17.5,0.3,2010,20101008,13.0,8.6,22.6,8,0.0,1.4,232,2010-10-08,1.9,78.4
281,10,18.2,0.1,2010,20101009,13.5,4.1,24.8,9,0.0,1.1,232,2010-10-09,6.0,79.1
282,10,16.5,0.0,2010,20101010,11.4,3.3,23.4,10,0.0,1.4,232,2010-10-10,7.7,80.3
283,10,16.1,0.0,2010,20101011,11.5,7.6,21.5,11,0.0,1.1,232,2010-10-11,0.2,87.5
284,10,14.8,0.0,2010,20101012,11.3,8.3,19.7,12,0.0,1.2,232,2010-10-12,0.3,88.0
285,10,14.2,0.0,2010,20101013,9.5,5.9,19.9,13,0.0,0.9,232,2010-10-13,1.3,84.0
286,10,13.7,0.0,2010,20101014,7.5,4.3,19.8,14,0.0,1.3,232,2010-10-14,6.2,80.0
287,10,12.4,0.0,2010,20101015,5.4,1.3,18.1,15,0.0,2.1,232,2010-10-15,9.7,58.6
288,10,14.7,0.5,2010,20101016,8.5,3.9,22.4,16,0.0,1.9,232,2010-10-16,6.3,74.9
289,10,14.5,0.0,2010,20101017,8.7,1.0,21.8,17,0.0,1.2,232,2010-10-17,8.8,75.4
290,10,12.3,0.0,2010,20101018,5.7,0.0,20.5,18,0.0,0.9,232,2010-10-18,9.3,72.8
291,10,13.7,0.0,2010,20101019,6.7,1.8,23.5,19,0.0,1.2,232,2010-10-19,7.9,77.0
292,10,13.8,0.0,2010,20101020,7.9,3.8,21.6,20,0.0,1.3,232,2010-10-20,7.1,82.1
293,10,13.3,0.0,2010,20101021,6.9,3.3,20.7,21,0.0,0.9,232,2010-10-21,4.5,85.5
294,10,15.6,0.0,2010,20101022,10.1,0.8,22.9,22,0.0,1.9,232,2010-10-22,9.8,67.8
295,10,14.7,0.0,2010,20101023,6.9,6.5,21.1,23,0.0,1.5,232,2010-10-23,4.0,74.4
296,10,15.6,0.0,2010,20101024,10.4,6.0,23.2,24,0.0,1.3,232,2010-10-24,3.9,80.5
297,10,11.3,0.0,2010,20101025,6.2,4.3,14.1,25,0.0,3.9,232,2010-10-25,6.0,56.8
298,10,4.4,0.0,2010,20101026,-1.5,0.3,8.8,26,0.0,3.3,232,2010-10-26,10.2,34.8
299,10,4.5,0.0,2010,20101027,-4.3,3.6,13.6,27,0.0,1.3,232,2010-10-27,7.2,59.3
300,10,4.6,0.0,2010,20101028,-2.9,0.3,12.8,28,0.0,1.6,232,2010-10-28,10.0,68.3
301,10,7.1,0.0,2010,20101029,-2.1,0.4,17.0,29,0.0,1.0,232,2010-10-29,9.9,66.8
302,10,9.3,0.0,2010,20101030,1.6,3.3,19.6,30,0.0,0.8,232,2010-10-30,8.1,69.1
303,10,8.7,0.0,2010,20101031,2.1,3.9,18.2,31,0.0,0.7,232,2010-10-31,1.8,75.0
304,11,10.1,0.0,2010,20101101,2.0,0.5,16.9,1,0.0,2.0,232,2010-11-01,9.5,69.4
305,11,7.0,0.0,2010,20101102,0.5,1.3,10.8,2,0.0,3.4,232,2010-11-02,9.6,42.4
306,11,5.8,0.0,2010,20101103,-1.4,2.5,14.0,3,0.0,1.8,232,2010-11-03,8.8,64.1
307,11,8.5,0.0,2010,20101104,0.7,1.4,16.9,4,0.0,1.7,232,2010-11-04,7.1,74.5
308,11,9.0,0.0,2010,20101105,2.9,2.8,18.2,5,0.0,1.3,232,2010-11-05,5.9,79.9
309,11,10.0,0.0,2010,20101106,4.4,8.6,17.5,6,0.0,1.3,232,2010-11-06,2.8,85.4
310,11,10.9,0.0,2010,20101107,5.2,7.9,16.7,7,0.0,1.2,232,2010-11-07,4.2,77.0
311,11,8.7,3.0,2010,20101108,3.3,7.3,13.0,8,0.0,4.9,232,2010-11-08,2.0,61.6
312,11,5.9,0.0,2010,20101109,3.2,6.3,8.3,9,0.0,5.0,232,2010-11-09,1.8,46.6
313,11,3.8,0.0,2010,20101110,-2.3,0.8,11.2,10,0.0,1.0,232,2010-11-10,9.2,61.3
314,11,9.9,5.5,2010,20101111,-0.2,4.6,16.4,11,0.0,3.3,232,2010-11-11,5.2,56.1
315,11,9.2,0.0,2010,20101112,2.5,2.9,14.7,12,0.0,2.6,232,2010-11-12,6.2,58.1
316,11,10.0,0.0,2010,20101113,2.2,2.5,18.7,13,0.0,2.1,232,2010-11-13,8.5,61.3
317,11,8.0,0.0,2010,20101114,5.6,6.0,11.0,14,0.0,3.2,232,2010-11-14,6.0,43.3
318,11,2.1,0.0,2010,20101115,-3.2,0.5,6.5,15,0.0,2.8,232,2010-11-15,9.1,48.8
319,11,2.1,0.0,2010,20101116,-5.2,4.6,10.3,16,0.0,1.2,232,2010-11-16,5.1,67.8
320,11,4.1,0.0,2010,20101117,-1.9,3.1,11.6,17,0.0,1.0,232,2010-11-17,4.8,76.8
321,11,3.0,0.0,2010,20101118,-3.5,0.0,12.4,18,0.0,0.8,232,2010-11-18,8.4,75.5
322,11,2.6,0.0,2010,20101119,-3.0,2.6,11.3,19,0.0,1.0,232,2010-11-19,1.3,76.1
323,11,6.2,0.0,2010,20101120,-1.1,0.0,15.9,20,0.0,1.7,232,2010-11-20,8.2,68.1
324,11,10.3,0.0,2010,20101121,2.2,3.6,17.4,21,0.0,2.0,232,2010-11-21,6.4,69.9
325,11,7.1,0.0,2010,20101122,-1.1,2.6,12.9,22,0.0,3.5,232,2010-11-22,8.1,59.3
326,11,4.0,0.0,2010,20101123,-4.6,3.5,13.1,23,0.0,1.1,232,2010-11-23,7.4,60.6
327,11,5.7,0.0,2010,20101124,0.2,6.4,12.7,24,0.0,1.3,232,2010-11-24,0.8,69.3
328,11,4.4,0.0,2010,20101125,1.1,4.3,8.0,25,0.0,3.1,232,2010-11-25,7.4,58.4
329,11,0.9,0.0,2010,20101126,-3.5,1.4,6.2,26,0.0,1.8,232,2010-11-26,8.3,46.0
330,11,3.2,4.5,2010,20101127,-3.8,6.3,11.0,27,0.0,4.2,232,2010-11-27,2.7,50.1
331,11,-0.1,0.0,2010,20101128,-4.7,1.6,3.3,28,0.0,2.3,232,2010-11-28,8.3,46.5
332,11,3.0,0.5,2010,20101129,-1.5,3.9,9.0,29,0.0,1.8,232,2010-11-29,6.6,77.5
333,11,8.5,0.0,2010,20101130,3.8,4.8,15.0,30,0.0,2.1,232,2010-11-30,3.2,79.1
334,12,7.7,0.0,2010,20101201,3.2,3.8,14.7,1,0.0,1.3,232,2010-12-01,4.7,85.0
335,12,10.7,2.5,2010,20101202,4.6,7.5,14.4,2,0.0,2.9,232,2010-12-02,0.3,65.5
336,12,2.5,0.0,2010,20101203,-2.2,2.8,9.1,3,0.0,5.7,232,2010-12-03,6.7,58.4
337,12,3.1,0.0,2010,20101204,-4.0,0.1,10.8,4,0.0,2.2,232,2010-12-04,8.6,69.1
338,12,9.3,0.0,2010,20101205,1.2,5.9,16.5,5,0.0,2.2,232,2010-12-05,5.4,70.1
339,12,4.4,0.0,2010,20101206,-0.8,4.5,9.5,6,0.0,4.0,232,2010-12-06,4.9,64.8
340,12,-1.8,0.0,2010,20101207,-5.3,1.0,3.5,7,0.0,1.8,232,2010-12-07,8.1,55.0
341,12,0.0,2.8,2010,20101208,-4.8,7.1,3.8,8,0.5,2.5,232,2010-12-08,0.6,71.6
342,12,-0.7,0.0,2010,20101209,-4.3,0.0,3.6,9,0.0,2.7,232,2010-12-09,8.6,57.0
343,12,4.1,1.5,2010,20101210,-5.3,5.0,11.7,10,0.0,3.6,232,2010-12-10,4.4,59.4
344,12,-0.9,0.0,2010,20101211,-6.9,2.3,7.8,11,0.0,4.5,232,2010-12-11,7.0,53.0
345,12,-1.9,0.0,2010,20101212,-8.2,5.4,3.7,12,0.0,2.5,232,2010-12-12,5.8,42.6
346,12,3.1,1.5,2010,20101213,1.2,9.0,4.8,13,0.0,1.6,232,2010-12-13,0.0,75.0
347,12,-1.5,0.0,2010,20101214,-6.6,4.0,1.9,14,0.0,4.5,232,2010-12-14,6.1,65.9
348,12,-8.1,0.0,2010,20101215,-10.3,3.8,-5.8,15,0.0,3.5,232,2010-12-15,7.5,46.4
349,12,-6.7,0.0,2010,20101216,-12.4,3.3,-1.4,16,0.0,2.0,232,2010-12-16,8.4,53.1
350,12,0.2,0.8,2010,20101217,-4.1,6.0,5.9,17,1.5,2.6,232,2010-12-17,3.7,73.8
351,12,0.0,0.0,2010,20101218,-5.8,0.3,7.3,18,0.0,2.1,232,2010-12-18,7.6,73.5
352,12,6.9,0.0,2010,20101219,1.3,6.5,12.4,19,0.0,3.2,232,2010-12-19,2.6,66.3
353,12,3.0,0.0,2010,20101220,-2.2,1.8,9.8,20,0.0,1.0,232,2010-12-20,5.7,82.4
354,12,1.4,0.0,2010,20101221,-3.1,5.4,9.7,21,0.0,1.0,232,2010-12-21,5.8,81.1
355,12,1.0,0.0,2010,20101222,-4.0,0.6,8.3,22,0.0,1.1,232,2010-12-22,7.5,81.0
356,12,0.0,0.0,2010,20101223,-5.9,5.9,4.8,23,0.0,3.3,232,2010-12-23,4.5,62.4
357,12,-9.1,0.0,2010,20101224,-11.1,2.6,-5.8,24,0.0,4.7,232,2010-12-24,8.2,48.9
358,12,-9.0,1.7,2010,20101225,-12.2,4.1,-6.2,25,5.1,2.9,232,2010-12-25,5.3,62.0
359,12,-10.1,2.7,2010,20101226,-15.9,4.6,-4.3,26,5.2,1.0,232,2010-12-26,4.5,80.4
360,12,-3.7,0.3,2010,20101227,-14.0,5.1,3.6,27,0.6,1.8,232,2010-12-27,5.0,79.4
361,12,0.1,6.5,2010,20101228,-3.7,8.1,3.1,28,4.3,2.7,232,2010-12-28,0.1,85.5
362,12,-3.6,0.5,2010,20101229,-9.5,6.3,0.5,29,1.2,1.7,232,2010-12-29,7.8,73.0
363,12,-3.5,3.3,2010,20101230,-6.9,6.4,0.0,30,4.5,3.6,232,2010-12-30,2.5,69.5
364,12,-7.4,0.4,2010,20101231,-12.1,4.0,-4.2,31,0.6,2.6,232,2010-12-31,7.5,64.0
