,station_id,sunshine,humid,day,tmin,snow,Date,date,cloud,tavg,year,wind,month,rainfall,tmax
0,137,5.6,75.5,1,-2.6,0.0,2017-01-01,20170101,0.0,2.6,2017,1.1,1,0.0,9.7
1,137,2.0,71.0,2,-1.1,0.0,2017-01-02,20170102,0.0,5.4,2017,1.8,1,0.0,10.3
2,137,8.1,52.0,3,1.8,0.0,2017-01-03,20170103,0.0,5.2,2017,2.6,1,0.0,9.4
3,137,6.3,59.3,4,0.4,0.0,2017-01-04,20170104,0.0,5.4,2017,2.3,1,0.0,10.6
4,137,0.3,68.0,5,-2.1,0.0,2017-01-05,20170105,0.0,3.5,2017,1.3,1,0.0,8.4
5,137,4.9,70.3,6,-1.0,0.0,2017-01-06,20170106,0.0,4.1,2017,1.1,1,0.0,9.3
6,137,3.4,80.9,7,-4.1,0.0,2017-01-07,20170107,0.0,1.3,2017,0.7,1,0.0,6.3
7,137,5.5,65.1,8,2.1,0.0,2017-01-08,20170108,0.0,7.5,2017,0.8,1,0.0,13.5
8,137,5.4,53.5,9,0.3,0.0,2017-01-09,20170109,0.0,4.7,2017,3.3,1,0.0,8.2
9,137,8.0,45.5,10,-2.6,0.0,2017-01-10,20170110,0.0,0.4,2017,3.2,1,0.0,5.0
10,137,8.3,41.9,11,-6.3,0.0,2017-01-11,20170111,0.0,-1.8,2017,3.1,1,0.0,3.0
11,137,6.3,50.3,12,-1.8,0.0,2017-01-12,20170112,0.0,1.1,2017,4.1,1,0.0,6.4
12,137,6.1,44.4,13,-5.0,0.0,2017-01-13,20170113,0.0,-2.1,2017,3.8,1,0.2,3.0
13,137,8.4,31.4,14,-7.9,0.0,2017-01-14,20170114,0.0,-5.5,2017,4.5,1,0.0,-2.3
14,137,8.4,31.6,15,-9.4,0.0,2017-01-15,20170115,0.0,-4.6,2017,3.0,1,0.0,0.5
15,137,8.4,39.3,16,-6.2,0.0,2017-01-16,20170116,0.0,-1.6,2017,1.6,1,0.0,5.3
16,137,6.2,47.6,17,-9.8,0.0,2017-01-17,20170117,0.0,-2.5,2017,0.8,1,0.0,5.0
17,137,3.4,53.0,18,-3.6,0.0,2017-01-18,20170118,0.0,0.9,2017,1.7,1,0.0,5.1
18,137,8.1,58.8,19,-5.0,0.0,2017-01-19,20170119,0.0,0.8,2017,1.2,1,0.0,6.7
19,137,4.3,64.9,20,-4.7,0.0,2017-01-20,20170120,0.0,-1.9,2017,2.7,1,3.6,0.9
20,137,7.0,65.3,21,-6.8,0.0,2017-01-21,20170121,0.0,-2.2,2017,1.8,1,0.9,2.7
21,137,8.5,52.4,22,-6.8,0.0,2017-01-22,20170122,0.0,-4.2,2017,4.1,1,0.9,0.0
22,137,8.7,46.9,23,-9.8,0.0,2017-01-23,20170123,0.0,-6.2,2017,3.2,1,0.0,-2.3
23,137,8.7,47.3,24,-7.4,0.0,2017-01-24,20170124,0.0,-4.0,2017,2.8,1,0.0,0.6
24,137,8.6,47.4,25,-7.5,0.0,2017-01-25,20170125,0.0,-2.7,2017,2.5,1,0.0,2.5
25,137,7.7,39.8,26,-6.7,0.0,2017-01-26,20170126,0.0,0.8,2017,1.9,1,0.0,7.3
26,137,7.7,36.5,27,-2.6,0.0,2017-01-27,20170127,0.0,1.9,2017,3.4,1,0.9,7.1
27,137,7.7,39.5,28,-7.1,0.0,2017-01-28,20170128,0.0,0.0,2017,1.2,1,0.0,6.7
28,137,0.2,69.5,29,0.2,0.0,2017-01-29,20170129,0.0,2.4,2017,1.0,1,3.0,4.1
29,137,6.7,59.4,30,-5.8,0.0,2017-01-30,20170130,0.0,-1.4,2017,3.8,1,0.7,3.3
30,137,6.5,46.4,31,-9.5,0.0,2017-01-31,20170131,0.0,-2.7,2017,2.2,1,0.0,3.3
31,137,8.2,36.8,1,-3.7,0.0,2017-02-01,20170201,0.0,-0.9,2017,3.3,2,0.0,4.4
32,137,8.7,35.3,2,-6.4,0.0,2017-02-02,20170202,0.0,-0.6,2017,3.3,2,0.0,5.9
33,137,8.6,48.0,3,-1.8,0.0,2017-02-03,20170203,0.0,3.3,2017,2.6,2,0.0,9.2
34,137,5.1,37.8,4,-3.3,0.0,2017-02-04,20170204,0.0,4.8,2017,1.1,2,0.0,11.4
35,137,1.1,63.0,5,2.1,0.0,2017-02-05,20170205,0.0,4.2,2017,2.6,2,0.1,9.0
36,137,8.9,43.6,6,-2.1,0.0,2017-02-06,20170206,0.0,0.9,2017,3.8,2,0.0,4.7
37,137,5.5,50.1,7,-4.0,0.0,2017-02-07,20170207,0.0,0.3,2017,1.3,2,0.0,6.9
38,137,0.8,52.8,8,-4.8,0.0,2017-02-08,20170208,0.0,0.1,2017,1.9,2,0.0,4.6
39,137,8.1,42.6,9,-5.6,0.0,2017-02-09,20170209,0.0,-2.4,2017,4.3,2,0.0,0.8
40,137,8.8,44.6,10,-6.4,0.0,2017-02-10,20170210,0.0,-4.4,2017,4.3,2,0.0,-0.7
41,137,8.5,45.6,11,-7.2,0.0,2017-02-11,20170211,0.0,-3.3,2017,3.3,2,0.0,1.9
42,137,8.9,44.3,12,-3.7,0.0,2017-02-12,20170212,0.0,0.1,2017,2.6,2,0.0,5.3
43,137,8.0,59.3,13,-3.4,0.0,2017-02-13,20170213,0.0,1.7,2017,2.5,2,1.5,7.3
44,137,9.1,56.5,14,-3.8,0.0,2017-02-14,20170214,0.0,1.6,2017,1.6,2,0.0,7.8
45,137,8.7,39.1,15,-4.1,0.0,2017-02-15,20170215,0.0,3.4,2017,1.9,2,0.0,11.1
46,137,7.3,53.5,16,-4.7,0.0,2017-02-16,20170216,0.0,6.5,2017,1.1,2,0.8,16.2
47,137,7.1,52.6,17,-1.2,0.0,2017-02-17,20170217,0.0,5.7,2017,3.4,2,1.7,11.8
48,137,9.2,36.1,18,-4.7,0.0,2017-02-18,20170218,0.0,-0.2,2017,4.2,2,0.0,5.4
49,137,5.9,55.4,19,-5.0,0.0,2017-02-19,20170219,0.0,2.8,2017,1.4,2,1.3,10.5
50,137,7.9,56.5,20,-2.8,0.0,2017-02-20,20170220,0.0,2.0,2017,3.4,2,9.5,8.0
51,137,9.1,45.0,21,-6.1,0.0,2017-02-21,20170221,0.0,0.4,2017,1.5,2,0.0,8.0
52,137,0.0,77.0,22,-0.2,0.0,2017-02-22,20170222,0.0,2.3,2017,1.5,2,18.6,5.0
53,137,7.9,52.0,23,-2.0,0.0,2017-02-23,20170223,0.0,1.1,2017,4.3,2,0.0,5.2
54,137,9.6,39.1,24,-3.7,0.0,2017-02-24,20170224,0.0,1.1,2017,3.0,2,0.0,7.0
55,137,9.4,41.4,25,0.0,0.0,2017-02-25,20170225,0.0,4.5,2017,2.6,2,0.0,9.9
56,137,9.1,49.3,26,-0.8,0.0,2017-02-26,20170226,0.0,4.6,2017,1.6,2,0.0,11.1
57,137,9.1,54.1,27,-3.3,0.0,2017-02-27,20170227,0.0,3.6,2017,1.0,2,0.0,12.3
58,137,9.9,42.9,28,-3.4,0.0,2017-02-28,20170228,0.0,5.3,2017,1.3,2,0.0,13.9
59,137,3.6,44.0,1,0.3,0.0,2017-03-01,20170301,0.0,6.5,2017,1.2,3,0.0,12.8
60,137,3.4,56.1,2,0.3,0.0,2017-03-02,20170302,0.0,4.2,2017,3.1,3,0.1,8.6
61,137,10.1,40.8,3,-1.3,0.0,2017-03-03,20170303,0.0,4.6,2017,2.4,3,0.0,12.5
62,137,9.7,40.3,4,-0.7,0.0,2017-03-04,20170304,0.0,6.8,2017,1.3,3,0.0,15.8
63,137,8.1,43.4,5,-0.3,0.0,2017-03-05,20170305,0.0,7.5,2017,1.8,3,0.0,15.7
64,137,10.1,36.9,6,-0.2,0.0,2017-03-06,20170306,0.0,3.2,2017,3.9,3,0.0,7.1
65,137,9.2,42.1,7,-2.2,0.0,2017-03-07,20170307,0.0,0.0,2017,3.4,3,0.5,5.0
66,137,8.3,48.9,8,-3.0,0.0,2017-03-08,20170308,0.0,1.3,2017,2.8,3,0.0,6.0
67,137,9.7,43.0,9,-0.2,0.0,2017-03-09,20170309,0.0,5.4,2017,3.4,3,0.0,11.6
68,137,10.1,28.4,10,1.0,0.0,2017-03-10,20170310,0.0,6.9,2017,2.8,3,0.0,13.4
69,137,10.0,34.9,11,-2.8,0.0,2017-03-11,20170311,0.0,7.3,2017,1.2,3,0.0,17.4
70,137,8.0,33.6,12,-0.5,0.0,2017-03-12,20170312,0.0,9.9,2017,1.7,3,0.0,19.3
71,137,9.1,45.9,13,5.0,0.0,2017-03-13,20170313,0.0,9.6,2017,2.3,3,0.0,16.2
72,137,8.5,51.5,14,2.1,0.0,2017-03-14,20170314,0.0,6.7,2017,2.1,3,0.0,13.5
73,137,10.2,45.8,15,-2.4,0.0,2017-03-15,20170315,0.0,6.0,2017,1.0,3,0.0,14.0
74,137,9.6,41.8,16,-1.8,0.0,2017-03-16,20170316,0.0,6.9,2017,1.8,3,0.0,14.9
75,137,10.0,29.0,17,1.7,0.0,2017-03-17,20170317,0.0,9.3,2017,1.6,3,0.0,17.1
76,137,5.9,28.8,18,2.8,0.0,2017-03-18,20170318,0.0,9.9,2017,1.5,3,0.0,18.4
77,137,9.7,29.4,19,1.1,0.0,2017-03-19,20170319,0.0,9.9,2017,1.3,3,0.0,19.1
78,137,2.4,60.3,20,0.5,0.0,2017-03-20,20170320,0.0,7.5,2017,1.1,3,0.9,13.0
79,137,9.8,50.3,21,4.7,0.0,2017-03-21,20170321,0.0,9.0,2017,2.7,3,0.4,14.3
80,137,8.9,29.9,22,2.3,0.0,2017-03-22,20170322,0.0,8.9,2017,2.3,3,0.0,15.6
81,137,7.8,31.6,23,5.7,0.0,2017-03-23,20170323,0.0,10.6,2017,2.1,3,0.0,17.2
82,137,5.6,49.4,24,2.7,0.0,2017-03-24,20170324,0.0,8.9,2017,1.3,3,0.0,15.1
83,137,0.0,84.6,25,4.5,0.0,2017-03-25,20170325,0.0,5.6,2017,1.2,3,13.2,7.8
84,137,2.8,72.5,26,4.3,0.0,2017-03-26,20170326,0.0,6.6,2017,1.4,3,0.0,10.7
85,137,2.7,67.1,27,3.3,0.0,2017-03-27,20170327,0.0,5.6,2017,2.5,3,0.5,10.2
86,137,8.3,46.0,28,1.1,0.0,2017-03-28,20170328,0.0,8.8,2017,2.1,3,0.0,15.0
87,137,7.5,59.5,29,4.4,0.0,2017-03-29,20170329,0.0,10.1,2017,1.5,3,0.5,17.6
88,137,10.8,38.9,30,3.6,0.0,2017-03-30,20170330,0.0,13.1,2017,1.6,3,0.0,20.7
89,137,0.0,78.0,31,6.3,0.0,2017-03-31,20170331,0.0,8.5,2017,1.5,3,4.1,10.2
90,137,2.3,80.9,1,5.2,0.0,2017-04-01,20170401,0.0,7.0,2017,1.1,4,4.2,11.6
91,137,11.1,43.6,2,2.3,0.0,2017-04-02,20170402,0.0,10.3,2017,2.0,4,0.0,16.4
92,137,11.0,27.4,3,6.5,0.0,2017-04-03,20170403,0.0,14.1,2017,3.2,4,0.0,21.5
93,137,10.9,32.8,4,3.2,0.0,2017-04-04,20170404,0.0,14.7,2017,1.6,4,0.0,23.7
94,137,0.0,62.9,5,11.3,0.0,2017-04-05,20170405,0.0,14.0,2017,1.4,4,8.1,18.0
95,137,0.8,81.5,6,12.7,0.0,2017-04-06,20170406,0.0,14.6,2017,1.7,4,8.1,17.4
96,137,11.0,61.9,7,9.1,0.0,2017-04-07,20170407,0.0,15.9,2017,1.5,4,0.0,24.3
97,137,9.5,53.1,8,8.9,0.0,2017-04-08,20170408,0.0,17.6,2017,1.7,4,0.0,26.8
98,137,0.0,51.0,9,10.1,0.0,2017-04-09,20170409,0.0,13.3,2017,2.3,4,0.0,16.9
99,137,11.1,38.8,10,7.6,0.0,2017-04-10,20170410,0.0,13.2,2017,2.4,4,0.0,20.6
100,137,5.6,62.4,11,7.3,0.0,2017-04-11,20170411,0.0,12.6,2017,2.0,4,18.2,20.0
101,137,11.0,20.1,12,8.4,0.0,2017-04-12,20170412,0.0,13.4,2017,3.2,4,0.0,19.3
102,137,11.2,35.5,13,7.1,0.0,2017-04-13,20170413,0.0,14.7,2017,2.7,4,0.0,22.7
103,137,6.5,42.1,14,8.0,0.0,2017-04-14,20170414,0.0,15.8,2017,2.2,4,0.0,22.2
104,137,11.1,42.8,15,11.4,0.0,2017-04-15,20170415,0.0,19.4,2017,2.1,4,0.0,26.9
105,137,9.4,39.1,16,9.6,0.0,2017-04-16,20170416,0.0,19.2,2017,1.1,4,0.0,29.4
106,137,0.2,77.3,17,11.2,0.0,2017-04-17,20170417,0.0,12.5,2017,1.1,4,20.2,14.9
107,137,6.0,62.6,18,9.3,0.0,2017-04-18,20170418,0.0,14.9,2017,2.3,4,1.0,23.0
108,137,11.6,36.4,19,9.1,0.0,2017-04-19,20170419,0.0,14.6,2017,3.4,4,0.0,20.8
109,137,0.3,55.3,20,9.4,0.0,2017-04-20,20170420,0.0,12.3,2017,1.3,4,0.4,17.4
110,137,8.8,51.0,21,6.0,0.0,2017-04-21,20170421,0.0,14.3,2017,1.6,4,0.0,22.0
111,137,9.9,57.9,22,8.5,0.0,2017-04-22,20170422,0.0,14.0,2017,1.1,4,0.0,21.3
112,137,12.3,47.1,23,5.5,0.0,2017-04-23,20170423,0.0,15.8,2017,1.4,4,0.0,25.0
113,137,11.9,41.4,24,6.7,0.0,2017-04-24,20170424,0.0,16.5,2017,1.5,4,0.0,25.5
114,137,5.5,51.0,25,9.7,0.0,2017-04-25,20170425,0.0,17.6,2017,1.7,4,0.0,24.5
115,137,9.0,41.5,26,12.1,0.0,2017-04-26,20170426,0.0,16.7,2017,2.2,4,0.6,22.4
116,137,11.3,29.9,27,7.9,0.0,2017-04-27,20170427,0.0,14.2,2017,2.6,4,0.0,20.1
117,137,12.0,31.6,28,6.3,0.0,2017-04-28,20170428,0.0,16.8,2017,2.9,4,0.0,24.8
118,137,12.3,33.1,29,11.0,0.0,2017-04-29,20170429,0.0,19.0,2017,2.5,4,0.0,26.6
119,137,11.7,36.5,30,11.1,0.0,2017-04-30,20170430,0.0,22.1,2017,2.0,4,0.0,30.8
120,137,11.9,37.5,1,13.9,0.0,2017-05-01,20170501,0.0,19.8,2017,1.7,5,0.0,27.7
121,137,12.0,43.4,2,7.8,0.0,2017-05-02,20170502,0.0,17.2,2017,1.0,5,0.0,26.8
122,137,12.5,45.0,3,8.7,0.0,2017-05-03,20170503,0.0,19.0,2017,0.9,5,0.0,29.6
123,137,9.0,43.9,4,10.3,0.0,2017-05-04,20170504,0.0,20.4,2017,1.2,5,0.0,29.5
124,137,7.0,52.4,5,17.8,0.0,2017-05-05,20170505,0.0,22.2,2017,2.1,5,0.0,29.4
125,137,11.8,30.5,6,12.9,0.0,2017-05-06,20170506,0.0,18.1,2017,2.9,5,0.0,24.4
126,137,12.0,31.4,7,12.2,0.0,2017-05-07,20170507,0.0,19.1,2017,3.1,5,0.0,26.8
127,137,5.9,38.8,8,10.9,0.0,2017-05-08,20170508,0.0,19.2,2017,1.6,5,0.0,24.9
128,137,0.0,75.6,9,13.5,0.0,2017-05-09,20170509,0.0,15.3,2017,1.2,5,9.9,17.9
129,137,1.4,81.5,10,13.4,0.0,2017-05-10,20170510,0.0,15.7,2017,1.4,5,1.9,19.9
130,137,5.9,70.5,11,11.8,0.0,2017-05-11,20170511,0.0,18.5,2017,1.1,5,0.1,26.8
131,137,0.0,80.0,12,14.2,0.0,2017-05-12,20170512,0.0,17.4,2017,0.7,5,0.1,22.8
132,137,8.3,63.6,13,13.5,0.0,2017-05-13,20170513,0.0,19.4,2017,1.8,5,0.5,27.7
133,137,12.6,37.5,14,13.2,0.0,2017-05-14,20170514,0.0,17.7,2017,3.3,5,0.0,23.9
134,137,11.0,44.8,15,11.5,0.0,2017-05-15,20170515,0.0,17.5,2017,2.8,5,0.0,24.3
135,137,5.7,55.5,16,12.4,0.0,2017-05-16,20170516,0.0,17.5,2017,1.7,5,0.0,23.7
136,137,9.9,54.9,17,12.4,0.0,2017-05-17,20170517,0.0,19.6,2017,1.3,5,0.0,27.7
137,137,12.5,51.4,18,11.8,0.0,2017-05-18,20170518,0.0,21.3,2017,1.4,5,0.0,29.1
138,137,12.7,33.3,19,16.3,0.0,2017-05-19,20170519,0.0,23.6,2017,2.6,5,0.0,30.8
139,137,11.7,29.3,20,17.2,0.0,2017-05-20,20170520,0.0,23.3,2017,2.5,5,0.0,30.9
140,137,10.9,34.8,21,16.7,0.0,2017-05-21,20170521,0.0,23.5,2017,2.0,5,0.0,29.5
141,137,12.7,44.1,22,14.9,0.0,2017-05-22,20170522,0.0,23.5,2017,1.4,5,0.0,31.4
142,137,5.7,55.5,23,14.4,0.0,2017-05-23,20170523,0.0,21.3,2017,1.2,5,0.0,28.5
143,137,4.1,70.6,24,16.4,0.0,2017-05-24,20170524,0.0,20.8,2017,0.9,5,7.2,27.1
144,137,12.7,46.3,25,14.2,0.0,2017-05-25,20170525,0.0,21.6,2017,2.7,5,0.0,29.5
145,137,11.8,40.5,26,12.5,0.0,2017-05-26,20170526,0.0,17.4,2017,2.6,5,0.0,23.6
146,137,12.5,45.6,27,10.5,0.0,2017-05-27,20170527,0.0,19.4,2017,1.8,5,0.0,28.2
147,137,12.0,50.8,28,11.1,0.0,2017-05-28,20170528,0.0,21.8,2017,1.7,5,0.0,31.5
148,137,12.3,37.9,29,20.2,0.0,2017-05-29,20170529,0.0,26.6,2017,2.7,5,0.0,34.0
149,137,8.6,40.8,30,17.9,0.0,2017-05-30,20170530,0.0,24.6,2017,1.5,5,0.0,30.8
150,137,5.3,49.5,31,16.2,0.0,2017-05-31,20170531,0.0,23.4,2017,1.3,5,0.5,31.7
151,137,7.6,59.5,1,17.3,0.0,2017-06-01,20170601,0.0,22.8,2017,1.9,6,10.0,30.3
152,137,12.9,41.0,2,12.5,0.0,2017-06-02,20170602,0.0,20.8,2017,1.6,6,0.0,28.5
153,137,10.3,39.3,3,15.7,0.0,2017-06-03,20170603,0.0,20.8,2017,1.9,6,0.1,26.6
154,137,12.7,37.0,4,12.5,0.0,2017-06-04,20170604,0.0,21.6,2017,1.6,6,0.0,28.9
155,137,12.4,42.0,5,12.0,0.0,2017-06-05,20170605,0.0,21.1,2017,1.2,6,0.0,30.0
156,137,0.0,69.9,6,15.1,0.0,2017-06-06,20170606,0.0,17.1,2017,1.1,6,13.2,21.4
157,137,0.0,86.3,7,16.5,0.0,2017-06-07,20170607,0.0,18.3,2017,1.5,6,0.6,20.9
158,137,9.9,59.0,8,16.1,0.0,2017-06-08,20170608,0.0,21.3,2017,2.5,6,0.0,27.5
159,137,10.5,40.0,9,17.1,0.0,2017-06-09,20170609,0.0,23.6,2017,2.7,6,0.0,31.2
160,137,5.9,49.0,10,17.7,0.0,2017-06-10,20170610,0.0,23.1,2017,2.2,6,0.0,28.4
161,137,12.7,40.1,11,11.7,0.0,2017-06-11,20170611,0.0,20.8,2017,1.1,6,0.0,30.1
162,137,9.4,51.4,12,13.5,0.0,2017-06-12,20170612,0.0,20.0,2017,1.2,6,0.0,27.1
163,137,8.2,62.5,13,15.0,0.0,2017-06-13,20170613,0.0,19.6,2017,1.2,6,1.0,26.3
164,137,12.1,56.1,14,13.6,0.0,2017-06-14,20170614,0.0,21.9,2017,1.6,6,0.0,29.7
165,137,13.0,44.3,15,18.4,0.0,2017-06-15,20170615,0.0,24.6,2017,2.7,6,0.0,31.7
166,137,12.1,52.8,16,16.7,0.0,2017-06-16,20170616,0.0,23.8,2017,1.2,6,0.0,31.7
167,137,12.7,48.9,17,15.4,0.0,2017-06-17,20170617,0.0,24.7,2017,1.1,6,0.0,33.1
168,137,13.1,34.0,18,18.8,0.0,2017-06-18,20170618,0.0,27.5,2017,1.7,6,0.0,36.2
169,137,11.6,36.5,19,19.3,0.0,2017-06-19,20170619,0.0,27.9,2017,1.7,6,0.0,35.9
170,137,3.1,42.5,20,21.0,0.0,2017-06-20,20170620,0.0,25.8,2017,1.3,6,0.0,31.4
171,137,9.1,50.0,21,19.1,0.0,2017-06-21,20170621,0.0,26.0,2017,1.6,6,0.0,33.6
172,137,12.6,47.9,22,20.1,0.0,2017-06-22,20170622,0.0,26.6,2017,1.5,6,0.0,35.0
173,137,10.9,43.4,23,19.6,0.0,2017-06-23,20170623,0.0,28.1,2017,1.1,6,0.0,36.6
174,137,3.1,58.6,24,20.6,0.0,2017-06-24,20170624,0.0,25.6,2017,0.9,6,2.0,32.7
175,137,5.6,79.0,25,19.3,0.0,2017-06-25,20170625,0.0,22.8,2017,0.9,6,35.3,31.9
176,137,1.2,82.0,26,19.5,0.0,2017-06-26,20170626,0.0,22.5,2017,1.0,6,1.2,27.7
177,137,3.0,75.0,27,20.2,0.0,2017-06-27,20170627,0.0,23.6,2017,0.8,6,0.0,29.6
178,137,9.0,62.8,28,21.1,0.0,2017-06-28,20170628,0.0,26.3,2017,1.3,6,0.0,32.9
179,137,8.7,62.3,29,21.9,0.0,2017-06-29,20170629,0.0,26.1,2017,1.3,6,0.0,32.8
180,137,7.6,60.4,30,20.4,0.0,2017-06-30,20170630,0.0,27.4,2017,1.3,6,0.0,34.1
181,137,0.1,86.9,1,21.9,0.0,2017-07-01,20170701,0.0,24.5,2017,0.8,7,8.2,27.1
182,137,0.8,90.0,2,23.4,0.0,2017-07-02,20170702,0.0,25.5,2017,0.6,7,11.7,29.1
183,137,0.8,89.3,3,23.6,0.0,2017-07-03,20170703,0.0,25.2,2017,1.5,7,133.6,29.9
184,137,5.0,82.3,4,23.1,0.0,2017-07-04,20170704,0.0,26.3,2017,1.2,7,25.3,31.9
185,137,10.6,70.8,5,22.6,0.0,2017-07-05,20170705,0.0,27.6,2017,0.8,7,0.0,34.0
186,137,6.6,74.8,6,22.1,0.0,2017-07-06,20170706,0.0,26.9,2017,1.0,7,0.0,33.7
187,137,0.0,85.4,7,22.7,0.0,2017-07-07,20170707,0.0,26.1,2017,0.6,7,0.3,29.0
188,137,1.2,89.6,8,22.6,0.0,2017-07-08,20170708,0.0,25.3,2017,0.6,7,25.3,29.8
189,137,6.9,80.8,9,23.0,0.0,2017-07-09,20170709,0.0,27.4,2017,1.0,7,3.0,34.5
190,137,0.0,87.6,10,24.1,0.0,2017-07-10,20170710,0.0,26.7,2017,0.8,7,1.5,30.4
191,137,8.5,69.4,11,25.1,0.0,2017-07-11,20170711,0.0,28.3,2017,1.9,7,0.3,33.2
192,137,10.1,68.8,12,25.0,0.0,2017-07-12,20170712,0.0,28.4,2017,1.6,7,0.0,33.7
193,137,12.6,67.0,13,23.5,0.0,2017-07-13,20170713,0.0,28.1,2017,1.8,7,0.0,33.4
194,137,8.1,77.8,14,23.1,0.0,2017-07-14,20170714,0.0,26.6,2017,1.3,7,2.0,34.5
195,137,0.8,87.5,15,22.8,0.0,2017-07-15,20170715,0.0,25.0,2017,0.9,7,17.5,28.0
196,137,0.8,89.1,16,22.9,0.0,2017-07-16,20170716,0.0,25.1,2017,0.7,7,19.0,28.7
197,137,1.9,84.9,17,22.2,0.0,2017-07-17,20170717,0.0,25.5,2017,1.3,7,22.5,31.6
198,137,5.3,78.3,18,22.2,0.0,2017-07-18,20170718,0.0,26.8,2017,1.4,7,0.0,31.8
199,137,8.6,73.1,19,24.0,0.0,2017-07-19,20170719,0.0,28.4,2017,1.2,7,0.0,33.4
200,137,9.9,74.3,20,23.7,0.0,2017-07-20,20170720,0.0,28.9,2017,1.1,7,0.0,34.3
201,137,9.0,72.5,21,25.4,0.0,2017-07-21,20170721,0.0,30.1,2017,1.1,7,0.0,35.3
202,137,2.3,76.6,22,26.8,0.0,2017-07-22,20170722,0.0,29.6,2017,0.9,7,0.0,33.9
203,137,0.0,90.3,23,25.7,0.0,2017-07-23,20170723,0.0,26.8,2017,0.8,7,2.0,28.5
204,137,1.1,87.1,24,24.5,0.0,2017-07-24,20170724,0.0,27.5,2017,1.2,7,25.0,33.0
205,137,1.2,87.5,25,22.7,0.0,2017-07-25,20170725,0.0,25.7,2017,0.8,7,40.1,29.2
206,137,9.1,70.4,26,21.4,0.0,2017-07-26,20170726,0.0,25.7,2017,1.0,7,0.0,31.3
207,137,11.8,67.3,27,17.9,0.0,2017-07-27,20170727,0.0,24.8,2017,0.7,7,0.0,32.5
208,137,2.3,81.3,28,22.4,0.0,2017-07-28,20170728,0.0,26.1,2017,0.8,7,16.0,32.2
209,137,0.0,92.1,29,22.8,0.0,2017-07-29,20170729,0.0,23.6,2017,1.0,7,18.5,25.0
210,137,3.2,87.5,30,21.8,0.0,2017-07-30,20170730,0.0,24.9,2017,0.6,7,2.3,29.9
211,137,0.0,93.6,31,22.3,0.0,2017-07-31,20170731,0.0,23.7,2017,0.7,7,30.7,25.5
212,137,7.1,84.8,1,22.1,0.0,2017-08-01,20170801,0.0,26.1,2017,0.6,8,2.7,32.4
213,137,5.0,83.1,2,24.6,0.0,2017-08-02,20170802,0.0,27.2,2017,0.8,8,0.0,32.3
214,137,10.7,72.5,3,22.0,0.0,2017-08-03,20170803,0.0,27.0,2017,1.1,8,0.0,32.4
215,137,11.5,75.3,4,22.7,0.0,2017-08-04,20170804,0.0,28.2,2017,0.9,8,0.0,34.1
216,137,12.3,71.8,5,24.5,0.0,2017-08-05,20170805,0.0,29.8,2017,0.9,8,0.0,35.4
217,137,11.7,73.5,6,24.6,0.0,2017-08-06,20170806,0.0,29.6,2017,1.0,8,6.1,35.7
218,137,11.6,72.6,7,23.9,0.0,2017-08-07,20170807,0.0,28.6,2017,1.9,8,0.5,33.6
219,137,6.7,71.0,8,23.1,0.0,2017-08-08,20170808,0.0,27.6,2017,1.0,8,0.0,33.0
220,137,0.0,91.9,9,22.4,0.0,2017-08-09,20170809,0.0,24.0,2017,0.9,8,11.9,26.0
221,137,0.1,91.4,10,23.1,0.0,2017-08-10,20170810,0.0,24.5,2017,0.9,8,7.9,27.2
222,137,5.8,82.4,11,22.4,0.0,2017-08-11,20170811,0.0,25.3,2017,0.8,8,0.0,31.7
223,137,7.9,75.8,12,20.9,0.0,2017-08-12,20170812,0.0,25.7,2017,0.7,8,0.0,30.9
224,137,0.6,80.5,13,20.9,0.0,2017-08-13,20170813,0.0,23.8,2017,0.8,8,0.0,26.6
225,137,0.0,93.9,14,20.7,0.0,2017-08-14,20170814,0.0,21.7,2017,0.9,8,37.8,23.5
226,137,0.0,94.1,15,21.1,0.0,2017-08-15,20170815,0.0,22.1,2017,0.8,8,39.1,23.3
227,137,0.7,86.3,16,21.1,0.0,2017-08-16,20170816,0.0,24.0,2017,1.0,8,4.5,28.8
228,137,3.9,86.6,17,21.8,0.0,2017-08-17,20170817,0.0,23.9,2017,1.0,8,1.6,28.5
229,137,7.0,82.0,18,22.5,0.0,2017-08-18,20170818,0.0,25.6,2017,0.7,8,0.0,30.8
230,137,1.8,85.5,19,22.2,0.0,2017-08-19,20170819,0.0,24.9,2017,0.7,8,5.0,31.1
231,137,0.0,92.5,20,22.6,0.0,2017-08-20,20170820,0.0,24.2,2017,0.7,8,6.1,26.7
232,137,2.5,88.3,21,22.3,0.0,2017-08-21,20170821,0.0,25.6,2017,0.8,8,8.6,31.7
233,137,7.5,82.0,22,23.3,0.0,2017-08-22,20170822,0.0,27.2,2017,1.2,8,0.4,32.1
234,137,8.7,80.8,23,24.0,0.0,2017-08-23,20170823,0.0,28.3,2017,1.4,8,9.4,33.4
235,137,6.2,77.1,24,25.2,0.0,2017-08-24,20170824,0.0,28.3,2017,2.0,8,6.0,32.7
236,137,10.8,68.0,25,21.6,0.0,2017-08-25,20170825,0.0,26.2,2017,1.2,8,0.0,32.0
237,137,10.8,56.1,26,18.9,0.0,2017-08-26,20170826,0.0,23.7,2017,1.2,8,0.0,29.7
238,137,8.3,69.5,27,16.2,0.0,2017-08-27,20170827,0.0,22.3,2017,0.7,8,0.0,30.4
239,137,5.8,77.5,28,18.1,0.0,2017-08-28,20170828,0.0,23.9,2017,0.8,8,6.2,30.4
240,137,11.2,60.8,29,18.5,0.0,2017-08-29,20170829,0.0,22.7,2017,2.1,8,4.6,27.6
241,137,0.2,64.0,30,16.2,0.0,2017-08-30,20170830,0.0,18.7,2017,1.1,8,0.0,22.4
242,137,10.9,66.3,31,15.1,0.0,2017-08-31,20170831,0.0,21.1,2017,1.1,8,0.0,28.2
243,137,11.2,66.5,1,13.7,0.0,2017-09-01,20170901,0.0,20.6,2017,0.7,9,0.0,27.7
244,137,9.8,72.3,2,13.4,0.0,2017-09-02,20170902,0.0,19.6,2017,0.6,9,0.0,26.6
245,137,10.9,71.6,3,13.4,0.0,2017-09-03,20170903,0.0,20.1,2017,0.6,9,0.0,28.1
246,137,7.5,72.3,4,14.6,0.0,2017-09-04,20170904,0.0,20.6,2017,0.7,9,0.0,27.5
247,137,0.0,83.6,5,16.3,0.0,2017-09-05,20170905,0.0,19.7,2017,0.6,9,1.2,22.7
248,137,0.1,86.6,6,18.7,0.0,2017-09-06,20170906,0.0,21.1,2017,0.8,9,0.8,24.4
249,137,6.8,75.9,7,18.2,0.0,2017-09-07,20170907,0.0,21.6,2017,1.3,9,0.0,27.4
250,137,9.2,69.8,8,18.4,0.0,2017-09-08,20170908,0.0,23.2,2017,1.4,9,0.0,29.7
251,137,6.6,76.3,9,16.3,0.0,2017-09-09,20170909,0.0,21.6,2017,0.7,9,0.0,28.5
252,137,1.1,85.3,10,16.2,0.0,2017-09-10,20170910,0.0,21.3,2017,0.5,9,0.0,27.2
253,137,0.0,91.4,11,16.7,0.0,2017-09-11,20170911,0.0,19.8,2017,1.3,9,52.9,22.1
254,137,10.2,64.8,12,19.0,0.0,2017-09-12,20170912,0.0,23.2,2017,2.2,9,0.0,28.8
255,137,10.4,61.1,13,13.7,0.0,2017-09-13,20170913,0.0,20.2,2017,1.1,9,0.0,28.2
256,137,10.2,71.0,14,12.3,0.0,2017-09-14,20170914,0.0,19.7,2017,0.8,9,0.0,27.3
257,137,8.4,64.1,15,15.2,0.0,2017-09-15,20170915,0.0,19.9,2017,1.4,9,0.0,26.2
258,137,0.2,69.4,16,15.0,0.0,2017-09-16,20170916,0.0,19.5,2017,1.3,9,0.0,23.8
259,137,5.4,70.9,17,17.1,0.0,2017-09-17,20170917,0.0,21.2,2017,1.0,9,0.0,29.0
260,137,9.8,68.1,18,14.8,0.0,2017-09-18,20170918,0.0,21.0,2017,1.4,9,0.0,27.4
261,137,6.4,68.8,19,15.7,0.0,2017-09-19,20170919,0.0,22.7,2017,1.4,9,0.0,28.1
262,137,8.4,59.8,20,13.2,0.0,2017-09-20,20170920,0.0,19.5,2017,2.0,9,2.7,25.1
263,137,9.8,71.9,21,9.8,0.0,2017-09-21,20170921,0.0,17.0,2017,0.6,9,0.0,26.3
264,137,9.6,74.8,22,11.4,0.0,2017-09-22,20170922,0.0,18.3,2017,0.5,9,0.0,26.3
265,137,5.1,76.9,23,14.4,0.0,2017-09-23,20170923,0.0,20.1,2017,1.0,9,0.0,26.6
266,137,7.4,79.1,24,14.6,0.0,2017-09-24,20170924,0.0,20.7,2017,0.8,9,0.0,28.3
267,137,8.4,75.5,25,16.9,0.0,2017-09-25,20170925,0.0,21.8,2017,0.8,9,0.0,29.2
268,137,7.9,75.3,26,14.0,0.0,2017-09-26,20170926,0.0,20.7,2017,0.7,9,0.0,28.1
269,137,0.0,94.1,27,15.5,0.0,2017-09-27,20170927,0.0,17.8,2017,0.8,9,45.1,20.7
270,137,7.4,65.0,28,16.1,0.0,2017-09-28,20170928,0.0,19.7,2017,1.4,9,0.0,25.4
271,137,9.4,52.4,29,9.3,0.0,2017-09-29,20170929,0.0,15.3,2017,1.2,9,0.0,22.1
272,137,9.4,76.0,30,7.1,0.0,2017-09-30,20170930,0.0,15.2,2017,0.6,9,0.0,25.6
273,137,0.0,91.8,1,11.2,0.0,2017-10-01,20171001,0.0,14.3,2017,0.7,10,12.1,17.9
274,137,2.2,88.4,2,14.2,0.0,2017-10-02,20171002,0.0,19.2,2017,0.7,10,15.4,25.0
275,137,5.4,78.3,3,15.8,0.0,2017-10-03,20171003,0.0,19.3,2017,1.0,10,0.0,26.1
276,137,5.0,69.4,4,14.5,0.0,2017-10-04,20171004,0.0,17.5,2017,0.9,10,0.0,22.9
277,137,3.0,72.3,5,11.3,0.0,2017-10-05,20171005,0.0,16.0,2017,0.9,10,0.0,21.5
278,137,0.0,92.6,6,13.6,0.0,2017-10-06,20171006,0.0,15.3,2017,0.5,10,8.9,17.4
279,137,3.5,85.8,7,15.2,0.0,2017-10-07,20171007,0.0,19.4,2017,0.6,10,0.0,25.6
280,137,6.9,82.8,8,16.0,0.0,2017-10-08,20171008,0.0,19.8,2017,0.6,10,0.0,27.1
281,137,9.1,78.1,9,15.4,0.0,2017-10-09,20171009,0.0,20.7,2017,0.8,10,0.0,27.7
282,137,7.0,77.8,10,16.5,0.0,2017-10-10,20171010,0.0,21.7,2017,0.9,10,0.0,27.2
283,137,0.0,82.4,11,14.3,0.0,2017-10-11,20171011,0.0,18.2,2017,1.5,10,1.7,21.9
284,137,0.0,88.4,12,12.1,0.0,2017-10-12,20171012,0.0,13.2,2017,1.0,10,16.5,14.3
285,137,8.6,60.8,13,7.8,0.0,2017-10-13,20171013,0.0,13.3,2017,1.7,10,0.0,20.1
286,137,8.0,55.9,14,8.9,0.0,2017-10-14,20171014,0.0,14.3,2017,1.0,10,0.0,21.7
287,137,3.1,68.1,15,9.5,0.0,2017-10-15,20171015,0.0,14.2,2017,1.0,10,0.0,19.6
288,137,1.1,75.3,16,12.0,0.0,2017-10-16,20171016,0.0,14.8,2017,0.5,10,0.0,20.3
289,137,7.4,75.8,17,8.9,0.0,2017-10-17,20171017,0.0,14.5,2017,0.7,10,0.0,21.7
290,137,0.5,72.9,18,12.5,0.0,2017-10-18,20171018,0.0,14.6,2017,1.0,10,0.0,18.6
291,137,4.7,78.5,19,8.7,0.0,2017-10-19,20171019,0.0,14.2,2017,0.7,10,0.0,20.5
292,137,8.2,76.6,20,9.9,0.0,2017-10-20,20171020,0.0,14.7,2017,0.6,10,0.0,22.8
293,137,7.1,77.4,21,8.4,0.0,2017-10-21,20171021,0.0,13.7,2017,0.7,10,0.0,22.0
294,137,7.2,63.5,22,6.3,0.0,2017-10-22,20171022,0.0,14.3,2017,1.6,10,0.0,22.3
295,137,8.4,61.0,23,7.3,0.0,2017-10-23,20171023,0.0,12.3,2017,0.9,10,0.0,18.5
296,137,4.7,72.4,24,7.3,0.0,2017-10-24,20171024,0.0,11.0,2017,0.5,10,0.0,18.0
297,137,7.5,75.0,25,4.1,0.0,2017-10-25,20171025,0.0,11.1,2017,0.8,10,0.0,20.5
298,137,4.2,76.3,26,5.9,0.0,2017-10-26,20171026,0.0,11.4,2017,0.5,10,0.0,18.7
299,137,2.3,78.1,27,8.5,0.0,2017-10-27,20171027,0.0,12.8,2017,0.5,10,0.0,18.7
300,137,5.6,74.6,28,8.1,0.0,2017-10-28,20171028,0.0,14.9,2017,0.6,10,0.0,22.2
301,137,7.1,58.8,29,7.0,0.0,2017-10-29,20171029,0.0,12.5,2017,2.4,10,0.0,19.0
302,137,8.8,32.4,30,3.9,0.0,2017-10-30,20171030,0.0,8.3,2017,2.5,10,0.0,14.2
303,137,8.9,50.4,31,0.1,0.0,2017-10-31,20171031,0.0,9.0,2017,1.5,10,0.0,17.5
304,137,8.2,58.3,1,6.3,0.0,2017-11-01,20171101,0.0,13.7,2017,2.0,11,0.0,19.5
305,137,7.7,67.9,2,10.4,0.0,2017-11-02,20171102,0.0,14.3,2017,1.2,11,0.0,21.2
306,137,5.4,62.9,3,8.3,0.0,2017-11-03,20171103,0.0,13.0,2017,1.9,11,0.0,17.6
307,137,8.2,49.5,4,4.9,0.0,2017-11-04,20171104,0.0,8.7,2017,1.8,11,0.0,14.7
308,137,8.8,58.6,5,2.5,0.0,2017-11-05,20171105,0.0,8.5,2017,1.5,11,0.0,15.9
309,137,8.6,60.4,6,0.3,0.0,2017-11-06,20171106,0.0,9.5,2017,1.0,11,0.0,18.5
310,137,7.6,63.9,7,5.6,0.0,2017-11-07,20171107,0.0,13.9,2017,1.0,11,0.0,21.7
311,137,7.7,51.0,8,7.8,0.0,2017-11-08,20171108,0.0,14.8,2017,2.0,11,0.0,20.2
312,137,8.7,49.5,9,3.1,0.0,2017-11-09,20171109,0.0,8.9,2017,0.9,11,0.0,17.0
313,137,5.1,61.0,10,0.8,0.0,2017-11-10,20171110,0.0,9.5,2017,1.8,11,0.5,19.4
314,137,8.5,40.6,11,1.2,0.0,2017-11-11,20171111,0.0,6.5,2017,2.1,11,0.0,12.2
315,137,8.1,57.1,12,-2.3,0.0,2017-11-12,20171112,0.0,5.1,2017,0.9,11,0.0,14.0
316,137,1.9,61.3,13,-1.0,0.0,2017-11-13,20171113,0.0,6.4,2017,0.7,11,0.0,13.2
317,137,8.6,39.3,14,5.5,0.0,2017-11-14,20171114,0.0,10.2,2017,2.6,11,0.0,14.0
318,137,6.3,43.6,15,3.0,0.0,2017-11-15,20171115,0.0,5.7,2017,2.7,11,0.0,10.4
319,137,8.7,43.4,16,-1.4,0.0,2017-11-16,20171116,0.0,3.2,2017,1.7,11,0.0,9.4
320,137,3.6,53.3,17,-4.6,0.0,2017-11-17,20171117,0.0,3.2,2017,0.8,11,0.0,8.0
321,137,8.7,38.1,18,-2.5,0.0,2017-11-18,20171118,0.0,1.6,2017,2.9,11,0.1,7.9
322,137,8.4,32.5,19,-4.4,0.0,2017-11-19,20171119,0.0,0.3,2017,2.4,11,0.0,5.5
323,137,8.2,44.0,20,-0.9,0.0,2017-11-20,20171120,0.0,4.3,2017,2.2,11,0.0,8.5
324,137,8.5,49.0,21,-2.6,0.0,2017-11-21,20171121,0.0,3.3,2017,1.3,11,0.0,10.5
325,137,1.0,59.3,22,-1.3,0.0,2017-11-22,20171122,0.0,2.7,2017,1.4,11,0.5,7.5
326,137,6.7,47.1,23,-1.6,0.0,2017-11-23,20171123,0.0,2.1,2017,2.6,11,0.0,5.2
327,137,4.0,79.3,24,-1.8,0.0,2017-11-24,20171124,0.0,0.7,2017,1.9,11,2.1,5.3
328,137,7.4,73.1,25,-5.4,0.0,2017-11-25,20171125,0.0,0.5,2017,0.8,11,0.0,7.7
329,137,4.2,79.4,26,-1.0,0.0,2017-11-26,20171126,0.0,3.7,2017,0.8,11,0.9,11.0
330,137,8.2,74.5,27,-4.0,0.0,2017-11-27,20171127,0.0,2.4,2017,0.5,11,0.0,10.9
331,137,4.9,73.4,28,-1.9,0.0,2017-11-28,20171128,0.0,5.5,2017,1.0,11,0.0,13.3
332,137,4.7,46.0,29,3.6,0.0,2017-11-29,20171129,0.0,7.9,2017,2.7,11,0.0,12.1
333,137,7.4,26.6,30,-2.7,0.0,2017-11-30,20171130,0.0,1.3,2017,3.0,11,0.0,6.8
334,137,8.3,28.3,1,-5.1,0.0,2017-12-01,20171201,0.0,-0.5,2017,2.2,12,0.0,4.6
335,137,6.7,48.4,2,-6.2,0.0,2017-12-02,20171202,0.0,0.6,2017,1.1,12,0.0,8.2
336,137,3.6,69.0,3,-4.9,0.0,2017-12-03,20171203,0.0,1.2,2017,0.7,12,0.0,7.7
337,137,7.4,53.6,4,-2.5,0.0,2017-12-04,20171204,0.0,1.5,2017,2.9,12,0.3,6.1
338,137,8.2,36.3,5,-5.8,0.0,2017-12-05,20171205,0.0,-2.6,2017,3.1,12,0.0,1.7
339,137,3.7,76.0,6,-6.5,0.0,2017-12-06,20171206,0.0,-1.9,2017,0.7,12,1.4,4.3
340,137,3.4,70.8,7,-2.2,0.0,2017-12-07,20171207,0.0,1.3,2017,1.3,12,1.9,6.4
341,137,8.3,37.5,8,-4.6,0.0,2017-12-08,20171208,0.0,-1.8,2017,2.9,12,0.0,1.5
342,137,4.5,58.1,9,-2.6,0.0,2017-12-09,20171209,0.0,0.7,2017,1.4,12,0.0,6.5
343,137,3.6,65.0,10,-2.5,0.0,2017-12-10,20171210,0.0,2.3,2017,2.0,12,0.6,7.8
344,137,7.2,39.6,11,-7.2,0.0,2017-12-11,20171211,0.0,-3.7,2017,4.7,12,0.0,0.7
345,137,8.3,34.6,12,-10.4,0.0,2017-12-12,20171212,0.0,-6.6,2017,2.9,12,0.0,-1.9
346,137,8.3,30.1,13,-8.9,0.0,2017-12-13,20171213,0.0,-5.0,2017,3.3,12,0.0,0.0
347,137,6.3,40.4,14,-11.2,0.0,2017-12-14,20171214,0.0,-4.8,2017,1.0,12,0.0,1.1
348,137,5.3,45.4,15,-9.2,0.0,2017-12-15,20171215,0.0,-1.1,2017,1.7,12,0.0,5.5
349,137,8.0,37.3,16,-5.4,0.0,2017-12-16,20171216,0.0,-1.8,2017,3.7,12,0.0,2.3
350,137,8.4,38.1,17,-8.3,0.0,2017-12-17,20171217,0.0,-4.5,2017,3.1,12,0.0,0.2
351,137,6.2,56.1,18,-9.0,0.0,2017-12-18,20171218,0.0,-0.4,2017,1.6,12,0.0,6.1
352,137,8.1,38.0,19,-6.2,0.0,2017-12-19,20171219,0.0,-1.5,2017,3.1,12,0.2,4.4
353,137,7.2,51.9,20,-7.9,0.0,2017-12-20,20171220,0.0,-0.9,2017,1.7,12,0.0,5.5
354,137,8.3,52.3,21,-3.6,0.0,2017-12-21,20171221,0.0,0.9,2017,2.5,12,0.0,5.1
355,137,4.6,56.8,22,-4.3,0.0,2017-12-22,20171222,0.0,1.8,2017,1.5,12,0.0,8.4
356,137,5.9,67.4,23,-1.6,0.0,2017-12-23,20171223,0.0,3.2,2017,0.8,12,0.0,11.1
357,137,0.0,77.9,24,-0.1,0.0,2017-12-24,20171224,0.0,1.9,2017,2.1,12,15.7,5.6
358,137,8.4,41.5,25,-2.2,0.0,2017-12-25,20171225,0.0,-0.2,2017,3.4,12,0.0,3.1
359,137,7.8,46.0,26,-4.8,0.0,2017-12-26,20171226,0.0,-0.6,2017,4.8,12,0.0,3.4
360,137,8.4,27.1,27,-7.8,0.0,2017-12-27,20171227,0.0,-4.5,2017,3.7,12,0.0,0.1
361,137,6.1,39.3,28,-5.4,0.0,2017-12-28,20171228,0.0,-0.6,2017,2.6,12,0.0,4.5
362,137,1.7,61.3,29,0.3,0.0,2017-12-29,20171229,0.0,3.6,2017,2.8,12,0.0,7.6
363,137,2.5,75.8,30,-3.3,0.0,2017-12-30,20171230,0.0,1.1,2017,0.8,12,0.0,5.7
364,137,8.1,46.6,31,-1.6,0.0,2017-12-31,20171231,0.0,2.0,2017,3.2,12,0.3,5.6
