,sunshine,station_id,day,humid,tmin,date,wind,snow,Date,tavg,cloud,year,tmax,month,rainfall
0,8.5,137,1,44.0,-7.5,20050101,3.4,0.0,2005-01-01,-3.4,0.3,2005,0.7,1,0.0
1,4.5,137,2,61.0,-4.3,20050102,2.4,0.0,2005-01-02,1.1,4.4,2005,5.7,1,0.0
2,2.4,137,3,60.8,-2.7,20050103,3.1,0.0,2005-01-03,3.7,7.4,2005,9.9,1,0.0
3,8.5,137,4,38.1,-6.7,20050104,4.7,0.0,2005-01-04,-2.7,0.3,2005,2.1,1,0.0
4,8.0,137,5,54.5,-12.0,20050105,1.0,0.0,2005-01-05,-5.3,3.6,2005,1.3,1,0.0
5,8.0,137,6,48.3,-4.2,20050106,2.6,0.0,2005-01-06,1.1,4.5,2005,6.1,1,0.0
6,8.6,137,7,46.1,-5.1,20050107,4.9,0.0,2005-01-07,-0.3,1.9,2005,2.6,1,0.0
7,8.5,137,8,46.9,-6.0,20050108,4.1,0.0,2005-01-08,-2.6,1.1,2005,2.5,1,0.0
8,8.6,137,9,40.3,-9.8,20050109,3.6,0.0,2005-01-09,-6.1,0.0,2005,-1.2,1,0.0
9,8.4,137,10,55.8,-9.8,20050110,3.5,0.0,2005-01-10,-3.9,2.1,2005,1.1,1,0.0
10,8.0,137,11,56.8,-4.7,20050111,4.7,0.0,2005-01-11,-2.9,1.8,2005,-0.3,1,0.0
11,8.6,137,12,47.8,-7.5,20050112,3.9,0.0,2005-01-12,-4.0,0.0,2005,-0.2,1,0.0
12,8.0,137,13,57.8,-6.0,20050113,3.6,0.0,2005-01-13,-3.3,4.0,2005,-0.2,1,0.0
13,6.1,137,14,61.5,-10.3,20050114,1.8,0.0,2005-01-14,-2.9,5.8,2005,3.3,1,0.0
14,8.5,137,15,53.4,-4.7,20050115,3.5,0.0,2005-01-15,-1.1,0.1,2005,4.1,1,0.0
15,3.4,137,16,65.6,-3.1,20050116,4.7,0.0,2005-01-16,-0.8,5.1,2005,3.3,1,0.0
16,8.0,137,17,59.8,-3.0,20050117,2.8,0.0,2005-01-17,0.9,1.1,2005,5.8,1,0.0
17,5.7,137,18,71.1,-4.9,20050118,2.1,0.0,2005-01-18,1.6,5.4,2005,7.8,1,0.4
18,8.2,137,19,54.4,-3.2,20050119,4.7,0.0,2005-01-19,-1.3,3.6,2005,1.7,1,0.0
19,7.0,137,20,56.9,-5.7,20050120,4.9,0.1,2005-01-20,-3.9,2.0,2005,-1.0,1,0.0
20,8.7,137,21,42.4,-8.8,20050121,3.5,0.0,2005-01-21,-3.9,0.0,2005,1.8,1,0.0
21,6.5,137,22,40.0,-8.7,20050122,1.3,0.0,2005-01-22,-1.7,6.3,2005,4.2,1,0.0
22,1.9,137,23,50.3,-1.3,20050123,0.7,0.0,2005-01-23,2.3,7.3,2005,8.7,1,0.0
23,1.7,137,24,61.5,-3.0,20050124,2.6,0.0,2005-01-24,1.9,4.6,2005,6.0,1,0.0
24,0.0,137,25,83.5,-5.6,20050125,0.6,3.2,2005-01-25,-1.0,8.6,2005,2.9,1,3.2
25,5.8,137,26,86.9,-1.5,20050126,1.9,0.6,2005-01-26,1.2,5.4,2005,5.0,1,0.6
26,6.0,137,27,58.5,-1.9,20050127,1.7,0.0,2005-01-27,2.5,2.9,2005,7.8,1,0.0
27,8.7,137,28,60.1,-6.1,20050128,1.2,0.0,2005-01-28,0.8,0.1,2005,10.9,1,0.0
28,1.8,137,29,62.5,-4.3,20050129,3.3,0.0,2005-01-29,-0.9,3.6,2005,3.2,1,0.1
29,7.3,137,30,47.5,-7.8,20050130,4.3,0.0,2005-01-30,-5.0,3.1,2005,-0.8,1,0.0
30,8.1,137,31,46.1,-8.5,20050131,5.0,3.2,2005-01-31,-5.3,3.4,2005,-0.1,1,3.0
31,6.8,137,1,55.3,-12.1,20050201,7.0,0.0,2005-02-01,-9.2,2.6,2005,-7.0,2,0.0
32,8.7,137,2,62.8,-10.5,20050202,3.8,0.0,2005-02-02,-6.2,2.1,2005,-1.7,2,0.0
33,8.8,137,3,53.0,-5.9,20050203,3.4,0.0,2005-02-03,-2.3,1.5,2005,2.5,2,0.0
34,8.5,137,4,40.3,-3.6,20050204,2.7,0.0,2005-02-04,0.5,2.5,2005,5.6,2,0.0
35,8.9,137,5,45.5,-2.8,20050205,3.0,0.0,2005-02-05,0.7,1.3,2005,5.8,2,0.0
36,6.8,137,6,60.3,-8.3,20050206,1.1,0.0,2005-02-06,-1.0,1.1,2005,7.5,2,0.0
37,0.3,137,7,74.4,-3.8,20050207,0.7,0.0,2005-02-07,1.7,8.3,2005,6.6,2,0.0
38,5.5,137,8,78.6,-1.5,20050208,2.6,0.0,2005-02-08,2.7,5.6,2005,7.2,2,1.0
39,1.0,137,9,72.5,-4.2,20050209,3.2,0.0,2005-02-09,-0.2,6.3,2005,3.4,2,0.0
40,9.1,137,10,43.5,-6.6,20050210,4.0,0.0,2005-02-10,-3.4,0.6,2005,2.1,2,0.0
41,9.2,137,11,41.9,-9.5,20050211,3.6,0.0,2005-02-11,-5.1,0.5,2005,0.9,2,0.0
42,3.0,137,12,36.8,-8.0,20050212,2.3,0.0,2005-02-12,-3.1,4.4,2005,1.7,2,0.0
43,9.2,137,13,39.4,-5.6,20050213,3.5,0.0,2005-02-13,-0.9,0.0,2005,6.0,2,0.0
44,2.3,137,14,57.9,-6.9,20050214,0.9,0.0,2005-02-14,-1.2,6.8,2005,3.8,2,0.0
45,0.0,137,15,67.9,-2.4,20050215,1.3,0.0,2005-02-15,2.2,10.0,2005,5.8,2,10.5
46,0.0,137,16,96.4,1.0,20050216,1.4,0.0,2005-02-16,2.6,9.8,2005,4.3,2,12.0
47,3.6,137,17,77.6,0.7,20050217,1.6,0.0,2005-02-17,4.5,7.6,2005,10.2,2,0.0
48,0.8,137,18,84.8,-0.3,20050218,2.4,0.0,2005-02-18,1.6,8.3,2005,3.4,2,3.0
49,5.6,137,19,65.9,-6.7,20050219,3.6,0.0,2005-02-19,-1.1,4.9,2005,3.4,2,0.0
50,8.8,137,20,48.9,-9.8,20050220,3.6,0.0,2005-02-20,-5.8,2.4,2005,-0.9,2,0.0
51,9.8,137,21,47.1,-9.9,20050221,2.9,0.0,2005-02-21,-5.6,0.3,2005,-0.7,2,0.0
52,0.1,137,22,63.3,-10.6,20050222,1.8,0.0,2005-02-22,-2.4,6.8,2005,6.1,2,0.2
53,8.0,137,23,45.6,-2.6,20050223,4.0,0.0,2005-02-23,0.9,1.4,2005,5.0,2,0.0
54,3.8,137,24,45.0,-4.0,20050224,1.3,0.0,2005-02-24,0.3,4.1,2005,6.3,2,0.0
55,9.7,137,25,34.6,-5.2,20050225,4.3,0.0,2005-02-25,-2.4,0.4,2005,2.1,2,0.0
56,9.8,137,26,37.0,-8.6,20050226,3.5,0.0,2005-02-26,-3.7,0.0,2005,1.7,2,0.0
57,7.9,137,27,37.1,-6.1,20050227,3.4,0.0,2005-02-27,-1.1,2.6,2005,4.2,2,0.0
58,8.2,137,28,42.5,-4.0,20050228,3.1,0.0,2005-02-28,1.5,1.4,2005,7.6,2,0.0
59,9.6,137,1,41.4,-3.6,20050301,3.1,0.0,2005-03-01,1.3,0.9,2005,6.4,3,0.0
60,0.8,137,2,65.6,-1.6,20050302,2.0,0.0,2005-03-02,0.7,7.0,2005,4.3,3,0.5
61,8.7,137,3,47.6,-3.6,20050303,3.2,0.0,2005-03-03,-0.4,2.6,2005,4.5,3,0.0
62,9.5,137,4,39.9,-4.5,20050304,2.8,0.0,2005-03-04,0.4,3.5,2005,6.5,3,0.0
63,7.1,137,5,63.0,-5.3,20050305,2.0,2.2,2005-03-05,-0.3,4.4,2005,5.9,3,2.0
64,9.7,137,6,53.3,-5.1,20050306,3.0,0.0,2005-03-06,1.5,0.4,2005,8.2,3,0.0
65,9.1,137,7,50.9,-0.9,20050307,3.8,0.0,2005-03-07,6.3,0.4,2005,14.3,3,0.0
66,9.4,137,8,52.0,5.1,20050308,2.9,0.0,2005-03-08,9.3,2.0,2005,14.7,3,0.0
67,8.8,137,9,47.9,-1.9,20050309,1.2,0.0,2005-03-09,7.0,0.9,2005,15.8,3,0.0
68,6.3,137,10,65.3,2.1,20050310,2.0,0.0,2005-03-10,11.5,6.1,2005,21.6,3,0.0
69,2.1,137,11,71.6,-3.5,20050311,5.4,0.0,2005-03-11,3.5,6.6,2005,11.8,3,2.0
70,10.4,137,12,41.4,-6.1,20050312,5.6,0.0,2005-03-12,-3.0,1.1,2005,0.9,3,0.0
71,10.4,137,13,38.6,-5.9,20050313,4.5,0.0,2005-03-13,-1.2,0.6,2005,3.7,3,0.0
72,10.8,137,14,39.9,-2.6,20050314,3.0,0.0,2005-03-14,3.5,1.5,2005,10.4,3,0.0
73,3.1,137,15,64.6,-0.5,20050315,1.9,0.0,2005-03-15,4.5,8.1,2005,11.1,3,0.1
74,9.0,137,16,67.3,-0.6,20050316,1.4,0.0,2005-03-16,7.7,5.4,2005,16.0,3,0.0
75,3.7,137,17,78.0,4.0,20050317,3.0,0.0,2005-03-17,6.8,8.6,2005,11.5,3,11.5
76,10.2,137,18,46.9,1.3,20050318,4.6,0.0,2005-03-18,4.6,1.3,2005,9.8,3,0.0
77,9.9,137,19,42.4,-1.4,20050319,2.5,0.0,2005-03-19,6.0,2.3,2005,14.2,3,0.0
78,8.5,137,20,49.3,3.0,20050320,3.9,0.0,2005-03-20,7.2,2.3,2005,13.1,3,0.0
79,7.5,137,21,61.6,-1.9,20050321,1.6,0.0,2005-03-21,8.0,5.1,2005,16.6,3,0.3
80,5.2,137,22,78.6,4.0,20050322,1.9,0.0,2005-03-22,8.2,6.9,2005,15.2,3,24.0
81,3.8,137,23,58.3,5.3,20050323,2.5,0.0,2005-03-23,8.7,5.6,2005,14.9,3,0.0
82,7.5,137,24,61.6,-0.7,20050324,5.3,0.0,2005-03-24,2.6,5.8,2005,6.2,3,1.5
83,10.7,137,25,48.6,-1.5,20050325,5.6,0.0,2005-03-25,3.9,0.4,2005,8.7,3,0.0
84,8.8,137,26,55.5,3.1,20050326,2.5,0.0,2005-03-26,9.8,5.3,2005,17.0,3,0.0
85,7.7,137,27,69.3,0.9,20050327,1.4,0.0,2005-03-27,9.9,7.0,2005,17.8,3,0.0
86,10.3,137,28,54.5,4.5,20050328,3.8,0.0,2005-03-28,10.8,3.9,2005,18.9,3,0.0
87,11.1,137,29,40.6,2.2,20050329,4.2,0.0,2005-03-29,5.7,0.0,2005,11.3,3,0.0
88,10.9,137,30,38.6,0.7,20050330,4.5,0.0,2005-03-30,7.8,0.0,2005,15.7,3,0.0
89,10.6,137,31,41.3,2.9,20050331,2.7,0.0,2005-03-31,11.3,0.0,2005,18.7,3,0.0
90,6.7,137,1,40.1,1.4,20050401,1.5,0.0,2005-04-01,10.6,3.9,2005,19.5,4,0.0
91,8.7,137,2,37.8,2.9,20050402,2.2,0.0,2005-04-02,11.9,5.5,2005,20.5,4,0.0
92,1.6,137,3,69.6,3.9,20050403,2.0,0.0,2005-04-03,7.6,7.1,2005,11.3,4,3.0
93,11.1,137,4,52.1,0.0,20050404,2.7,0.0,2005-04-04,9.5,1.3,2005,17.0,4,0.0
94,10.9,137,5,37.0,4.2,20050405,2.6,0.0,2005-04-05,15.3,0.3,2005,25.2,4,0.0
95,0.0,137,6,75.8,3.4,20050406,0.7,0.0,2005-04-06,10.6,7.5,2005,16.1,4,2.5
96,5.3,137,7,75.6,7.6,20050407,3.1,0.0,2005-04-07,16.9,6.4,2005,24.8,4,0.0
97,10.4,137,8,53.1,6.6,20050408,2.2,0.0,2005-04-08,15.2,1.4,2005,24.6,4,0.0
98,0.2,137,9,84.6,7.0,20050409,2.1,0.0,2005-04-09,10.2,7.8,2005,12.7,4,1.0
99,0.0,137,10,85.8,9.5,20050410,2.5,0.0,2005-04-10,11.4,9.3,2005,13.6,4,14.5
100,4.9,137,11,61.5,6.0,20050411,1.9,0.0,2005-04-11,10.3,5.5,2005,15.8,4,0.0
101,2.0,137,12,66.8,4.6,20050412,1.6,0.0,2005-04-12,9.7,8.1,2005,16.8,4,0.0
102,10.3,137,13,45.8,6.3,20050413,4.0,0.0,2005-04-13,11.4,1.9,2005,17.3,4,0.0
103,11.5,137,14,39.9,3.8,20050414,4.0,0.0,2005-04-14,13.0,0.6,2005,20.4,4,0.0
104,11.9,137,15,36.6,5.6,20050415,3.2,0.0,2005-04-15,11.4,0.1,2005,18.7,4,0.0
105,12.0,137,16,22.3,3.3,20050416,2.8,0.0,2005-04-16,13.0,0.0,2005,21.6,4,0.0
106,9.2,137,17,34.3,3.7,20050417,1.7,0.0,2005-04-17,15.7,4.1,2005,24.8,4,0.0
107,5.7,137,18,64.5,9.8,20050418,1.6,0.0,2005-04-18,14.7,6.4,2005,25.2,4,6.0
108,1.4,137,19,76.5,7.7,20050419,1.7,0.0,2005-04-19,14.4,8.5,2005,23.0,4,15.5
109,10.5,137,20,48.4,7.8,20050420,4.3,0.0,2005-04-20,12.7,1.9,2005,17.0,4,8.0
110,8.9,137,21,37.4,8.2,20050421,3.9,0.0,2005-04-21,12.2,2.8,2005,17.2,4,0.0
111,11.8,137,22,31.3,7.8,20050422,5.0,0.0,2005-04-22,13.1,0.5,2005,19.7,4,0.0
112,12.2,137,23,43.0,5.6,20050423,1.7,0.0,2005-04-23,13.7,0.0,2005,21.3,4,0.0
113,11.3,137,24,55.3,3.8,20050424,1.6,0.0,2005-04-24,14.2,2.8,2005,23.4,4,0.0
114,9.7,137,25,48.8,10.9,20050425,2.9,0.0,2005-04-25,16.3,4.3,2005,22.3,4,0.0
115,12.1,137,26,44.1,9.3,20050426,2.5,0.0,2005-04-26,16.5,1.1,2005,23.6,4,0.0
116,8.1,137,27,45.4,6.2,20050427,1.8,0.0,2005-04-27,18.5,3.6,2005,29.3,4,0.0
117,9.5,137,28,54.0,14.1,20050428,3.3,0.0,2005-04-28,23.6,2.3,2005,32.3,4,0.0
118,5.8,137,29,62.4,17.8,20050429,1.9,0.0,2005-04-29,22.6,4.1,2005,28.8,4,0.0
119,7.0,137,30,74.8,15.2,20050430,1.4,0.0,2005-04-30,22.1,6.0,2005,31.3,4,0.0
120,2.3,137,1,74.9,17.6,20050501,1.4,0.0,2005-05-01,21.5,7.9,2005,27.2,5,0.0
121,11.6,137,2,45.1,14.9,20050502,1.7,0.0,2005-05-02,20.2,0.9,2005,28.7,5,0.0
122,12.3,137,3,36.1,7.2,20050503,1.6,0.0,2005-05-03,19.4,0.0,2005,30.6,5,0.0
123,11.6,137,4,30.6,10.5,20050504,1.2,0.0,2005-05-04,21.4,0.4,2005,30.9,5,0.0
124,4.0,137,5,74.0,10.7,20050505,1.6,0.0,2005-05-05,17.3,7.8,2005,24.4,5,12.0
125,0.0,137,6,94.3,12.3,20050506,1.7,0.0,2005-05-06,13.7,10.0,2005,14.8,5,10.5
126,1.2,137,7,79.4,11.3,20050507,1.4,0.0,2005-05-07,14.2,8.0,2005,19.7,5,0.0
127,2.6,137,8,74.4,10.9,20050508,1.5,0.0,2005-05-08,14.7,7.6,2005,21.3,5,0.1
128,11.3,137,9,48.3,8.7,20050509,3.3,0.0,2005-05-09,13.9,1.4,2005,19.9,5,0.0
129,12.5,137,10,55.3,7.6,20050510,1.9,0.0,2005-05-10,14.5,0.5,2005,22.2,5,0.0
130,4.2,137,11,71.1,9.0,20050511,1.0,0.0,2005-05-11,14.4,7.9,2005,22.4,5,6.0
131,4.1,137,12,76.6,11.2,20050512,1.4,0.0,2005-05-12,14.9,6.0,2005,21.8,5,1.5
132,6.1,137,13,72.1,8.5,20050513,1.1,0.0,2005-05-13,14.8,5.6,2005,22.4,5,0.0
133,10.7,137,14,67.9,8.9,20050514,1.6,0.0,2005-05-14,16.8,2.3,2005,25.2,5,0.0
134,11.9,137,15,60.3,10.8,20050515,1.4,0.0,2005-05-15,18.3,0.0,2005,26.7,5,0.0
135,10.9,137,16,64.8,8.3,20050516,0.9,0.0,2005-05-16,17.6,0.8,2005,26.5,5,0.0
136,2.9,137,17,69.9,13.4,20050517,2.0,0.0,2005-05-17,18.9,7.9,2005,25.3,5,16.0
137,0.1,137,18,84.6,14.4,20050518,3.2,0.0,2005-05-18,16.2,8.0,2005,19.7,5,11.0
138,11.4,137,19,59.9,11.8,20050519,2.6,0.0,2005-05-19,18.9,0.8,2005,26.5,5,0.0
139,11.1,137,20,47.3,12.8,20050520,2.5,0.0,2005-05-20,19.4,2.4,2005,25.7,5,0.0
140,1.9,137,21,50.8,10.8,20050521,1.5,0.0,2005-05-21,17.1,7.9,2005,22.2,5,0.0
141,3.9,137,22,63.4,11.7,20050522,1.4,0.0,2005-05-22,17.4,8.5,2005,23.4,5,0.0
142,10.9,137,23,58.4,14.2,20050523,3.6,0.0,2005-05-23,18.1,4.0,2005,22.7,5,0.0
143,9.8,137,24,59.1,11.6,20050524,1.9,0.0,2005-05-24,17.5,1.5,2005,24.9,5,0.0
144,9.9,137,25,60.6,9.2,20050525,1.7,0.0,2005-05-25,18.9,2.3,2005,27.0,5,0.0
145,11.6,137,26,46.5,16.2,20050526,2.6,0.0,2005-05-26,22.1,1.8,2005,29.5,5,0.0
146,11.8,137,27,50.8,14.7,20050527,1.8,0.0,2005-05-27,21.9,1.9,2005,29.8,5,0.0
147,9.2,137,28,57.4,12.4,20050528,1.1,0.0,2005-05-28,20.4,6.0,2005,29.7,5,0.0
148,12.5,137,29,53.9,11.7,20050529,1.3,0.0,2005-05-29,20.9,0.5,2005,29.7,5,0.0
149,9.2,137,30,60.1,11.3,20050530,1.1,0.0,2005-05-30,20.7,3.6,2005,29.9,5,0.0
150,12.0,137,31,48.3,15.9,20050531,1.7,0.0,2005-05-31,22.4,2.0,2005,29.5,5,0.0
151,3.2,137,1,74.3,12.6,20050601,1.0,0.0,2005-06-01,19.0,8.1,2005,26.9,6,9.5
152,3.4,137,2,90.3,16.4,20050602,1.1,0.0,2005-06-02,19.6,7.1,2005,25.5,6,19.0
153,8.9,137,3,73.8,16.8,20050603,1.7,0.0,2005-06-03,21.2,4.8,2005,27.5,6,0.0
154,4.0,137,4,76.8,15.8,20050604,1.8,0.0,2005-06-04,19.5,5.3,2005,25.0,6,0.0
155,11.1,137,5,69.9,12.9,20050605,1.1,0.0,2005-06-05,20.6,1.0,2005,28.5,6,0.0
156,8.2,137,6,70.3,13.4,20050606,1.0,0.0,2005-06-06,21.8,5.0,2005,30.1,6,0.0
157,2.8,137,7,75.1,17.1,20050607,0.9,0.0,2005-06-07,22.6,8.4,2005,28.5,6,0.0
158,10.0,137,8,61.0,19.8,20050608,1.2,0.0,2005-06-08,24.4,2.8,2005,30.1,6,0.0
159,8.4,137,9,69.3,18.2,20050609,1.0,0.0,2005-06-09,24.1,8.1,2005,31.3,6,0.0
160,0.0,137,10,93.5,15.9,20050610,0.9,0.0,2005-06-10,17.8,10.0,2005,22.4,6,49.0
161,12.3,137,11,74.3,16.6,20050611,2.1,0.0,2005-06-11,22.9,4.3,2005,29.6,6,0.1
162,11.2,137,12,70.8,18.4,20050612,2.1,0.0,2005-06-12,22.6,2.6,2005,28.6,6,0.0
163,9.2,137,13,77.8,15.3,20050613,0.8,0.0,2005-06-13,22.7,2.4,2005,30.4,6,0.0
164,11.4,137,14,67.4,18.2,20050614,1.5,0.0,2005-06-14,23.6,2.5,2005,30.0,6,0.0
165,2.1,137,15,83.5,15.0,20050615,1.2,0.0,2005-06-15,19.3,8.6,2005,25.4,6,1.5
166,7.8,137,16,74.3,17.7,20050616,1.1,0.0,2005-06-16,22.0,7.0,2005,28.2,6,4.0
167,7.0,137,17,75.5,17.6,20050617,1.1,0.0,2005-06-17,22.5,5.6,2005,29.2,6,0.0
168,6.4,137,18,72.8,19.2,20050618,1.5,0.0,2005-06-18,23.3,6.9,2005,29.5,6,0.5
169,1.5,137,19,80.9,18.6,20050619,0.7,0.0,2005-06-19,22.1,7.4,2005,26.5,6,0.2
170,9.8,137,20,68.6,18.0,20050620,1.4,0.0,2005-06-20,24.8,4.0,2005,30.9,6,0.0
171,9.9,137,21,67.6,19.7,20050621,1.4,0.0,2005-06-21,25.3,3.9,2005,31.3,6,0.0
172,12.2,137,22,67.1,20.9,20050622,2.3,0.0,2005-06-22,25.8,2.0,2005,32.1,6,0.0
173,11.9,137,23,64.3,21.3,20050623,2.2,0.0,2005-06-23,26.5,2.4,2005,32.1,6,0.0
174,11.9,137,24,64.8,21.0,20050624,2.5,0.0,2005-06-24,27.6,0.0,2005,34.0,6,0.0
175,8.4,137,25,61.5,21.5,20050625,1.9,0.0,2005-06-25,28.2,4.4,2005,34.8,6,0.0
176,3.2,137,26,84.6,21.9,20050626,1.2,0.0,2005-06-26,24.9,9.1,2005,31.0,6,14.0
177,0.0,137,27,93.5,23.5,20050627,1.2,0.0,2005-06-27,25.1,9.9,2005,29.8,6,18.5
178,0.0,137,28,91.1,22.7,20050628,1.3,0.0,2005-06-28,23.8,10.0,2005,25.6,6,3.5
179,0.0,137,29,92.6,22.1,20050629,0.6,0.0,2005-06-29,24.3,9.1,2005,28.0,6,9.5
180,0.0,137,30,79.0,22.0,20050630,1.2,0.0,2005-06-30,26.8,6.4,2005,32.2,6,0.0
181,0.0,137,1,92.0,19.7,20050701,1.1,0.0,2005-07-01,21.9,9.5,2005,24.2,7,29.0
182,0.0,137,2,92.5,20.2,20050702,0.7,0.0,2005-07-02,23.4,9.9,2005,26.4,7,19.0
183,0.0,137,3,95.0,19.9,20050703,0.7,0.0,2005-07-03,21.5,10.0,2005,25.4,7,43.5
184,0.0,137,4,83.0,20.2,20050704,1.8,0.0,2005-07-04,24.5,7.0,2005,28.9,7,0.5
185,0.0,137,5,77.8,21.9,20050705,1.7,0.0,2005-07-05,24.6,7.9,2005,29.3,7,0.0
186,7.3,137,6,76.8,19.6,20050706,1.7,0.0,2005-07-06,24.9,4.5,2005,31.2,7,0.0
187,0.0,137,7,91.6,20.1,20050707,1.1,0.0,2005-07-07,21.9,9.0,2005,25.2,7,1.0
188,0.0,137,8,86.5,19.7,20050708,1.1,0.0,2005-07-08,22.6,10.0,2005,27.0,7,0.9
189,0.0,137,9,95.5,21.0,20050709,0.9,0.0,2005-07-09,22.0,10.0,2005,23.1,7,35.0
190,0.0,137,10,86.3,21.0,20050710,1.2,0.0,2005-07-10,24.1,9.6,2005,27.6,7,1.5
191,0.0,137,11,95.1,17.6,20050711,1.8,0.0,2005-07-11,18.2,10.0,2005,21.1,7,114.0
192,1.0,137,12,85.8,17.9,20050712,0.6,0.0,2005-07-12,22.3,7.8,2005,27.2,7,2.0
193,0.6,137,13,84.3,20.2,20050713,0.9,0.0,2005-07-13,23.9,8.8,2005,28.6,7,6.0
194,9.7,137,14,79.4,21.0,20050714,0.9,0.0,2005-07-14,25.8,4.9,2005,31.2,7,0.0
195,9.7,137,15,77.4,22.0,20050715,1.0,0.0,2005-07-15,26.6,4.1,2005,32.8,7,0.0
196,1.6,137,16,78.9,23.2,20050716,1.5,0.0,2005-07-16,26.9,7.9,2005,31.3,7,0.0
197,3.5,137,17,81.6,22.2,20050717,1.0,0.0,2005-07-17,26.0,7.3,2005,31.4,7,2.0
198,5.4,137,18,73.6,24.0,20050718,2.1,0.0,2005-07-18,27.2,5.0,2005,32.1,7,0.0
199,12.4,137,19,72.9,23.9,20050719,1.8,0.0,2005-07-19,28.0,1.6,2005,33.1,7,0.0
200,12.5,137,20,73.5,24.0,20050720,2.2,0.0,2005-07-20,28.6,0.1,2005,33.2,7,0.0
201,12.3,137,21,71.6,24.1,20050721,2.5,0.0,2005-07-21,28.8,0.0,2005,33.8,7,0.0
202,11.0,137,22,74.3,23.5,20050722,1.1,0.0,2005-07-22,29.2,0.5,2005,35.3,7,0.0
203,10.3,137,23,75.5,24.6,20050723,1.0,0.0,2005-07-23,28.6,3.8,2005,33.9,7,0.0
204,4.1,137,24,78.3,22.8,20050724,0.7,0.0,2005-07-24,27.2,5.8,2005,31.4,7,0.0
205,5.3,137,25,75.8,21.8,20050725,0.9,0.0,2005-07-25,26.4,6.5,2005,31.8,7,0.0
206,8.8,137,26,80.4,22.0,20050726,1.2,0.0,2005-07-26,25.8,4.6,2005,32.3,7,1.5
207,5.0,137,27,79.0,22.8,20050727,0.7,0.0,2005-07-27,27.0,7.4,2005,32.1,7,0.0
208,0.0,137,28,93.8,23.1,20050728,0.6,0.0,2005-07-28,24.0,9.4,2005,27.1,7,30.5
209,11.1,137,29,73.8,23.0,20050729,2.1,0.0,2005-07-29,26.9,3.0,2005,31.8,7,4.5
210,11.1,137,30,74.8,22.3,20050730,1.5,0.0,2005-07-30,26.8,7.6,2005,32.3,7,0.0
211,9.9,137,31,74.1,22.0,20050731,0.9,0.0,2005-07-31,27.1,3.9,2005,32.9,7,0.1
212,1.0,137,1,88.3,22.9,20050801,1.0,0.0,2005-08-01,25.6,8.9,2005,30.7,8,14.5
213,1.3,137,2,89.9,23.6,20050802,0.7,0.0,2005-08-02,26.2,8.3,2005,31.0,8,40.5
214,0.5,137,3,94.8,23.5,20050803,0.5,0.0,2005-08-03,25.2,8.1,2005,28.8,8,72.5
215,10.0,137,4,84.9,22.4,20050804,0.8,0.0,2005-08-04,27.6,2.0,2005,33.8,8,0.0
216,9.6,137,5,81.8,23.8,20050805,0.8,0.0,2005-08-05,28.0,2.9,2005,34.3,8,0.0
217,9.3,137,6,85.0,22.3,20050806,0.8,0.0,2005-08-06,26.3,5.4,2005,34.6,8,3.0
218,5.0,137,7,85.5,22.6,20050807,0.5,0.0,2005-08-07,26.4,8.6,2005,31.7,8,0.0
219,2.0,137,8,86.8,23.9,20050808,1.0,0.0,2005-08-08,26.0,9.0,2005,31.0,8,2.5
220,5.6,137,9,81.5,23.8,20050809,1.2,0.0,2005-08-09,27.1,5.6,2005,32.4,8,3.0
221,0.9,137,10,92.8,22.5,20050810,0.3,0.0,2005-08-10,24.0,8.8,2005,30.6,8,26.5
222,0.6,137,11,95.1,22.7,20050811,0.4,0.0,2005-08-11,24.4,9.9,2005,28.0,8,18.5
223,4.6,137,12,83.1,23.5,20050812,1.0,0.0,2005-08-12,26.8,6.0,2005,32.2,8,0.0
224,6.5,137,13,75.3,24.2,20050813,2.2,0.0,2005-08-13,28.5,5.6,2005,32.9,8,0.0
225,8.9,137,14,74.6,25.5,20050814,2.4,0.0,2005-08-14,28.4,5.1,2005,32.8,8,0.0
226,2.8,137,15,78.6,23.0,20050815,1.7,0.0,2005-08-15,27.2,6.1,2005,31.9,8,0.0
227,7.7,137,16,84.4,21.9,20050816,0.7,0.0,2005-08-16,27.3,4.3,2005,33.4,8,0.0
228,2.0,137,17,84.5,23.9,20050817,0.6,0.0,2005-08-17,26.9,6.0,2005,32.3,8,0.0
229,3.5,137,18,91.6,21.8,20050818,0.7,0.0,2005-08-18,24.0,8.3,2005,32.0,8,21.5
230,0.0,137,19,96.8,20.2,20050819,0.6,0.0,2005-08-19,22.8,9.8,2005,25.9,8,40.0
231,0.0,137,20,96.4,19.2,20050820,0.3,0.0,2005-08-20,20.9,10.0,2005,23.1,8,51.5
232,0.4,137,21,84.4,20.4,20050821,0.8,0.0,2005-08-21,23.7,8.8,2005,28.3,8,0.0
233,0.0,137,22,95.9,19.3,20050822,0.5,0.0,2005-08-22,20.6,8.1,2005,22.1,8,21.0
234,11.9,137,23,72.5,16.6,20050823,1.1,0.0,2005-08-23,21.9,1.3,2005,28.3,8,0.0
235,1.4,137,24,86.3,14.1,20050824,1.6,0.0,2005-08-24,18.8,8.4,2005,25.5,8,9.0
236,0.5,137,25,93.1,17.7,20050825,0.8,0.0,2005-08-25,22.0,9.5,2005,27.4,8,10.0
237,5.9,137,26,77.6,18.4,20050826,2.4,0.0,2005-08-26,22.1,5.6,2005,26.6,8,0.3
238,6.2,137,27,77.9,19.0,20050827,1.5,0.0,2005-08-27,23.2,4.4,2005,29.1,8,0.0
239,6.6,137,28,75.8,17.2,20050828,1.5,0.0,2005-08-28,22.9,1.4,2005,28.5,8,0.0
240,7.9,137,29,78.4,18.0,20050829,1.2,0.0,2005-08-29,23.9,4.9,2005,30.1,8,0.0
241,0.0,137,30,80.4,18.7,20050830,1.1,0.0,2005-08-30,22.6,8.0,2005,26.4,8,0.0
242,5.4,137,31,82.6,16.5,20050831,0.5,0.0,2005-08-31,22.7,5.5,2005,29.5,8,0.0
243,6.4,137,1,81.4,19.3,20050901,0.8,0.0,2005-09-01,26.5,3.8,2005,33.2,9,0.0
244,7.2,137,2,79.6,23.8,20050902,1.7,0.0,2005-09-02,26.9,8.1,2005,31.9,9,0.5
245,1.1,137,3,88.8,19.5,20050903,0.9,0.0,2005-09-03,23.7,9.3,2005,28.9,9,13.0
246,0.6,137,4,87.4,16.2,20050904,0.9,0.0,2005-09-04,19.9,8.1,2005,24.5,9,6.0
247,7.9,137,5,70.9,13.1,20050905,1.8,0.0,2005-09-05,20.2,4.3,2005,27.0,9,0.0
248,0.0,137,6,78.3,18.4,20050906,2.3,0.0,2005-09-06,20.4,9.6,2005,23.5,9,4.5
249,5.0,137,7,70.9,19.8,20050907,2.0,0.0,2005-09-07,23.8,6.1,2005,28.9,9,0.0
250,5.2,137,8,79.0,19.9,20050908,0.6,0.0,2005-09-08,23.7,5.1,2005,29.2,9,0.0
251,0.2,137,9,91.0,18.9,20050909,1.0,0.0,2005-09-09,20.5,8.5,2005,23.8,9,14.5
252,1.1,137,10,89.8,19.6,20050910,0.4,0.0,2005-09-10,22.1,8.1,2005,26.7,9,0.2
253,6.9,137,11,87.1,19.8,20050911,0.4,0.0,2005-09-11,24.4,3.9,2005,31.1,9,0.0
254,6.4,137,12,84.4,21.2,20050912,0.7,0.0,2005-09-12,25.9,6.8,2005,32.4,9,0.0
255,0.3,137,13,92.0,21.4,20050913,1.0,0.0,2005-09-13,24.0,9.4,2005,28.8,9,1.5
256,6.4,137,14,79.9,19.2,20050914,1.9,0.0,2005-09-14,22.0,6.9,2005,27.0,9,1.0
257,7.7,137,15,79.6,15.0,20050915,1.0,0.0,2005-09-15,19.6,4.5,2005,25.4,9,0.0
258,8.7,137,16,81.5,13.6,20050916,0.5,0.0,2005-09-16,19.7,2.6,2005,26.4,9,0.0
259,8.8,137,17,80.3,16.6,20050917,0.7,0.0,2005-09-17,23.4,5.8,2005,30.2,9,0.0
260,0.9,137,18,89.6,20.0,20050918,1.0,0.0,2005-09-18,22.7,8.0,2005,27.3,9,12.0
261,1.5,137,19,87.3,15.1,20050919,1.3,0.0,2005-09-19,19.9,9.3,2005,27.0,9,3.0
262,2.8,137,20,84.6,15.0,20050920,0.5,0.0,2005-09-20,19.5,9.9,2005,25.0,9,0.5
263,0.0,137,21,95.1,14.3,20050921,1.3,0.0,2005-09-21,15.7,10.0,2005,20.3,9,51.0
264,0.0,137,22,98.1,15.2,20050922,0.3,0.0,2005-09-22,16.8,10.0,2005,17.8,9,20.0
265,0.0,137,23,89.8,16.7,20050923,0.6,0.0,2005-09-23,18.7,10.0,2005,21.1,9,0.0
266,4.7,137,24,82.5,14.8,20050924,0.7,0.0,2005-09-24,19.1,5.1,2005,24.5,9,0.0
267,3.9,137,25,84.9,11.1,20050925,0.6,0.0,2005-09-25,17.1,5.8,2005,24.5,9,0.0
268,7.6,137,26,78.5,13.5,20050926,0.7,0.0,2005-09-26,17.8,5.1,2005,24.7,9,0.0
269,1.3,137,27,87.0,12.8,20050927,0.5,0.0,2005-09-27,16.1,5.4,2005,22.6,9,0.0
270,5.1,137,28,85.3,10.2,20050928,0.7,0.0,2005-09-28,16.1,2.1,2005,24.1,9,0.0
271,2.1,137,29,80.3,10.7,20050929,0.9,0.0,2005-09-29,17.7,6.0,2005,25.1,9,0.0
272,0.0,137,30,95.8,16.0,20050930,0.2,0.0,2005-09-30,16.8,10.0,2005,17.4,9,10.5
273,0.0,137,1,95.8,17.2,20051001,0.6,0.0,2005-10-01,20.0,9.8,2005,22.2,10,5.0
274,0.3,137,2,75.6,17.1,20051002,2.2,0.0,2005-10-02,20.8,8.0,2005,24.6,10,0.0
275,0.8,137,3,74.5,13.9,20051003,1.1,0.0,2005-10-03,18.8,8.5,2005,24.8,10,0.2
276,0.0,137,4,77.1,9.6,20051004,1.7,0.0,2005-10-04,13.9,7.8,2005,18.9,10,0.5
277,1.0,137,5,87.4,7.9,20051005,0.3,0.0,2005-10-05,11.8,5.1,2005,19.8,10,0.0
278,2.7,137,6,86.3,6.9,20051006,0.6,0.0,2005-10-06,13.0,5.1,2005,22.0,10,0.0
279,0.0,137,7,92.6,12.1,20051007,1.0,0.0,2005-10-07,14.5,9.5,2005,16.4,10,1.0
280,1.4,137,8,82.3,12.1,20051008,1.5,0.0,2005-10-08,15.7,5.5,2005,22.0,10,0.0
281,1.3,137,9,86.0,9.1,20051009,0.6,0.0,2005-10-09,14.3,5.1,2005,20.8,10,0.0
282,7.2,137,10,79.6,7.6,20051010,0.7,0.0,2005-10-10,14.2,0.8,2005,23.4,10,0.0
283,5.6,137,11,77.3,8.0,20051011,0.8,0.0,2005-10-11,14.4,3.1,2005,22.8,10,0.0
284,8.1,137,12,76.6,7.6,20051012,0.9,0.0,2005-10-12,14.9,2.6,2005,23.6,10,0.0
285,3.5,137,13,79.1,10.0,20051013,0.6,0.0,2005-10-13,16.0,5.6,2005,23.7,10,0.0
286,4.2,137,14,64.3,10.3,20051014,2.5,0.0,2005-10-14,15.8,6.1,2005,20.8,10,0.3
287,7.5,137,15,54.4,8.7,20051015,2.1,0.0,2005-10-15,13.9,2.5,2005,20.7,10,0.0
288,9.2,137,16,68.0,5.9,20051016,1.0,0.0,2005-10-16,12.6,0.1,2005,21.5,10,0.0
289,9.2,137,17,73.5,4.1,20051017,0.8,0.0,2005-10-17,12.5,0.0,2005,23.2,10,0.0
290,7.1,137,18,80.8,5.8,20051018,0.6,0.0,2005-10-18,12.6,0.4,2005,22.3,10,0.0
291,0.5,137,19,88.0,8.9,20051019,0.5,0.0,2005-10-19,12.5,5.0,2005,18.8,10,0.0
292,6.0,137,20,85.1,7.6,20051020,0.5,0.0,2005-10-20,11.8,4.4,2005,21.2,10,0.0
293,0.0,137,21,89.1,6.9,20051021,1.5,0.0,2005-10-21,11.0,8.8,2005,13.9,10,1.0
294,9.3,137,22,58.8,5.4,20051022,2.1,0.0,2005-10-22,8.8,2.4,2005,13.2,10,3.0
295,8.4,137,23,53.3,2.8,20051023,2.4,0.0,2005-10-23,9.8,1.1,2005,16.4,10,0.0
296,7.4,137,24,65.4,6.5,20051024,2.5,0.0,2005-10-24,13.0,0.9,2005,18.5,10,0.0
297,2.9,137,25,86.5,6.0,20051025,0.7,0.0,2005-10-25,11.0,6.5,2005,17.0,10,0.0
298,1.1,137,26,89.3,7.7,20051026,0.5,0.0,2005-10-26,11.8,5.3,2005,19.6,10,0.0
299,3.0,137,27,93.8,7.8,20051027,0.3,0.0,2005-10-27,10.9,6.6,2005,18.1,10,0.0
300,0.0,137,28,82.4,8.2,20051028,1.4,0.0,2005-10-28,11.4,8.0,2005,16.9,10,0.2
301,5.6,137,29,54.6,7.0,20051029,2.6,0.0,2005-10-29,11.1,7.4,2005,16.0,10,0.0
302,4.1,137,30,61.0,5.9,20051030,2.0,0.0,2005-10-30,9.8,6.0,2005,14.1,10,0.0
303,9.2,137,31,60.5,4.0,20051031,1.8,0.0,2005-10-31,9.3,0.0,2005,16.9,10,0.0
304,8.8,137,1,67.5,0.7,20051101,1.5,0.0,2005-11-01,9.6,1.6,2005,17.9,11,0.0
305,5.7,137,2,74.4,3.7,20051102,1.1,0.0,2005-11-02,10.8,1.9,2005,19.1,11,0.0
306,7.7,137,3,69.6,6.7,20051103,0.7,0.0,2005-11-03,13.3,1.8,2005,23.2,11,0.0
307,6.4,137,4,78.5,5.5,20051104,0.7,0.0,2005-11-04,13.4,3.5,2005,23.1,11,0.0
308,3.1,137,5,85.5,7.9,20051105,0.7,0.0,2005-11-05,14.1,6.1,2005,20.0,11,0.0
309,1.6,137,6,80.4,10.3,20051106,2.4,0.0,2005-11-06,15.2,6.4,2005,19.7,11,7.0
310,8.8,137,7,56.5,6.0,20051107,2.2,0.0,2005-11-07,10.5,0.0,2005,17.2,11,0.0
311,8.9,137,8,45.5,6.1,20051108,3.1,0.0,2005-11-08,10.5,0.5,2005,15.1,11,1.0
312,7.8,137,9,58.3,3.4,20051109,1.9,0.0,2005-11-09,9.6,1.6,2005,16.5,11,0.0
313,6.4,137,10,77.5,0.3,20051110,0.5,0.0,2005-11-10,8.3,1.4,2005,17.2,11,0.0
314,0.0,137,11,92.0,5.6,20051111,0.6,0.0,2005-11-11,9.3,7.5,2005,11.8,11,0.2
315,8.7,137,12,38.4,4.3,20051112,1.7,0.0,2005-11-12,10.0,0.0,2005,17.7,11,0.0
316,4.2,137,13,61.8,-0.6,20051113,0.7,0.0,2005-11-13,7.5,4.9,2005,15.4,11,0.0
317,3.4,137,14,38.3,3.7,20051114,2.6,0.0,2005-11-14,8.9,5.0,2005,14.7,11,0.0
318,8.7,137,15,37.1,-0.1,20051115,2.9,0.0,2005-11-15,4.4,0.1,2005,10.3,11,0.0
319,8.5,137,16,43.0,-3.6,20051116,1.9,0.0,2005-11-16,3.1,0.0,2005,9.7,11,0.0
320,8.2,137,17,40.5,-1.6,20051117,2.5,0.0,2005-11-17,4.0,0.0,2005,10.1,11,0.0
321,7.2,137,18,37.0,-1.5,20051118,2.6,0.0,2005-11-18,4.4,1.4,2005,10.2,11,0.0
322,5.1,137,19,47.8,-3.5,20051119,1.6,0.0,2005-11-19,2.0,3.1,2005,9.0,11,0.0
323,8.5,137,20,49.4,-6.2,20051120,1.7,0.0,2005-11-20,2.6,0.0,2005,11.1,11,0.0
324,2.2,137,21,62.4,-1.7,20051121,2.5,0.0,2005-11-21,4.9,2.8,2005,12.2,11,0.0
325,7.9,137,22,45.6,-0.9,20051122,2.6,0.0,2005-11-22,4.5,0.0,2005,10.4,11,0.0
326,4.0,137,23,65.1,-3.2,20051123,1.7,0.0,2005-11-23,5.5,4.4,2005,12.8,11,0.0
327,4.8,137,24,71.3,2.6,20051124,1.9,0.0,2005-11-24,7.4,1.4,2005,13.0,11,0.0
328,6.0,137,25,68.4,-1.0,20051125,1.5,0.0,2005-11-25,6.2,1.4,2005,14.2,11,0.0
329,3.4,137,26,79.6,-1.4,20051126,0.7,0.0,2005-11-26,4.4,3.0,2005,12.8,11,0.0
330,3.4,137,27,68.0,1.1,20051127,1.7,0.0,2005-11-27,7.2,2.8,2005,14.5,11,0.0
331,3.8,137,28,71.6,0.0,20051128,2.1,0.0,2005-11-28,5.8,7.0,2005,12.4,11,3.0
332,7.3,137,29,47.8,1.9,20051129,4.5,0.0,2005-11-29,5.6,2.0,2005,8.5,11,0.0
333,8.6,137,30,53.6,-2.0,20051130,1.7,0.0,2005-11-30,4.4,0.8,2005,11.1,11,0.0
334,5.0,137,1,68.6,-4.1,20051201,0.7,0.0,2005-12-01,2.6,3.1,2005,8.3,12,0.0
335,7.5,137,2,45.0,-1.5,20051202,3.2,0.0,2005-12-02,3.4,1.4,2005,7.3,12,0.0
336,7.2,137,3,37.9,-2.8,20051203,2.5,0.0,2005-12-03,0.5,3.8,2005,5.8,12,0.0
337,6.3,137,4,59.3,-5.6,20051204,3.3,1.5,2005-12-04,-2.3,4.4,2005,0.8,12,1.0
338,8.5,137,5,50.8,-8.3,20051205,3.5,0.0,2005-12-05,-4.8,0.6,2005,-1.1,12,0.0
339,8.0,137,6,57.3,-4.4,20051206,3.7,0.0,2005-12-06,-0.6,2.4,2005,4.9,12,0.0
340,6.7,137,7,63.3,-5.6,20051207,2.0,0.0,2005-12-07,-0.9,1.8,2005,4.7,12,0.0
341,8.5,137,8,56.8,-4.8,20051208,3.1,0.0,2005-12-08,-1.5,0.5,2005,2.8,12,0.0
342,8.3,137,9,53.3,-5.5,20051209,2.5,0.0,2005-12-09,-0.6,1.1,2005,5.1,12,0.0
343,3.8,137,10,53.1,-3.0,20051210,2.5,0.0,2005-12-10,0.2,4.0,2005,3.9,12,0.0
344,7.7,137,11,42.5,-7.8,20051211,3.0,0.0,2005-12-11,-4.6,0.9,2005,-0.3,12,0.0
345,8.3,137,12,49.8,-7.6,20051212,3.9,0.0,2005-12-12,-5.4,0.9,2005,-1.6,12,0.0
346,8.3,137,13,54.4,-9.6,20051213,4.3,0.0,2005-12-13,-6.4,1.0,2005,-1.9,12,0.0
347,8.4,137,14,49.1,-8.6,20051214,3.2,0.0,2005-12-14,-4.3,1.1,2005,1.1,12,0.0
348,8.1,137,15,58.9,-6.7,20051215,3.0,0.0,2005-12-15,-3.0,0.6,2005,1.2,12,0.0
349,5.2,137,16,72.9,-5.4,20051216,2.6,0.0,2005-12-16,-2.2,4.1,2005,1.4,12,0.0
350,5.9,137,17,36.4,-12.9,20051217,5.2,0.0,2005-12-17,-7.4,3.0,2005,-2.6,12,0.0
351,5.2,137,18,51.8,-13.6,20051218,3.4,1.0,2005-12-18,-6.3,2.1,2005,-0.2,12,0.3
352,8.4,137,19,43.1,-6.2,20051219,2.7,0.0,2005-12-19,-2.1,0.0,2005,3.4,12,0.0
353,6.8,137,20,43.3,-10.1,20051220,2.5,0.0,2005-12-20,-2.1,3.6,2005,4.3,12,0.0
354,2.0,137,21,54.0,-9.3,20051221,3.4,3.5,2005-12-21,-5.0,4.5,2005,-0.9,12,1.5
355,8.4,137,22,57.6,-10.4,20051222,4.1,0.0,2005-12-22,-5.7,1.8,2005,-1.0,12,0.0
356,1.1,137,23,77.5,-4.5,20051223,3.2,0.7,2005-12-23,-1.5,5.0,2005,3.3,12,0.5
357,8.4,137,24,39.8,-7.1,20051224,3.3,0.0,2005-12-24,-3.5,0.0,2005,0.9,12,0.0
358,3.5,137,25,55.5,-8.1,20051225,3.5,0.0,2005-12-25,-1.4,3.8,2005,5.9,12,0.0
359,8.3,137,26,46.0,-7.6,20051226,3.8,0.0,2005-12-26,-5.0,0.0,2005,-0.9,12,0.0
360,8.4,137,27,43.0,-8.1,20051227,3.9,0.0,2005-12-27,-4.9,0.0,2005,-0.1,12,0.0
361,8.0,137,28,37.5,-7.5,20051228,2.4,0.0,2005-12-28,-3.0,0.9,2005,2.9,12,0.0
362,7.5,137,29,43.9,-9.0,20051229,1.5,0.0,2005-12-29,-2.6,0.4,2005,3.8,12,0.0
363,0.5,137,30,68.9,-8.0,20051230,2.2,0.0,2005-12-30,-1.0,5.3,2005,3.3,12,0.0
364,1.2,137,31,71.5,-4.5,20051231,1.2,0.0,2005-12-31,0.1,8.0,2005,6.1,12,0.0
