,snow,month,sunshine,date,station_id,year,cloud,wind,tmax,rainfall,day,tavg,humid,Date,tmin
0,0.0,1,3.7,20080101,137,2008,2.3,3.6,-2.1,0.0,1,-4.9,62.5,2008-01-01,-6.7
1,0.0,1,8.1,20080102,137,2008,0.3,3.3,1.9,0.0,2,-1.9,50.3,2008-01-02,-5.8
2,0.0,1,6.5,20080103,137,2008,2.6,2.6,7.4,0.0,3,2.4,53.6,2008-01-03,-2.4
3,0.0,1,7.9,20080104,137,2008,1.5,1.8,6.6,0.0,4,1.2,56.0,2008-01-04,-4.4
4,0.0,1,8.3,20080105,137,2008,0.1,2.4,7.2,0.0,5,2.4,63.5,2008-01-05,-2.0
5,0.0,1,3.7,20080106,137,2008,5.4,2.3,9.5,0.0,6,5.3,66.3,2008-01-06,1.1
6,0.0,1,2.7,20080107,137,2008,3.4,1.7,9.4,0.0,7,2.8,82.4,2008-01-07,-2.4
7,0.0,1,0.0,20080108,137,2008,6.3,2.7,6.4,0.0,8,4.3,62.0,2008-01-08,2.5
8,0.0,1,7.6,20080109,137,2008,2.4,0.9,8.3,0.0,9,1.8,64.1,2008-01-09,-2.7
9,0.0,1,5.8,20080110,137,2008,4.5,0.9,8.9,0.0,10,2.4,65.1,2008-01-10,-2.3
10,0.0,1,0.0,20080111,137,2008,10.0,0.9,2.6,18.0,11,1.6,85.0,2008-01-11,0.5
11,0.8,1,0.0,20080112,137,2008,9.3,0.8,4.2,5.5,12,2.1,92.8,2008-01-12,0.1
12,0.0,1,2.3,20080113,137,2008,7.1,2.4,2.3,0.0,13,-0.3,60.0,2008-01-13,-3.8
13,0.0,1,1.9,20080114,137,2008,5.9,1.3,4.6,0.0,14,0.0,67.6,2008-01-14,-1.9
14,0.0,1,7.3,20080115,137,2008,4.0,2.4,3.6,0.0,15,-1.1,38.1,2008-01-15,-4.5
15,0.0,1,8.5,20080116,137,2008,0.0,3.8,0.2,0.0,16,-4.0,38.3,2008-01-16,-7.4
16,0.0,1,4.3,20080117,137,2008,4.8,1.1,-1.2,0.0,17,-5.7,44.3,2008-01-17,-11.4
17,0.0,1,8.2,20080118,137,2008,3.4,1.8,2.5,0.0,18,-2.7,35.4,2008-01-18,-8.0
18,0.0,1,5.6,20080119,137,2008,7.1,0.9,3.0,0.0,19,-1.6,40.4,2008-01-19,-7.1
19,0.0,1,0.0,20080120,137,2008,9.9,0.5,2.1,2.0,20,0.2,81.4,2008-01-20,-1.8
20,0.0,1,0.0,20080121,137,2008,10.0,1.3,2.7,1.5,21,1.6,86.3,2008-01-21,0.4
21,0.0,1,0.0,20080122,137,2008,10.0,0.5,2.2,6.5,22,1.0,94.3,2008-01-22,-0.3
22,0.0,1,3.3,20080123,137,2008,5.6,3.8,2.9,3.5,23,-0.3,66.8,2008-01-23,-4.7
23,0.0,1,8.8,20080124,137,2008,0.4,3.9,-1.7,0.0,24,-5.5,43.5,2008-01-24,-8.4
24,0.0,1,7.2,20080125,137,2008,3.0,1.6,1.0,0.0,25,-3.7,43.6,2008-01-25,-8.3
25,0.0,1,7.9,20080126,137,2008,1.6,1.3,4.2,0.0,26,-1.9,47.4,2008-01-26,-6.9
26,0.0,1,8.8,20080127,137,2008,0.8,0.6,5.4,0.0,27,-2.5,65.5,2008-01-27,-8.7
27,0.0,1,0.1,20080128,137,2008,9.1,1.2,4.2,0.0,28,-0.5,59.0,2008-01-28,-4.7
28,0.0,1,4.7,20080129,137,2008,5.8,2.5,5.0,0.0,29,1.0,38.8,2008-01-29,-1.1
29,0.0,1,4.1,20080130,137,2008,3.5,3.5,1.6,0.0,30,-0.9,53.5,2008-01-30,-4.0
30,0.0,1,8.9,20080131,137,2008,0.3,3.4,1.4,0.0,31,-2.7,48.4,2008-01-31,-5.1
31,0.0,2,8.4,20080201,137,2008,2.1,2.6,4.0,0.0,1,-1.7,37.8,2008-02-01,-6.4
32,0.0,2,6.5,20080202,137,2008,4.5,1.6,5.9,0.0,2,-0.1,32.0,2008-02-02,-3.9
33,0.0,2,6.0,20080203,137,2008,2.9,2.8,5.4,0.0,3,-0.1,50.0,2008-02-03,-3.3
34,0.0,2,7.3,20080204,137,2008,0.6,3.6,3.9,0.0,4,-0.7,47.5,2008-02-04,-4.2
35,0.0,2,2.0,20080205,137,2008,4.9,2.4,2.3,0.0,5,-2.0,42.9,2008-02-05,-6.4
36,0.0,2,8.9,20080206,137,2008,1.4,3.1,2.7,0.0,6,-1.5,41.8,2008-02-06,-4.1
37,0.0,2,9.1,20080207,137,2008,0.0,2.7,2.2,0.0,7,-2.3,48.8,2008-02-07,-5.9
38,0.0,2,5.7,20080208,137,2008,4.1,2.0,3.4,0.0,8,-1.7,44.9,2008-02-08,-7.5
39,0.0,2,4.0,20080209,137,2008,4.3,3.2,1.5,0.0,9,-1.7,55.0,2008-02-09,-3.5
40,0.0,2,8.1,20080210,137,2008,3.6,2.0,8.2,0.0,10,0.2,43.6,2008-02-10,-6.4
41,0.0,2,3.1,20080211,137,2008,5.3,2.9,6.5,0.0,11,1.3,43.9,2008-02-11,-2.1
42,0.0,2,8.8,20080212,137,2008,1.5,3.9,-0.3,0.0,12,-3.9,29.4,2008-02-12,-7.1
43,0.0,2,8.9,20080213,137,2008,0.0,3.6,0.6,0.0,13,-5.4,32.1,2008-02-13,-10.4
44,0.0,2,8.9,20080214,137,2008,0.5,3.5,3.9,0.0,14,-0.9,36.1,2008-02-14,-5.6
45,0.0,2,8.9,20080215,137,2008,0.4,3.5,2.5,0.0,15,-1.2,32.5,2008-02-15,-4.4
46,0.0,2,9.0,20080216,137,2008,0.0,4.0,2.5,0.0,16,-2.4,33.8,2008-02-16,-6.6
47,0.0,2,8.9,20080217,137,2008,0.0,2.3,4.3,0.0,17,-1.5,35.3,2008-02-17,-7.6
48,0.0,2,8.9,20080218,137,2008,1.6,1.6,6.4,0.0,18,-1.7,32.4,2008-02-18,-10.3
49,0.0,2,9.1,20080219,137,2008,0.0,3.0,6.9,0.0,19,1.6,41.1,2008-02-19,-3.4
50,0.0,2,9.0,20080220,137,2008,0.3,3.4,9.8,0.0,20,4.4,38.0,2008-02-20,0.6
51,0.0,2,8.9,20080221,137,2008,1.3,1.4,11.1,0.0,21,2.4,36.4,2008-02-21,-5.8
52,0.0,2,7.7,20080222,137,2008,3.3,1.8,13.5,0.0,22,5.2,50.3,2008-02-22,-3.4
53,0.0,2,8.9,20080223,137,2008,0.5,5.2,7.7,0.4,23,-0.7,37.6,2008-02-23,-3.9
54,0.0,2,9.5,20080224,137,2008,0.0,1.3,5.2,0.0,24,-1.7,43.0,2008-02-24,-7.6
55,0.0,2,2.0,20080225,137,2008,6.9,0.8,4.4,0.2,25,-1.4,74.4,2008-02-25,-7.8
56,1.7,2,1.7,20080226,137,2008,7.8,2.9,3.2,2.0,26,0.4,71.0,2008-02-26,-1.6
57,0.0,2,9.7,20080227,137,2008,0.0,4.4,7.7,0.0,27,1.6,43.8,2008-02-27,-3.0
58,0.0,2,9.6,20080228,137,2008,2.9,2.6,9.2,0.0,28,3.3,44.4,2008-02-28,-2.2
59,0.0,2,6.0,20080229,137,2008,3.9,2.9,12.8,0.0,29,5.5,42.5,2008-02-29,-2.1
60,0.0,3,9.8,20080301,137,2008,0.0,3.1,9.4,0.0,1,3.8,41.5,2008-03-01,0.0
61,0.0,3,1.3,20080302,137,2008,6.5,1.1,10.9,0.0,2,4.1,53.3,2008-03-02,-2.4
62,0.0,3,2.1,20080303,137,2008,5.9,2.5,8.7,0.0,3,4.3,56.8,2008-03-03,0.9
63,0.6,3,2.6,20080304,137,2008,5.8,1.5,5.8,0.9,4,1.2,66.8,2008-03-04,-2.2
64,0.0,3,5.7,20080305,137,2008,1.5,1.4,9.7,0.0,5,1.7,65.8,2008-03-05,-4.3
65,0.0,3,6.3,20080306,137,2008,3.1,2.9,9.8,0.0,6,3.9,54.4,2008-03-06,-3.2
66,0.0,3,8.8,20080307,137,2008,1.4,2.8,10.1,0.0,7,5.1,47.1,2008-03-07,1.1
67,0.0,3,10.0,20080308,137,2008,2.4,1.9,13.7,0.0,8,6.3,34.6,2008-03-08,-2.4
68,0.0,3,9.4,20080309,137,2008,3.4,2.5,14.8,0.0,9,8.0,36.8,2008-03-09,1.5
69,0.0,3,9.4,20080310,137,2008,0.3,3.5,14.3,0.0,10,8.0,46.4,2008-03-10,2.8
70,0.0,3,5.5,20080311,137,2008,2.4,1.6,17.9,0.0,11,10.6,53.9,2008-03-11,4.1
71,0.0,3,8.0,20080312,137,2008,0.4,1.1,17.9,0.0,12,9.2,61.0,2008-03-12,1.2
72,0.0,3,0.0,20080313,137,2008,8.3,0.9,14.0,0.0,13,9.0,66.1,2008-03-13,3.4
73,0.0,3,8.1,20080314,137,2008,2.1,2.4,15.9,0.0,14,10.2,52.6,2008-03-14,5.0
74,0.0,3,8.9,20080315,137,2008,1.6,2.1,18.5,0.0,15,8.6,56.0,2008-03-15,-0.7
75,0.0,3,9.8,20080316,137,2008,2.0,3.1,15.8,0.0,16,9.8,34.5,2008-03-16,5.4
76,0.0,3,10.1,20080317,137,2008,0.0,1.2,18.3,0.0,17,8.0,35.8,2008-03-17,-1.8
77,0.0,3,2.7,20080318,137,2008,5.4,1.1,17.0,0.0,18,9.6,51.5,2008-03-18,0.6
78,0.0,3,1.1,20080319,137,2008,7.0,1.9,16.7,0.0,19,10.2,57.3,2008-03-19,3.9
79,0.0,3,10.4,20080320,137,2008,0.0,1.3,16.4,0.0,20,7.4,50.1,2008-03-20,-2.1
80,0.0,3,9.1,20080321,137,2008,3.1,1.6,18.4,0.0,21,8.6,43.9,2008-03-21,-2.0
81,0.0,3,3.4,20080322,137,2008,8.8,1.3,15.3,6.0,22,9.3,57.6,2008-03-22,1.8
82,0.0,3,0.0,20080323,137,2008,9.9,2.3,10.3,18.5,23,8.6,90.9,2008-03-23,7.4
83,0.0,3,7.3,20080324,137,2008,3.9,3.6,16.7,0.0,24,9.9,60.0,2008-03-24,5.2
84,0.0,3,8.8,20080325,137,2008,3.5,3.7,11.5,0.0,25,6.4,50.6,2008-03-25,2.1
85,0.0,3,6.1,20080326,137,2008,3.1,2.9,11.8,0.0,26,6.3,55.1,2008-03-26,2.7
86,0.0,3,4.4,20080327,137,2008,3.9,2.5,13.1,0.0,27,6.1,55.6,2008-03-27,-0.4
87,0.0,3,8.5,20080328,137,2008,2.3,2.3,14.1,0.0,28,7.6,54.4,2008-03-28,2.0
88,0.0,3,0.0,20080329,137,2008,9.8,2.2,9.0,0.5,29,6.3,82.3,2008-03-29,5.2
89,0.0,3,0.3,20080330,137,2008,8.6,1.6,10.8,3.0,30,7.3,76.9,2008-03-30,4.5
90,0.0,3,1.3,20080331,137,2008,6.1,2.8,12.0,0.0,31,7.7,60.3,2008-03-31,5.0
91,0.0,4,8.7,20080401,137,2008,1.1,3.7,15.9,0.0,1,9.7,45.5,2008-04-01,4.8
92,0.0,4,3.0,20080402,137,2008,5.8,3.3,15.6,0.0,2,10.2,45.5,2008-04-02,6.1
93,0.0,4,10.5,20080403,137,2008,1.5,4.0,17.1,0.0,3,10.6,42.3,2008-04-03,5.6
94,0.0,4,10.9,20080404,137,2008,3.8,2.4,19.2,0.0,4,11.6,35.8,2008-04-04,0.8
95,0.0,4,9.5,20080405,137,2008,3.6,1.4,23.0,0.0,5,13.0,38.8,2008-04-05,4.6
96,0.0,4,9.0,20080406,137,2008,4.5,2.0,23.3,0.4,6,13.8,41.4,2008-04-06,3.4
97,0.0,4,3.8,20080407,137,2008,6.5,1.5,18.9,7.5,7,12.6,67.3,2008-04-07,8.3
98,0.0,4,10.9,20080408,137,2008,1.8,1.6,22.3,0.0,8,13.2,50.9,2008-04-08,3.8
99,0.0,4,0.0,20080409,137,2008,9.5,2.0,12.0,16.0,9,9.9,76.3,2008-04-09,8.2
100,0.0,4,2.3,20080410,137,2008,4.9,1.5,16.7,3.0,10,11.6,73.8,2008-04-10,7.9
101,0.0,4,8.0,20080411,137,2008,1.4,2.0,23.2,0.0,11,13.1,62.0,2008-04-11,3.8
102,0.0,4,1.0,20080412,137,2008,8.4,2.1,13.3,0.0,12,10.4,74.8,2008-04-12,6.5
103,0.0,4,0.2,20080413,137,2008,7.4,1.2,15.5,0.0,13,11.4,76.0,2008-04-13,8.2
104,0.0,4,8.1,20080414,137,2008,2.6,1.3,22.6,0.0,14,13.7,56.8,2008-04-14,4.4
105,0.0,4,10.7,20080415,137,2008,2.9,1.3,25.2,0.0,15,16.5,42.3,2008-04-15,6.6
106,0.0,4,3.2,20080416,137,2008,8.0,1.3,21.9,0.0,16,15.9,57.1,2008-04-16,9.5
107,0.0,4,0.2,20080417,137,2008,9.0,1.8,18.2,0.4,17,15.2,67.3,2008-04-17,12.9
108,0.0,4,11.6,20080418,137,2008,0.0,1.2,25.9,0.0,18,17.4,45.8,2008-04-18,8.5
109,0.0,4,11.5,20080419,137,2008,0.0,1.7,26.4,0.0,19,16.7,44.6,2008-04-19,7.3
110,0.0,4,8.6,20080420,137,2008,5.0,2.2,23.8,0.0,20,15.8,42.8,2008-04-20,6.0
111,0.0,4,0.3,20080421,137,2008,7.8,2.0,22.2,0.0,21,16.8,35.0,2008-04-21,10.0
112,0.0,4,4.1,20080422,137,2008,8.8,1.6,26.7,1.5,22,17.9,40.6,2008-04-22,11.4
113,0.0,4,0.9,20080423,137,2008,7.6,2.5,15.8,5.0,23,12.3,73.4,2008-04-23,7.5
114,0.0,4,12.1,20080424,137,2008,0.5,3.1,16.7,0.0,24,10.5,42.8,2008-04-24,5.7
115,0.0,4,9.5,20080425,137,2008,4.1,1.8,22.4,0.0,25,13.0,43.0,2008-04-25,1.8
116,0.0,4,3.5,20080426,137,2008,7.8,3.5,15.2,0.5,26,10.8,64.3,2008-04-26,9.1
117,0.0,4,7.4,20080427,137,2008,3.0,2.5,17.2,0.0,27,10.9,57.1,2008-04-27,6.3
118,0.0,4,11.7,20080428,137,2008,1.0,1.2,23.1,0.0,28,12.9,55.3,2008-04-28,1.3
119,0.0,4,7.5,20080429,137,2008,1.0,1.6,25.9,0.0,29,17.2,58.1,2008-04-29,7.6
120,0.0,4,8.4,20080430,137,2008,1.9,1.9,27.5,0.0,30,20.0,50.3,2008-04-30,11.5
121,0.0,5,8.9,20080501,137,2008,2.8,1.0,27.5,0.0,1,19.3,51.6,2008-05-01,11.5
122,0.0,5,11.6,20080502,137,2008,0.0,1.3,30.1,0.0,2,21.7,51.0,2008-05-02,11.9
123,0.0,5,10.1,20080503,137,2008,1.3,1.3,31.1,0.0,3,23.3,46.6,2008-05-03,16.4
124,0.0,5,0.0,20080504,137,2008,8.6,0.8,23.4,0.1,4,18.4,67.5,2008-05-04,14.1
125,0.0,5,12.6,20080505,137,2008,2.0,3.7,22.7,0.0,5,17.4,38.1,2008-05-05,12.0
126,0.0,5,12.2,20080506,137,2008,0.0,2.2,26.9,0.0,6,18.4,23.9,2008-05-06,7.7
127,0.0,5,9.1,20080507,137,2008,4.4,2.1,27.5,0.0,7,19.5,25.4,2008-05-07,9.9
128,0.0,5,1.8,20080508,137,2008,7.8,1.7,25.0,0.0,8,19.8,39.8,2008-05-08,14.4
129,0.0,5,3.8,20080509,137,2008,7.0,3.0,22.9,0.0,9,16.4,38.5,2008-05-09,12.0
130,0.0,5,11.0,20080510,137,2008,3.4,2.8,20.4,0.0,10,14.1,46.5,2008-05-10,8.8
131,0.0,5,12.3,20080511,137,2008,0.5,1.6,22.1,0.0,11,13.6,53.1,2008-05-11,4.2
132,0.0,5,7.0,20080512,137,2008,6.4,2.9,20.8,0.0,12,13.8,53.0,2008-05-12,7.2
133,0.0,5,4.7,20080513,137,2008,9.0,1.2,18.2,9.5,13,11.3,79.1,2008-05-13,8.9
134,0.0,5,7.8,20080514,137,2008,5.0,1.7,20.0,0.5,14,13.8,61.5,2008-05-14,8.6
135,0.0,5,10.3,20080515,137,2008,1.5,1.3,23.2,0.0,15,15.5,51.6,2008-05-15,6.2
136,0.0,5,9.5,20080516,137,2008,3.3,1.6,24.0,0.0,16,17.4,49.0,2008-05-16,10.9
137,0.0,5,10.5,20080517,137,2008,3.0,1.2,25.6,0.0,17,18.2,50.1,2008-05-17,10.0
138,0.0,5,0.1,20080518,137,2008,8.8,1.5,22.9,17.5,18,16.4,70.5,2008-05-18,11.3
139,0.0,5,7.3,20080519,137,2008,6.1,2.8,21.7,5.5,19,15.7,54.1,2008-05-19,11.2
140,0.0,5,11.8,20080520,137,2008,0.5,2.5,23.8,0.0,20,16.0,57.3,2008-05-20,10.0
141,0.0,5,10.1,20080521,137,2008,3.0,1.7,28.2,0.0,21,19.1,50.0,2008-05-21,9.5
142,0.0,5,8.3,20080522,137,2008,4.3,1.7,28.8,0.0,22,22.3,47.6,2008-05-22,14.4
143,0.0,5,4.0,20080523,137,2008,8.6,0.8,26.6,0.0,23,21.1,69.6,2008-05-23,17.3
144,0.0,5,1.4,20080524,137,2008,7.8,1.0,24.7,0.0,24,20.3,74.3,2008-05-24,17.2
145,0.0,5,9.7,20080525,137,2008,2.4,2.4,27.9,0.0,25,22.8,60.9,2008-05-25,16.5
146,0.0,5,11.6,20080526,137,2008,2.4,2.2,28.4,0.0,26,21.6,55.8,2008-05-26,17.0
147,0.0,5,8.9,20080527,137,2008,6.1,1.4,29.9,0.0,27,22.1,54.6,2008-05-27,12.8
148,0.0,5,0.0,20080528,137,2008,9.5,1.0,22.5,15.0,28,18.2,84.3,2008-05-28,16.6
149,0.0,5,1.9,20080529,137,2008,7.1,1.1,25.0,0.0,29,20.7,75.1,2008-05-29,17.7
150,0.0,5,0.0,20080530,137,2008,7.5,1.4,21.7,0.0,30,17.8,69.4,2008-05-30,14.2
151,0.0,5,12.3,20080531,137,2008,0.0,2.3,25.8,0.0,31,18.9,48.4,2008-05-31,11.2
152,0.0,6,8.5,20080601,137,2008,3.0,1.1,26.7,0.0,1,19.2,55.6,2008-06-01,11.3
153,0.0,6,3.8,20080602,137,2008,7.0,2.0,24.6,0.0,2,19.4,61.4,2008-06-02,14.3
154,0.0,6,3.8,20080603,137,2008,6.8,2.1,24.5,0.0,3,19.2,63.4,2008-06-03,15.2
155,0.0,6,0.0,20080604,137,2008,9.8,1.9,17.9,0.4,4,16.1,77.4,2008-06-04,14.0
156,0.0,6,0.0,20080605,137,2008,10.0,1.0,15.6,9.5,5,14.2,90.9,2008-06-05,12.7
157,0.0,6,1.9,20080606,137,2008,5.5,1.6,23.5,0.0,6,18.6,69.0,2008-06-06,14.4
158,0.0,6,4.2,20080607,137,2008,7.5,1.5,25.5,0.0,7,19.8,65.4,2008-06-07,16.5
159,0.0,6,8.0,20080608,137,2008,6.1,1.5,27.9,28.5,8,20.3,67.1,2008-06-08,14.1
160,0.0,6,12.1,20080609,137,2008,3.1,1.2,28.0,0.0,9,21.5,67.1,2008-06-09,15.3
161,0.0,6,7.1,20080610,137,2008,6.8,1.0,29.5,0.0,10,23.9,67.4,2008-06-10,18.4
162,0.0,6,3.8,20080611,137,2008,7.1,1.7,26.7,0.0,11,21.3,58.6,2008-06-11,15.4
163,0.0,6,13.4,20080612,137,2008,0.9,1.1,30.1,0.0,12,21.6,47.1,2008-06-12,10.7
164,0.0,6,12.3,20080613,137,2008,0.5,1.4,31.5,0.0,13,24.8,52.5,2008-06-13,18.5
165,0.0,6,2.7,20080614,137,2008,6.5,2.1,25.5,0.0,14,20.6,64.3,2008-06-14,16.7
166,0.0,6,6.9,20080615,137,2008,6.1,2.5,24.4,0.0,15,19.4,56.3,2008-06-15,16.1
167,0.0,6,8.9,20080616,137,2008,6.0,1.9,26.7,0.0,16,19.6,61.6,2008-06-16,11.8
168,0.0,6,0.7,20080617,137,2008,10.0,1.6,25.3,0.0,17,20.2,67.3,2008-06-17,16.5
169,0.0,6,0.0,20080618,137,2008,10.0,1.8,21.6,38.5,18,18.9,91.0,2008-06-18,16.1
170,0.0,6,7.7,20080619,137,2008,7.4,1.7,27.4,0.0,19,22.7,69.6,2008-06-19,19.7
171,0.0,6,0.8,20080620,137,2008,7.3,0.8,28.5,0.5,20,23.1,78.5,2008-06-20,18.3
172,0.0,6,0.0,20080621,137,2008,10.0,1.0,23.4,13.5,21,20.8,89.0,2008-06-21,19.5
173,0.0,6,1.1,20080622,137,2008,7.8,0.9,27.0,3.0,22,22.0,78.8,2008-06-22,18.9
174,0.0,6,2.7,20080623,137,2008,7.1,1.0,25.5,0.0,23,20.7,73.6,2008-06-23,17.5
175,0.0,6,2.4,20080624,137,2008,8.0,0.9,24.6,0.0,24,20.6,67.1,2008-06-24,16.9
176,0.0,6,2.7,20080625,137,2008,7.6,1.1,25.6,0.0,25,21.0,71.6,2008-06-25,17.8
177,0.0,6,8.6,20080626,137,2008,6.8,1.2,29.0,0.0,26,22.4,67.0,2008-06-26,17.3
178,0.0,6,6.6,20080627,137,2008,7.3,1.1,29.5,0.0,27,23.4,68.4,2008-06-27,17.4
179,0.0,6,0.0,20080628,137,2008,9.9,1.3,22.1,57.0,28,18.8,91.3,2008-06-28,16.6
180,0.0,6,0.0,20080629,137,2008,9.5,0.8,22.6,4.0,29,19.6,87.4,2008-06-29,17.1
181,0.0,6,5.3,20080630,137,2008,7.3,0.8,28.6,0.0,30,22.8,75.4,2008-06-30,19.0
182,0.0,7,1.1,20080701,137,2008,9.1,0.8,27.4,0.0,1,22.2,78.0,2008-07-01,19.3
183,0.0,7,0.2,20080702,137,2008,10.0,0.8,23.6,0.5,2,21.5,87.1,2008-07-02,19.3
184,0.0,7,5.2,20080703,137,2008,5.8,1.8,28.8,0.5,3,24.1,76.0,2008-07-03,21.3
185,0.0,7,6.0,20080704,137,2008,6.4,1.3,32.2,0.0,4,26.6,70.8,2008-07-04,20.9
186,0.0,7,0.4,20080705,137,2008,7.1,0.7,30.7,0.0,5,26.1,80.1,2008-07-05,22.7
187,0.0,7,9.1,20080706,137,2008,4.4,1.0,35.3,0.0,6,28.6,73.4,2008-07-06,22.9
188,0.0,7,8.7,20080707,137,2008,3.0,1.4,33.7,0.0,7,28.9,69.0,2008-07-07,25.3
189,0.0,7,9.7,20080708,137,2008,3.0,1.3,34.6,0.0,8,28.9,66.8,2008-07-08,24.8
190,0.0,7,10.9,20080709,137,2008,2.1,1.2,34.6,0.0,9,28.5,68.1,2008-07-09,22.9
191,0.0,7,11.1,20080710,137,2008,3.8,1.5,33.3,0.0,10,28.1,62.8,2008-07-10,22.5
192,0.0,7,2.0,20080711,137,2008,7.6,1.4,31.8,0.0,11,27.1,65.4,2008-07-11,23.8
193,0.0,7,1.4,20080712,137,2008,9.1,0.8,31.8,1.5,12,25.0,79.1,2008-07-12,22.1
194,0.0,7,1.2,20080713,137,2008,8.4,0.6,29.8,1.5,13,24.9,86.0,2008-07-13,21.8
195,0.0,7,7.4,20080714,137,2008,5.9,0.8,33.7,15.5,14,27.2,76.5,2008-07-14,22.9
196,0.0,7,5.5,20080715,137,2008,7.8,0.9,32.8,3.5,15,27.0,79.9,2008-07-15,23.4
197,0.0,7,3.0,20080716,137,2008,8.0,1.1,31.2,1.0,16,26.9,76.4,2008-07-16,23.1
198,0.0,7,8.0,20080717,137,2008,5.6,1.3,32.0,0.5,17,26.8,71.5,2008-07-17,23.7
199,0.0,7,6.7,20080718,137,2008,4.5,1.0,33.1,0.0,18,27.3,65.5,2008-07-18,22.6
200,0.0,7,0.1,20080719,137,2008,9.4,1.0,25.9,62.5,19,23.6,93.1,2008-07-19,22.8
201,0.0,7,0.2,20080720,137,2008,9.3,1.6,29.4,1.5,20,25.9,84.4,2008-07-20,23.8
202,0.0,7,3.1,20080721,137,2008,7.4,2.0,29.1,0.0,21,25.9,73.6,2008-07-21,23.8
203,0.0,7,2.5,20080722,137,2008,6.4,1.2,28.9,0.4,22,24.8,80.3,2008-07-22,22.7
204,0.0,7,3.3,20080723,137,2008,7.8,0.7,31.0,22.5,23,24.7,84.6,2008-07-23,21.2
205,0.0,7,2.4,20080724,137,2008,9.6,0.7,31.5,0.0,24,26.9,82.1,2008-07-24,22.5
206,0.0,7,0.0,20080725,137,2008,10.0,1.0,26.3,40.5,25,23.8,92.4,2008-07-25,22.4
207,0.0,7,2.0,20080726,137,2008,9.5,1.0,30.8,2.0,26,25.3,83.4,2008-07-26,22.1
208,0.0,7,5.0,20080727,137,2008,6.8,0.5,32.2,0.5,27,27.1,77.8,2008-07-27,23.4
209,0.0,7,7.4,20080728,137,2008,5.5,1.3,34.4,0.0,28,27.6,77.5,2008-07-28,22.2
210,0.0,7,10.6,20080729,137,2008,4.5,1.7,34.3,0.0,29,29.2,67.8,2008-07-29,24.7
211,0.0,7,0.4,20080730,137,2008,7.8,1.2,32.2,29.0,30,25.0,84.7,2008-07-30,22.1
212,0.0,7,1.0,20080731,137,2008,8.5,0.6,31.1,0.5,31,26.0,83.3,2008-07-31,23.2
213,0.0,8,9.0,20080801,137,2008,6.3,1.4,34.0,0.0,1,28.7,67.3,2008-08-01,23.7
214,0.0,8,5.2,20080802,137,2008,6.6,2.0,32.8,0.0,2,28.9,66.0,2008-08-02,26.0
215,0.0,8,6.1,20080803,137,2008,5.6,1.7,30.9,0.3,3,27.0,69.3,2008-08-03,23.2
216,0.0,8,11.6,20080804,137,2008,3.1,1.1,32.8,0.0,4,26.0,68.5,2008-08-04,20.5
217,0.0,8,8.3,20080805,137,2008,3.1,0.6,33.1,0.0,5,25.6,69.0,2008-08-05,20.3
218,0.0,8,12.0,20080806,137,2008,2.8,0.8,34.5,0.0,6,26.6,63.5,2008-08-06,19.5
219,0.0,8,12.3,20080807,137,2008,0.3,0.9,32.7,0.0,7,24.8,66.0,2008-08-07,17.2
220,0.0,8,11.7,20080808,137,2008,2.6,1.0,32.4,0.0,8,25.5,68.5,2008-08-08,18.3
221,0.0,8,3.1,20080809,137,2008,7.3,1.2,31.7,9.0,9,25.7,82.4,2008-08-09,22.8
222,0.0,8,8.2,20080810,137,2008,5.1,1.2,33.5,0.0,10,27.4,72.3,2008-08-10,22.7
223,0.0,8,4.4,20080811,137,2008,7.1,1.1,32.3,0.1,11,27.3,73.5,2008-08-11,22.7
224,0.0,8,0.3,20080812,137,2008,9.4,1.1,29.9,0.5,12,26.1,84.4,2008-08-12,24.7
225,0.0,8,4.6,20080813,137,2008,8.1,1.0,32.9,8.5,13,27.3,79.6,2008-08-13,24.4
226,0.0,8,7.5,20080814,137,2008,6.6,1.3,33.3,0.0,14,27.5,72.3,2008-08-14,24.3
227,0.0,8,0.9,20080815,137,2008,9.6,1.0,30.4,105.0,15,24.3,88.6,2008-08-15,21.1
228,0.0,8,0.0,20080816,137,2008,10.0,1.7,21.3,69.0,16,18.7,92.9,2008-08-16,16.6
229,0.0,8,0.0,20080817,137,2008,9.9,0.7,22.7,2.5,17,20.3,87.4,2008-08-17,16.9
230,0.0,8,0.5,20080818,137,2008,9.9,1.8,27.6,17.5,18,23.1,83.5,2008-08-18,20.6
231,0.0,8,9.8,20080819,137,2008,5.4,2.8,28.7,0.4,19,25.1,61.0,2008-08-19,22.2
232,0.0,8,6.7,20080820,137,2008,5.6,1.7,29.2,13.0,20,23.2,70.3,2008-08-20,19.7
233,0.0,8,7.7,20080821,137,2008,6.3,1.5,26.9,0.0,21,22.3,67.8,2008-08-21,19.0
234,0.0,8,0.0,20080822,137,2008,9.9,1.2,20.0,30.0,22,17.9,89.8,2008-08-22,16.3
235,0.0,8,2.3,20080823,137,2008,8.0,1.9,25.1,0.0,23,21.9,80.1,2008-08-23,18.7
236,0.0,8,9.2,20080824,137,2008,6.1,0.9,28.0,0.0,24,23.2,73.9,2008-08-24,19.8
237,0.0,8,3.4,20080825,137,2008,7.6,1.1,26.3,0.0,25,21.8,73.4,2008-08-25,18.7
238,0.0,8,7.7,20080826,137,2008,4.3,1.1,27.4,0.0,26,21.6,69.1,2008-08-26,17.6
239,0.0,8,11.3,20080827,137,2008,2.0,0.7,27.6,0.0,27,21.4,72.9,2008-08-27,15.0
240,0.0,8,9.6,20080828,137,2008,3.1,0.8,28.8,0.0,28,22.7,72.9,2008-08-28,17.4
241,0.0,8,7.9,20080829,137,2008,2.3,0.8,30.1,0.0,29,23.2,73.4,2008-08-29,18.9
242,0.0,8,6.3,20080830,137,2008,5.0,1.2,28.7,0.0,30,23.1,68.0,2008-08-30,19.4
243,0.0,8,3.5,20080831,137,2008,6.8,0.9,27.2,0.0,31,21.4,75.9,2008-08-31,15.0
244,0.0,9,0.0,20080901,137,2008,10.0,1.3,25.4,0.1,1,22.5,83.4,2008-09-01,20.9
245,0.0,9,0.0,20080902,137,2008,8.3,1.0,23.3,12.5,2,21.2,88.4,2008-09-02,19.6
246,0.0,9,7.1,20080903,137,2008,3.9,0.9,30.1,0.0,3,22.6,78.3,2008-09-03,17.5
247,0.0,9,9.1,20080904,137,2008,6.0,1.0,28.0,0.0,4,21.0,74.8,2008-09-04,15.7
248,0.0,9,6.9,20080905,137,2008,6.6,0.6,27.6,0.0,5,20.9,75.1,2008-09-05,16.3
249,0.0,9,0.9,20080906,137,2008,7.9,0.6,25.9,0.5,6,20.9,82.8,2008-09-06,18.0
250,0.0,9,7.1,20080907,137,2008,3.8,0.6,30.6,0.0,7,21.2,77.3,2008-09-07,15.4
251,0.0,9,5.0,20080908,137,2008,4.1,0.7,29.2,0.0,8,21.9,75.3,2008-09-08,16.8
252,0.0,9,7.6,20080909,137,2008,1.9,0.6,28.1,0.0,9,21.3,76.5,2008-09-09,16.4
253,0.0,9,6.6,20080910,137,2008,2.3,0.6,28.6,0.0,10,20.8,76.9,2008-09-10,16.2
254,0.0,9,5.7,20080911,137,2008,6.1,0.8,29.2,0.0,11,21.8,75.0,2008-09-11,16.0
255,0.0,9,8.8,20080912,137,2008,4.3,0.8,31.0,0.0,12,23.3,71.8,2008-09-12,17.4
256,0.0,9,10.4,20080913,137,2008,1.1,0.9,31.8,0.0,13,23.2,70.5,2008-09-13,17.4
257,0.0,9,3.7,20080914,137,2008,6.5,1.1,28.2,0.0,14,23.3,74.0,2008-09-14,20.0
258,0.0,9,3.7,20080915,137,2008,6.9,0.8,28.0,0.0,15,22.6,76.5,2008-09-15,18.7
259,0.0,9,5.4,20080916,137,2008,4.1,0.4,29.7,0.0,16,21.0,80.9,2008-09-16,16.2
260,0.0,9,8.7,20080917,137,2008,3.4,0.8,31.2,0.0,17,22.3,72.1,2008-09-17,15.6
261,0.0,9,9.9,20080918,137,2008,0.1,0.7,31.6,0.0,18,22.3,67.0,2008-09-18,16.1
262,0.0,9,9.0,20080919,137,2008,1.8,0.8,30.8,0.0,19,21.9,71.4,2008-09-19,14.8
263,0.0,9,2.2,20080920,137,2008,8.4,0.8,24.8,23.0,20,20.1,85.6,2008-09-20,17.6
264,0.0,9,2.0,20080921,137,2008,5.6,0.9,26.9,3.5,21,21.1,85.0,2008-09-21,17.7
265,0.0,9,2.4,20080922,137,2008,7.6,0.7,27.4,0.0,22,21.1,82.9,2008-09-22,17.0
266,0.0,9,1.9,20080923,137,2008,8.8,1.0,27.5,4.0,23,22.6,81.5,2008-09-23,20.2
267,0.0,9,0.0,20080924,137,2008,9.5,1.1,20.8,1.5,24,19.5,86.5,2008-09-24,17.8
268,0.0,9,1.6,20080925,137,2008,8.5,1.8,20.5,4.5,25,18.1,81.6,2008-09-25,16.5
269,0.0,9,4.8,20080926,137,2008,0.0,2.7,19.7,0.0,26,15.4,50.8,2008-09-26,10.0
270,0.0,9,4.9,20080927,137,2008,4.6,1.0,21.4,0.0,27,12.6,58.0,2008-09-27,7.1
271,0.0,9,1.4,20080928,137,2008,7.9,0.7,19.9,0.0,28,13.8,73.3,2008-09-28,8.7
272,0.0,9,3.4,20080929,137,2008,7.1,0.6,21.9,3.5,29,16.1,79.9,2008-09-29,12.9
273,0.0,9,0.7,20080930,137,2008,5.6,0.4,22.5,0.0,30,15.7,82.6,2008-09-30,12.0
274,0.0,10,5.1,20081001,137,2008,3.3,1.0,25.3,0.0,1,16.1,76.4,2008-10-01,9.0
275,0.0,10,8.6,20081002,137,2008,0.0,0.7,25.2,0.0,2,17.0,75.6,2008-10-02,10.4
276,0.0,10,9.5,20081003,137,2008,0.6,1.6,25.1,0.0,3,18.9,70.5,2008-10-03,12.9
277,0.0,10,6.9,20081004,137,2008,3.1,1.0,24.4,0.0,4,18.9,73.4,2008-10-04,13.8
278,0.0,10,0.5,20081005,137,2008,9.3,0.8,22.8,0.4,5,18.6,80.0,2008-10-05,16.1
279,0.0,10,5.8,20081006,137,2008,7.1,1.5,22.1,0.1,6,17.3,73.6,2008-10-06,14.1
280,0.0,10,7.5,20081007,137,2008,2.1,1.1,23.0,0.0,7,16.0,70.8,2008-10-07,10.9
281,0.0,10,6.0,20081008,137,2008,4.4,0.6,23.3,0.0,8,15.9,74.9,2008-10-08,9.3
282,0.0,10,7.9,20081009,137,2008,4.6,0.7,25.7,0.0,9,17.7,71.1,2008-10-09,13.5
283,0.0,10,0.0,20081010,137,2008,7.9,1.3,20.0,0.1,10,16.5,78.1,2008-10-10,13.1
284,0.0,10,9.3,20081011,137,2008,1.3,2.0,20.8,0.0,11,14.0,50.8,2008-10-11,9.0
285,0.0,10,8.5,20081012,137,2008,2.4,0.9,21.2,0.0,12,12.3,64.0,2008-10-12,6.3
286,0.0,10,7.3,20081013,137,2008,4.0,0.8,22.2,0.0,13,13.4,64.3,2008-10-13,4.8
287,0.0,10,9.2,20081014,137,2008,0.3,1.2,22.9,0.0,14,14.6,65.3,2008-10-14,7.7
288,0.0,10,9.0,20081015,137,2008,0.0,1.0,24.6,0.0,15,15.6,69.6,2008-10-15,8.0
289,0.0,10,2.4,20081016,137,2008,5.8,0.5,21.0,0.0,16,13.3,83.6,2008-10-16,8.6
290,0.0,10,7.0,20081017,137,2008,3.1,0.5,26.1,0.0,17,14.9,74.8,2008-10-17,8.4
291,0.0,10,7.0,20081018,137,2008,2.5,0.5,26.0,0.0,18,14.9,78.3,2008-10-18,8.4
292,0.0,10,2.6,20081019,137,2008,6.1,0.4,21.3,0.0,19,13.5,77.6,2008-10-19,7.5
293,0.0,10,6.8,20081020,137,2008,2.9,0.6,25.7,0.0,20,14.4,74.9,2008-10-20,8.2
294,0.0,10,3.8,20081021,137,2008,6.0,0.6,22.2,0.0,21,15.1,76.4,2008-10-21,8.6
295,0.0,10,0.0,20081022,137,2008,10.0,1.1,16.4,29.5,22,15.1,89.4,2008-10-22,14.1
296,0.0,10,0.0,20081023,137,2008,10.0,1.0,19.4,13.0,23,17.1,88.0,2008-10-23,14.8
297,0.0,10,6.5,20081024,137,2008,3.8,2.8,18.1,0.0,24,12.9,53.8,2008-10-24,7.9
298,0.0,10,6.5,20081025,137,2008,4.8,1.5,18.3,0.0,25,11.2,61.1,2008-10-25,2.8
299,0.0,10,8.5,20081026,137,2008,3.3,2.8,18.7,0.0,26,14.8,49.3,2008-10-26,11.3
300,0.0,10,5.3,20081027,137,2008,3.0,2.4,14.9,0.0,27,11.6,49.8,2008-10-27,8.0
301,0.0,10,7.9,20081028,137,2008,5.3,2.6,16.8,0.0,28,12.3,53.5,2008-10-28,8.6
302,0.0,10,2.0,20081029,137,2008,7.4,1.4,18.1,0.0,29,12.7,59.3,2008-10-29,7.6
303,0.0,10,9.0,20081030,137,2008,1.6,1.8,16.9,0.0,30,10.9,54.4,2008-10-30,5.8
304,0.0,10,0.0,20081031,137,2008,6.5,0.7,10.0,1.5,31,6.9,89.4,2008-10-31,4.0
305,0.0,11,3.8,20081101,137,2008,5.4,0.9,15.7,0.0,1,8.7,79.0,2008-11-01,4.3
306,0.0,11,0.3,20081102,137,2008,6.6,2.4,18.3,0.0,2,14.0,56.8,2008-11-02,9.2
307,0.0,11,3.9,20081103,137,2008,3.3,2.6,20.1,0.0,3,13.2,52.8,2008-11-03,7.4
308,0.0,11,9.1,20081104,137,2008,0.0,1.9,16.4,0.0,4,9.2,33.9,2008-11-04,3.0
309,0.0,11,8.9,20081105,137,2008,2.3,0.5,19.3,0.0,5,7.8,58.0,2008-11-05,-0.6
310,0.0,11,3.7,20081106,137,2008,7.5,0.5,17.8,0.0,6,9.9,65.6,2008-11-06,2.0
311,0.0,11,0.0,20081107,137,2008,9.8,0.7,18.4,0.0,7,12.9,64.3,2008-11-07,9.1
312,0.0,11,0.3,20081108,137,2008,9.9,1.3,13.9,0.0,8,10.9,69.6,2008-11-08,8.5
313,0.0,11,1.6,20081109,137,2008,8.8,1.1,12.1,1.0,9,9.4,79.0,2008-11-09,7.6
314,0.0,11,7.2,20081110,137,2008,2.5,1.0,15.3,0.0,10,8.2,73.4,2008-11-10,3.3
315,0.0,11,8.5,20081111,137,2008,0.1,0.7,14.6,0.0,11,6.2,72.4,2008-11-11,0.4
316,0.0,11,8.7,20081112,137,2008,0.0,0.7,16.9,0.0,12,6.6,72.1,2008-11-12,-1.0
317,0.0,11,8.4,20081113,137,2008,2.4,0.9,19.0,0.0,13,8.6,64.5,2008-11-13,-0.2
318,0.0,11,6.9,20081114,137,2008,6.4,0.9,17.7,0.0,14,10.8,62.1,2008-11-14,6.0
319,0.0,11,4.9,20081115,137,2008,7.1,0.6,17.1,0.0,15,10.1,68.3,2008-11-15,3.3
320,0.0,11,0.1,20081116,137,2008,4.4,1.9,13.0,0.0,16,9.9,58.5,2008-11-16,5.3
321,0.0,11,4.7,20081117,137,2008,4.6,3.5,11.8,0.0,17,6.4,42.4,2008-11-17,1.5
322,0.0,11,8.2,20081118,137,2008,1.6,3.4,4.5,0.0,18,-0.2,35.4,2008-11-18,-3.6
323,0.0,11,8.9,20081119,137,2008,0.0,3.0,2.8,0.0,19,-2.0,34.9,2008-11-19,-6.2
324,0.0,11,4.4,20081120,137,2008,4.1,1.9,7.3,0.4,20,1.6,60.4,2008-11-20,-7.2
325,0.0,11,8.6,20081121,137,2008,1.6,3.5,9.6,0.1,21,5.1,48.6,2008-11-21,-1.4
326,0.0,11,6.3,20081122,137,2008,4.3,1.8,10.5,0.0,22,4.4,52.5,2008-11-22,-4.3
327,0.0,11,8.4,20081123,137,2008,4.5,1.4,14.4,0.0,23,7.3,59.6,2008-11-23,1.1
328,0.0,11,0.0,20081124,137,2008,9.6,0.7,6.6,3.0,24,4.2,83.1,2008-11-24,1.2
329,0.0,11,3.1,20081125,137,2008,7.6,0.7,9.0,0.5,25,3.7,91.3,2008-11-25,0.1
330,0.0,11,0.0,20081126,137,2008,9.5,0.6,4.5,0.0,26,2.2,94.8,2008-11-26,-0.1
331,0.0,11,0.0,20081127,137,2008,10.0,0.8,3.5,1.0,27,2.2,93.6,2008-11-27,0.1
332,0.0,11,0.7,20081128,137,2008,7.6,2.4,8.4,0.0,28,5.8,75.3,2008-11-28,2.9
333,0.0,11,2.1,20081129,137,2008,6.1,3.5,6.9,2.5,29,3.8,62.5,2008-11-29,1.1
334,0.0,11,8.5,20081130,137,2008,0.0,2.1,8.7,0.0,30,2.3,51.0,2008-11-30,-2.0
335,0.0,12,8.4,20081201,137,2008,2.1,0.8,11.0,0.0,1,1.9,70.6,2008-12-01,-4.7
336,0.0,12,3.6,20081202,137,2008,2.0,1.0,13.5,0.0,2,4.2,77.1,2008-12-02,-1.7
337,0.0,12,7.6,20081203,137,2008,2.3,1.0,11.6,0.0,3,3.8,70.3,2008-12-03,-3.0
338,0.0,12,0.0,20081204,137,2008,9.8,1.9,8.8,4.0,4,4.5,78.3,2008-12-04,2.1
339,0.0,12,4.5,20081205,137,2008,5.4,4.1,3.5,0.0,5,-3.3,36.8,2008-12-05,-8.2
340,0.0,12,8.4,20081206,137,2008,0.0,2.8,-2.3,0.0,6,-6.7,35.4,2008-12-06,-11.2
341,0.0,12,6.1,20081207,137,2008,3.8,1.1,2.1,0.0,7,-4.5,62.4,2008-12-07,-11.0
342,0.0,12,3.8,20081208,137,2008,4.8,0.6,5.9,0.0,8,-0.3,75.0,2008-12-08,-4.4
343,0.0,12,6.1,20081209,137,2008,1.0,0.5,10.5,0.0,9,1.8,76.3,2008-12-09,-3.7
344,0.0,12,5.9,20081210,137,2008,1.0,0.5,11.3,0.0,10,3.1,77.1,2008-12-10,-2.9
345,0.0,12,3.0,20081211,137,2008,3.9,2.8,8.3,0.5,11,3.9,65.0,2008-12-11,-1.0
346,0.0,12,8.3,20081212,137,2008,2.9,1.3,9.6,0.0,12,2.4,62.1,2008-12-12,-4.3
347,0.0,12,2.3,20081213,137,2008,6.9,2.4,8.5,0.0,13,3.8,52.8,2008-12-13,-0.2
348,0.0,12,8.3,20081214,137,2008,0.0,3.4,4.5,0.0,14,-0.3,32.3,2008-12-14,-3.7
349,0.0,12,6.3,20081215,137,2008,2.3,1.4,8.2,0.0,15,0.9,56.1,2008-12-15,-4.4
350,0.0,12,8.1,20081216,137,2008,0.0,0.8,9.7,0.0,16,0.4,70.0,2008-12-16,-6.3
351,0.0,12,3.0,20081217,137,2008,4.9,1.1,7.9,0.0,17,2.2,72.6,2008-12-17,-3.3
352,0.0,12,8.3,20081218,137,2008,0.4,3.0,7.1,0.0,18,2.7,41.6,2008-12-18,-0.6
353,0.0,12,8.3,20081219,137,2008,0.4,1.6,7.2,0.0,19,0.0,59.9,2008-12-19,-6.8
354,0.0,12,0.0,20081220,137,2008,9.1,1.1,4.4,0.5,20,0.8,74.9,2008-12-20,-3.3
355,0.0,12,0.0,20081221,137,2008,9.1,2.5,2.4,0.0,21,1.0,64.3,2008-12-21,-0.4
356,0.0,12,8.2,20081222,137,2008,1.5,3.4,0.4,0.0,22,-2.7,45.8,2008-12-22,-5.2
357,0.0,12,6.1,20081223,137,2008,3.3,2.4,3.8,0.0,23,-0.6,66.6,2008-12-23,-4.5
358,0.0,12,1.8,20081224,137,2008,6.4,1.2,6.9,0.0,24,1.9,67.5,2008-12-24,-4.5
359,0.0,12,7.3,20081225,137,2008,3.1,5.6,5.3,0.0,25,1.2,38.6,2008-12-25,-4.2
360,0.0,12,8.2,20081226,137,2008,0.4,3.7,0.4,0.0,26,-3.8,29.5,2008-12-26,-6.6
361,0.0,12,8.3,20081227,137,2008,0.6,2.3,4.6,0.0,27,-1.3,38.9,2008-12-27,-6.3
362,0.0,12,5.6,20081228,137,2008,5.0,1.5,7.4,0.0,28,1.6,53.1,2008-12-28,-5.5
363,0.0,12,1.8,20081229,137,2008,7.9,3.5,5.5,0.0,29,3.0,56.6,2008-12-29,1.2
364,0.0,12,7.7,20081230,137,2008,3.6,4.3,2.4,0.0,30,-1.0,50.1,2008-12-30,-4.1
365,0.0,12,8.4,20081231,137,2008,0.0,3.5,-0.3,0.0,31,-4.3,47.6,2008-12-31,-7.5
