,month,tavg,rainfall,year,date,tmin,cloud,tmax,day,snow,wind,station_id,Date,sunshine,humid
0,1,-1.8,0.0,2019,20190101,-4.3,3.8,1.2,1,0.0,2.9,137,2019-01-01,4.6,54.1
1,1,-2.1,0.0,2019,20190102,-5.4,0.1,2.4,2,0.0,3.0,137,2019-01-02,8.2,39.9
2,1,-0.7,0.0,2019,20190103,-4.9,0.1,4.7,3,0.0,2.5,137,2019-01-03,8.2,33.1
3,1,0.6,0.0,2019,20190104,-8.0,1.5,5.1,4,0.0,2.0,137,2019-01-04,6.2,37.9
4,1,1.0,0.0,2019,20190105,-3.7,1.6,4.8,5,0.0,2.8,137,2019-01-05,7.9,38.6
5,1,-1.0,0.0,2019,20190106,-7.5,3.6,5.8,6,0.0,1.7,137,2019-01-06,7.4,33.0
6,1,0.2,0.0,2019,20190107,-5.3,3.4,5.2,7,0.0,2.6,137,2019-01-07,7.8,47.3
7,1,-0.3,0.0,2019,20190108,-4.0,2.3,3.9,8,0.0,3.8,137,2019-01-08,8.2,38.8
8,1,-3.4,0.0,2019,20190109,-8.7,5.8,2.1,9,0.0,1.2,137,2019-01-09,6.0,32.9
9,1,0.5,0.0,2019,20190110,-4.5,4.6,5.3,10,0.0,2.9,137,2019-01-10,4.3,40.9
10,1,1.3,0.0,2019,20190111,-4.3,6.6,6.7,11,0.0,1.2,137,2019-01-11,7.6,57.6
11,1,2.7,1.9,2019,20190112,-1.6,6.6,8.2,12,0.0,1.1,137,2019-01-12,3.0,73.9
12,1,-1.8,0.0,2019,20190113,-5.2,5.8,4.2,13,0.0,0.7,137,2019-01-13,3.9,87.5
13,1,-1.6,0.0,2019,20190114,-5.8,9.3,3.3,14,0.0,0.8,137,2019-01-14,2.4,86.6
14,1,0.8,0.0,2019,20190115,-4.5,6.0,6.1,15,0.0,3.1,137,2019-01-15,5.2,56.4
15,1,-3.7,0.0,2019,20190116,-7.4,2.9,0.8,16,0.0,3.1,137,2019-01-16,8.0,43.5
16,1,0.8,0.0,2019,20190117,-2.6,4.5,4.1,17,0.0,3.0,137,2019-01-17,5.8,48.3
17,1,1.7,0.0,2019,20190118,-1.9,2.6,7.5,18,0.0,2.5,137,2019-01-18,8.3,50.4
18,1,2.6,0.0,2019,20190119,-3.8,8.5,9.5,19,0.0,0.9,137,2019-01-19,3.7,46.9
19,1,1.9,0.0,2019,20190120,-2.7,1.6,5.5,20,0.0,3.3,137,2019-01-20,8.4,36.8
20,1,0.8,0.0,2019,20190121,-4.9,1.4,6.1,21,0.0,3.0,137,2019-01-21,8.0,45.1
21,1,4.1,0.0,2019,20190122,-0.8,0.6,9.2,22,0.0,2.3,137,2019-01-22,8.0,50.1
22,1,4.7,0.0,2019,20190123,1.1,0.3,9.5,23,0.0,3.0,137,2019-01-23,6.7,41.9
23,1,2.3,0.0,2019,20190124,-2.9,0.6,8.4,24,0.0,2.2,137,2019-01-24,8.6,26.0
24,1,0.5,0.0,2019,20190125,-2.6,1.4,5.6,25,0.0,3.0,137,2019-01-25,8.5,28.9
25,1,-1.3,0.0,2019,20190126,-5.2,0.0,4.1,26,0.0,2.7,137,2019-01-26,8.6,27.1
26,1,0.6,0.0,2019,20190127,-4.6,2.0,6.6,27,0.0,2.6,137,2019-01-27,8.6,40.9
27,1,2.9,0.0,2019,20190128,-1.8,3.4,6.9,28,0.0,3.3,137,2019-01-28,8.1,42.3
28,1,-0.3,0.0,2019,20190129,-6.6,2.4,7.6,29,0.0,1.1,137,2019-01-29,8.6,41.8
29,1,4.6,0.0,2019,20190130,-2.1,8.3,10.3,30,0.0,2.0,137,2019-01-30,6.1,30.3
30,1,0.9,0.6,2019,20190131,-4.0,6.3,4.7,31,0.0,3.1,137,2019-01-31,2.0,48.9
31,2,-0.9,0.0,2019,20190201,-5.4,0.5,4.2,1,0.0,3.4,137,2019-02-01,8.7,43.6
32,2,2.9,0.0,2019,20190202,-2.6,3.5,8.9,2,0.0,2.0,137,2019-02-02,8.7,51.3
33,2,3.7,15.4,2019,20190203,0.8,9.1,7.9,3,0.0,1.5,137,2019-02-03,0.0,84.1
34,2,2.7,0.0,2019,20190204,-1.3,2.8,7.2,4,0.0,3.1,137,2019-02-04,8.7,30.6
35,2,1.5,0.0,2019,20190205,-5.6,4.6,9.8,5,0.0,0.8,137,2019-02-05,8.0,49.4
36,2,5.4,0.0,2019,20190206,-2.7,6.5,12.8,6,0.0,1.3,137,2019-02-06,6.2,54.3
37,2,2.9,0.0,2019,20190207,-4.7,6.0,8.5,7,0.0,3.6,137,2019-02-07,6.4,45.3
38,2,-1.7,0.0,2019,20190208,-6.3,7.6,4.1,8,0.0,2.2,137,2019-02-08,7.9,30.5
39,2,-1.8,0.0,2019,20190209,-4.3,4.8,2.1,9,0.0,3.0,137,2019-02-09,8.9,28.6
40,2,-1.4,0.0,2019,20190210,-6.6,7.0,3.4,10,0.0,1.7,137,2019-02-10,2.6,27.4
41,2,-0.9,0.0,2019,20190211,-4.4,1.3,4.1,11,0.0,2.9,137,2019-02-11,9.1,31.0
42,2,0.2,0.0,2019,20190212,-6.4,5.4,5.9,12,0.0,1.8,137,2019-02-12,7.7,43.8
43,2,0.7,0.0,2019,20190213,-2.5,2.9,5.5,13,0.0,2.3,137,2019-02-13,8.8,33.5
44,2,0.8,0.0,2019,20190214,-3.7,7.5,6.8,14,0.0,1.1,137,2019-02-14,6.4,49.4
45,2,1.6,0.0,2019,20190215,-2.1,9.5,6.0,15,0.0,1.8,137,2019-02-15,4.0,64.8
46,2,-0.9,0.0,2019,20190216,-3.5,4.9,2.1,16,0.0,2.6,137,2019-02-16,6.0,59.8
47,2,-0.1,0.0,2019,20190217,-5.0,0.4,7.3,17,0.0,2.8,137,2019-02-17,9.2,45.4
48,2,2.9,0.0,2019,20190218,-3.0,8.9,7.6,18,0.0,1.3,137,2019-02-18,5.3,41.3
49,2,1.6,22.3,2019,20190219,-0.3,8.5,4.5,19,0.0,1.5,137,2019-02-19,0.0,94.5
50,2,2.5,0.0,2019,20190220,-0.3,7.6,6.0,20,0.0,2.2,137,2019-02-20,2.9,70.6
51,2,2.8,0.0,2019,20190221,-2.3,1.8,8.6,21,0.0,1.0,137,2019-02-21,9.1,68.4
52,2,4.4,0.0,2019,20190222,-3.0,7.4,11.7,22,0.0,0.9,137,2019-02-22,7.2,62.9
53,2,4.8,0.0,2019,20190223,-2.3,4.4,12.8,23,0.0,1.1,137,2019-02-23,8.4,65.6
54,2,5.5,0.0,2019,20190224,-3.1,1.1,15.1,24,0.0,1.3,137,2019-02-24,9.5,66.1
55,2,7.7,0.0,2019,20190225,3.5,3.1,14.2,25,0.0,2.5,137,2019-02-25,9.1,46.4
56,2,6.6,0.0,2019,20190226,-2.0,3.8,13.9,26,0.0,1.4,137,2019-02-26,9.7,39.6
57,2,6.6,0.1,2019,20190227,3.2,9.5,10.4,27,0.0,0.9,137,2019-02-27,1.5,76.6
58,2,7.6,0.0,2019,20190228,1.6,5.5,14.0,28,0.0,1.6,137,2019-02-28,8.4,59.0
59,3,7.5,0.0,2019,20190301,2.5,0.0,14.9,1,0.0,1.6,137,2019-03-01,9.6,45.8
60,3,5.9,0.0,2019,20190302,-2.6,5.3,14.7,2,0.0,0.8,137,2019-03-02,7.7,55.9
61,3,7.6,0.0,2019,20190303,-0.9,6.3,15.0,3,0.0,0.7,137,2019-03-03,7.5,59.3
62,3,10.2,0.0,2019,20190304,4.5,4.1,16.1,4,0.0,1.3,137,2019-03-04,7.9,50.1
63,3,9.7,0.0,2019,20190305,1.1,6.1,15.6,5,0.0,1.5,137,2019-03-05,6.8,50.8
64,3,10.6,0.0,2019,20190306,6.5,6.4,16.3,6,0.0,1.7,137,2019-03-06,5.5,49.1
65,3,7.9,0.1,2019,20190307,4.5,2.9,13.0,7,0.0,2.0,137,2019-03-07,5.5,60.8
66,3,8.0,0.0,2019,20190308,-0.2,0.1,16.0,8,0.0,1.7,137,2019-03-08,10.0,47.1
67,3,7.8,0.0,2019,20190309,-2.3,5.3,17.3,9,0.0,1.0,137,2019-03-09,8.8,42.4
68,3,6.4,2.5,2019,20190310,2.5,8.8,9.1,10,0.0,1.0,137,2019-03-10,0.0,73.1
69,3,5.8,0.1,2019,20190311,-0.9,7.9,11.2,11,0.0,1.9,137,2019-03-11,2.9,80.0
70,3,5.3,2.5,2019,20190312,-0.5,3.9,12.3,12,0.0,2.8,137,2019-03-12,5.0,74.8
71,3,3.4,0.0,2019,20190313,-1.4,1.6,9.1,13,0.0,4.0,137,2019-03-13,9.6,40.9
72,3,5.4,0.0,2019,20190314,-2.7,3.8,12.4,14,0.0,1.8,137,2019-03-14,9.1,40.9
73,3,5.4,2.1,2019,20190315,1.2,5.5,13.1,15,0.0,2.1,137,2019-03-15,5.4,68.6
74,3,5.7,0.0,2019,20190316,1.2,5.1,11.5,16,0.0,2.2,137,2019-03-16,8.5,62.0
75,3,6.9,0.0,2019,20190317,1.9,0.8,13.8,17,0.0,2.0,137,2019-03-17,9.3,49.0
76,3,7.3,0.0,2019,20190318,-2.5,8.6,16.1,18,0.0,1.3,137,2019-03-18,7.5,42.8
77,3,12.8,0.0,2019,20190319,3.3,2.2,20.5,19,0.0,2.0,137,2019-03-19,10.3,35.9
78,3,10.7,6.4,2019,20190320,4.5,8.5,16.8,20,0.0,1.4,137,2019-03-20,0.7,70.9
79,3,9.0,3.3,2019,20190321,3.4,9.9,12.6,21,0.0,2.8,137,2019-03-21,0.3,76.4
80,3,4.8,0.0,2019,20190322,1.2,5.9,10.9,22,0.0,2.7,137,2019-03-22,9.6,50.4
81,3,3.3,3.6,2019,20190323,0.0,3.3,10.8,23,0.0,2.8,137,2019-03-23,7.6,60.3
82,3,5.0,0.0,2019,20190324,-1.5,1.4,11.5,24,0.0,2.3,137,2019-03-24,11.1,47.4
83,3,7.7,0.0,2019,20190325,-1.3,4.0,16.5,25,0.0,1.9,137,2019-03-25,9.6,57.1
84,3,11.2,0.0,2019,20190326,4.7,0.3,19.9,26,0.0,2.1,137,2019-03-26,9.7,44.5
85,3,14.1,0.0,2019,20190327,3.0,5.1,23.6,27,0.0,2.8,137,2019-03-27,8.1,48.3
86,3,12.5,0.0,2019,20190328,7.3,5.6,19.3,28,0.0,1.8,137,2019-03-28,8.8,57.1
87,3,11.4,0.0,2019,20190329,4.6,4.8,18.7,29,0.0,1.5,137,2019-03-29,6.8,49.3
88,3,5.8,5.9,2019,20190330,3.0,8.6,12.8,30,0.0,2.8,137,2019-03-30,3.5,74.0
89,3,4.6,0.3,2019,20190331,2.2,6.3,9.7,31,0.0,3.4,137,2019-03-31,4.2,52.8
90,4,5.2,0.0,2019,20190401,1.1,2.5,11.4,1,0.0,2.7,137,2019-04-01,9.5,46.0
91,4,6.7,0.0,2019,20190402,-2.9,0.4,14.3,2,0.0,2.3,137,2019-04-02,11.0,38.5
92,4,8.2,0.0,2019,20190403,-0.8,0.0,15.0,3,0.0,2.0,137,2019-04-03,10.9,34.1
93,4,10.7,0.0,2019,20190404,3.2,1.4,18.7,4,0.0,3.1,137,2019-04-04,11.0,31.1
94,4,12.5,0.0,2019,20190405,8.0,4.4,19.7,5,0.0,2.9,137,2019-04-05,5.8,38.9
95,4,13.6,0.0,2019,20190406,3.4,4.1,22.2,6,0.0,1.7,137,2019-04-06,9.5,31.8
96,4,15.5,0.0,2019,20190407,9.5,4.8,21.3,7,0.0,1.3,137,2019-04-07,6.6,42.3
97,4,13.4,0.0,2019,20190408,7.3,3.1,20.2,8,0.0,2.4,137,2019-04-08,10.6,28.6
98,4,7.8,35.0,2019,20190409,1.6,8.5,15.9,9,0.0,2.4,137,2019-04-09,3.2,61.3
99,4,6.4,11.6,2019,20190410,1.6,8.3,10.2,10,0.0,1.2,137,2019-04-10,0.0,82.1
100,4,8.9,0.0,2019,20190411,2.6,7.3,15.2,11,0.0,0.8,137,2019-04-11,7.1,72.0
101,4,11.5,0.0,2019,20190412,3.9,3.9,19.5,12,0.0,1.4,137,2019-04-12,9.6,48.9
102,4,12.3,0.0,2019,20190413,2.7,5.5,20.2,13,0.0,1.4,137,2019-04-13,10.7,42.1
103,4,10.7,0.2,2019,20190414,7.4,6.0,15.4,14,0.0,2.2,137,2019-04-14,3.5,49.8
104,4,13.3,0.0,2019,20190415,4.5,0.0,21.7,15,0.0,2.2,137,2019-04-15,11.6,35.1
105,4,14.6,0.0,2019,20190416,3.7,4.9,24.8,16,0.0,1.3,137,2019-04-16,10.4,36.5
106,4,17.7,0.0,2019,20190417,8.8,3.5,25.1,17,0.0,1.3,137,2019-04-17,11.7,36.0
107,4,17.2,0.0,2019,20190418,9.0,6.8,23.2,18,0.0,2.2,137,2019-04-18,9.3,53.4
108,4,12.1,0.0,2019,20190419,9.7,9.4,15.6,19,0.0,1.5,137,2019-04-19,0.0,71.5
109,4,15.6,0.0,2019,20190420,5.9,4.6,24.9,20,0.0,1.5,137,2019-04-20,10.6,60.3
110,4,18.6,0.0,2019,20190421,15.5,8.3,24.1,21,0.0,1.7,137,2019-04-21,3.2,65.1
111,4,19.3,0.0,2019,20190422,10.6,2.8,27.7,22,0.0,1.4,137,2019-04-22,11.4,62.5
112,4,16.5,3.1,2019,20190423,11.9,9.6,21.7,23,0.0,0.9,137,2019-04-23,2.4,74.8
113,4,17.3,17.0,2019,20190424,14.3,7.0,22.0,24,0.0,1.0,137,2019-04-24,3.5,89.9
114,4,14.3,5.8,2019,20190425,10.1,8.4,17.8,25,0.0,0.9,137,2019-04-25,0.0,85.4
115,4,9.0,18.2,2019,20190426,7.5,8.9,11.4,26,0.0,0.9,137,2019-04-26,0.0,94.8
116,4,11.7,0.0,2019,20190427,4.5,4.0,18.2,27,0.0,0.8,137,2019-04-27,9.6,67.6
117,4,11.2,0.0,2019,20190428,7.8,7.8,16.6,28,0.0,0.6,137,2019-04-28,2.4,77.6
118,4,9.2,21.3,2019,20190429,5.3,8.8,12.6,29,0.0,0.5,137,2019-04-29,0.0,97.0
119,4,14.8,0.0,2019,20190430,10.3,6.5,21.2,30,0.0,0.6,137,2019-04-30,6.3,86.1
120,5,17.1,0.0,2019,20190501,11.6,3.4,23.5,1,0.0,2.2,137,2019-05-01,9.0,55.1
121,5,17.8,0.0,2019,20190502,10.9,0.0,24.5,2,0.0,2.4,137,2019-05-02,12.4,44.3
122,5,19.1,0.0,2019,20190503,7.5,0.6,29.2,3,0.0,1.3,137,2019-05-03,12.1,42.0
123,5,20.6,0.0,2019,20190504,12.0,3.9,29.0,4,0.0,1.2,137,2019-05-04,11.2,41.9
124,5,20.3,0.0,2019,20190505,11.3,4.0,28.9,5,0.0,1.4,137,2019-05-05,10.8,42.3
125,5,15.1,0.0,2019,20190506,8.3,1.5,21.8,6,0.0,1.9,137,2019-05-06,10.7,49.6
126,5,14.6,0.0,2019,20190507,4.4,0.0,23.1,7,0.0,1.3,137,2019-05-07,12.4,47.9
127,5,16.9,0.0,2019,20190508,8.5,7.0,24.1,8,0.0,2.3,137,2019-05-08,10.3,31.1
128,5,18.1,0.0,2019,20190509,12.6,4.4,25.5,9,0.0,1.7,137,2019-05-09,11.7,36.3
129,5,19.2,0.0,2019,20190510,8.8,2.3,28.3,10,0.0,0.9,137,2019-05-10,11.7,40.1
130,5,20.7,0.0,2019,20190511,11.5,0.9,29.8,11,0.0,0.9,137,2019-05-11,12.1,50.3
131,5,19.3,0.0,2019,20190512,11.1,1.8,27.9,12,0.0,0.9,137,2019-05-12,11.9,52.6
132,5,18.4,0.0,2019,20190513,9.6,7.3,26.2,13,0.0,1.0,137,2019-05-13,8.8,56.4
133,5,21.7,0.0,2019,20190514,14.5,2.4,28.5,14,0.0,1.0,137,2019-05-14,11.3,54.4
134,5,22.1,0.0,2019,20190515,16.1,5.5,29.6,15,0.0,0.9,137,2019-05-15,9.6,59.0
135,5,22.4,0.0,2019,20190516,15.1,4.9,29.7,16,0.0,0.9,137,2019-05-16,9.6,61.8
136,5,22.2,0.0,2019,20190517,16.0,8.0,27.2,17,0.0,0.6,137,2019-05-17,4.9,60.4
137,5,17.5,24.7,2019,20190518,15.3,8.8,20.5,18,0.0,1.0,137,2019-05-18,0.0,91.3
138,5,19.5,0.2,2019,20190519,16.2,7.4,23.8,19,0.0,0.8,137,2019-05-19,0.6,85.8
139,5,16.8,0.6,2019,20190520,11.7,9.0,21.2,20,0.0,2.0,137,2019-05-20,5.6,65.9
140,5,17.5,0.0,2019,20190521,7.5,0.0,24.9,21,0.0,2.2,137,2019-05-21,12.5,48.9
141,5,19.5,0.0,2019,20190522,10.3,0.0,28.1,22,0.0,1.5,137,2019-05-22,12.6,46.5
142,5,21.0,0.0,2019,20190523,11.3,1.3,29.6,23,0.0,1.2,137,2019-05-23,12.6,55.0
143,5,23.8,0.0,2019,20190524,12.1,0.4,33.2,24,0.0,0.9,137,2019-05-24,12.1,58.1
144,5,24.6,0.0,2019,20190525,19.0,7.4,30.5,25,0.0,2.0,137,2019-05-25,10.0,43.8
145,5,23.1,0.0,2019,20190526,14.3,5.5,32.4,26,0.0,1.2,137,2019-05-26,10.2,49.3
146,5,18.4,20.7,2019,20190527,15.5,10.0,21.5,27,0.0,1.5,137,2019-05-27,0.0,89.9
147,5,17.9,0.0,2019,20190528,13.1,3.6,23.1,28,0.0,2.2,137,2019-05-28,7.3,56.5
148,5,21.3,0.0,2019,20190529,14.3,0.0,27.7,29,0.0,1.9,137,2019-05-29,12.7,42.9
149,5,20.9,0.0,2019,20190530,13.1,6.9,27.6,30,0.0,2.0,137,2019-05-30,8.0,44.9
150,5,19.5,0.1,2019,20190531,14.7,4.1,25.1,31,0.0,2.1,137,2019-05-31,10.2,60.4
151,6,18.4,0.0,2019,20190601,13.0,5.9,23.7,1,0.0,1.2,137,2019-06-01,9.2,65.9
152,6,21.1,0.0,2019,20190602,12.5,3.5,28.7,2,0.0,1.2,137,2019-06-02,11.6,60.0
153,6,22.8,0.0,2019,20190603,14.3,0.1,31.3,3,0.0,0.9,137,2019-06-03,12.1,59.0
154,6,25.3,0.0,2019,20190604,17.2,1.5,32.6,4,0.0,1.3,137,2019-06-04,11.4,51.1
155,6,26.1,0.0,2019,20190605,18.8,2.5,33.4,5,0.0,1.4,137,2019-06-05,11.7,56.9
156,6,22.2,19.8,2019,20190606,16.1,9.0,28.9,6,0.0,0.8,137,2019-06-06,1.3,79.0
157,6,17.9,37.6,2019,20190607,16.2,6.5,19.8,7,0.0,1.0,137,2019-06-07,0.0,98.5
158,6,20.9,0.0,2019,20190608,16.2,6.0,27.2,8,0.0,0.8,137,2019-06-08,9.6,76.6
159,6,20.1,0.0,2019,20190609,15.6,5.5,26.7,9,0.0,1.0,137,2019-06-09,10.1,72.9
160,6,17.6,2.8,2019,20190610,13.8,9.0,22.1,10,0.0,0.6,137,2019-06-10,1.8,79.6
161,6,19.3,0.0,2019,20190611,15.1,3.6,25.2,11,0.0,0.7,137,2019-06-11,9.5,69.4
162,6,20.2,0.0,2019,20190612,12.5,1.5,27.7,12,0.0,0.8,137,2019-06-12,12.5,71.0
163,6,22.1,0.0,2019,20190613,14.6,3.1,29.3,13,0.0,0.6,137,2019-06-13,11.9,70.8
164,6,20.6,0.0,2019,20190614,17.0,9.1,25.3,14,0.0,0.5,137,2019-06-14,0.9,79.9
165,6,21.9,0.0,2019,20190615,16.5,5.8,27.8,15,0.0,1.2,137,2019-06-15,9.3,71.0
166,6,21.8,0.0,2019,20190616,15.3,3.9,27.3,16,0.0,0.8,137,2019-06-16,8.7,67.4
167,6,22.8,0.0,2019,20190617,17.2,5.0,28.6,17,0.0,1.3,137,2019-06-17,10.8,65.3
168,6,20.9,5.1,2019,20190618,16.2,7.9,26.5,18,0.0,1.1,137,2019-06-18,1.6,75.4
169,6,22.5,0.0,2019,20190619,19.3,6.9,27.0,19,0.0,0.9,137,2019-06-19,2.2,76.9
170,6,24.2,0.0,2019,20190620,18.8,4.3,29.7,20,0.0,1.3,137,2019-06-20,10.3,68.0
171,6,24.8,0.0,2019,20190621,19.7,3.4,30.7,21,0.0,1.4,137,2019-06-21,11.7,66.4
172,6,23.0,0.0,2019,20190622,18.7,4.3,28.4,22,0.0,0.9,137,2019-06-22,9.7,65.4
173,6,21.8,0.0,2019,20190623,14.8,2.1,28.4,23,0.0,0.8,137,2019-06-23,11.7,64.9
174,6,23.5,0.1,2019,20190624,17.2,4.0,30.8,24,0.0,0.9,137,2019-06-24,10.6,66.4
175,6,25.3,0.0,2019,20190625,16.7,2.1,32.4,25,0.0,0.8,137,2019-06-25,11.9,64.1
176,6,20.1,13.8,2019,20190626,18.2,9.6,23.8,26,0.0,0.7,137,2019-06-26,0.5,91.3
177,6,23.4,10.5,2019,20190627,19.6,8.5,29.0,27,0.0,0.6,137,2019-06-27,3.6,90.0
178,6,24.6,2.2,2019,20190628,21.5,8.6,29.1,28,0.0,0.7,137,2019-06-28,3.2,86.4
179,6,21.3,17.6,2019,20190629,20.0,9.1,23.8,29,0.0,0.7,137,2019-06-29,0.0,93.5
180,6,24.4,0.0,2019,20190630,20.1,8.3,29.1,30,0.0,1.6,137,2019-06-30,5.5,80.6
181,7,23.3,0.0,2019,20190701,19.5,7.1,26.3,1,0.0,1.2,137,2019-07-01,0.5,76.8
182,7,23.7,0.0,2019,20190702,16.5,2.0,29.2,2,0.0,1.4,137,2019-07-02,11.4,69.5
183,7,23.2,0.0,2019,20190703,18.5,7.0,28.1,3,0.0,0.9,137,2019-07-03,7.1,76.6
184,7,25.3,0.0,2019,20190704,18.9,3.1,31.7,4,0.0,1.1,137,2019-07-04,10.8,70.3
185,7,25.4,0.0,2019,20190705,19.3,3.6,32.7,5,0.0,0.7,137,2019-07-05,12.4,69.0
186,7,24.8,0.0,2019,20190706,17.2,0.6,31.8,6,0.0,1.0,137,2019-07-06,12.8,64.8
187,7,23.3,0.0,2019,20190707,18.2,7.1,28.3,7,0.0,1.1,137,2019-07-07,9.0,67.1
188,7,21.9,0.0,2019,20190708,18.1,7.0,27.6,8,0.0,0.9,137,2019-07-08,5.4,72.0
189,7,21.9,0.0,2019,20190709,15.5,7.1,27.0,9,0.0,1.0,137,2019-07-09,6.2,72.4
190,7,20.1,28.1,2019,20190710,18.6,8.5,23.6,10,0.0,1.0,137,2019-07-10,0.0,88.6
191,7,22.3,16.6,2019,20190711,19.2,8.0,25.8,11,0.0,1.7,137,2019-07-11,1.7,90.1
192,7,23.7,0.0,2019,20190712,20.3,7.8,28.6,12,0.0,2.0,137,2019-07-12,6.8,74.5
193,7,24.2,0.0,2019,20190713,19.8,7.5,28.9,13,0.0,0.8,137,2019-07-13,3.7,77.9
194,7,24.0,12.7,2019,20190714,21.3,5.8,30.4,14,0.0,0.8,137,2019-07-14,3.5,85.4
195,7,22.3,3.6,2019,20190715,20.3,8.9,25.7,15,0.0,0.6,137,2019-07-15,0.7,93.9
196,7,24.3,1.6,2019,20190716,20.7,7.1,29.5,16,0.0,0.8,137,2019-07-16,3.8,83.8
197,7,24.4,0.0,2019,20190717,21.5,8.4,28.5,17,0.0,0.6,137,2019-07-17,2.6,82.4
198,7,23.5,19.2,2019,20190718,21.2,8.4,27.4,18,0.0,0.5,137,2019-07-18,3.3,90.4
199,7,24.6,0.1,2019,20190719,21.7,9.0,26.7,19,0.0,0.6,137,2019-07-19,0.0,90.8
200,7,23.7,36.5,2019,20190720,22.6,10.0,24.9,20,0.0,1.5,137,2019-07-20,0.0,99.3
201,7,24.7,45.6,2019,20190721,22.9,8.0,27.5,21,0.0,1.5,137,2019-07-21,0.4,93.4
202,7,28.1,0.0,2019,20190722,24.1,5.6,32.2,22,0.0,1.5,137,2019-07-22,9.1,76.0
203,7,29.3,0.0,2019,20190723,25.7,6.3,33.5,23,0.0,1.2,137,2019-07-23,4.6,76.3
204,7,27.0,0.0,2019,20190724,25.0,7.6,29.8,24,0.0,0.5,137,2019-07-24,0.0,87.9
205,7,25.5,40.9,2019,20190725,24.5,8.9,27.2,25,0.0,0.2,137,2019-07-25,0.0,98.8
206,7,26.9,1.1,2019,20190726,25.0,7.5,30.2,26,0.0,0.4,137,2019-07-26,0.9,93.1
207,7,27.0,0.4,2019,20190727,24.7,8.9,31.2,27,0.0,0.5,137,2019-07-27,2.4,92.6
208,7,26.0,14.8,2019,20190728,24.7,8.5,30.4,28,0.0,0.4,137,2019-07-28,1.4,97.0
209,7,27.9,0.0,2019,20190729,23.9,5.8,33.0,29,0.0,0.7,137,2019-07-29,4.7,83.0
210,7,28.2,0.0,2019,20190730,22.6,4.5,33.7,30,0.0,1.2,137,2019-07-30,2.2,79.9
211,7,29.6,0.0,2019,20190731,25.2,4.3,33.3,31,0.0,1.3,137,2019-07-31,1.2,74.0
212,8,29.1,0.0,2019,20190801,25.5,4.9,33.7,1,0.0,1.1,137,2019-08-01,0.8,75.9
213,8,29.6,0.0,2019,20190802,25.0,2.6,34.5,2,0.0,0.8,137,2019-08-02,0.0,75.6
214,8,28.6,0.0,2019,20190803,24.8,5.9,34.1,3,0.0,0.6,137,2019-08-03,7.0,83.0
215,8,28.7,0.0,2019,20190804,23.3,2.5,34.8,4,0.0,0.5,137,2019-08-04,12.0,81.3
216,8,30.0,0.0,2019,20190805,25.2,4.4,35.2,5,0.0,0.6,137,2019-08-05,11.6,74.8
217,8,26.4,6.7,2019,20190806,22.6,8.4,30.5,6,0.0,0.9,137,2019-08-06,5.4,81.4
218,8,27.4,15.1,2019,20190807,23.2,5.9,32.9,7,0.0,1.6,137,2019-08-07,7.0,84.3
219,8,26.2,3.1,2019,20190808,22.8,6.8,33.8,8,0.0,0.7,137,2019-08-08,6.8,90.1
220,8,27.7,0.4,2019,20190809,22.8,6.3,33.6,9,0.0,0.6,137,2019-08-09,9.1,86.1
221,8,28.3,0.0,2019,20190810,24.7,5.3,33.4,10,0.0,0.9,137,2019-08-10,10.2,79.3
222,8,28.3,0.0,2019,20190811,24.2,8.1,33.0,11,0.0,1.4,137,2019-08-11,6.9,74.8
223,8,28.5,0.0,2019,20190812,25.4,6.4,32.3,12,0.0,1.0,137,2019-08-12,4.8,79.9
224,8,28.8,0.0,2019,20190813,23.7,4.0,34.0,13,0.0,0.7,137,2019-08-13,10.3,79.8
225,8,28.4,0.0,2019,20190814,24.3,7.6,32.7,14,0.0,1.0,137,2019-08-14,4.1,77.5
226,8,26.2,3.5,2019,20190815,23.4,7.4,28.4,15,0.0,1.1,137,2019-08-15,0.3,88.4
227,8,26.8,0.0,2019,20190816,24.5,6.6,31.3,16,0.0,2.1,137,2019-08-16,5.6,79.4
228,8,26.8,1.7,2019,20190817,23.2,4.0,31.8,17,0.0,1.6,137,2019-08-17,10.2,74.0
229,8,25.1,0.0,2019,20190818,20.1,3.3,30.8,18,0.0,1.0,137,2019-08-18,11.6,74.0
230,8,25.0,0.0,2019,20190819,19.0,7.0,30.2,19,0.0,0.6,137,2019-08-19,8.9,79.3
231,8,25.7,0.0,2019,20190820,21.8,6.1,30.5,20,0.0,0.9,137,2019-08-20,7.0,70.6
232,8,25.7,4.2,2019,20190821,20.6,8.3,31.2,21,0.0,0.8,137,2019-08-21,4.8,80.8
233,8,25.3,42.1,2019,20190822,23.2,8.4,29.6,22,0.0,1.0,137,2019-08-22,3.8,86.4
234,8,24.5,0.0,2019,20190823,20.2,6.6,29.2,23,0.0,1.5,137,2019-08-23,4.8,74.4
235,8,22.6,0.0,2019,20190824,18.8,7.6,26.5,24,0.0,1.2,137,2019-08-24,2.0,81.1
236,8,23.6,0.0,2019,20190825,18.2,3.3,30.1,25,0.0,1.0,137,2019-08-25,10.7,75.3
237,8,24.2,0.0,2019,20190826,18.2,3.1,30.2,26,0.0,0.8,137,2019-08-26,11.1,76.3
238,8,20.6,19.5,2019,20190827,18.5,8.8,22.5,27,0.0,0.7,137,2019-08-27,0.1,95.4
239,8,23.1,1.6,2019,20190828,19.3,8.0,27.1,28,0.0,0.8,137,2019-08-28,1.9,89.6
240,8,22.0,8.8,2019,20190829,18.6,9.6,26.5,29,0.0,0.9,137,2019-08-29,0.8,90.8
241,8,22.9,0.0,2019,20190830,18.2,3.6,28.2,30,0.0,1.6,137,2019-08-30,10.1,73.9
242,8,22.4,0.0,2019,20190831,17.2,3.6,27.8,31,0.0,1.3,137,2019-08-31,9.9,75.6
243,9,22.0,0.0,2019,20190901,17.2,7.9,26.2,1,0.0,0.5,137,2019-09-01,2.6,85.6
244,9,20.7,5.9,2019,20190902,19.0,8.6,23.2,2,0.0,0.4,137,2019-09-02,0.0,92.8
245,9,20.7,5.2,2019,20190903,19.0,10.0,21.7,3,0.0,0.5,137,2019-09-03,0.0,99.8
246,9,22.3,4.2,2019,20190904,20.8,9.8,24.3,4,0.0,0.7,137,2019-09-04,0.0,99.0
247,9,24.2,2.9,2019,20190905,22.3,8.9,30.7,5,0.0,0.5,137,2019-09-05,2.3,94.4
248,9,24.7,0.0,2019,20190906,22.3,9.6,27.8,6,0.0,0.7,137,2019-09-06,0.0,94.1
249,9,26.0,3.8,2019,20190907,23.8,7.9,29.7,7,0.0,2.5,137,2019-09-07,0.8,81.9
250,9,25.1,0.0,2019,20190908,20.7,8.0,29.4,8,0.0,0.7,137,2019-09-08,4.3,85.6
251,9,23.5,5.4,2019,20190909,21.2,9.8,26.2,9,0.0,0.6,137,2019-09-09,0.3,94.5
252,9,25.7,2.7,2019,20190910,22.6,5.5,31.2,10,0.0,0.7,137,2019-09-10,7.4,87.1
253,9,23.2,0.0,2019,20190911,21.1,8.5,27.6,11,0.0,0.9,137,2019-09-11,0.8,88.9
254,9,19.8,2.4,2019,20190912,17.2,8.0,22.1,12,0.0,0.7,137,2019-09-12,0.0,86.8
255,9,20.3,0.0,2019,20190913,15.6,3.4,26.5,13,0.0,0.7,137,2019-09-13,7.9,83.8
256,9,21.7,0.0,2019,20190914,14.8,7.9,27.3,14,0.0,0.6,137,2019-09-14,4.4,84.5
257,9,23.9,0.0,2019,20190915,19.8,7.4,29.6,15,0.0,0.7,137,2019-09-15,7.3,81.1
258,9,22.1,0.0,2019,20190916,17.4,4.6,28.0,16,0.0,0.7,137,2019-09-16,9.0,76.4
259,9,20.1,0.0,2019,20190917,13.1,2.6,27.3,17,0.0,0.6,137,2019-09-17,9.5,76.6
260,9,21.6,0.0,2019,20190918,16.1,2.4,29.5,18,0.0,1.2,137,2019-09-18,9.6,63.1
261,9,19.2,0.0,2019,20190919,13.8,4.3,25.2,19,0.0,0.7,137,2019-09-19,9.1,71.6
262,9,18.2,0.0,2019,20190920,14.8,9.9,22.1,20,0.0,0.7,137,2019-09-20,0.6,81.4
263,9,16.3,45.3,2019,20190921,14.3,9.3,19.3,21,0.0,1.1,137,2019-09-21,0.0,95.9
264,9,15.5,81.7,2019,20190922,14.3,10.0,16.7,22,0.0,2.0,137,2019-09-22,0.0,98.9
265,9,17.2,0.0,2019,20190923,13.8,5.6,21.8,23,0.0,0.9,137,2019-09-23,1.4,86.1
266,9,17.3,0.0,2019,20190924,11.3,2.1,25.7,24,0.0,0.6,137,2019-09-24,7.9,83.8
267,9,16.5,0.0,2019,20190925,11.3,8.1,22.6,25,0.0,0.5,137,2019-09-25,3.5,88.8
268,9,19.1,0.0,2019,20190926,15.1,7.8,24.8,26,0.0,0.7,137,2019-09-26,3.6,88.0
269,9,20.7,0.0,2019,20190927,14.6,5.5,27.0,27,0.0,0.6,137,2019-09-27,9.1,82.0
270,9,22.7,0.0,2019,20190928,19.7,6.1,28.2,28,0.0,0.6,137,2019-09-28,5.4,85.8
271,9,22.0,0.0,2019,20190929,17.5,2.4,28.8,29,0.0,0.6,137,2019-09-29,8.8,83.9
272,9,21.1,0.0,2019,20190930,14.3,2.5,28.2,30,0.0,0.5,137,2019-09-30,9.2,84.1
273,10,21.8,0.0,2019,20191001,19.7,9.1,24.2,1,0.0,0.3,137,2019-10-01,0.0,92.0
274,10,20.1,132.2,2019,20191002,19.6,10.0,20.7,2,0.0,1.4,137,2019-10-02,0.0,100.0
275,10,21.6,37.6,2019,20191003,19.0,6.6,27.1,3,0.0,1.8,137,2019-10-03,3.5,87.3
276,10,21.1,0.0,2019,20191004,16.0,4.6,28.2,4,0.0,0.5,137,2019-10-04,6.5,87.0
277,10,20.0,0.9,2019,20191005,16.5,8.4,24.2,5,0.0,1.3,137,2019-10-05,3.6,80.8
278,10,16.3,0.0,2019,20191006,13.8,8.1,20.0,6,0.0,0.8,137,2019-10-06,3.3,75.6
279,10,14.0,6.5,2019,20191007,12.3,7.4,15.3,7,0.0,0.8,137,2019-10-07,0.0,95.0
280,10,15.9,0.0,2019,20191008,10.9,3.9,22.8,8,0.0,2.2,137,2019-10-08,7.1,67.6
281,10,13.3,0.0,2019,20191009,6.5,2.3,21.0,9,0.0,1.1,137,2019-10-09,8.8,62.3
282,10,13.8,0.0,2019,20191010,6.6,7.3,21.1,10,0.0,0.6,137,2019-10-10,3.8,79.1
283,10,17.2,0.0,2019,20191011,11.5,3.3,24.2,11,0.0,0.9,137,2019-10-11,8.3,70.4
284,10,16.3,0.0,2019,20191012,10.6,2.1,23.4,12,0.0,1.1,137,2019-10-12,8.8,71.3
285,10,14.0,0.0,2019,20191013,7.5,2.7,21.3,13,0.0,0.7,137,2019-10-13,8.9,77.8
286,10,14.3,0.0,2019,20191014,8.4,4.5,22.7,14,0.0,1.0,137,2019-10-14,7.5,77.3
287,10,12.8,0.0,2019,20191015,8.5,5.0,18.5,15,0.0,0.8,137,2019-10-15,3.2,78.9
288,10,11.3,0.0,2019,20191016,5.6,7.8,19.7,16,0.0,0.5,137,2019-10-16,5.8,87.5
289,10,12.0,0.0,2019,20191017,7.6,6.5,18.0,17,0.0,0.6,137,2019-10-17,3.0,89.8
290,10,13.8,1.1,2019,20191018,8.6,7.8,18.8,18,0.0,0.7,137,2019-10-18,0.6,90.1
291,10,15.8,0.1,2019,20191019,11.0,2.0,23.2,19,0.0,0.8,137,2019-10-19,7.9,84.8
292,10,13.2,0.0,2019,20191020,8.3,2.6,22.2,20,0.0,0.5,137,2019-10-20,7.5,83.5
293,10,13.0,0.0,2019,20191021,6.3,5.0,22.0,21,0.0,0.6,137,2019-10-21,7.8,85.8
294,10,14.1,0.0,2019,20191022,7.5,4.6,22.6,22,0.0,0.7,137,2019-10-22,8.3,83.8
295,10,13.7,0.0,2019,20191023,9.1,9.1,17.8,23,0.0,0.5,137,2019-10-23,0.2,86.5
296,10,16.5,0.0,2019,20191024,12.6,7.6,22.3,24,0.0,0.8,137,2019-10-24,6.5,75.6
297,10,17.2,0.0,2019,20191025,10.8,5.4,24.2,25,0.0,1.1,137,2019-10-25,6.1,69.3
298,10,13.0,0.0,2019,20191026,9.3,7.4,16.6,26,0.0,2.0,137,2019-10-26,8.2,62.6
299,10,10.5,0.0,2019,20191027,5.6,0.6,17.2,27,0.0,1.4,137,2019-10-27,8.4,64.5
300,10,9.7,0.0,2019,20191028,2.2,4.4,18.0,28,0.0,0.6,137,2019-10-28,8.1,75.8
301,10,13.0,0.0,2019,20191029,6.8,3.8,18.4,29,0.0,1.5,137,2019-10-29,6.5,68.1
302,10,11.4,0.0,2019,20191030,6.3,1.1,17.5,30,0.0,1.7,137,2019-10-30,8.6,65.6
303,10,13.8,0.0,2019,20191031,5.2,1.5,20.0,31,0.0,1.7,137,2019-10-31,8.5,72.9
304,11,15.4,0.0,2019,20191101,9.5,1.9,22.5,1,0.0,1.3,137,2019-11-01,8.5,71.0
305,11,12.1,0.0,2019,20191102,6.0,6.6,18.1,2,0.0,0.4,137,2019-11-02,3.5,85.6
306,11,13.9,0.0,2019,20191103,8.7,6.5,20.7,3,0.0,0.8,137,2019-11-03,7.3,76.9
307,11,12.3,0.0,2019,20191104,7.0,4.1,18.2,4,0.0,0.7,137,2019-11-04,7.4,77.5
308,11,10.5,0.0,2019,20191105,3.7,2.5,18.3,5,0.0,1.0,137,2019-11-05,6.5,80.4
309,11,12.2,0.0,2019,20191106,5.4,4.0,18.9,6,0.0,1.1,137,2019-11-06,8.3,68.6
310,11,11.9,0.0,2019,20191107,6.8,4.0,17.5,7,0.0,2.0,137,2019-11-07,7.2,56.6
311,11,8.4,0.0,2019,20191108,2.7,0.0,15.1,8,0.0,1.8,137,2019-11-08,8.6,43.5
312,11,9.4,0.0,2019,20191109,0.4,0.0,17.8,9,0.0,1.2,137,2019-11-09,8.6,46.4
313,11,6.4,7.7,2019,20191110,0.6,8.4,12.0,10,0.0,0.9,137,2019-11-10,2.5,76.9
314,11,11.5,0.7,2019,20191111,6.9,6.3,15.8,11,0.0,2.3,137,2019-11-11,3.1,77.8
315,11,9.9,0.0,2019,20191112,4.8,1.9,16.7,12,0.0,0.9,137,2019-11-12,7.8,75.5
316,11,7.4,2.5,2019,20191113,1.4,7.6,14.6,13,0.0,1.0,137,2019-11-13,1.5,77.5
317,11,2.4,0.0,2019,20191114,-2.9,1.0,7.9,14,0.0,2.0,137,2019-11-14,8.3,41.8
318,11,3.5,0.0,2019,20191115,-4.5,3.4,11.5,15,0.0,0.7,137,2019-11-15,6.7,66.5
319,11,9.0,0.8,2019,20191116,5.0,4.0,16.5,16,0.0,0.5,137,2019-11-16,4.3,89.1
320,11,6.0,13.3,2019,20191117,3.5,9.4,8.1,17,0.0,0.4,137,2019-11-17,0.0,100.0
321,11,8.2,7.7,2019,20191118,2.4,8.4,13.6,18,0.0,2.7,137,2019-11-18,3.2,70.1
322,11,3.0,0.0,2019,20191119,0.7,2.5,6.7,19,0.0,2.4,137,2019-11-19,7.6,60.8
323,11,2.5,0.0,2019,20191120,-2.8,0.1,9.0,20,0.0,1.3,137,2019-11-20,8.3,48.8
324,11,2.5,0.0,2019,20191121,-5.0,5.9,10.1,21,0.0,0.7,137,2019-11-21,6.4,61.1
325,11,6.7,0.0,2019,20191122,-0.5,2.8,15.6,22,0.0,0.7,137,2019-11-22,8.2,73.8
326,11,7.7,0.0,2019,20191123,0.5,7.8,16.1,23,0.0,0.7,137,2019-11-23,8.0,85.3
327,11,12.1,1.5,2019,20191124,4.5,5.5,21.2,24,0.0,1.4,137,2019-11-24,8.1,78.9
328,11,5.3,0.0,2019,20191125,3.2,9.5,10.0,25,0.0,2.0,137,2019-11-25,1.5,73.0
329,11,7.5,0.0,2019,20191126,4.5,5.6,14.1,26,0.0,0.7,137,2019-11-26,5.4,75.4
330,11,6.1,0.0,2019,20191127,3.1,7.3,8.8,27,0.0,1.8,137,2019-11-27,3.5,60.1
331,11,4.2,0.0,2019,20191128,-1.0,2.5,11.3,28,0.0,0.7,137,2019-11-28,4.9,72.8
332,11,4.0,0.0,2019,20191129,-1.3,0.9,10.1,29,0.0,1.8,137,2019-11-29,3.3,51.4
333,11,3.8,0.0,2019,20191130,-4.0,4.3,10.9,30,0.0,0.7,137,2019-11-30,2.6,66.3
334,12,6.4,12.5,2019,20191201,4.9,9.7,9.0,1,0.0,0.9,137,2019-12-01,0.0,76.4
335,12,2.9,0.0,2019,20191202,-0.9,3.3,6.0,2,0.0,3.6,137,2019-12-02,7.0,59.1
336,12,1.9,0.5,2019,20191203,-2.8,3.6,6.7,3,0.0,1.9,137,2019-12-03,4.5,70.1
337,12,5.0,0.0,2019,20191204,1.2,3.4,9.4,4,0.0,1.7,137,2019-12-04,7.4,56.9
338,12,-0.3,0.0,2019,20191205,-5.1,0.5,4.1,5,0.0,2.5,137,2019-12-05,8.0,41.4
339,12,-3.6,0.0,2019,20191206,-8.0,0.0,2.5,6,0.0,2.5,137,2019-12-06,8.1,40.3
340,12,0.0,0.0,2019,20191207,-6.1,1.6,6.3,7,0.0,2.0,137,2019-12-07,6.1,60.1
341,12,1.2,0.0,2019,20191208,-3.8,0.0,8.1,8,0.0,1.5,137,2019-12-08,8.0,61.9
342,12,0.1,0.0,2019,20191209,-6.0,1.6,8.1,9,0.0,0.7,137,2019-12-09,7.9,75.0
343,12,1.6,0.0,2019,20191210,-2.8,6.1,8.6,10,0.0,0.5,137,2019-12-10,4.4,82.8
344,12,3.6,0.0,2019,20191211,-1.8,5.4,12.8,11,0.0,2.2,137,2019-12-11,2.5,73.4
345,12,1.1,0.0,2019,20191212,-3.0,0.1,5.3,12,0.0,2.8,137,2019-12-12,8.0,43.9
346,12,-0.6,0.0,2019,20191213,-6.9,2.4,7.5,13,0.0,0.7,137,2019-12-13,7.8,54.6
347,12,3.0,1.0,2019,20191214,-2.4,4.3,8.3,14,0.0,1.8,137,2019-12-14,8.0,61.5
348,12,2.1,0.0,2019,20191215,-4.1,4.0,10.3,15,0.0,0.7,137,2019-12-15,7.7,75.3
349,12,3.9,0.0,2019,20191216,-2.8,4.3,11.1,16,0.0,0.6,137,2019-12-16,7.9,80.5
350,12,5.9,1.5,2019,20191217,0.8,8.4,10.8,17,0.0,1.3,137,2019-12-17,0.3,88.5
351,12,3.8,0.0,2019,20191218,1.8,5.8,7.2,18,0.0,2.9,137,2019-12-18,7.3,68.0
352,12,1.4,0.0,2019,20191219,-1.3,4.3,5.7,19,0.0,2.9,137,2019-12-19,8.0,46.6
353,12,1.2,0.0,2019,20191220,-1.5,4.8,5.5,20,0.0,1.8,137,2019-12-20,6.0,55.4
354,12,0.2,0.0,2019,20191221,-3.6,4.7,5.4,21,0.0,1.3,137,2019-12-21,6.0,62.9
355,12,0.1,0.0,2019,20191222,-3.7,5.9,7.1,22,0.0,0.6,137,2019-12-22,4.7,78.1
356,12,2.6,0.0,2019,20191223,-2.8,4.9,8.8,23,0.0,1.6,137,2019-12-23,4.1,73.8
357,12,1.2,0.0,2019,20191224,-3.3,2.3,8.5,24,0.0,0.9,137,2019-12-24,8.0,69.5
358,12,1.9,0.0,2019,20191225,-6.4,4.1,10.3,25,0.0,0.9,137,2019-12-25,6.4,57.6
359,12,2.6,0.7,2019,20191226,0.6,7.6,5.1,26,0.0,1.9,137,2019-12-26,0.0,65.9
360,12,-0.5,0.0,2019,20191227,-3.6,0.0,4.3,27,0.0,2.6,137,2019-12-27,8.0,52.9
361,12,-1.2,0.0,2019,20191228,-7.4,0.0,6.8,28,0.0,0.7,137,2019-12-28,8.0,61.4
362,12,-1.1,8.4,2019,20191229,-5.7,8.6,3.0,29,0.0,0.4,137,2019-12-29,0.0,80.0
363,12,3.2,2.8,2019,20191230,-1.3,7.5,8.2,30,0.0,1.8,137,2019-12-30,0.3,85.9
364,12,-5.1,0.0,2019,20191231,-7.5,1.4,-1.2,31,0.0,4.1,137,2019-12-31,8.1,46.8
