,Date,tavg,year,tmax,snow,humid,sunshine,day,rainfall,month,tmin,wind,station_id,cloud,date
0,2013-01-01,-8.2,2013,-3.0,0.0,87.8,2.9,1,6.5,1,-12.7,0.6,137,0.0,20130101
1,2013-01-02,-7.4,2013,-2.2,0.0,53.0,8.3,2,1.0,1,-11.8,3.4,137,0.0,20130102
2,2013-01-03,-11.2,2013,-7.4,0.0,49.4,8.6,3,0.0,1,-15.4,3.8,137,0.0,20130103
3,2013-01-04,-9.1,2013,-3.7,0.0,41.8,8.6,4,0.0,1,-14.1,2.6,137,0.0,20130104
4,2013-01-05,-5.4,2013,0.7,0.0,51.1,8.5,5,0.0,1,-11.1,2.4,137,0.0,20130105
5,2013-01-06,-3.2,2013,0.8,0.0,48.3,8.0,6,0.0,1,-6.8,2.5,137,0.0,20130106
6,2013-01-07,-3.5,2013,1.1,0.0,42.0,6.9,7,0.0,1,-7.6,1.9,137,0.0,20130107
7,2013-01-08,-2.5,2013,2.1,0.0,47.5,8.3,8,0.0,1,-7.2,2.4,137,0.0,20130108
8,2013-01-09,-6.3,2013,-2.9,0.0,43.4,8.3,9,0.0,1,-9.8,3.3,137,0.0,20130109
9,2013-01-10,-7.2,2013,-1.5,0.0,36.5,8.5,10,0.0,1,-10.7,2.9,137,0.0,20130110
10,2013-01-11,-5.6,2013,2.2,0.0,58.6,8.0,11,0.0,1,-14.3,1.1,137,0.0,20130111
11,2013-01-12,-1.2,2013,6.3,0.0,71.3,3.2,12,0.0,1,-9.4,1.5,137,0.0,20130112
12,2013-01-13,-1.8,2013,1.2,0.0,77.9,0.0,13,0.0,1,-5.0,0.9,137,0.0,20130113
13,2013-01-14,-0.6,2013,4.8,0.0,63.0,7.5,14,0.0,1,-6.9,2.3,137,0.0,20130114
14,2013-01-15,-3.2,2013,2.6,0.0,71.0,7.5,15,0.0,1,-8.7,0.9,137,0.0,20130115
15,2013-01-16,-1.1,2013,2.2,0.0,67.1,1.8,16,0.0,1,-5.6,2.4,137,0.0,20130116
16,2013-01-17,-3.8,2013,-1.8,0.0,61.0,6.4,17,0.0,1,-6.1,3.4,137,0.0,20130117
17,2013-01-18,-3.5,2013,1.1,0.0,52.0,8.7,18,0.0,1,-7.5,3.1,137,0.0,20130118
18,2013-01-19,0.5,2013,4.5,0.0,62.3,6.6,19,0.0,1,-4.0,2.1,137,0.0,20130119
19,2013-01-20,-0.5,2013,4.6,0.0,73.0,3.9,20,0.0,1,-5.8,1.2,137,0.0,20130120
20,2013-01-21,0.6,2013,2.2,0.0,92.9,0.1,21,27.0,1,-0.2,1.0,137,0.0,20130121
21,2013-01-22,2.8,2013,5.3,0.0,89.0,0.1,22,2.5,1,0.4,0.9,137,0.0,20130122
22,2013-01-23,1.3,2013,2.4,0.0,88.0,0.0,23,1.5,1,0.3,1.0,137,0.0,20130123
23,2013-01-24,0.5,2013,3.5,0.0,63.8,0.1,24,0.0,1,-3.9,3.5,137,0.0,20130124
24,2013-01-25,-6.0,2013,-3.6,0.0,35.5,8.8,25,0.0,1,-8.0,6.2,137,0.0,20130125
25,2013-01-26,-6.6,2013,-2.3,0.0,42.4,8.8,26,0.0,1,-10.5,3.7,137,0.0,20130126
26,2013-01-27,-5.6,2013,-1.9,0.0,56.9,8.2,27,0.0,1,-9.0,3.6,137,0.0,20130127
27,2013-01-28,-1.7,2013,3.3,0.0,56.9,7.9,28,0.0,1,-7.0,2.4,137,0.0,20130128
28,2013-01-29,1.0,2013,7.5,0.0,74.5,0.9,29,0.0,1,-4.0,0.8,137,0.0,20130129
29,2013-01-30,2.4,2013,9.6,0.0,75.6,7.4,30,0.0,1,-3.0,1.0,137,0.0,20130130
30,2013-01-31,3.5,2013,10.3,0.0,74.3,7.6,31,0.0,1,-3.1,1.0,137,0.0,20130131
31,2013-02-01,5.8,2013,10.4,0.0,91.4,0.0,1,18.0,2,2.7,1.7,137,0.0,20130201
32,2013-02-02,2.2,2013,9.3,0.0,51.3,8.9,2,0.0,2,-2.9,3.7,137,0.0,20130202
33,2013-02-03,-1.7,2013,0.3,0.0,57.8,0.2,3,1.0,2,-4.7,1.2,137,0.0,20130203
34,2013-02-04,0.5,2013,3.8,0.0,79.6,3.6,4,6.5,2,-2.2,2.3,137,0.0,20130204
35,2013-02-05,-1.5,2013,0.3,0.0,88.1,0.0,5,1.5,2,-4.2,0.5,137,0.0,20130205
36,2013-02-06,0.1,2013,2.2,0.0,77.5,5.0,6,2.0,2,-1.4,2.7,137,0.0,20130206
37,2013-02-07,-7.6,2013,-1.0,0.0,43.9,8.9,7,0.0,2,-12.6,5.0,137,0.0,20130207
38,2013-02-08,-8.8,2013,-2.2,0.0,40.8,9.2,8,0.0,2,-15.0,2.3,137,0.0,20130208
39,2013-02-09,-5.7,2013,-1.1,0.0,46.0,9.1,9,0.0,2,-10.7,2.8,137,0.0,20130209
40,2013-02-10,-2.6,2013,2.2,0.0,58.3,6.6,10,0.0,2,-6.7,3.1,137,0.0,20130210
41,2013-02-11,-3.2,2013,2.3,0.0,41.5,9.2,11,0.0,2,-8.6,2.0,137,0.0,20130211
42,2013-02-12,-2.6,2013,1.0,0.0,61.8,1.7,12,0.4,2,-5.0,1.8,137,0.0,20130212
43,2013-02-13,-1.4,2013,4.5,0.0,56.3,9.1,13,0.0,2,-6.8,2.2,137,0.0,20130213
44,2013-02-14,1.9,2013,8.9,0.0,47.4,7.8,14,0.0,2,-3.5,1.1,137,0.0,20130214
45,2013-02-15,0.9,2013,5.8,0.0,40.0,9.1,15,0.0,2,-4.1,3.4,137,0.0,20130215
46,2013-02-16,-2.0,2013,4.0,0.0,34.0,9.5,16,0.0,2,-6.7,2.0,137,0.0,20130216
47,2013-02-17,0.3,2013,4.2,0.0,52.9,2.3,17,0.0,2,-3.7,1.0,137,0.0,20130217
48,2013-02-18,2.5,2013,7.6,0.0,60.3,3.7,18,0.0,2,-0.5,2.5,137,0.0,20130218
49,2013-02-19,-0.7,2013,4.8,0.0,37.3,7.4,19,0.0,2,-4.3,3.0,137,0.0,20130219
50,2013-02-20,-2.2,2013,3.9,0.0,32.0,10.0,20,0.0,2,-7.4,3.3,137,0.0,20130220
51,2013-02-21,-0.4,2013,4.5,0.0,39.6,9.8,21,0.0,2,-4.9,2.8,137,0.0,20130221
52,2013-02-22,0.5,2013,6.1,0.0,58.6,4.5,22,0.4,2,-3.2,2.8,137,0.0,20130222
53,2013-02-23,-0.3,2013,4.6,0.0,39.6,10.0,23,0.0,2,-5.6,3.8,137,0.0,20130223
54,2013-02-24,1.7,2013,7.3,0.0,44.0,7.2,24,0.0,2,-2.4,2.5,137,0.0,20130224
55,2013-02-25,1.9,2013,9.5,0.0,49.4,7.1,25,0.0,2,-4.2,0.9,137,0.0,20130225
56,2013-02-26,3.2,2013,8.8,0.0,61.3,1.9,26,0.0,2,-2.6,0.8,137,0.0,20130226
57,2013-02-27,7.4,2013,13.5,0.0,45.9,9.2,27,0.0,2,3.4,2.7,137,0.0,20130227
58,2013-02-28,7.0,2013,16.3,0.0,43.0,9.2,28,0.0,2,-2.6,1.2,137,0.0,20130228
59,2013-03-01,3.0,2013,9.5,0.0,57.4,7.2,1,3.5,3,-2.3,3.8,137,0.0,20130301
60,2013-03-02,0.1,2013,5.6,0.0,44.0,10.1,2,0.0,3,-4.3,3.0,137,0.0,20130302
61,2013-03-03,1.1,2013,7.0,0.0,47.5,9.9,3,0.0,3,-3.5,2.8,137,0.0,20130303
62,2013-03-04,3.4,2013,9.8,0.0,49.5,5.7,4,0.0,3,-1.7,2.9,137,0.0,20130304
63,2013-03-05,5.7,2013,13.0,0.0,34.3,10.0,5,0.0,3,-0.4,2.6,137,0.0,20130305
64,2013-03-06,7.8,2013,17.7,0.0,36.8,8.9,6,0.0,3,-1.8,1.3,137,0.0,20130306
65,2013-03-07,7.1,2013,14.6,0.0,72.8,2.9,7,2.0,3,0.3,1.5,137,0.0,20130307
66,2013-03-08,9.8,2013,19.2,0.0,61.5,7.6,8,0.0,3,0.1,2.2,137,0.0,20130308
67,2013-03-09,14.2,2013,25.9,0.0,50.1,9.4,9,0.0,3,0.7,1.9,137,0.0,20130309
68,2013-03-10,5.6,2013,19.4,0.0,37.5,9.9,10,0.0,3,-0.5,4.4,137,0.0,20130310
69,2013-03-11,4.2,2013,13.5,0.0,45.4,10.4,11,0.0,3,-3.9,1.3,137,0.0,20130311
70,2013-03-12,9.4,2013,17.6,0.0,48.4,6.5,12,0.2,3,-1.3,1.1,137,0.0,20130312
71,2013-03-13,6.4,2013,10.0,0.0,82.1,2.8,13,14.5,3,2.4,3.2,137,0.0,20130313
72,2013-03-14,4.6,2013,9.8,0.0,61.9,6.2,14,0.0,3,1.3,1.5,137,0.0,20130314
73,2013-03-15,6.6,2013,13.5,0.0,48.9,10.2,15,0.0,3,-1.6,2.5,137,0.0,20130315
74,2013-03-16,8.6,2013,15.8,0.0,28.1,9.8,16,0.0,3,2.6,2.1,137,0.0,20130316
75,2013-03-17,8.6,2013,19.2,0.0,51.8,7.7,17,5.0,3,-1.7,1.3,137,0.0,20130317
76,2013-03-18,9.6,2013,14.5,0.0,77.3,8.2,18,17.5,3,6.2,2.8,137,0.0,20130318
77,2013-03-19,11.6,2013,17.5,0.0,59.0,7.1,19,0.0,3,5.5,1.5,137,0.0,20130319
78,2013-03-20,5.5,2013,11.6,0.0,58.9,4.0,20,0.0,3,-2.0,3.5,137,0.0,20130320
79,2013-03-21,2.6,2013,10.8,0.0,36.3,10.7,21,0.0,3,-4.4,2.2,137,0.0,20130321
80,2013-03-22,4.6,2013,11.6,0.0,52.6,3.7,22,0.0,3,-2.4,2.3,137,0.0,20130322
81,2013-03-23,7.1,2013,14.9,0.0,52.8,9.2,23,0.0,3,-0.2,1.4,137,0.0,20130323
82,2013-03-24,7.1,2013,12.7,0.0,34.9,10.4,24,0.0,3,2.2,3.2,137,0.0,20130324
83,2013-03-25,3.7,2013,9.1,0.0,43.3,10.6,25,0.0,3,-0.1,3.3,137,0.0,20130325
84,2013-03-26,5.6,2013,13.7,0.0,38.1,10.0,26,0.0,3,-2.8,1.6,137,0.0,20130326
85,2013-03-27,9.9,2013,18.8,0.0,35.5,10.6,27,0.0,3,-1.0,1.8,137,0.0,20130327
86,2013-03-28,11.3,2013,17.7,0.0,29.6,10.5,28,0.0,3,4.7,2.5,137,0.0,20130328
87,2013-03-29,7.9,2013,14.4,0.0,31.4,10.2,29,0.0,3,2.1,2.6,137,0.0,20130329
88,2013-03-30,6.6,2013,14.9,0.0,46.6,7.1,30,0.0,3,1.1,1.7,137,0.0,20130330
89,2013-03-31,7.5,2013,14.2,0.0,49.3,10.4,31,0.4,3,3.0,2.1,137,0.0,20130331
90,2013-04-01,8.2,2013,18.2,0.0,53.5,9.7,1,0.0,4,-1.5,1.5,137,0.0,20130401
91,2013-04-02,7.0,2013,11.1,0.0,71.9,3.7,2,0.0,4,4.6,2.6,137,0.0,20130402
92,2013-04-03,11.0,2013,17.5,0.0,47.9,10.1,3,0.0,4,5.2,3.2,137,0.0,20130403
93,2013-04-04,13.8,2013,22.6,0.0,36.1,10.6,4,0.0,4,5.9,2.1,137,0.0,20130404
94,2013-04-05,13.3,2013,21.1,0.0,48.5,6.5,5,0.0,4,4.4,1.6,137,0.0,20130405
95,2013-04-06,8.5,2013,12.9,0.0,87.3,0.0,6,27.5,4,3.3,1.7,137,0.0,20130406
96,2013-04-07,4.8,2013,9.9,0.0,64.1,6.8,7,1.0,4,2.3,3.7,137,0.0,20130407
97,2013-04-08,8.8,2013,16.9,0.0,42.4,10.6,8,0.0,4,0.7,3.0,137,0.0,20130408
98,2013-04-09,7.8,2013,12.6,0.0,37.6,10.7,9,0.0,4,3.9,4.3,137,0.0,20130409
99,2013-04-10,5.0,2013,9.6,0.0,48.3,10.6,10,0.0,4,1.8,3.7,137,0.0,20130410
100,2013-04-11,5.8,2013,11.4,0.0,50.1,10.4,11,1.5,4,0.4,3.8,137,0.0,20130411
101,2013-04-12,6.8,2013,12.4,0.0,38.0,11.3,12,0.0,4,1.2,3.0,137,0.0,20130412
102,2013-04-13,12.3,2013,21.9,0.0,35.5,11.3,13,0.0,4,0.2,2.0,137,0.0,20130413
103,2013-04-14,11.3,2013,17.2,0.0,39.8,7.1,14,0.3,4,3.9,3.5,137,0.0,20130414
104,2013-04-15,5.7,2013,9.0,0.0,43.6,2.9,15,0.0,4,-0.5,1.3,137,0.0,20130415
105,2013-04-16,15.1,2013,28.8,0.0,51.1,9.5,16,0.0,4,1.0,1.7,137,0.0,20130416
106,2013-04-17,10.4,2013,18.9,0.0,74.1,0.0,17,0.0,4,8.2,1.9,137,0.0,20130417
107,2013-04-18,11.7,2013,19.4,0.0,52.3,8.9,18,0.1,4,6.8,2.5,137,0.0,20130418
108,2013-04-19,9.9,2013,16.7,0.0,44.3,11.5,19,0.0,4,3.3,1.7,137,0.0,20130419
109,2013-04-20,3.3,2013,6.6,0.0,84.6,0.0,20,11.0,4,0.0,1.1,137,0.0,20130420
110,2013-04-21,8.7,2013,15.6,0.0,52.4,10.9,21,0.0,4,2.5,2.6,137,0.0,20130421
111,2013-04-22,12.7,2013,20.4,0.0,38.6,11.3,22,0.0,4,4.4,1.6,137,0.0,20130422
112,2013-04-23,9.5,2013,13.0,0.0,77.8,0.0,23,15.5,4,7.5,1.2,137,0.0,20130423
113,2013-04-24,13.9,2013,20.1,0.0,63.0,9.7,24,3.5,4,8.9,2.7,137,0.0,20130424
114,2013-04-25,10.9,2013,15.6,0.0,69.4,6.5,25,2.5,4,7.3,2.8,137,0.0,20130425
115,2013-04-26,11.9,2013,17.9,0.0,48.5,10.7,26,0.0,4,6.7,3.8,137,0.0,20130426
116,2013-04-27,11.9,2013,19.1,0.0,51.1,8.5,27,0.0,4,6.8,2.2,137,0.0,20130427
117,2013-04-28,14.0,2013,24.0,0.0,61.8,10.2,28,0.0,4,4.2,1.3,137,0.0,20130428
118,2013-04-29,12.9,2013,17.2,0.0,75.8,3.5,29,8.5,4,10.6,1.9,137,0.0,20130429
119,2013-04-30,14.9,2013,22.0,0.0,35.4,11.9,30,0.0,4,6.9,2.5,137,0.0,20130430
120,2013-05-01,11.9,2013,18.5,0.0,61.4,4.5,1,0.0,5,5.6,1.2,137,0.0,20130501
121,2013-05-02,11.5,2013,19.6,0.0,68.5,9.7,2,0.0,5,5.3,1.8,137,0.0,20130502
122,2013-05-03,12.2,2013,19.9,0.0,65.4,6.5,3,0.0,5,4.8,1.9,137,0.0,20130503
123,2013-05-04,14.9,2013,21.1,0.0,51.3,12.1,4,0.0,5,8.5,2.2,137,0.0,20130504
124,2013-05-05,17.3,2013,24.1,0.0,36.0,12.5,5,0.0,5,11.0,2.9,137,0.0,20130505
125,2013-05-06,18.5,2013,26.4,0.0,37.6,11.9,6,0.0,5,11.8,2.9,137,0.0,20130506
126,2013-05-07,16.8,2013,24.9,0.0,55.9,11.5,7,0.0,5,9.8,1.5,137,0.0,20130507
127,2013-05-08,18.9,2013,28.6,0.0,48.6,11.8,8,0.0,5,7.6,1.1,137,0.0,20130508
128,2013-05-09,19.7,2013,27.5,0.0,51.6,5.1,9,1.0,5,12.3,1.3,137,0.0,20130509
129,2013-05-10,15.4,2013,19.0,0.0,84.0,2.9,10,17.5,5,13.3,1.6,137,0.0,20130510
130,2013-05-11,18.0,2013,26.4,0.0,54.4,12.6,11,0.0,5,11.8,2.0,137,0.0,20130511
131,2013-05-12,20.3,2013,29.0,0.0,52.3,11.5,12,0.0,5,10.0,2.0,137,0.0,20130512
132,2013-05-13,22.2,2013,31.3,0.0,45.0,12.0,13,0.0,5,13.5,1.4,137,0.0,20130513
133,2013-05-14,20.6,2013,29.0,0.0,50.1,11.9,14,0.0,5,11.6,1.2,137,0.0,20130514
134,2013-05-15,20.6,2013,26.6,0.0,53.4,11.2,15,0.0,5,15.5,2.1,137,0.0,20130515
135,2013-05-16,17.3,2013,25.6,0.0,59.8,12.5,16,0.0,5,11.3,1.8,137,0.0,20130516
136,2013-05-17,15.9,2013,24.1,0.0,61.8,8.9,17,0.0,5,9.2,1.1,137,0.0,20130517
137,2013-05-18,17.8,2013,26.5,0.0,65.0,8.0,18,1.5,5,9.6,1.0,137,0.0,20130518
138,2013-05-19,15.6,2013,18.0,0.0,88.6,0.1,19,40.0,5,12.8,1.4,137,0.0,20130519
139,2013-05-20,17.6,2013,22.1,0.0,68.9,9.7,20,0.0,5,14.0,2.2,137,0.0,20130520
140,2013-05-21,18.2,2013,28.4,0.0,51.4,13.1,21,0.0,5,9.3,1.2,137,0.0,20130521
141,2013-05-22,20.2,2013,27.9,0.0,60.4,8.8,22,0.0,5,11.2,1.0,137,0.0,20130522
142,2013-05-23,22.4,2013,31.1,0.0,56.5,11.7,23,0.0,5,15.0,1.0,137,0.0,20130523
143,2013-05-24,24.3,2013,31.7,0.0,47.9,12.6,24,0.0,5,15.6,1.9,137,0.0,20130524
144,2013-05-25,23.3,2013,31.2,0.0,59.8,10.1,25,0.0,5,15.4,1.0,137,0.0,20130525
145,2013-05-26,22.9,2013,29.8,0.0,62.3,6.5,26,0.0,5,17.0,1.1,137,0.0,20130526
146,2013-05-27,19.3,2013,24.6,0.0,81.6,0.0,27,29.5,5,17.0,1.2,137,0.0,20130527
147,2013-05-28,18.6,2013,20.1,0.0,91.0,0.0,28,16.0,5,16.9,1.1,137,0.0,20130528
148,2013-05-29,18.4,2013,20.2,0.0,78.0,0.7,29,0.1,5,16.5,2.1,137,0.0,20130529
149,2013-05-30,20.4,2013,27.7,0.0,56.8,11.8,30,0.0,5,15.2,1.8,137,0.0,20130530
150,2013-05-31,19.3,2013,27.3,0.0,66.4,7.3,31,0.0,5,12.3,0.9,137,0.0,20130531
151,2013-06-01,20.4,2013,26.0,0.0,65.9,4.8,1,0.0,6,15.3,1.0,137,0.0,20130601
152,2013-06-02,21.4,2013,29.2,0.0,58.6,12.4,2,0.0,6,13.5,1.3,137,0.0,20130602
153,2013-06-03,20.8,2013,28.7,0.0,67.6,12.2,3,0.0,6,13.4,0.9,137,0.0,20130603
154,2013-06-04,22.7,2013,30.0,0.0,66.4,11.7,4,0.0,6,15.8,0.8,137,0.0,20130604
155,2013-06-05,23.3,2013,31.9,0.0,67.0,11.1,5,0.0,6,16.8,0.9,137,0.0,20130605
156,2013-06-06,22.4,2013,30.0,0.0,74.4,7.7,6,2.5,6,17.1,1.0,137,0.0,20130606
157,2013-06-07,21.5,2013,28.7,0.0,75.3,6.7,7,0.0,6,17.2,1.1,137,0.0,20130607
158,2013-06-08,21.9,2013,28.1,0.0,69.6,4.6,8,0.0,6,16.9,1.1,137,0.0,20130608
159,2013-06-09,21.6,2013,28.8,0.0,65.1,9.1,9,0.0,6,16.5,1.5,137,0.0,20130609
160,2013-06-10,22.3,2013,30.3,0.0,59.9,12.2,10,0.0,6,14.8,1.4,137,0.0,20130610
161,2013-06-11,19.8,2013,25.4,0.0,76.8,1.1,11,4.0,6,17.1,1.2,137,0.0,20130611
162,2013-06-12,20.2,2013,22.5,0.0,87.3,0.0,12,2.0,6,18.0,1.0,137,0.0,20130612
163,2013-06-13,23.5,2013,28.1,0.0,74.3,2.0,13,0.0,6,19.6,0.8,137,0.0,20130613
164,2013-06-14,22.4,2013,26.4,0.0,83.5,0.9,14,0.5,6,20.1,0.9,137,0.0,20130614
165,2013-06-15,24.9,2013,31.2,0.0,70.3,11.4,15,0.0,6,19.9,1.1,137,0.0,20130615
166,2013-06-16,25.0,2013,31.0,0.0,64.1,12.2,16,0.0,6,20.2,1.9,137,0.0,20130616
167,2013-06-17,24.1,2013,28.5,0.0,66.3,8.4,17,0.2,6,20.5,2.0,137,0.0,20130617
168,2013-06-18,21.2,2013,22.6,0.0,93.0,0.0,18,91.5,6,20.5,0.7,137,0.0,20130618
169,2013-06-19,24.4,2013,30.6,0.0,75.6,9.8,19,10.5,6,19.8,0.8,137,0.0,20130619
170,2013-06-20,25.1,2013,31.0,0.0,73.8,8.0,20,0.0,6,21.2,0.8,137,0.0,20130620
171,2013-06-21,23.9,2013,29.1,0.0,78.0,2.4,21,8.0,6,20.5,0.8,137,0.0,20130621
172,2013-06-22,23.5,2013,28.9,0.0,78.3,5.9,22,0.0,6,19.6,0.9,137,0.0,20130622
173,2013-06-23,21.9,2013,26.2,0.0,77.0,1.9,23,2.5,6,20.1,1.5,137,0.0,20130623
174,2013-06-24,23.6,2013,29.3,0.0,67.4,12.5,24,0.0,6,18.8,1.1,137,0.0,20130624
175,2013-06-25,22.9,2013,28.6,0.0,78.3,2.4,25,3.0,6,19.4,0.8,137,0.0,20130625
176,2013-06-26,23.5,2013,29.9,0.0,74.5,8.4,26,1.0,6,19.2,0.8,137,0.0,20130626
177,2013-06-27,23.5,2013,28.2,0.0,76.3,4.7,27,0.0,6,20.1,0.9,137,0.0,20130627
178,2013-06-28,24.3,2013,29.3,0.0,72.1,8.1,28,0.0,6,21.2,0.9,137,0.0,20130628
179,2013-06-29,25.3,2013,31.8,0.0,68.1,12.0,29,0.0,6,19.7,1.0,137,0.0,20130629
180,2013-06-30,25.1,2013,31.8,0.0,68.0,11.3,30,0.0,6,19.2,1.0,137,0.0,20130630
181,2013-07-01,25.7,2013,31.6,0.0,71.1,8.7,1,0.0,7,21.4,0.7,137,0.0,20130701
182,2013-07-02,25.8,2013,29.6,0.0,76.3,0.1,2,11.5,7,21.6,1.2,137,0.0,20130702
183,2013-07-03,26.7,2013,31.8,0.0,70.6,9.1,3,3.0,7,23.9,2.0,137,0.0,20130703
184,2013-07-04,24.9,2013,29.9,0.0,84.0,1.4,4,14.5,7,22.7,0.9,137,0.0,20130704
185,2013-07-05,22.1,2013,23.6,0.0,91.6,0.0,5,62.5,7,21.1,0.8,137,0.0,20130705
186,2013-07-06,25.5,2013,31.2,0.0,75.0,9.1,6,0.0,7,21.4,1.5,137,0.0,20130706
187,2013-07-07,23.6,2013,26.1,0.0,87.0,0.0,7,1.5,7,21.6,0.8,137,0.0,20130707
188,2013-07-08,26.3,2013,30.6,0.0,80.1,2.5,8,0.0,7,22.1,1.0,137,0.0,20130708
189,2013-07-09,27.2,2013,32.3,0.0,75.3,5.6,9,0.2,7,23.9,1.3,137,0.0,20130709
190,2013-07-10,28.5,2013,33.9,0.0,72.6,11.6,10,0.0,7,23.9,1.2,137,0.0,20130710
191,2013-07-11,28.1,2013,33.1,0.0,68.9,10.3,11,0.0,7,23.4,1.3,137,0.0,20130711
192,2013-07-12,26.7,2013,29.1,0.0,67.6,2.3,12,0.0,7,24.4,1.6,137,0.0,20130712
193,2013-07-13,26.0,2013,31.9,0.0,81.5,2.4,13,1.0,7,23.0,0.8,137,0.0,20130713
194,2013-07-14,24.9,2013,30.0,0.0,83.9,0.6,14,21.0,7,21.4,1.2,137,0.0,20130714
195,2013-07-15,24.6,2013,29.4,0.0,85.0,2.0,15,0.0,7,22.1,0.8,137,0.0,20130715
196,2013-07-16,27.0,2013,33.1,0.0,71.4,11.2,16,0.0,7,22.2,1.3,137,0.0,20130716
197,2013-07-17,25.8,2013,30.1,0.0,76.4,2.8,17,0.5,7,22.3,1.4,137,0.0,20130717
198,2013-07-18,27.9,2013,33.6,0.0,66.6,8.8,18,0.0,7,24.2,1.1,137,0.0,20130718
199,2013-07-19,26.6,2013,34.1,0.0,76.6,9.4,19,3.0,7,22.0,0.9,137,0.0,20130719
200,2013-07-20,27.0,2013,33.4,0.0,77.4,8.4,20,0.0,7,21.4,0.8,137,0.0,20130720
201,2013-07-21,26.8,2013,32.8,0.0,77.4,5.0,21,0.0,7,21.9,1.0,137,0.0,20130721
202,2013-07-22,27.9,2013,34.6,0.0,77.1,6.9,22,0.1,7,23.9,0.9,137,0.0,20130722
203,2013-07-23,25.2,2013,28.1,0.0,86.6,0.2,23,12.5,7,24.1,0.7,137,0.0,20130723
204,2013-07-24,26.2,2013,30.6,0.0,77.0,5.6,24,1.0,7,22.7,1.6,137,0.0,20130724
205,2013-07-25,27.2,2013,31.9,0.0,65.0,9.7,25,0.0,7,22.9,2.1,137,0.0,20130725
206,2013-07-26,27.3,2013,32.2,0.0,66.9,10.8,26,0.0,7,23.7,1.8,137,0.0,20130726
207,2013-07-27,26.5,2013,33.3,0.0,67.3,7.2,27,0.0,7,22.4,1.5,137,0.0,20130727
208,2013-07-28,24.9,2013,27.3,0.0,85.0,0.0,28,9.0,7,22.9,0.8,137,0.0,20130728
209,2013-07-29,27.3,2013,33.0,0.0,76.6,7.6,29,0.1,7,23.8,1.5,137,0.0,20130729
210,2013-07-30,25.4,2013,32.9,0.0,80.5,6.9,30,15.5,7,22.1,0.9,137,0.0,20130730
211,2013-07-31,25.8,2013,30.9,0.0,85.0,2.4,31,0.3,7,23.1,0.7,137,0.0,20130731
212,2013-08-01,27.3,2013,35.0,0.0,80.4,7.5,1,0.5,8,23.1,0.8,137,0.0,20130801
213,2013-08-02,24.4,2013,27.6,0.0,89.0,0.0,2,4.0,8,22.0,1.1,137,0.0,20130802
214,2013-08-03,25.7,2013,31.8,0.0,82.9,3.9,3,14.0,8,21.8,0.8,137,0.0,20130803
215,2013-08-04,26.9,2013,31.5,0.0,80.8,4.9,4,2.5,8,23.5,0.8,137,0.0,20130804
216,2013-08-05,27.2,2013,33.0,0.0,78.1,8.2,5,7.5,8,24.1,1.3,137,0.0,20130805
217,2013-08-06,26.3,2013,34.9,0.0,81.1,6.7,6,33.5,8,21.4,1.0,137,0.0,20130806
218,2013-08-07,27.6,2013,34.9,0.0,81.4,7.6,7,0.0,8,22.0,0.6,137,0.0,20130807
219,2013-08-08,29.5,2013,35.1,0.0,74.9,10.2,8,0.0,8,24.8,1.1,137,0.0,20130808
220,2013-08-09,29.9,2013,35.0,0.0,70.3,10.9,9,0.0,8,24.8,1.5,137,0.0,20130809
221,2013-08-10,27.0,2013,34.2,0.0,80.0,8.7,10,3.0,8,23.3,1.0,137,0.0,20130810
222,2013-08-11,28.5,2013,34.5,0.0,74.9,10.7,11,0.0,8,22.8,1.0,137,0.0,20130811
223,2013-08-12,29.6,2013,35.6,0.0,67.3,12.1,12,0.0,8,25.0,1.2,137,0.0,20130812
224,2013-08-13,28.7,2013,34.2,0.0,66.4,12.7,13,0.0,8,24.2,1.5,137,0.0,20130813
225,2013-08-14,28.0,2013,33.6,0.0,67.6,12.6,14,0.0,8,23.6,1.4,137,0.0,20130814
226,2013-08-15,28.1,2013,34.2,0.0,68.6,11.8,15,0.0,8,22.4,1.3,137,0.0,20130815
227,2013-08-16,28.0,2013,34.5,0.0,69.3,12.0,16,0.0,8,22.9,1.1,137,0.0,20130816
228,2013-08-17,28.1,2013,33.5,0.0,68.6,12.0,17,0.0,8,23.1,1.5,137,0.0,20130817
229,2013-08-18,28.4,2013,35.1,0.0,68.3,11.3,18,0.0,8,22.7,1.4,137,0.0,20130818
230,2013-08-19,28.9,2013,35.6,0.0,67.5,11.4,19,0.0,8,23.0,1.2,137,0.0,20130819
231,2013-08-20,28.4,2013,35.3,0.0,58.1,11.3,20,0.0,8,23.7,1.0,137,0.0,20130820
232,2013-08-21,26.8,2013,31.9,0.0,71.5,3.3,21,0.0,8,23.7,1.1,137,0.0,20130821
233,2013-08-22,27.0,2013,34.2,0.0,79.3,6.3,22,3.5,8,23.9,0.9,137,0.0,20130822
234,2013-08-23,24.4,2013,26.6,0.0,88.6,0.0,23,42.5,8,22.3,0.9,137,0.0,20130823
235,2013-08-24,23.1,2013,26.6,0.0,84.3,0.2,24,2.0,8,20.0,0.7,137,0.0,20130824
236,2013-08-25,23.3,2013,31.0,0.0,80.9,6.4,25,0.0,8,18.9,0.7,137,0.0,20130825
237,2013-08-26,24.2,2013,31.5,0.0,72.6,8.7,26,0.0,8,18.4,0.9,137,0.0,20130826
238,2013-08-27,24.8,2013,30.9,0.0,68.4,9.9,27,0.0,8,19.2,1.4,137,0.0,20130827
239,2013-08-28,24.5,2013,31.6,0.0,76.4,7.8,28,0.0,8,20.3,0.7,137,0.0,20130828
240,2013-08-29,24.3,2013,29.4,0.0,81.1,0.8,29,1.0,8,19.5,1.1,137,0.0,20130829
241,2013-08-30,26.0,2013,31.7,0.0,71.8,7.1,30,0.0,8,23.1,1.4,137,0.0,20130830
242,2013-08-31,24.2,2013,30.2,0.0,64.9,10.5,31,0.0,8,19.7,1.4,137,0.0,20130831
243,2013-09-01,23.3,2013,29.2,0.0,67.4,10.7,1,0.0,9,18.7,1.1,137,0.0,20130901
244,2013-09-02,22.0,2013,29.8,0.0,68.3,9.2,2,0.0,9,17.3,0.8,137,0.0,20130902
245,2013-09-03,18.6,2013,22.9,0.0,77.9,0.0,3,0.0,9,14.8,0.6,137,0.0,20130903
246,2013-09-04,19.8,2013,28.6,0.0,67.3,10.8,4,0.0,9,11.7,0.8,137,0.0,20130904
247,2013-09-05,18.3,2013,23.2,0.0,76.0,1.6,5,0.0,9,13.1,0.8,137,0.0,20130905
248,2013-09-06,18.2,2013,21.3,0.0,89.1,0.0,6,3.0,9,16.6,0.7,137,0.0,20130906
249,2013-09-07,20.1,2013,26.9,0.0,79.4,5.7,7,0.5,9,16.6,0.6,137,0.0,20130907
250,2013-09-08,21.0,2013,28.1,0.0,71.5,10.5,8,0.0,9,15.7,0.9,137,0.0,20130908
251,2013-09-09,20.8,2013,28.8,0.0,74.9,7.3,9,0.0,9,14.1,0.6,137,0.0,20130909
252,2013-09-10,21.8,2013,27.3,0.0,78.4,1.9,10,0.5,9,17.1,0.7,137,0.0,20130910
253,2013-09-11,20.4,2013,23.5,0.0,90.6,0.0,11,13.5,9,19.2,0.7,137,0.0,20130911
254,2013-09-12,21.8,2013,25.3,0.0,84.8,0.0,12,0.1,9,19.4,0.5,137,0.0,20130912
255,2013-09-13,22.4,2013,28.3,0.0,87.4,2.8,13,7.5,9,18.8,0.7,137,0.0,20130913
256,2013-09-14,20.0,2013,23.6,0.0,90.6,0.3,14,33.5,9,17.8,0.8,137,0.0,20130914
257,2013-09-15,21.1,2013,28.5,0.0,78.3,7.8,15,0.0,9,15.9,1.1,137,0.0,20130915
258,2013-09-16,19.9,2013,28.1,0.0,66.8,10.2,16,0.0,9,14.0,0.9,137,0.0,20130916
259,2013-09-17,19.7,2013,29.0,0.0,73.6,9.8,17,0.0,9,12.0,0.6,137,0.0,20130917
260,2013-09-18,21.2,2013,30.6,0.0,75.4,8.8,18,0.0,9,15.3,0.7,137,0.0,20130918
261,2013-09-19,20.6,2013,29.1,0.0,75.8,10.0,19,0.0,9,14.3,0.7,137,0.0,20130919
262,2013-09-20,21.2,2013,30.2,0.0,80.0,6.7,20,0.0,9,16.2,0.6,137,0.0,20130920
263,2013-09-21,21.8,2013,31.1,0.0,72.0,9.5,21,0.0,9,15.4,0.7,137,0.0,20130921
264,2013-09-22,19.6,2013,24.9,0.0,77.1,2.4,22,0.0,9,16.3,1.1,137,0.0,20130922
265,2013-09-23,20.2,2013,28.4,0.0,75.5,8.3,23,0.0,9,15.0,0.7,137,0.0,20130923
266,2013-09-24,19.8,2013,24.6,0.0,86.5,1.2,24,2.0,9,15.5,0.8,137,0.0,20130924
267,2013-09-25,20.3,2013,25.6,0.0,66.1,6.8,25,0.1,9,16.9,1.6,137,0.0,20130925
268,2013-09-26,17.1,2013,24.2,0.0,52.8,9.5,26,0.0,9,11.4,1.3,137,0.0,20130926
269,2013-09-27,15.7,2013,25.1,0.0,65.9,9.5,27,0.0,9,7.9,0.7,137,0.0,20130927
270,2013-09-28,16.1,2013,19.6,0.0,80.0,0.1,28,14.5,9,12.7,0.6,137,0.0,20130928
271,2013-09-29,17.1,2013,18.4,0.0,93.1,0.0,29,36.5,9,15.6,0.4,137,0.0,20130929
272,2013-09-30,21.0,2013,27.9,0.0,81.6,7.2,30,22.0,9,17.9,0.8,137,0.0,20130930
273,2013-10-01,19.2,2013,26.2,0.0,83.0,7.0,1,0.0,10,14.8,0.7,137,0.0,20131001
274,2013-10-02,19.0,2013,23.9,0.0,72.1,3.2,2,0.5,10,14.9,1.5,137,0.0,20131002
275,2013-10-03,15.5,2013,23.8,0.0,58.3,8.8,3,0.0,10,10.3,1.5,137,0.0,20131003
276,2013-10-04,14.7,2013,24.8,0.0,73.3,9.3,4,0.0,10,7.6,0.9,137,0.0,20131004
277,2013-10-05,16.3,2013,24.1,0.0,76.5,6.6,5,0.0,10,8.5,0.8,137,0.0,20131005
278,2013-10-06,19.7,2013,25.2,0.0,77.9,0.7,6,0.1,10,15.7,0.9,137,0.0,20131006
279,2013-10-07,21.7,2013,26.6,0.0,78.8,1.9,7,0.0,10,19.0,0.8,137,0.0,20131007
280,2013-10-08,18.9,2013,20.1,0.0,91.5,0.0,8,35.5,10,17.0,1.5,137,0.0,20131008
281,2013-10-09,20.3,2013,27.0,0.0,75.9,7.9,9,0.0,10,16.0,1.0,137,0.0,20131009
282,2013-10-10,17.7,2013,19.7,0.0,90.4,0.0,10,16.0,10,15.3,0.4,137,0.0,20131010
283,2013-10-11,18.1,2013,22.9,0.0,62.0,7.8,11,0.1,10,12.9,2.7,137,0.0,20131011
284,2013-10-12,15.4,2013,21.7,0.0,48.9,9.5,12,0.0,10,9.5,1.8,137,0.0,20131012
285,2013-10-13,14.0,2013,23.2,0.0,72.5,9.1,13,0.0,10,7.6,0.8,137,0.0,20131013
286,2013-10-14,15.7,2013,26.6,0.0,75.4,9.1,14,0.0,10,8.3,0.6,137,0.0,20131014
287,2013-10-15,13.4,2013,20.9,0.0,76.1,2.2,15,0.4,10,9.5,1.5,137,0.0,20131015
288,2013-10-16,9.8,2013,18.0,0.0,69.3,8.7,16,0.0,10,3.9,0.8,137,0.0,20131016
289,2013-10-17,8.7,2013,17.8,0.0,77.0,8.8,17,0.0,10,2.4,0.7,137,0.0,20131017
290,2013-10-18,10.8,2013,20.4,0.0,75.9,8.9,18,0.0,10,3.4,0.7,137,0.0,20131018
291,2013-10-19,12.3,2013,20.3,0.0,79.8,6.0,19,0.0,10,5.1,0.7,137,0.0,20131019
292,2013-10-20,14.8,2013,24.3,0.0,73.4,8.3,20,0.0,10,8.6,0.7,137,0.0,20131020
293,2013-10-21,14.4,2013,22.2,0.0,69.8,8.9,21,0.0,10,8.8,1.0,137,0.0,20131021
294,2013-10-22,12.7,2013,21.5,0.0,73.3,4.9,22,0.0,10,5.8,0.8,137,0.0,20131022
295,2013-10-23,13.8,2013,21.7,0.0,74.0,7.5,23,0.0,10,7.7,0.7,137,0.0,20131023
296,2013-10-24,12.9,2013,22.1,0.0,69.0,6.8,24,0.0,10,6.7,1.1,137,0.0,20131024
297,2013-10-25,10.5,2013,16.8,0.0,48.4,8.9,25,0.0,10,5.5,2.7,137,0.0,20131025
298,2013-10-26,10.0,2013,17.1,0.0,59.8,8.9,26,0.0,10,4.5,1.7,137,0.0,20131026
299,2013-10-27,9.8,2013,18.1,0.0,63.0,8.9,27,0.0,10,2.6,1.1,137,0.0,20131027
300,2013-10-28,8.7,2013,18.7,0.0,72.1,6.2,28,0.0,10,2.0,0.6,137,0.0,20131028
301,2013-10-29,11.2,2013,18.9,0.0,67.1,8.6,29,0.0,10,2.0,1.1,137,0.0,20131029
302,2013-10-30,12.2,2013,18.2,0.0,63.0,9.0,30,0.0,10,7.7,1.8,137,0.0,20131030
303,2013-10-31,10.6,2013,20.1,0.0,71.3,7.8,31,0.0,10,4.7,0.5,137,0.0,20131031
304,2013-11-01,12.1,2013,20.7,0.0,73.6,8.6,1,0.0,11,6.2,0.7,137,0.0,20131101
305,2013-11-02,12.3,2013,15.2,0.0,84.1,0.1,2,0.0,11,7.8,0.6,137,0.0,20131102
306,2013-11-03,11.7,2013,17.0,0.0,79.8,2.8,3,0.2,11,8.1,0.9,137,0.0,20131103
307,2013-11-04,11.7,2013,17.8,0.0,69.6,8.2,4,0.2,11,6.7,1.2,137,0.0,20131104
308,2013-11-05,8.6,2013,17.8,0.0,75.3,7.2,5,0.0,11,2.0,0.5,137,0.0,20131105
309,2013-11-06,7.9,2013,11.4,0.0,85.6,0.0,6,0.3,11,4.3,0.3,137,0.0,20131106
310,2013-11-07,13.0,2013,17.5,0.0,54.6,8.2,7,0.3,11,7.1,2.4,137,0.0,20131107
311,2013-11-08,8.5,2013,15.6,0.0,58.8,6.1,8,0.0,11,3.1,0.8,137,0.0,20131108
312,2013-11-09,8.4,2013,12.6,0.0,78.1,1.8,9,17.5,11,4.0,0.7,137,0.0,20131109
313,2013-11-10,7.9,2013,12.0,0.0,54.5,8.2,10,1.2,11,3.3,2.7,137,0.0,20131110
314,2013-11-11,4.4,2013,8.8,0.0,37.5,8.7,11,0.0,11,0.9,2.4,137,0.0,20131111
315,2013-11-12,4.2,2013,10.2,0.0,44.6,8.8,12,0.0,11,-0.1,2.4,137,0.0,20131112
316,2013-11-13,2.6,2013,10.3,0.0,64.3,8.8,13,0.0,11,-3.0,0.7,137,0.0,20131113
317,2013-11-14,3.6,2013,8.6,0.0,71.6,0.7,14,0.0,11,-2.7,0.5,137,0.0,20131114
318,2013-11-15,6.9,2013,14.1,0.0,68.9,8.2,15,0.0,11,2.0,1.0,137,0.0,20131115
319,2013-11-16,4.9,2013,13.8,0.0,69.4,6.5,16,0.0,11,-0.8,0.7,137,0.0,20131116
320,2013-11-17,5.4,2013,10.6,0.0,62.9,5.8,17,0.3,11,1.8,3.7,137,0.0,20131117
321,2013-11-18,1.3,2013,4.6,0.0,69.6,4.3,18,0.9,11,-0.1,3.3,137,0.0,20131118
322,2013-11-19,2.2,2013,5.4,0.0,64.8,5.4,19,0.4,11,-0.6,3.6,137,0.0,20131119
323,2013-11-20,3.0,2013,6.2,0.0,50.1,8.7,20,0.0,11,0.8,3.1,137,0.0,20131120
324,2013-11-21,3.8,2013,7.3,0.0,54.9,4.4,21,0.0,11,0.4,2.7,137,0.0,20131121
325,2013-11-22,5.5,2013,10.2,0.0,56.1,8.6,22,0.0,11,1.2,2.7,137,0.0,20131122
326,2013-11-23,6.3,2013,13.1,0.0,60.8,7.7,23,0.0,11,0.3,1.7,137,0.0,20131123
327,2013-11-24,5.4,2013,11.5,0.0,74.5,5.3,24,7.4,11,-0.9,1.1,137,0.0,20131124
328,2013-11-25,6.7,2013,11.2,0.0,60.9,4.6,25,15.4,11,3.0,4.4,137,0.0,20131125
329,2013-11-26,2.0,2013,7.1,0.0,63.8,6.4,26,0.2,11,-1.0,2.7,137,0.0,20131126
330,2013-11-27,-0.9,2013,2.4,0.0,84.1,0.3,27,10.2,11,-3.4,2.0,137,0.0,20131127
331,2013-11-28,-2.5,2013,0.7,0.0,64.6,7.6,28,0.0,11,-5.0,2.6,137,0.0,20131128
332,2013-11-29,1.0,2013,4.4,0.0,61.6,6.9,29,0.0,11,-2.9,2.7,137,0.0,20131129
333,2013-11-30,3.8,2013,10.5,0.0,65.8,6.2,30,0.0,11,-0.8,1.7,137,0.0,20131130
334,2013-12-01,3.8,2013,9.7,0.0,67.4,6.1,1,0.0,12,-1.3,1.6,137,0.0,20131201
335,2013-12-02,5.2,2013,8.8,0.0,60.6,5.7,2,0.0,12,-0.4,2.2,137,0.0,20131202
336,2013-12-03,6.2,2013,10.9,0.0,54.1,7.5,3,0.0,12,1.1,2.0,137,0.0,20131203
337,2013-12-04,4.6,2013,11.1,0.0,67.5,8.0,4,0.0,12,-2.3,1.5,137,0.0,20131204
338,2013-12-05,6.9,2013,10.1,0.0,70.0,2.1,5,0.0,12,0.6,2.1,137,0.0,20131205
339,2013-12-06,4.2,2013,8.7,0.0,42.1,8.3,6,0.0,12,1.0,3.0,137,0.0,20131206
340,2013-12-07,4.3,2013,8.8,0.0,55.6,2.9,7,0.0,12,0.3,1.6,137,0.0,20131207
341,2013-12-08,1.9,2013,9.7,0.0,78.0,5.7,8,0.0,12,-3.0,0.7,137,0.0,20131208
342,2013-12-09,3.1,2013,5.7,0.0,85.0,0.0,9,6.3,12,0.1,1.6,137,0.0,20131209
343,2013-12-10,2.0,2013,4.2,0.0,59.0,5.4,10,0.0,12,-1.2,3.0,137,0.0,20131210
344,2013-12-11,-0.1,2013,2.8,0.0,66.8,4.9,11,2.5,12,-2.4,3.3,137,0.0,20131211
345,2013-12-12,0.5,2013,4.8,0.0,65.6,4.9,12,7.2,12,-3.9,2.8,137,0.0,20131212
346,2013-12-13,-3.9,2013,1.1,0.0,56.4,8.4,13,0.0,12,-5.9,3.6,137,0.0,20131213
347,2013-12-14,-0.3,2013,3.7,0.0,62.1,7.0,14,0.1,12,-6.6,3.4,137,0.0,20131214
348,2013-12-15,-1.3,2013,3.3,0.0,43.1,8.5,15,0.0,12,-4.2,2.5,137,0.0,20131215
349,2013-12-16,-3.2,2013,0.9,0.0,59.8,2.0,16,0.0,12,-7.7,0.8,137,0.0,20131216
350,2013-12-17,0.4,2013,5.2,0.0,60.9,1.5,17,0.0,12,-4.6,0.5,137,0.0,20131217
351,2013-12-18,3.2,2013,9.4,0.0,66.0,6.8,18,0.0,12,-0.6,1.0,137,0.0,20131218
352,2013-12-19,-1.0,2013,2.5,0.0,63.3,5.0,19,0.9,12,-4.2,3.2,137,0.0,20131219
353,2013-12-20,-2.8,2013,-0.5,0.0,70.1,4.4,20,1.3,12,-5.9,3.1,137,0.0,20131220
354,2013-12-21,-0.5,2013,4.3,0.0,61.4,8.1,21,0.0,12,-3.3,3.3,137,0.0,20131221
355,2013-12-22,-0.6,2013,4.3,0.0,54.1,8.5,22,0.0,12,-4.6,2.2,137,0.0,20131222
356,2013-12-23,0.3,2013,4.7,0.0,53.0,8.0,23,0.0,12,-3.3,2.3,137,0.0,20131223
357,2013-12-24,-1.1,2013,5.6,0.0,52.0,8.5,24,0.0,12,-5.1,1.3,137,0.0,20131224
358,2013-12-25,-1.0,2013,6.0,0.0,63.6,7.5,25,0.0,12,-8.7,0.9,137,0.0,20131225
359,2013-12-26,1.7,2013,4.8,0.0,63.8,0.1,26,0.4,12,-1.1,2.0,137,0.0,20131226
360,2013-12-27,-4.0,2013,-1.2,0.0,52.5,8.0,27,0.0,12,-6.3,3.6,137,0.0,20131227
361,2013-12-28,-4.8,2013,0.5,0.0,46.4,8.5,28,0.0,12,-8.2,2.9,137,0.0,20131228
362,2013-12-29,-1.6,2013,2.5,0.0,57.8,8.2,29,0.0,12,-6.5,2.5,137,0.0,20131229
363,2013-12-30,2.9,2013,6.4,0.0,58.5,2.9,30,0.0,12,-1.1,1.8,137,0.0,20131230
364,2013-12-31,4.5,2013,8.5,0.0,55.1,7.2,31,0.0,12,-1.5,2.2,137,0.0,20131231
