,station_id,sunshine,humid,day,tmin,snow,Date,date,cloud,tavg,year,wind,month,rainfall,tmax
0,137,4.6,54.5,1,-5.5,0.0,2007-01-01,20070101,7.5,1.4,2007,0.9,1,0.0,9.0
1,137,3.1,66.4,2,-0.6,0.0,2007-01-02,20070102,7.3,3.9,2007,0.8,1,0.0,12.1
2,137,1.5,69.6,3,-0.4,0.0,2007-01-03,20070103,7.9,4.4,2007,1.2,1,0.0,10.3
3,137,6.1,72.4,4,-2.9,0.0,2007-01-04,20070104,2.9,2.9,2007,0.9,1,0.0,11.1
4,137,2.3,79.6,5,-3.7,0.0,2007-01-05,20070105,6.9,1.6,2007,0.7,1,0.0,8.3
5,137,1.5,76.3,6,-2.9,6.5,2007-01-06,20070106,7.1,-0.4,2007,4.5,1,6.7,3.7
6,137,6.2,62.1,7,-5.1,0.0,2007-01-07,20070107,4.8,-1.9,2007,3.9,1,0.0,0.6
7,137,8.4,57.0,8,-3.5,0.0,2007-01-08,20070108,1.1,-1.2,2007,3.6,1,0.0,2.0
8,137,8.5,57.5,9,-4.4,0.0,2007-01-09,20070109,2.4,-1.0,2007,2.4,1,0.0,4.0
9,137,7.5,67.3,10,-5.5,0.0,2007-01-10,20070110,0.6,-0.1,2007,2.0,1,0.0,5.2
10,137,6.4,58.5,11,-5.1,0.0,2007-01-11,20070111,1.5,-0.3,2007,2.7,1,0.0,3.7
11,137,6.9,49.6,12,-4.4,0.0,2007-01-12,20070112,2.3,-1.3,2007,3.2,1,0.0,3.0
12,137,8.2,51.4,13,-6.0,0.0,2007-01-13,20070113,0.5,-3.5,2007,3.3,1,0.0,0.8
13,137,8.5,40.6,14,-6.5,0.0,2007-01-14,20070114,0.0,-1.5,2007,3.1,1,0.0,4.9
14,137,7.8,47.1,15,-8.1,0.0,2007-01-15,20070115,3.8,0.1,2007,1.4,1,0.0,8.6
15,137,0.7,52.0,16,-2.0,0.0,2007-01-16,20070116,9.5,2.1,2007,1.3,1,0.0,6.9
16,137,5.7,59.6,17,-0.4,0.0,2007-01-17,20070117,3.8,2.4,2007,2.6,1,0.0,6.4
17,137,8.3,48.3,18,-2.0,0.0,2007-01-18,20070118,1.6,2.2,2007,3.1,1,0.0,6.5
18,137,7.6,52.3,19,-8.0,0.0,2007-01-19,20070119,2.1,-0.2,2007,1.2,1,0.0,8.1
19,137,7.5,51.4,20,-6.5,0.0,2007-01-20,20070120,1.9,-0.3,2007,0.9,1,0.0,9.3
20,137,8.0,53.9,21,-7.0,0.0,2007-01-21,20070121,1.8,0.8,2007,0.9,1,0.0,9.8
21,137,8.0,53.1,22,-0.8,0.0,2007-01-22,20070122,3.4,2.8,2007,2.1,1,0.0,8.0
22,137,1.6,63.0,23,-5.8,0.0,2007-01-23,20070123,6.8,1.0,2007,1.1,1,0.0,7.9
23,137,8.2,46.6,24,-1.0,0.0,2007-01-24,20070124,2.6,3.2,2007,2.6,1,0.0,8.6
24,137,7.1,59.1,25,-3.7,0.0,2007-01-25,20070125,1.5,1.0,2007,2.6,1,0.0,7.5
25,137,0.1,81.1,26,-4.5,0.0,2007-01-26,20070126,6.6,-0.3,2007,1.7,1,2.0,3.5
26,137,2.5,80.4,27,-1.7,0.0,2007-01-27,20070127,6.9,0.4,2007,2.7,1,0.6,2.7
27,137,4.6,72.5,28,-2.5,0.0,2007-01-28,20070128,2.6,-0.2,2007,2.3,1,0.0,4.5
28,137,8.6,59.8,29,-2.5,0.0,2007-01-29,20070129,0.3,1.5,2007,2.3,1,0.0,7.5
29,137,4.0,71.8,30,-4.6,0.7,2007-01-30,20070130,4.4,-1.6,2007,2.3,1,1.0,5.0
30,137,8.0,55.8,31,-5.5,0.0,2007-01-31,20070131,4.0,-1.6,2007,3.5,1,0.0,3.5
31,137,7.7,54.4,1,-6.9,0.0,2007-02-01,20070201,2.1,-3.6,2007,3.5,2,0.0,0.2
32,137,9.0,49.6,2,-9.1,0.0,2007-02-02,20070202,0.5,-3.8,2007,3.1,2,0.0,0.8
33,137,5.6,61.0,3,-4.5,0.0,2007-02-03,20070203,3.8,1.9,2007,3.9,2,0.0,7.6
34,137,8.7,51.4,4,-2.9,0.0,2007-02-04,20070204,0.0,3.1,2007,1.5,2,0.0,11.8
35,137,6.6,60.9,5,-5.9,0.0,2007-02-05,20070205,3.4,3.1,2007,1.5,2,0.0,12.8
36,137,6.2,69.5,6,-1.0,0.0,2007-02-06,20070206,3.1,5.3,2007,0.9,2,0.0,15.3
37,137,8.3,70.0,7,-2.0,0.0,2007-02-07,20070207,1.0,5.9,2007,1.2,2,0.0,15.0
38,137,0.0,90.0,8,3.9,0.0,2007-02-08,20070208,10.0,5.1,2007,0.8,2,17.0,6.6
39,137,0.7,78.8,9,3.5,0.0,2007-02-09,20070209,9.6,5.4,2007,3.0,2,0.0,7.6
40,137,2.1,62.0,10,0.3,0.0,2007-02-10,20070210,5.6,3.4,2007,3.6,2,0.0,7.0
41,137,9.0,48.5,11,-1.3,0.0,2007-02-11,20070211,0.0,1.9,2007,3.6,2,0.0,7.0
42,137,9.1,56.3,12,-4.0,0.0,2007-02-12,20070212,1.0,2.2,2007,1.5,2,0.0,10.0
43,137,2.2,73.9,13,-4.4,0.0,2007-02-13,20070213,7.3,1.7,2007,1.1,2,19.5,7.9
44,137,6.9,61.0,14,-2.5,0.0,2007-02-14,20070214,4.3,1.8,2007,6.2,2,4.0,5.4
45,137,9.2,31.1,15,-3.4,0.0,2007-02-15,20070215,0.0,0.6,2007,4.9,2,0.0,6.1
46,137,9.2,52.9,16,-6.0,0.0,2007-02-16,20070216,3.8,1.1,2007,1.5,2,0.0,9.1
47,137,0.1,78.4,17,-1.0,0.0,2007-02-17,20070217,8.9,3.1,2007,1.0,2,0.0,7.0
48,137,5.6,70.5,18,-1.5,0.0,2007-02-18,20070218,4.4,4.4,2007,1.0,2,0.0,12.8
49,137,9.2,49.9,19,0.2,0.0,2007-02-19,20070219,0.3,5.5,2007,1.6,2,0.0,13.0
50,137,9.5,54.3,20,-3.5,0.0,2007-02-20,20070220,0.8,4.6,2007,0.9,2,0.0,15.1
51,137,9.1,51.0,21,-3.0,0.0,2007-02-21,20070221,1.0,5.7,2007,1.4,2,0.0,15.1
52,137,4.1,60.1,22,-3.0,0.0,2007-02-22,20070222,3.6,5.9,2007,1.2,2,0.0,13.8
53,137,9.4,42.3,23,1.2,0.0,2007-02-23,20070223,0.8,6.0,2007,3.9,2,0.0,11.0
54,137,5.7,51.5,24,-3.0,0.0,2007-02-24,20070224,5.3,3.5,2007,1.9,2,0.0,10.6
55,137,1.0,74.6,25,1.1,0.0,2007-02-25,20070225,6.9,4.5,2007,1.1,2,0.0,9.8
56,137,9.2,66.1,26,-3.0,0.0,2007-02-26,20070226,0.0,4.7,2007,0.9,2,0.0,13.6
57,137,8.9,59.0,27,-2.7,0.0,2007-02-27,20070227,2.6,6.7,2007,1.4,2,0.0,16.2
58,137,9.3,51.6,28,1.1,0.0,2007-02-28,20070228,1.4,6.8,2007,1.8,2,0.0,13.8
59,137,6.1,60.6,1,-3.5,0.0,2007-03-01,20070301,6.1,5.4,2007,1.1,3,0.0,14.5
60,137,0.0,83.0,2,4.4,0.0,2007-03-02,20070302,9.8,5.9,2007,1.1,3,8.5,7.1
61,137,3.2,84.1,3,6.0,0.0,2007-03-03,20070303,8.4,10.7,2007,0.9,3,0.5,17.2
62,137,0.0,89.3,4,8.8,0.0,2007-03-04,20070304,9.8,10.8,2007,2.6,3,16.0,14.3
63,137,0.4,70.8,5,-4.6,0.0,2007-03-05,20070305,9.3,-0.1,2007,6.2,3,0.5,9.8
64,137,9.8,45.4,6,-7.0,0.0,2007-03-06,20070306,0.5,-4.0,2007,5.7,3,0.0,0.3
65,137,9.1,54.8,7,-6.6,1.0,2007-03-07,20070307,2.9,-2.1,2007,3.4,3,0.2,2.5
66,137,7.4,55.1,8,-3.0,0.3,2007-03-08,20070308,3.3,1.3,2007,2.7,3,0.1,6.3
67,137,7.2,55.5,9,-2.7,0.0,2007-03-09,20070309,2.4,3.6,2007,2.0,3,0.0,11.5
68,137,5.3,63.3,10,-1.8,0.0,2007-03-10,20070310,5.3,2.5,2007,3.5,3,0.5,13.3
69,137,8.8,44.5,11,-4.5,0.0,2007-03-11,20070311,2.5,-0.4,2007,5.3,3,0.0,4.3
70,137,9.3,35.5,12,-0.6,0.0,2007-03-12,20070312,2.0,4.1,2007,4.3,3,0.0,9.8
71,137,9.0,41.1,13,-2.2,0.0,2007-03-13,20070313,1.9,4.5,2007,2.5,3,0.0,12.0
72,137,6.9,41.4,14,-2.5,0.0,2007-03-14,20070314,5.6,5.9,2007,1.3,3,0.0,14.6
73,137,5.9,54.3,15,1.5,0.0,2007-03-15,20070315,6.1,7.6,2007,1.1,3,0.0,15.1
74,137,3.0,55.9,16,4.5,0.0,2007-03-16,20070316,7.9,7.6,2007,1.9,3,0.0,13.6
75,137,0.6,82.9,17,1.8,0.0,2007-03-17,20070317,7.8,3.6,2007,1.7,3,0.5,6.6
76,137,7.3,65.4,18,-1.8,0.0,2007-03-18,20070318,3.9,5.2,2007,1.0,3,0.0,12.1
77,137,5.8,64.8,19,-1.3,0.0,2007-03-19,20070319,7.3,4.8,2007,1.7,3,0.0,13.1
78,137,1.8,52.5,20,1.6,0.0,2007-03-20,20070320,8.1,5.9,2007,1.8,3,0.0,11.8
79,137,2.9,52.8,21,1.0,0.0,2007-03-21,20070321,8.6,7.8,2007,1.9,3,0.0,13.8
80,137,7.1,50.5,22,5.3,0.0,2007-03-22,20070322,2.4,10.2,2007,2.9,3,0.0,17.0
81,137,9.5,45.8,23,1.7,0.0,2007-03-23,20070323,5.3,12.1,2007,1.3,3,0.0,21.2
82,137,0.0,89.3,24,6.9,0.0,2007-03-24,20070324,9.6,9.2,2007,2.2,3,12.0,12.2
83,137,10.2,54.5,25,7.3,0.0,2007-03-25,20070325,1.8,11.5,2007,4.1,3,0.0,17.7
84,137,6.7,64.5,26,4.4,0.0,2007-03-26,20070326,4.9,9.1,2007,1.9,3,1.5,20.1
85,137,2.5,72.8,27,5.0,0.0,2007-03-27,20070327,5.9,10.2,2007,2.1,3,0.0,17.5
86,137,5.3,70.5,28,2.7,0.0,2007-03-28,20070328,5.5,10.3,2007,2.9,3,9.0,20.2
87,137,3.2,80.9,29,4.6,0.0,2007-03-29,20070329,7.6,8.9,2007,2.3,3,18.0,13.3
88,137,7.3,70.9,30,5.6,0.0,2007-03-30,20070330,7.6,10.5,2007,1.2,3,0.0,17.1
89,137,0.0,82.9,31,7.9,0.0,2007-03-31,20070331,7.1,9.5,2007,2.4,3,10.0,12.6
90,137,0.0,55.3,1,6.6,0.0,2007-04-01,20070401,7.5,9.8,2007,3.1,4,0.0,14.3
91,137,10.2,47.8,2,2.7,0.0,2007-04-02,20070402,1.0,7.0,2007,4.1,4,0.0,12.6
92,137,11.3,41.5,3,0.8,0.0,2007-04-03,20070403,0.0,5.7,2007,3.9,4,0.0,10.6
93,137,10.8,38.9,4,2.7,0.0,2007-04-04,20070404,1.8,7.0,2007,3.1,4,0.0,12.8
94,137,10.0,46.6,5,-2.4,0.0,2007-04-05,20070405,3.9,8.2,2007,1.4,4,0.0,17.1
95,137,10.2,40.3,6,3.5,0.0,2007-04-06,20070406,3.8,11.5,2007,2.8,4,0.0,18.7
96,137,10.1,43.9,7,4.8,0.0,2007-04-07,20070407,0.8,10.9,2007,3.0,4,0.0,18.1
97,137,8.0,47.3,8,2.7,0.0,2007-04-08,20070408,1.5,10.4,2007,2.5,4,0.0,16.7
98,137,11.8,36.8,9,5.3,0.0,2007-04-09,20070409,0.0,11.8,2007,2.4,4,0.0,18.6
99,137,9.6,42.3,10,2.2,0.0,2007-04-10,20070410,3.0,11.7,2007,2.1,4,0.0,19.7
100,137,6.9,58.0,11,5.4,0.0,2007-04-11,20070411,6.4,12.9,2007,1.8,4,2.0,20.0
101,137,3.4,76.0,12,6.5,0.0,2007-04-12,20070412,8.0,12.0,2007,1.3,4,0.5,19.7
102,137,1.0,80.6,13,6.6,0.0,2007-04-13,20070413,7.4,9.6,2007,2.7,4,4.5,15.5
103,137,11.7,48.6,14,5.4,0.0,2007-04-14,20070414,1.0,12.2,2007,3.1,4,0.0,20.2
104,137,3.2,58.9,15,6.0,0.0,2007-04-15,20070415,8.9,11.3,2007,1.6,4,1.0,19.5
105,137,0.0,89.0,16,4.8,0.0,2007-04-16,20070416,9.6,6.3,2007,1.2,4,17.5,9.1
106,137,4.6,61.9,17,5.1,0.0,2007-04-17,20070417,7.6,9.5,2007,1.7,4,0.0,15.0
107,137,5.3,64.5,18,6.1,0.0,2007-04-18,20070418,5.5,10.5,2007,1.4,4,0.0,18.2
108,137,9.2,54.6,19,3.2,0.0,2007-04-19,20070419,1.8,11.8,2007,1.7,4,0.0,20.7
109,137,4.4,58.4,20,4.0,0.0,2007-04-20,20070420,7.1,14.7,2007,2.0,4,0.0,21.2
110,137,8.3,62.9,21,12.3,0.0,2007-04-21,20070421,6.1,20.0,2007,1.8,4,0.0,26.2
111,137,0.2,58.9,22,11.5,0.0,2007-04-22,20070422,9.5,15.9,2007,2.5,4,0.5,19.3
112,137,11.2,46.5,23,4.6,0.0,2007-04-23,20070423,3.0,13.4,2007,1.3,4,0.0,21.8
113,137,2.0,52.5,24,6.0,0.0,2007-04-24,20070424,7.4,12.2,2007,1.7,4,0.0,19.5
114,137,11.6,47.8,25,9.3,0.0,2007-04-25,20070425,0.9,14.8,2007,3.6,4,0.0,21.2
115,137,6.7,41.8,26,9.8,0.0,2007-04-26,20070426,2.4,15.8,2007,2.8,4,0.0,23.2
116,137,6.6,52.4,27,6.0,0.0,2007-04-27,20070427,4.0,14.0,2007,1.9,4,0.0,23.3
117,137,12.1,26.5,28,8.3,0.0,2007-04-28,20070428,0.0,16.5,2007,3.1,4,0.0,24.1
118,137,11.7,23.3,29,11.1,0.0,2007-04-29,20070429,2.0,18.0,2007,3.0,4,0.0,25.5
119,137,0.3,45.9,30,8.0,0.0,2007-04-30,20070430,9.0,14.3,2007,1.0,4,2.0,20.6
120,137,0.1,90.1,1,9.6,0.0,2007-05-01,20070501,9.6,12.0,2007,1.3,5,5.5,14.3
121,137,11.1,55.3,2,11.5,0.0,2007-05-02,20070502,1.9,17.0,2007,2.9,5,0.0,24.2
122,137,5.5,57.9,3,10.1,0.0,2007-05-03,20070503,6.0,17.2,2007,2.7,5,0.0,23.1
123,137,10.9,57.3,4,11.3,0.0,2007-05-04,20070504,1.5,19.8,2007,2.3,5,0.0,27.0
124,137,9.9,52.8,5,10.3,0.0,2007-05-05,20070505,3.8,19.9,2007,1.3,5,0.0,28.6
125,137,1.6,67.3,6,12.6,0.0,2007-05-06,20070506,8.9,17.6,2007,0.9,5,0.0,22.6
126,137,11.5,44.5,7,14.5,0.0,2007-05-07,20070507,0.4,21.0,2007,3.0,5,0.0,27.3
127,137,10.0,36.3,8,16.2,0.0,2007-05-08,20070508,2.0,22.1,2007,3.7,5,0.0,28.8
128,137,4.3,59.1,9,9.1,0.0,2007-05-09,20070509,8.4,16.4,2007,1.2,5,11.5,26.2
129,137,11.5,60.9,10,8.8,0.0,2007-05-10,20070510,3.4,15.6,2007,1.9,5,0.0,23.8
130,137,11.0,58.5,11,7.6,0.0,2007-05-11,20070511,5.3,17.7,2007,1.0,5,0.0,27.1
131,137,0.0,75.0,12,12.1,0.0,2007-05-12,20070512,9.0,14.3,2007,1.6,5,8.0,17.3
132,137,12.0,44.3,13,10.0,0.0,2007-05-13,20070513,0.0,17.5,2007,3.1,5,0.0,25.2
133,137,10.2,42.0,14,15.3,0.0,2007-05-14,20070514,3.3,19.7,2007,3.3,5,0.0,26.2
134,137,10.0,58.0,15,11.6,0.0,2007-05-15,20070515,4.5,19.0,2007,1.1,5,0.0,26.5
135,137,0.0,86.9,16,11.5,0.0,2007-05-16,20070516,8.6,13.9,2007,0.8,5,25.5,17.7
136,137,9.2,61.6,17,12.1,0.0,2007-05-17,20070517,4.9,17.3,2007,3.7,5,3.5,24.3
137,137,6.0,62.1,18,12.1,0.0,2007-05-18,20070518,5.5,16.0,2007,2.8,5,0.2,21.6
138,137,5.1,71.5,19,11.6,0.0,2007-05-19,20070519,5.5,15.8,2007,1.9,5,0.5,22.2
139,137,6.8,67.1,20,12.0,0.0,2007-05-20,20070520,5.3,17.6,2007,0.9,5,0.0,24.2
140,137,5.8,59.4,21,10.5,0.0,2007-05-21,20070521,4.1,16.3,2007,1.3,5,0.0,23.7
141,137,11.8,50.9,22,7.8,0.0,2007-05-22,20070522,2.4,18.9,2007,1.0,5,0.0,28.3
142,137,6.9,54.6,23,13.3,0.0,2007-05-23,20070523,6.9,20.9,2007,1.0,5,0.0,27.7
143,137,5.5,77.3,24,14.1,0.0,2007-05-24,20070524,8.1,19.8,2007,1.3,5,28.5,27.8
144,137,8.6,61.0,25,16.7,0.0,2007-05-25,20070525,3.0,21.0,2007,2.5,5,6.0,27.0
145,137,11.6,42.1,26,15.8,0.0,2007-05-26,20070526,0.9,22.0,2007,3.7,5,0.0,28.2
146,137,7.9,50.9,27,14.5,0.0,2007-05-27,20070527,5.5,22.3,2007,2.4,5,0.0,31.1
147,137,7.4,68.6,28,13.3,0.0,2007-05-28,20070528,5.3,17.9,2007,1.1,5,0.0,24.5
148,137,6.2,72.0,29,13.1,0.0,2007-05-29,20070529,4.6,19.0,2007,1.7,5,0.0,25.6
149,137,7.1,70.5,30,13.6,0.0,2007-05-30,20070530,4.8,18.3,2007,2.2,5,2.0,25.1
150,137,5.9,72.0,31,13.1,0.0,2007-05-31,20070531,6.3,18.7,2007,0.8,5,0.0,25.7
151,137,1.7,71.3,1,13.6,0.0,2007-06-01,20070601,8.9,17.9,2007,0.8,6,0.0,22.6
152,137,6.8,68.6,2,13.1,0.0,2007-06-02,20070602,5.1,18.8,2007,1.0,6,0.0,26.2
153,137,7.1,67.1,3,14.8,0.0,2007-06-03,20070603,5.1,20.8,2007,1.1,6,0.0,27.6
154,137,5.1,70.5,4,13.8,0.0,2007-06-04,20070604,7.8,20.9,2007,0.9,6,0.0,26.8
155,137,7.5,64.0,5,19.5,0.0,2007-06-05,20070605,5.6,22.9,2007,2.3,6,0.0,28.0
156,137,6.5,63.6,6,19.5,0.0,2007-06-06,20070606,6.9,22.4,2007,2.4,6,0.0,27.7
157,137,6.3,61.3,7,16.8,0.0,2007-06-07,20070607,7.8,21.4,2007,1.8,6,0.0,27.7
158,137,8.2,67.8,8,14.3,0.0,2007-06-08,20070608,6.8,20.1,2007,1.9,6,0.5,27.8
159,137,7.0,68.5,9,13.8,0.0,2007-06-09,20070609,5.1,17.9,2007,1.1,6,0.5,25.0
160,137,11.8,63.9,10,11.1,0.0,2007-06-10,20070610,0.3,20.5,2007,0.8,6,0.0,28.8
161,137,10.9,58.9,11,14.5,0.0,2007-06-11,20070611,3.6,24.0,2007,1.0,6,0.0,32.5
162,137,10.5,54.5,12,18.0,0.0,2007-06-12,20070612,5.4,25.5,2007,1.3,6,0.0,32.0
163,137,1.7,70.4,13,18.8,0.0,2007-06-13,20070613,8.0,22.3,2007,1.1,6,4.0,27.2
164,137,0.1,85.9,14,16.2,0.0,2007-06-14,20070614,9.5,18.7,2007,0.5,6,10.5,22.7
165,137,5.0,65.4,15,15.0,0.0,2007-06-15,20070615,7.6,20.0,2007,1.2,6,0.0,27.3
166,137,12.6,46.5,16,11.3,0.0,2007-06-16,20070616,2.5,21.3,2007,1.4,6,0.0,31.1
167,137,4.0,55.8,17,13.6,0.0,2007-06-17,20070617,5.0,20.2,2007,0.9,6,0.0,28.7
168,137,12.5,59.3,18,14.1,0.0,2007-06-18,20070618,0.0,22.5,2007,0.8,6,0.0,32.2
169,137,11.7,60.3,19,12.3,0.0,2007-06-19,20070619,0.8,22.7,2007,0.9,6,0.0,31.8
170,137,8.2,64.5,20,16.2,0.0,2007-06-20,20070620,5.1,24.6,2007,1.1,6,0.0,31.8
171,137,0.1,81.1,21,19.3,0.0,2007-06-21,20070621,10.0,22.5,2007,1.2,6,41.5,28.0
172,137,5.1,85.5,22,18.7,0.0,2007-06-22,20070622,7.6,21.3,2007,0.9,6,11.5,27.2
173,137,0.8,84.0,23,15.3,0.0,2007-06-23,20070623,9.1,19.6,2007,0.8,6,10.0,26.8
174,137,0.0,93.3,24,15.1,0.0,2007-06-24,20070624,9.9,17.8,2007,0.5,6,38.5,20.0
175,137,1.1,82.3,25,18.3,0.0,2007-06-25,20070625,8.3,21.9,2007,1.2,6,0.0,25.2
176,137,6.9,74.4,26,20.1,0.0,2007-06-26,20070626,6.5,24.5,2007,1.0,6,0.0,29.7
177,137,5.5,74.5,27,21.1,0.0,2007-06-27,20070627,7.0,25.7,2007,0.9,6,0.0,30.6
178,137,2.0,84.9,28,22.0,0.0,2007-06-28,20070628,10.0,25.3,2007,0.7,6,6.0,32.0
179,137,1.2,81.1,29,21.5,0.0,2007-06-29,20070629,7.9,24.1,2007,1.9,6,6.5,28.0
180,137,5.2,74.8,30,19.7,0.0,2007-06-30,20070630,8.6,23.9,2007,1.1,6,0.0,29.3
181,137,0.0,93.0,1,18.2,0.0,2007-07-01,20070701,10.0,18.8,2007,0.9,7,77.0,21.1
182,137,0.0,92.8,2,18.6,0.0,2007-07-02,20070702,10.0,20.2,2007,0.4,7,8.0,22.8
183,137,2.9,84.5,3,20.5,0.0,2007-07-03,20070703,9.6,24.4,2007,0.4,7,0.4,29.7
184,137,2.8,84.5,4,19.2,0.0,2007-07-04,20070704,7.6,21.7,2007,0.6,7,14.5,25.7
185,137,3.5,78.3,5,18.8,0.0,2007-07-05,20070705,6.3,22.8,2007,1.6,7,0.0,27.3
186,137,6.8,75.9,6,17.6,0.0,2007-07-06,20070706,5.5,23.5,2007,0.9,7,0.0,29.6
187,137,5.1,78.9,7,18.1,0.0,2007-07-07,20070707,7.5,22.8,2007,0.6,7,0.0,28.5
188,137,0.8,84.4,8,19.7,0.0,2007-07-08,20070708,9.0,22.5,2007,0.6,7,0.0,27.2
189,137,0.1,84.1,9,17.7,0.0,2007-07-09,20070709,10.0,20.3,2007,1.2,7,25.0,25.7
190,137,0.0,93.4,10,17.2,0.0,2007-07-10,20070710,10.0,19.0,2007,0.7,7,56.5,21.7
191,137,0.0,91.4,11,18.6,0.0,2007-07-11,20070711,10.0,19.5,2007,0.5,7,0.1,20.7
192,137,6.8,80.1,12,18.2,0.0,2007-07-12,20070712,5.6,22.8,2007,0.5,7,0.0,29.5
193,137,0.1,86.0,13,16.8,0.0,2007-07-13,20070713,9.5,21.1,2007,1.1,7,3.0,24.3
194,137,1.1,75.0,14,16.8,0.0,2007-07-14,20070714,8.5,20.4,2007,1.8,7,0.0,24.7
195,137,8.0,72.3,15,15.5,0.0,2007-07-15,20070715,5.8,22.3,2007,0.9,7,0.5,29.7
196,137,0.0,91.9,16,16.2,0.0,2007-07-16,20070716,10.0,18.5,2007,0.6,7,13.5,20.1
197,137,1.4,83.4,17,19.0,0.0,2007-07-17,20070717,8.3,21.5,2007,1.9,7,1.0,24.7
198,137,11.7,74.4,18,19.2,0.0,2007-07-18,20070718,3.3,24.2,2007,1.0,7,0.0,30.5
199,137,0.0,92.3,19,20.8,0.0,2007-07-19,20070719,9.8,22.7,2007,0.3,7,15.5,24.1
200,137,0.0,89.0,20,21.2,0.0,2007-07-20,20070720,9.8,23.6,2007,0.8,7,0.5,27.1
201,137,0.0,88.9,21,19.8,0.0,2007-07-21,20070721,9.9,21.6,2007,0.4,7,2.0,24.1
202,137,6.6,80.5,22,19.7,0.0,2007-07-22,20070722,6.9,23.9,2007,1.2,7,0.0,29.0
203,137,1.1,83.8,23,21.0,0.0,2007-07-23,20070723,8.9,24.8,2007,0.6,7,0.5,28.8
204,137,0.0,90.1,24,21.2,0.0,2007-07-24,20070724,10.0,23.0,2007,0.4,7,8.5,25.2
205,137,6.6,81.4,25,21.8,0.0,2007-07-25,20070725,6.6,25.2,2007,1.2,7,0.5,30.2
206,137,10.2,75.3,26,22.3,0.0,2007-07-26,20070726,1.4,26.4,2007,1.8,7,0.0,31.3
207,137,10.6,75.1,27,23.1,0.0,2007-07-27,20070727,2.3,26.8,2007,1.8,7,0.0,32.2
208,137,6.4,76.4,28,24.6,0.0,2007-07-28,20070728,5.0,27.1,2007,2.2,7,0.0,31.6
209,137,1.3,84.5,29,18.2,0.0,2007-07-29,20070729,6.8,23.6,2007,1.6,7,3.0,30.6
210,137,8.5,79.5,30,19.1,0.0,2007-07-30,20070730,4.0,23.0,2007,0.6,7,0.0,29.7
211,137,7.7,76.3,31,20.2,0.0,2007-07-31,20070731,4.6,25.0,2007,1.0,7,0.0,30.8
212,137,7.6,77.4,1,19.2,0.0,2007-08-01,20070801,6.0,26.1,2007,1.1,8,0.0,31.7
213,137,8.2,79.5,2,21.7,0.0,2007-08-02,20070802,5.8,27.1,2007,0.6,8,0.0,33.5
214,137,6.8,81.1,3,23.2,0.0,2007-08-03,20070803,7.0,26.7,2007,1.4,8,9.0,33.9
215,137,1.5,87.6,4,21.8,0.0,2007-08-04,20070804,8.8,25.0,2007,0.5,8,5.5,31.7
216,137,1.2,89.5,5,21.7,0.0,2007-08-05,20070805,9.5,23.6,2007,0.6,8,9.0,27.7
217,137,0.4,90.1,6,21.6,0.0,2007-08-06,20070806,9.5,23.3,2007,0.5,8,19.5,27.5
218,137,0.0,91.8,7,21.7,0.0,2007-08-07,20070807,9.3,23.4,2007,0.4,8,5.0,26.5
219,137,1.0,92.4,8,20.3,0.0,2007-08-08,20070808,9.5,22.3,2007,0.6,8,22.0,28.6
220,137,3.1,86.8,9,21.5,0.0,2007-08-09,20070809,8.1,25.5,2007,0.8,8,0.0,31.5
221,137,4.2,88.0,10,22.3,0.0,2007-08-10,20070810,6.4,25.6,2007,0.7,8,0.5,32.4
222,137,8.3,77.6,11,21.7,0.0,2007-08-11,20070811,4.0,26.3,2007,1.1,8,0.0,32.2
223,137,0.0,86.5,12,23.1,0.0,2007-08-12,20070812,9.1,24.7,2007,1.5,8,4.0,25.7
224,137,0.9,85.1,13,23.5,0.0,2007-08-13,20070813,8.9,25.8,2007,1.1,8,9.5,29.5
225,137,0.6,84.1,14,23.7,0.0,2007-08-14,20070814,9.3,26.2,2007,1.7,8,3.0,29.8
226,137,2.7,88.0,15,22.7,0.0,2007-08-15,20070815,6.9,25.4,2007,0.5,8,1.0,30.6
227,137,10.2,78.6,16,21.2,0.0,2007-08-16,20070816,2.9,27.1,2007,0.9,8,0.0,33.4
228,137,10.9,77.3,17,23.2,0.0,2007-08-17,20070817,2.0,28.6,2007,0.9,8,0.0,35.0
229,137,7.2,79.8,18,23.2,0.0,2007-08-18,20070818,4.6,27.6,2007,0.8,8,0.0,33.7
230,137,9.6,72.3,19,23.2,0.0,2007-08-19,20070819,6.6,27.5,2007,1.6,8,0.0,33.0
231,137,9.9,72.9,20,22.1,0.0,2007-08-20,20070820,3.8,26.8,2007,1.8,8,0.0,31.7
232,137,9.5,72.8,21,24.0,0.0,2007-08-21,20070821,4.3,27.5,2007,2.4,8,0.0,32.2
233,137,2.5,87.8,22,22.7,0.0,2007-08-22,20070822,6.4,24.7,2007,1.4,8,8.5,30.1
234,137,7.7,81.6,23,19.7,0.0,2007-08-23,20070823,2.0,24.0,2007,0.7,8,0.0,30.5
235,137,8.1,80.5,24,20.7,0.0,2007-08-24,20070824,4.8,26.0,2007,0.6,8,0.0,32.9
236,137,11.4,74.5,25,21.7,0.0,2007-08-25,20070825,2.1,27.2,2007,1.1,8,0.0,33.0
237,137,8.0,81.8,26,22.3,0.0,2007-08-26,20070826,6.3,26.0,2007,1.1,8,10.5,33.5
238,137,3.1,87.0,27,21.5,0.0,2007-08-27,20070827,7.1,24.7,2007,1.6,8,3.5,29.1
239,137,1.9,88.0,28,19.3,0.0,2007-08-28,20070828,9.6,23.4,2007,1.3,8,12.5,30.2
240,137,0.0,93.3,29,16.8,0.0,2007-08-29,20070829,10.0,18.8,2007,1.3,8,77.0,20.5
241,137,0.0,92.3,30,16.6,0.0,2007-08-30,20070830,10.0,17.4,2007,0.3,8,76.5,19.7
242,137,0.1,89.4,31,16.6,0.0,2007-08-31,20070831,9.8,19.6,2007,0.4,8,1.0,23.2
243,137,0.0,92.0,1,15.8,0.0,2007-09-01,20070901,10.0,17.0,2007,1.0,9,106.5,19.0
244,137,0.0,92.0,2,16.3,0.0,2007-09-02,20070902,10.0,18.3,2007,0.3,9,14.0,20.2
245,137,0.2,89.5,3,17.6,0.0,2007-09-03,20070903,10.0,20.2,2007,0.4,9,0.5,23.7
246,137,0.1,93.1,4,17.5,0.0,2007-09-04,20070904,10.0,19.1,2007,0.3,9,7.5,21.6
247,137,0.0,98.0,5,17.2,0.0,2007-09-05,20070905,10.0,18.6,2007,0.5,9,47.5,20.6
248,137,0.0,97.3,6,17.5,0.0,2007-09-06,20070906,10.0,18.1,2007,0.4,9,27.5,19.0
249,137,0.4,85.0,7,17.3,0.0,2007-09-07,20070907,8.8,21.2,2007,1.0,9,0.0,25.7
250,137,8.0,71.5,8,19.2,0.0,2007-09-08,20070908,4.9,22.2,2007,1.7,9,0.0,27.1
251,137,9.7,68.9,9,17.8,0.0,2007-09-09,20070909,2.6,22.6,2007,2.1,9,0.0,28.1
252,137,10.3,76.0,10,15.1,0.0,2007-09-10,20070910,0.4,22.7,2007,1.7,9,0.0,29.2
253,137,8.0,75.0,11,17.2,0.0,2007-09-11,20070911,4.0,22.9,2007,1.7,9,0.0,29.0
254,137,6.0,85.4,12,16.7,0.0,2007-09-12,20070912,5.3,21.3,2007,0.4,9,0.0,28.7
255,137,0.9,88.4,13,17.6,0.0,2007-09-13,20070913,7.0,21.0,2007,0.4,9,0.0,27.1
256,137,0.0,96.1,14,16.2,0.0,2007-09-14,20070914,8.9,18.4,2007,0.7,9,21.5,20.7
257,137,0.0,97.0,15,18.2,0.0,2007-09-15,20070915,9.8,20.8,2007,0.4,9,46.0,24.1
258,137,0.0,97.0,16,18.6,0.0,2007-09-16,20070916,10.0,19.5,2007,1.2,9,74.5,21.2
259,137,3.9,86.5,17,18.7,0.0,2007-09-17,20070917,7.9,22.2,2007,0.9,9,2.0,27.6
260,137,0.0,92.1,18,18.6,0.0,2007-09-18,20070918,10.0,20.6,2007,0.7,9,0.5,22.2
261,137,5.7,84.9,19,20.5,0.0,2007-09-19,20070919,6.1,25.1,2007,0.7,9,0.0,32.4
262,137,7.0,80.1,20,21.0,0.0,2007-09-20,20070920,3.0,26.1,2007,1.2,9,0.0,32.7
263,137,2.7,81.3,21,22.0,0.0,2007-09-21,20070921,8.3,25.2,2007,1.2,9,0.0,31.2
264,137,0.0,91.9,22,17.3,0.0,2007-09-22,20070922,10.0,20.6,2007,0.8,9,1.5,22.8
265,137,0.0,86.5,23,16.7,0.0,2007-09-23,20070923,10.0,19.5,2007,0.7,9,0.1,23.7
266,137,1.2,91.0,24,16.2,0.0,2007-09-24,20070924,6.3,18.6,2007,0.6,9,4.0,23.2
267,137,5.0,85.0,25,16.3,0.0,2007-09-25,20070925,5.9,20.2,2007,0.6,9,0.0,28.2
268,137,4.2,83.9,26,16.7,0.0,2007-09-26,20070926,6.1,20.5,2007,0.5,9,0.0,26.6
269,137,8.2,75.4,27,18.1,0.0,2007-09-27,20070927,5.1,23.4,2007,1.5,9,0.0,29.2
270,137,1.0,79.3,28,14.3,0.0,2007-09-28,20070928,9.6,19.0,2007,2.1,9,1.5,23.7
271,137,1.6,82.8,29,11.5,0.0,2007-09-29,20070929,8.8,17.6,2007,0.6,9,0.1,23.5
272,137,0.0,91.9,30,15.5,0.0,2007-09-30,20070930,9.8,17.0,2007,0.2,9,2.0,19.0
273,137,0.5,90.1,1,15.6,0.0,2007-10-01,20071001,8.9,17.7,2007,0.2,10,0.0,23.0
274,137,3.6,81.1,2,15.1,0.0,2007-10-02,20071002,8.3,19.4,2007,0.6,10,0.0,25.7
275,137,0.7,83.1,3,17.0,0.0,2007-10-03,20071003,9.6,19.4,2007,0.5,10,0.0,24.5
276,137,1.3,90.8,4,17.2,0.0,2007-10-04,20071004,7.9,19.8,2007,0.3,10,0.4,25.0
277,137,6.4,79.3,5,14.8,0.0,2007-10-05,20071005,2.6,19.0,2007,0.7,10,0.0,26.0
278,137,8.3,75.8,6,12.1,0.0,2007-10-06,20071006,2.3,18.2,2007,1.0,10,0.0,26.5
279,137,5.9,84.9,7,10.8,0.0,2007-10-07,20071007,5.1,18.9,2007,1.0,10,0.5,27.2
280,137,3.1,64.8,8,12.3,0.0,2007-10-08,20071008,6.0,17.2,2007,2.6,10,0.2,22.6
281,137,9.1,72.9,9,7.9,0.0,2007-10-09,20071009,1.8,15.0,2007,1.2,10,0.0,23.7
282,137,6.3,80.3,10,10.3,0.0,2007-10-10,20071010,5.8,16.7,2007,0.5,10,0.0,25.0
283,137,2.1,65.6,11,12.6,0.0,2007-10-11,20071011,8.4,15.9,2007,1.7,10,0.0,22.0
284,137,1.4,67.1,12,12.3,0.0,2007-10-12,20071012,9.1,16.5,2007,1.1,10,0.0,22.0
285,137,3.5,70.3,13,11.6,0.0,2007-10-13,20071013,8.1,15.6,2007,0.7,10,0.0,22.2
286,137,5.1,79.6,14,10.1,0.0,2007-10-14,20071014,5.3,14.8,2007,0.9,10,0.0,22.8
287,137,6.7,81.3,15,7.3,0.0,2007-10-15,20071015,3.5,13.6,2007,0.5,10,0.0,21.5
288,137,7.1,74.9,16,8.8,0.0,2007-10-16,20071016,4.1,13.6,2007,0.8,10,0.0,21.6
289,137,7.5,77.4,17,5.6,0.0,2007-10-17,20071017,1.4,12.4,2007,0.5,10,0.1,21.0
290,137,7.9,79.9,18,4.8,0.0,2007-10-18,20071018,4.8,12.6,2007,0.4,10,0.0,20.7
291,137,4.9,71.9,19,7.3,0.0,2007-10-19,20071019,4.9,11.3,2007,2.2,10,1.0,18.1
292,137,8.6,53.5,20,5.4,0.0,2007-10-20,20071020,1.5,7.6,2007,3.8,10,0.1,11.8
293,137,8.8,66.0,21,4.4,0.0,2007-10-21,20071021,1.6,10.4,2007,2.2,10,0.0,18.2
294,137,7.3,77.6,22,4.0,0.0,2007-10-22,20071022,2.5,11.9,2007,1.3,10,0.0,20.7
295,137,7.8,86.3,23,6.1,0.0,2007-10-23,20071023,0.0,12.8,2007,0.7,10,0.0,21.0
296,137,5.6,85.6,24,7.8,0.0,2007-10-24,20071024,4.4,12.3,2007,0.5,10,0.0,22.1
297,137,0.4,92.6,25,7.5,0.0,2007-10-25,20071025,9.0,12.5,2007,0.5,10,5.5,17.7
298,137,4.2,82.6,26,9.3,0.0,2007-10-26,20071026,5.0,15.0,2007,0.9,10,6.0,22.2
299,137,7.2,78.5,27,6.3,0.0,2007-10-27,20071027,2.5,11.3,2007,0.4,10,0.0,20.8
300,137,2.6,86.9,28,3.7,0.0,2007-10-28,20071028,6.1,11.0,2007,0.6,10,1.0,17.5
301,137,3.9,64.5,29,8.6,0.0,2007-10-29,20071029,7.3,11.2,2007,2.4,10,0.5,15.6
302,137,7.2,68.1,30,4.5,0.0,2007-10-30,20071030,3.8,10.4,2007,1.4,10,0.0,17.6
303,137,5.1,66.4,31,2.7,0.0,2007-10-31,20071031,5.6,9.5,2007,0.9,10,0.0,18.1
304,137,6.6,49.4,1,6.5,0.0,2007-11-01,20071101,4.6,10.2,2007,2.7,11,0.0,13.8
305,137,5.4,64.5,2,4.4,0.0,2007-11-02,20071102,4.3,8.5,2007,2.0,11,0.0,14.6
306,137,6.2,75.3,3,0.6,0.0,2007-11-03,20071103,0.6,7.5,2007,0.8,11,0.0,17.2
307,137,8.6,78.3,4,0.4,0.0,2007-11-04,20071104,0.8,8.1,2007,0.5,11,0.0,17.7
308,137,0.0,89.8,5,3.5,0.0,2007-11-05,20071105,7.6,7.9,2007,0.3,11,0.0,13.1
309,137,0.8,84.6,6,4.0,0.0,2007-11-06,20071106,5.3,8.4,2007,0.3,11,0.0,15.8
310,137,7.5,80.5,7,-0.1,0.0,2007-11-07,20071107,1.5,7.8,2007,0.4,11,0.0,19.6
311,137,8.4,76.1,8,1.5,0.0,2007-11-08,20071108,0.8,8.6,2007,0.5,11,0.0,19.3
312,137,7.3,78.0,9,2.5,0.0,2007-11-09,20071109,2.1,10.2,2007,1.0,11,0.0,18.2
313,137,4.3,64.3,10,6.3,0.0,2007-11-10,20071110,5.3,10.4,2007,2.3,11,0.0,14.1
314,137,6.4,66.3,11,2.9,0.0,2007-11-11,20071111,3.0,7.4,2007,2.2,11,0.0,12.3
315,137,8.5,63.6,12,1.2,0.0,2007-11-12,20071112,0.0,8.0,2007,1.4,11,0.0,16.1
316,137,7.9,67.9,13,0.6,0.0,2007-11-13,20071113,3.8,8.7,2007,1.4,11,0.0,16.6
317,137,7.0,71.5,14,3.2,0.0,2007-11-14,20071114,2.4,9.8,2007,1.3,11,0.0,17.7
318,137,4.4,67.0,15,5.0,0.0,2007-11-15,20071115,4.1,9.9,2007,2.3,11,0.0,16.5
319,137,8.5,47.9,16,3.0,0.0,2007-11-16,20071116,1.1,6.7,2007,2.7,11,0.0,11.6
320,137,5.6,53.6,17,1.3,0.0,2007-11-17,20071117,3.9,6.8,2007,3.2,11,0.0,11.8
321,137,8.4,30.8,18,-3.4,0.0,2007-11-18,20071118,0.0,1.0,2007,4.8,11,0.0,7.5
322,137,7.4,53.5,19,-6.5,0.0,2007-11-19,20071119,2.4,-0.5,2007,1.8,11,0.0,6.5
323,137,8.6,55.0,20,-3.0,2.0,2007-11-20,20071120,1.5,1.8,2007,3.1,11,2.0,6.0
324,137,7.9,62.8,21,-4.6,1.5,2007-11-21,20071121,1.6,1.8,2007,2.1,11,2.0,10.0
325,137,8.5,51.0,22,-2.4,0.0,2007-11-22,20071122,2.1,3.5,2007,1.5,11,0.0,11.1
326,137,5.2,71.0,23,0.2,0.0,2007-11-23,20071123,4.1,3.8,2007,0.7,11,0.0,11.1
327,137,6.4,76.9,24,0.0,0.0,2007-11-24,20071124,4.3,5.7,2007,1.4,11,1.5,13.6
328,137,4.8,71.8,25,-3.2,0.0,2007-11-25,20071125,2.6,4.2,2007,1.4,11,0.0,13.8
329,137,3.1,67.5,26,2.0,0.0,2007-11-26,20071126,6.1,7.5,2007,2.6,11,0.0,12.8
330,137,8.0,46.6,27,-0.4,0.0,2007-11-27,20071127,2.9,3.1,2007,3.3,11,0.0,8.1
331,137,8.4,56.6,28,-5.5,0.0,2007-11-28,20071128,2.0,2.6,2007,0.7,11,0.0,11.5
332,137,4.7,61.8,29,-1.2,0.0,2007-11-29,20071129,2.5,6.3,2007,1.7,11,0.0,15.3
333,137,8.6,44.8,30,0.5,0.0,2007-11-30,20071130,0.4,3.6,2007,3.6,11,0.0,8.6
334,137,8.5,54.6,1,-0.6,0.0,2007-12-01,20071201,2.3,4.2,2007,3.0,12,0.0,9.3
335,137,0.0,87.6,2,1.7,0.0,2007-12-02,20071202,8.4,3.4,2007,1.2,12,4.0,5.6
336,137,5.8,61.9,3,-1.0,0.0,2007-12-03,20071203,3.3,2.1,2007,3.9,12,0.0,6.5
337,137,8.5,50.6,4,-2.7,0.0,2007-12-04,20071204,0.3,-0.9,2007,4.0,12,0.0,2.5
338,137,8.5,44.8,5,-3.7,0.0,2007-12-05,20071205,0.0,-0.4,2007,3.7,12,0.0,3.9
339,137,0.0,72.0,6,-3.4,0.0,2007-12-06,20071206,6.1,0.3,2007,1.8,12,0.0,5.5
340,137,2.6,74.8,7,-0.6,1.0,2007-12-07,20071207,6.6,2.4,2007,2.1,12,1.2,7.0
341,137,5.2,62.6,8,-0.8,0.0,2007-12-08,20071208,0.9,1.5,2007,3.0,12,0.0,5.3
342,137,8.3,61.9,9,-2.5,0.0,2007-12-09,20071209,0.3,1.8,2007,1.9,12,0.0,7.9
343,137,0.2,81.3,10,-4.9,0.0,2007-12-10,20071210,6.4,-0.1,2007,0.8,12,0.4,3.5
344,137,0.0,95.6,11,0.5,0.0,2007-12-11,20071211,8.5,3.4,2007,0.6,12,5.5,7.1
345,137,4.0,81.9,12,-1.7,0.0,2007-12-12,20071212,6.1,3.4,2007,1.1,12,0.0,9.6
346,137,3.5,63.3,13,0.8,0.0,2007-12-13,20071213,4.1,2.9,2007,3.2,12,0.0,5.4
347,137,8.3,51.3,14,-2.7,0.0,2007-12-14,20071214,1.4,0.9,2007,3.3,12,0.0,5.3
348,137,5.2,65.3,15,-3.5,0.0,2007-12-15,20071215,5.9,1.5,2007,3.4,12,0.0,6.9
349,137,8.2,62.8,16,-3.0,0.0,2007-12-16,20071216,0.5,0.2,2007,2.5,12,0.0,5.3
350,137,3.3,71.1,17,-3.5,0.0,2007-12-17,20071217,5.4,1.8,2007,1.9,12,0.0,7.9
351,137,3.7,67.6,18,-3.0,0.0,2007-12-18,20071218,2.0,0.8,2007,1.9,12,0.0,5.4
352,137,7.9,75.3,19,-5.9,0.0,2007-12-19,20071219,0.4,-0.9,2007,1.7,12,0.0,6.0
353,137,5.1,77.6,20,-5.3,0.0,2007-12-20,20071220,4.4,1.3,2007,0.9,12,0.0,7.8
354,137,1.0,81.1,21,-3.0,0.0,2007-12-21,20071221,7.9,1.2,2007,0.7,12,0.0,5.3
355,137,6.3,79.1,22,-2.0,0.0,2007-12-22,20071222,6.1,3.3,2007,0.7,12,0.0,11.3
356,137,5.6,70.8,23,-1.3,0.0,2007-12-23,20071223,0.9,3.7,2007,2.6,12,0.0,9.6
357,137,6.0,79.0,24,-3.7,0.0,2007-12-24,20071224,3.9,1.0,2007,1.0,12,0.0,8.0
358,137,4.3,80.8,25,-3.0,0.0,2007-12-25,20071225,6.6,2.4,2007,0.5,12,0.0,9.1
359,137,8.1,80.5,26,-2.0,0.0,2007-12-26,20071226,0.4,4.6,2007,0.7,12,0.0,14.5
360,137,0.1,93.1,27,-3.0,0.0,2007-12-27,20071227,7.1,2.1,2007,0.6,12,4.0,6.5
361,137,0.0,92.5,28,3.9,0.0,2007-12-28,20071228,9.1,5.4,2007,1.6,12,5.5,7.3
362,137,1.9,69.5,29,-1.2,0.0,2007-12-29,20071229,6.4,1.8,2007,3.8,12,0.0,5.0
363,137,5.9,57.1,30,-5.8,0.0,2007-12-30,20071230,2.6,-4.5,2007,5.4,12,0.0,-1.1
364,137,3.3,64.0,31,-6.0,1.3,2007-12-31,20071231,4.6,-4.4,2007,5.2,12,0.4,-1.1
