,cloud,station_id,month,humid,date,snow,Date,wind,rainfall,tmin,sunshine,year,tmax,tavg,day
0,0.0,137,1,60.0,20120101,0.0,2012-01-01,3.0,0.0,-6.0,0.4,2012,2.7,-0.8,1
1,0.0,137,1,57.8,20120102,0.0,2012-01-02,2.8,0.0,-7.3,8.1,2012,0.3,-4.0,2
2,0.0,137,1,59.3,20120103,0.0,2012-01-03,2.6,0.0,-6.3,3.2,2012,2.3,-2.3,3
3,0.0,137,1,50.1,20120104,0.0,2012-01-04,3.6,0.0,-7.0,8.1,2012,-2.8,-5.1,4
4,0.0,137,1,48.1,20120105,0.0,2012-01-05,3.0,0.0,-8.4,8.5,2012,0.1,-4.3,5
5,0.0,137,1,44.1,20120106,0.0,2012-01-06,2.0,0.0,-7.8,7.9,2012,3.1,-2.4,6
6,0.0,137,1,45.6,20120107,0.0,2012-01-07,1.2,0.0,-10.2,8.5,2012,3.6,-3.5,7
7,0.0,137,1,50.4,20120108,0.0,2012-01-08,2.0,0.0,-10.8,7.5,2012,4.5,-3.4,8
8,0.0,137,1,57.8,20120109,0.0,2012-01-09,2.1,0.0,-3.5,6.4,2012,4.6,0.1,9
9,0.0,137,1,46.5,20120110,0.0,2012-01-10,2.5,0.0,-3.5,5.9,2012,3.7,0.0,10
10,0.0,137,1,35.8,20120111,0.0,2012-01-11,3.6,0.0,-7.4,8.4,2012,-0.4,-3.4,11
11,0.0,137,1,48.3,20120112,0.0,2012-01-12,2.5,0.0,-8.8,8.4,2012,1.0,-3.2,12
12,0.0,137,1,51.4,20120113,0.0,2012-01-13,2.7,0.0,-2.9,6.1,2012,4.8,0.2,13
13,0.0,137,1,32.0,20120114,0.0,2012-01-14,2.5,0.0,-6.0,8.5,2012,4.2,-0.8,14
14,0.0,137,1,43.1,20120115,0.0,2012-01-15,1.4,0.0,-4.6,4.6,2012,4.4,-0.5,15
15,0.0,137,1,57.3,20120116,0.0,2012-01-16,0.6,0.0,-5.6,0.9,2012,6.4,0.4,16
16,0.0,137,1,83.0,20120117,0.0,2012-01-17,0.6,0.0,-1.7,0.9,2012,6.6,1.8,17
17,0.0,137,1,88.8,20120118,0.0,2012-01-18,0.8,0.0,-2.5,3.8,2012,5.3,0.3,18
18,0.0,137,1,99.8,20120119,0.0,2012-01-19,0.5,5.5,0.5,0.0,2012,6.2,3.4,19
19,0.0,137,1,80.6,20120120,0.0,2012-01-20,1.3,0.0,2.2,0.1,2012,8.7,4.7,20
20,0.0,137,1,81.3,20120121,0.0,2012-01-21,0.9,0.1,1.1,0.9,2012,6.8,3.6,21
21,0.0,137,1,46.6,20120122,0.0,2012-01-22,4.1,0.0,-7.4,6.4,2012,3.2,-2.6,22
22,0.0,137,1,34.4,20120123,0.0,2012-01-23,3.8,0.0,-10.8,9.0,2012,-3.7,-7.5,23
23,0.0,137,1,37.0,20120124,0.0,2012-01-24,2.3,0.0,-10.5,8.2,2012,-1.5,-6.5,24
24,0.0,137,1,42.9,20120125,0.0,2012-01-25,3.1,0.0,-8.6,8.8,2012,-3.1,-6.3,25
25,0.0,137,1,58.1,20120126,0.0,2012-01-26,1.6,0.0,-12.1,7.4,2012,2.2,-3.8,26
26,0.0,137,1,85.1,20120127,0.0,2012-01-27,1.1,2.0,-6.7,3.6,2012,3.0,-1.5,27
27,0.0,137,1,35.5,20120128,0.0,2012-01-28,1.4,0.0,-2.5,8.4,2012,5.6,0.8,28
28,0.0,137,1,22.0,20120129,0.0,2012-01-29,2.3,0.0,-4.4,8.7,2012,4.3,-0.3,29
29,0.0,137,1,17.5,20120130,0.0,2012-01-30,3.2,0.0,-6.4,8.8,2012,2.0,-2.9,30
30,0.0,137,1,63.8,20120131,0.0,2012-01-31,1.4,13.2,-10.5,4.1,2012,-0.5,-4.3,31
31,0.0,137,2,48.5,20120201,0.0,2012-02-01,4.1,0.1,-11.4,8.9,2012,-1.5,-8.2,1
32,0.0,137,2,40.3,20120202,0.0,2012-02-02,3.7,0.0,-15.7,9.0,2012,-8.1,-12.1,2
33,0.0,137,2,51.5,20120203,0.0,2012-02-03,2.4,0.0,-15.0,8.9,2012,-3.3,-8.4,3
34,0.0,137,2,55.9,20120204,0.0,2012-02-04,2.8,0.0,-6.9,8.3,2012,2.2,-2.3,4
35,0.0,137,2,52.4,20120205,0.0,2012-02-05,0.8,0.0,-7.4,7.2,2012,6.6,-2.2,5
36,0.0,137,2,59.0,20120206,0.0,2012-02-06,0.8,0.0,-7.4,1.4,2012,3.6,-1.0,6
37,0.0,137,2,41.6,20120207,0.0,2012-02-07,4.4,0.0,-10.0,9.2,2012,3.5,-4.8,7
38,0.0,137,2,42.8,20120208,0.0,2012-02-08,3.1,0.0,-12.3,8.5,2012,-3.5,-7.6,8
39,0.0,137,2,47.0,20120209,0.0,2012-02-09,2.6,0.0,-8.5,8.5,2012,0.4,-3.3,9
40,0.0,137,2,46.6,20120210,0.0,2012-02-10,2.3,0.0,-7.6,9.1,2012,2.7,-1.4,10
41,0.0,137,2,33.4,20120211,0.0,2012-02-11,2.6,0.0,-7.8,9.4,2012,3.3,-2.5,11
42,0.0,137,2,46.4,20120212,0.0,2012-02-12,1.1,0.0,-8.3,8.8,2012,6.2,-0.3,12
43,0.0,137,2,62.9,20120213,0.0,2012-02-13,0.7,0.0,-2.4,2.1,2012,5.7,0.8,13
44,0.0,137,2,60.0,20120214,0.0,2012-02-14,1.5,0.0,-3.1,5.1,2012,10.5,3.0,14
45,0.0,137,2,36.0,20120215,0.0,2012-02-15,3.1,0.0,-0.9,5.3,2012,7.5,2.3,15
46,0.0,137,2,24.8,20120216,0.0,2012-02-16,4.6,0.0,-3.2,9.1,2012,4.0,-0.1,16
47,0.0,137,2,38.0,20120217,0.0,2012-02-17,4.2,0.0,-6.5,8.2,2012,-0.9,-4.6,17
48,0.0,137,2,35.6,20120218,0.0,2012-02-18,3.2,0.0,-9.9,9.7,2012,-1.0,-5.8,18
49,0.0,137,2,34.0,20120219,0.0,2012-02-19,2.9,0.0,-8.5,9.8,2012,2.0,-3.4,19
50,0.0,137,2,32.3,20120220,0.0,2012-02-20,1.9,0.0,-9.9,9.5,2012,6.7,-0.7,20
51,0.0,137,2,55.3,20120221,0.0,2012-02-21,1.0,0.0,-6.6,3.4,2012,5.9,-0.1,21
52,0.0,137,2,72.8,20120222,0.0,2012-02-22,0.7,0.0,-5.4,4.1,2012,8.7,1.6,22
53,0.0,137,2,59.3,20120223,0.0,2012-02-23,2.5,0.0,0.5,7.2,2012,9.9,5.6,23
54,0.0,137,2,58.8,20120224,0.0,2012-02-24,1.5,0.0,0.3,1.6,2012,8.4,4.3,24
55,0.0,137,2,69.3,20120225,0.0,2012-02-25,2.9,0.4,-0.6,0.7,2012,4.6,1.9,25
56,0.0,137,2,44.5,20120226,0.0,2012-02-26,2.7,0.0,-2.6,2.3,2012,3.8,-0.5,26
57,0.0,137,2,34.1,20120227,0.0,2012-02-27,1.6,0.0,-5.5,9.9,2012,7.0,-0.3,27
58,0.0,137,2,62.8,20120228,0.0,2012-02-28,0.6,0.0,-6.1,0.0,2012,5.6,0.0,28
59,0.0,137,2,60.8,20120229,0.0,2012-02-29,0.9,0.0,-4.6,9.2,2012,12.2,3.8,29
60,0.0,137,3,49.9,20120301,0.0,2012-03-01,1.2,0.0,0.1,9.3,2012,15.3,7.6,1
61,0.0,137,3,87.8,20120302,0.0,2012-03-02,0.9,2.0,4.3,0.0,2012,7.7,5.8,2
62,0.0,137,3,69.8,20120303,0.0,2012-03-03,1.7,0.0,0.1,1.5,2012,8.8,5.0,3
63,0.0,137,3,82.3,20120304,0.0,2012-03-04,2.0,3.0,0.4,0.0,2012,6.1,3.5,4
64,0.0,137,3,99.9,20120305,0.0,2012-03-05,1.6,14.5,0.3,0.0,2012,4.3,2.6,5
65,0.0,137,3,73.9,20120306,0.0,2012-03-06,2.6,1.5,1.6,2.2,2012,6.5,3.6,6
66,0.0,137,3,47.0,20120307,0.0,2012-03-07,2.2,0.0,2.1,5.6,2012,10.6,5.2,7
67,0.0,137,3,38.1,20120308,0.0,2012-03-08,2.0,0.0,0.3,6.8,2012,10.6,4.4,8
68,0.0,137,3,46.0,20120309,0.0,2012-03-09,1.7,0.0,-2.1,9.3,2012,11.7,4.3,9
69,0.0,137,3,47.8,20120310,0.0,2012-03-10,1.8,0.0,1.9,5.3,2012,10.4,5.2,10
70,0.0,137,3,37.3,20120311,0.0,2012-03-11,5.5,0.0,-3.7,10.0,2012,2.3,-0.5,11
71,0.0,137,3,28.6,20120312,0.0,2012-03-12,3.7,0.0,-5.6,10.8,2012,5.1,-0.7,12
72,0.0,137,3,40.1,20120313,0.0,2012-03-13,2.1,0.0,-5.7,9.8,2012,8.1,1.4,13
73,0.0,137,3,50.9,20120314,0.0,2012-03-14,3.0,0.0,-3.7,8.9,2012,11.6,4.8,14
74,0.0,137,3,35.5,20120315,0.0,2012-03-15,2.1,0.0,1.9,10.3,2012,12.7,6.7,15
75,0.0,137,3,70.3,20120316,0.0,2012-03-16,1.4,9.5,2.7,0.1,2012,9.9,5.7,16
76,0.0,137,3,87.5,20120317,0.0,2012-03-17,1.7,1.5,5.4,0.5,2012,12.2,8.7,17
77,0.0,137,3,68.9,20120318,0.0,2012-03-18,2.5,0.0,4.6,6.2,2012,15.2,9.2,18
78,0.0,137,3,39.9,20120319,0.0,2012-03-19,2.6,0.0,0.5,7.5,2012,9.4,4.5,19
79,0.0,137,3,26.5,20120320,0.0,2012-03-20,3.0,0.0,-1.2,10.1,2012,10.2,3.8,20
80,0.0,137,3,27.4,20120321,0.0,2012-03-21,2.5,0.0,-1.9,10.5,2012,12.4,6.0,21
81,0.0,137,3,45.6,20120322,0.0,2012-03-22,1.9,3.5,4.3,0.9,2012,12.4,7.7,22
82,0.0,137,3,96.1,20120323,0.0,2012-03-23,1.9,24.0,3.6,0.0,2012,6.3,4.9,23
83,0.0,137,3,50.5,20120324,0.0,2012-03-24,5.3,0.5,1.7,6.3,2012,7.9,3.8,24
84,0.0,137,3,30.6,20120325,0.0,2012-03-25,5.2,0.0,0.9,10.9,2012,8.0,3.7,25
85,0.0,137,3,29.9,20120326,0.0,2012-03-26,3.5,0.0,-1.4,10.8,2012,10.4,4.7,26
86,0.0,137,3,27.0,20120327,0.0,2012-03-27,3.2,0.0,-1.0,10.5,2012,16.3,9.0,27
87,0.0,137,3,44.0,20120328,0.0,2012-03-28,1.8,0.0,5.7,10.0,2012,17.5,10.8,28
88,0.0,137,3,59.5,20120329,0.0,2012-03-29,1.4,2.5,-0.8,8.4,2012,19.9,10.0,29
89,0.0,137,3,80.6,20120330,0.0,2012-03-30,2.6,11.5,7.6,0.0,2012,13.6,11.4,30
90,0.0,137,3,34.4,20120331,0.0,2012-03-31,4.4,0.0,2.4,10.2,2012,11.5,6.4,31
91,0.0,137,4,26.3,20120401,0.0,2012-04-01,2.5,0.0,0.6,11.1,2012,11.6,5.4,1
92,0.0,137,4,52.9,20120402,0.0,2012-04-02,1.7,0.1,-1.1,7.5,2012,18.0,8.9,2
93,0.0,137,4,67.5,20120403,0.0,2012-04-03,4.5,15.0,2.6,1.3,2012,12.0,6.0,3
94,0.0,137,4,37.9,20120404,0.0,2012-04-04,4.8,0.0,1.3,10.5,2012,17.0,9.3,4
95,0.0,137,4,29.0,20120405,0.0,2012-04-05,4.8,0.0,3.9,11.3,2012,14.3,8.4,5
96,0.0,137,4,24.3,20120406,0.0,2012-04-06,5.7,0.3,2.3,10.6,2012,11.2,6.3,6
97,0.0,137,4,27.9,20120407,0.0,2012-04-07,3.0,0.0,0.6,11.8,2012,14.6,7.6,7
98,0.0,137,4,33.6,20120408,0.0,2012-04-08,2.5,0.0,1.1,11.2,2012,22.1,13.0,8
99,0.0,137,4,48.1,20120409,0.0,2012-04-09,2.7,0.0,13.0,8.7,2012,23.1,17.5,9
100,0.0,137,4,76.6,20120410,0.0,2012-04-10,1.3,1.0,10.1,0.1,2012,18.6,13.4,10
101,0.0,137,4,76.1,20120411,0.0,2012-04-11,2.2,1.5,9.8,3.0,2012,16.7,13.6,11
102,0.0,137,4,38.9,20120412,0.0,2012-04-12,3.6,0.0,5.1,9.4,2012,17.1,11.2,12
103,0.0,137,4,48.1,20120413,0.0,2012-04-13,1.3,0.5,7.3,0.4,2012,15.5,10.4,13
104,0.0,137,4,39.8,20120414,0.0,2012-04-14,2.5,0.0,7.5,11.2,2012,21.8,14.9,14
105,0.0,137,4,25.0,20120415,0.0,2012-04-15,1.9,0.0,10.6,10.8,2012,25.6,17.8,15
106,0.0,137,4,29.4,20120416,0.0,2012-04-16,2.7,0.0,9.5,11.2,2012,23.0,15.9,16
107,0.0,137,4,45.6,20120417,0.0,2012-04-17,1.5,0.0,3.9,11.8,2012,20.9,12.5,17
108,0.0,137,4,40.5,20120418,0.0,2012-04-18,1.3,0.0,4.5,9.6,2012,22.5,13.6,18
109,0.0,137,4,47.1,20120419,0.0,2012-04-19,1.6,0.3,6.7,4.6,2012,21.1,13.8,19
110,0.0,137,4,67.4,20120420,0.0,2012-04-20,2.0,0.5,10.1,2.2,2012,19.5,13.5,20
111,0.0,137,4,89.9,20120421,0.0,2012-04-21,2.1,36.0,9.5,0.0,2012,12.3,10.7,21
112,0.0,137,4,75.1,20120422,0.0,2012-04-22,2.6,1.5,10.2,4.4,2012,16.2,12.9,22
113,0.0,137,4,59.6,20120423,0.0,2012-04-23,2.4,0.0,9.7,7.7,2012,24.4,17.0,23
114,0.0,137,4,46.1,20120424,0.0,2012-04-24,1.2,0.0,10.3,10.7,2012,28.9,20.6,24
115,0.0,137,4,83.9,20120425,0.0,2012-04-25,1.5,24.5,11.8,0.0,2012,20.7,13.4,25
116,0.0,137,4,39.4,20120426,0.0,2012-04-26,4.4,0.2,9.5,12.6,2012,17.7,13.2,26
117,0.0,137,4,42.9,20120427,0.0,2012-04-27,1.2,0.0,3.2,12.5,2012,24.6,14.3,27
118,0.0,137,4,38.5,20120428,0.0,2012-04-28,1.2,0.0,6.3,10.9,2012,28.1,17.8,28
119,0.0,137,4,54.0,20120429,0.0,2012-04-29,0.7,0.0,10.0,1.3,2012,21.2,16.0,29
120,0.0,137,4,59.0,20120430,0.0,2012-04-30,2.0,0.0,10.9,10.7,2012,25.2,18.0,30
121,0.0,137,5,55.8,20120501,0.0,2012-05-01,1.4,0.0,15.8,1.7,2012,24.5,19.9,1
122,0.0,137,5,74.9,20120502,0.0,2012-05-02,1.3,1.5,15.4,3.6,2012,25.0,18.9,2
123,0.0,137,5,66.0,20120503,0.0,2012-05-03,1.3,0.0,13.8,6.3,2012,24.6,18.1,3
124,0.0,137,5,46.6,20120504,0.0,2012-05-04,1.8,0.0,11.9,12.5,2012,28.0,20.7,4
125,0.0,137,5,28.5,20120505,0.0,2012-05-05,3.0,0.0,16.7,11.7,2012,26.6,20.9,5
126,0.0,137,5,24.4,20120506,0.0,2012-05-06,3.1,0.0,13.7,12.3,2012,24.5,18.5,6
127,0.0,137,5,34.8,20120507,0.0,2012-05-07,1.4,0.0,8.8,11.3,2012,26.9,18.7,7
128,0.0,137,5,56.5,20120508,0.0,2012-05-08,1.1,0.2,10.5,7.5,2012,27.9,18.9,8
129,0.0,137,5,63.5,20120509,0.0,2012-05-09,1.0,0.0,12.7,10.8,2012,28.6,19.3,9
130,0.0,137,5,71.9,20120510,0.0,2012-05-10,1.4,0.0,11.8,0.1,2012,19.0,14.8,10
131,0.0,137,5,69.3,20120511,0.0,2012-05-11,1.0,0.0,11.7,0.4,2012,16.3,13.5,11
132,0.0,137,5,66.0,20120512,0.0,2012-05-12,0.7,0.0,10.6,5.4,2012,21.7,14.7,12
133,0.0,137,5,69.6,20120513,0.0,2012-05-13,0.9,0.0,11.6,6.0,2012,24.1,17.1,13
134,0.0,137,5,94.9,20120514,0.0,2012-05-14,0.5,19.5,12.6,0.0,2012,15.0,13.6,14
135,0.0,137,5,63.4,20120515,0.0,2012-05-15,1.8,0.0,13.4,8.4,2012,23.2,17.4,15
136,0.0,137,5,46.4,20120516,0.0,2012-05-16,1.6,0.0,12.0,8.0,2012,24.6,17.8,16
137,0.0,137,5,59.3,20120517,0.0,2012-05-17,1.8,3.0,10.4,9.0,2012,21.7,15.5,17
138,0.0,137,5,56.4,20120518,0.0,2012-05-18,1.1,0.0,9.5,12.5,2012,25.6,17.5,18
139,0.0,137,5,56.6,20120519,0.0,2012-05-19,0.8,0.0,10.1,9.8,2012,25.7,18.2,19
140,0.0,137,5,51.5,20120520,0.0,2012-05-20,1.0,0.0,11.6,12.6,2012,28.3,19.8,20
141,0.0,137,5,55.6,20120521,0.0,2012-05-21,1.3,0.0,11.3,12.6,2012,27.7,19.0,21
142,0.0,137,5,52.4,20120522,0.0,2012-05-22,0.9,0.0,10.7,13.1,2012,28.9,19.6,22
143,0.0,137,5,46.1,20120523,0.0,2012-05-23,1.4,0.0,13.7,9.3,2012,29.1,21.1,23
144,0.0,137,5,41.4,20120524,0.0,2012-05-24,1.4,0.0,16.2,5.2,2012,26.2,20.9,24
145,0.0,137,5,38.3,20120525,0.0,2012-05-25,1.9,0.0,17.0,10.4,2012,27.9,21.6,25
146,0.0,137,5,33.3,20120526,0.0,2012-05-26,1.4,0.0,12.8,11.9,2012,27.8,20.8,26
147,0.0,137,5,42.8,20120527,0.0,2012-05-27,1.8,0.1,13.1,11.6,2012,28.6,20.7,27
148,0.0,137,5,85.3,20120528,0.0,2012-05-28,1.2,35.0,14.4,3.4,2012,24.6,18.3,28
149,0.0,137,5,60.9,20120529,0.0,2012-05-29,1.1,0.0,16.0,8.9,2012,27.5,20.7,29
150,0.0,137,5,93.9,20120530,0.0,2012-05-30,1.0,4.5,15.3,0.0,2012,18.9,16.9,30
151,0.0,137,5,72.5,20120531,0.0,2012-05-31,1.0,0.0,15.4,8.5,2012,26.3,19.9,31
152,0.0,137,6,64.1,20120601,0.0,2012-06-01,1.2,0.0,13.9,10.3,2012,27.2,20.4,1
153,0.0,137,6,62.3,20120602,0.0,2012-06-02,1.4,0.0,16.5,6.6,2012,26.5,20.1,2
154,0.0,137,6,60.9,20120603,0.0,2012-06-03,1.0,0.0,13.6,12.7,2012,28.9,20.6,3
155,0.0,137,6,59.8,20120604,0.0,2012-06-04,1.3,0.0,14.7,9.7,2012,29.2,22.3,4
156,0.0,137,6,55.0,20120605,0.0,2012-06-05,1.5,0.0,19.4,9.8,2012,29.8,24.0,5
157,0.0,137,6,58.0,20120606,0.0,2012-06-06,1.7,0.0,19.0,6.4,2012,27.6,23.2,6
158,0.0,137,6,65.3,20120607,0.0,2012-06-07,1.1,0.0,18.0,6.2,2012,29.7,23.2,7
159,0.0,137,6,91.1,20120608,0.0,2012-06-08,0.8,17.0,17.4,0.0,2012,21.9,18.8,8
160,0.0,137,6,75.1,20120609,0.0,2012-06-09,0.9,0.1,16.7,9.3,2012,27.2,21.5,9
161,0.0,137,6,68.8,20120610,0.0,2012-06-10,1.0,0.0,17.5,9.2,2012,28.5,22.1,10
162,0.0,137,6,79.0,20120611,0.0,2012-06-11,0.7,0.0,17.0,1.8,2012,25.8,21.0,11
163,0.0,137,6,70.8,20120612,0.0,2012-06-12,1.2,1.0,17.6,5.9,2012,28.1,22.0,12
164,0.0,137,6,75.8,20120613,0.0,2012-06-13,1.0,3.0,16.7,5.2,2012,26.4,20.6,13
165,0.0,137,6,65.6,20120614,0.0,2012-06-14,1.3,0.0,15.3,5.6,2012,25.3,19.9,14
166,0.0,137,6,87.0,20120615,0.0,2012-06-15,0.9,4.0,17.3,0.0,2012,20.1,18.6,15
167,0.0,137,6,69.1,20120616,0.0,2012-06-16,1.2,1.5,17.2,12.6,2012,28.3,22.9,16
168,0.0,137,6,57.0,20120617,0.0,2012-06-17,1.6,0.0,19.1,10.3,2012,29.1,23.7,17
169,0.0,137,6,70.1,20120618,0.0,2012-06-18,0.9,0.0,18.0,0.6,2012,27.3,22.6,18
170,0.0,137,6,67.8,20120619,0.0,2012-06-19,1.2,0.1,18.3,9.0,2012,28.7,22.8,19
171,0.0,137,6,78.6,20120620,0.0,2012-06-20,1.2,1.0,16.9,7.3,2012,28.8,22.2,20
172,0.0,137,6,69.1,20120621,0.0,2012-06-21,1.2,0.0,19.3,9.2,2012,31.4,23.4,21
173,0.0,137,6,62.1,20120622,0.0,2012-06-22,1.2,0.0,16.7,9.7,2012,30.4,23.7,22
174,0.0,137,6,69.0,20120623,0.0,2012-06-23,1.1,0.0,19.1,8.6,2012,30.9,24.8,23
175,0.0,137,6,68.1,20120624,0.0,2012-06-24,1.4,0.0,19.1,1.3,2012,27.8,22.9,24
176,0.0,137,6,63.5,20120625,0.0,2012-06-25,1.4,0.0,16.4,5.4,2012,26.5,20.9,25
177,0.0,137,6,60.0,20120626,0.0,2012-06-26,1.5,0.0,18.6,1.2,2012,26.2,21.1,26
178,0.0,137,6,71.5,20120627,0.0,2012-06-27,1.2,0.0,17.8,0.0,2012,22.0,19.7,27
179,0.0,137,6,70.6,20120628,0.0,2012-06-28,0.9,0.0,17.2,6.1,2012,28.2,22.1,28
180,0.0,137,6,65.5,20120629,0.0,2012-06-29,1.3,0.0,18.2,6.6,2012,30.5,23.6,29
181,0.0,137,6,95.4,20120630,0.0,2012-06-30,1.1,28.0,20.4,0.0,2012,24.7,22.3,30
182,0.0,137,7,73.6,20120701,0.0,2012-07-01,1.9,0.0,20.7,7.4,2012,28.8,23.7,1
183,0.0,137,7,69.8,20120702,0.0,2012-07-02,1.3,0.0,19.3,9.4,2012,29.8,23.9,2
184,0.0,137,7,72.4,20120703,0.0,2012-07-03,1.6,0.0,19.5,10.7,2012,30.8,25.4,3
185,0.0,137,7,70.3,20120704,0.0,2012-07-04,1.7,0.0,22.5,9.2,2012,30.9,26.5,4
186,0.0,137,7,96.1,20120705,0.0,2012-07-05,0.9,33.0,21.8,0.0,2012,24.7,23.0,5
187,0.0,137,7,97.0,20120706,0.0,2012-07-06,1.0,96.0,19.0,0.4,2012,25.7,22.2,6
188,0.0,137,7,80.3,20120707,0.0,2012-07-07,0.8,3.0,18.9,7.4,2012,28.9,22.6,7
189,0.0,137,7,77.5,20120708,0.0,2012-07-08,1.0,0.0,19.4,6.7,2012,30.6,24.1,8
190,0.0,137,7,73.1,20120709,0.0,2012-07-09,1.1,0.0,20.6,10.0,2012,32.0,26.1,9
191,0.0,137,7,75.3,20120710,0.0,2012-07-10,1.3,0.0,21.0,0.9,2012,29.0,24.5,10
192,0.0,137,7,90.1,20120711,0.0,2012-07-11,1.3,31.5,21.3,0.6,2012,26.9,23.5,11
193,0.0,137,7,74.4,20120712,0.0,2012-07-12,1.3,1.0,22.2,2.1,2012,28.7,25.0,12
194,0.0,137,7,85.0,20120713,0.0,2012-07-13,0.9,10.0,21.4,4.6,2012,28.6,24.2,13
195,0.0,137,7,91.8,20120714,0.0,2012-07-14,0.7,17.0,20.8,0.0,2012,24.1,22.6,14
196,0.0,137,7,93.1,20120715,0.0,2012-07-15,1.0,33.0,19.4,0.1,2012,22.8,20.9,15
197,0.0,137,7,81.6,20120716,0.0,2012-07-16,0.8,0.3,20.5,1.1,2012,27.0,23.2,16
198,0.0,137,7,86.4,20120717,0.0,2012-07-17,1.0,0.5,20.5,0.0,2012,24.7,22.6,17
199,0.0,137,7,85.0,20120718,0.0,2012-07-18,1.2,2.5,21.7,0.0,2012,27.3,24.3,18
200,0.0,137,7,77.5,20120719,0.0,2012-07-19,2.3,9.0,22.8,8.0,2012,30.1,26.0,19
201,0.0,137,7,75.5,20120720,0.0,2012-07-20,1.2,0.0,22.7,5.6,2012,30.5,25.8,20
202,0.0,137,7,75.8,20120721,0.0,2012-07-21,0.8,0.0,21.4,9.4,2012,32.7,26.5,21
203,0.0,137,7,88.5,20120722,0.0,2012-07-22,1.2,35.0,21.5,1.0,2012,27.2,23.4,22
204,0.0,137,7,78.5,20120723,0.0,2012-07-23,0.8,0.0,23.1,7.9,2012,32.7,27.1,23
205,0.0,137,7,72.3,20120724,0.0,2012-07-24,1.0,0.0,23.9,12.4,2012,33.2,28.2,24
206,0.0,137,7,70.1,20120725,0.0,2012-07-25,1.3,0.0,24.4,11.8,2012,33.6,28.3,25
207,0.0,137,7,70.1,20120726,0.0,2012-07-26,1.3,0.0,23.5,12.3,2012,33.2,28.1,26
208,0.0,137,7,69.9,20120727,0.0,2012-07-27,1.3,0.0,23.9,11.6,2012,32.9,27.6,27
209,0.0,137,7,68.5,20120728,0.0,2012-07-28,1.3,0.0,23.2,12.5,2012,33.2,27.9,28
210,0.0,137,7,67.4,20120729,0.0,2012-07-29,1.3,0.0,22.9,12.7,2012,34.3,28.8,29
211,0.0,137,7,67.6,20120730,0.0,2012-07-30,1.2,0.0,23.4,11.6,2012,34.5,28.8,30
212,0.0,137,7,69.8,20120731,0.0,2012-07-31,1.1,0.0,24.3,12.4,2012,35.0,28.8,31
213,0.0,137,8,64.9,20120801,0.0,2012-08-01,1.2,0.0,23.6,12.0,2012,34.7,28.9,1
214,0.0,137,8,67.6,20120802,0.0,2012-08-02,1.3,0.0,23.8,8.0,2012,33.6,28.4,2
215,0.0,137,8,68.9,20120803,0.0,2012-08-03,1.2,0.0,23.5,8.6,2012,34.3,28.3,3
216,0.0,137,8,68.4,20120804,0.0,2012-08-04,0.9,0.0,24.8,9.2,2012,34.3,28.6,4
217,0.0,137,8,70.0,20120805,0.0,2012-08-05,0.8,0.0,21.6,12.8,2012,35.5,28.3,5
218,0.0,137,8,64.4,20120806,0.0,2012-08-06,1.0,0.0,22.6,12.0,2012,35.0,28.7,6
219,0.0,137,8,62.3,20120807,0.0,2012-08-07,1.1,0.0,23.0,12.2,2012,33.9,27.9,7
220,0.0,137,8,68.5,20120808,0.0,2012-08-08,0.8,0.0,20.3,11.9,2012,31.9,25.7,8
221,0.0,137,8,72.5,20120809,0.0,2012-08-09,1.0,0.0,20.8,9.0,2012,33.3,26.3,9
222,0.0,137,8,83.6,20120810,0.0,2012-08-10,0.9,2.0,22.2,0.0,2012,27.4,24.3,10
223,0.0,137,8,79.8,20120811,0.0,2012-08-11,0.7,2.0,21.1,4.5,2012,31.3,25.5,11
224,0.0,137,8,90.5,20120812,0.0,2012-08-12,0.5,20.5,23.3,0.6,2012,27.9,24.4,12
225,0.0,137,8,88.6,20120813,0.0,2012-08-13,1.2,45.5,22.5,0.4,2012,28.5,24.5,13
226,0.0,137,8,83.6,20120814,0.0,2012-08-14,1.0,0.2,21.3,0.0,2012,27.1,23.6,14
227,0.0,137,8,83.0,20120815,0.0,2012-08-15,1.1,52.5,22.6,2.5,2012,31.5,25.5,15
228,0.0,137,8,89.4,20120816,0.0,2012-08-16,0.6,38.0,22.7,0.4,2012,28.0,24.6,16
229,0.0,137,8,85.0,20120817,0.0,2012-08-17,1.0,1.5,22.9,4.6,2012,31.5,25.3,17
230,0.0,137,8,83.8,20120818,0.0,2012-08-18,0.9,1.0,22.7,3.5,2012,31.6,26.4,18
231,0.0,137,8,80.3,20120819,0.0,2012-08-19,1.1,0.0,24.1,8.5,2012,33.0,27.2,19
232,0.0,137,8,86.6,20120820,0.0,2012-08-20,0.6,0.3,23.9,0.0,2012,29.9,25.9,20
233,0.0,137,8,80.1,20120821,0.0,2012-08-21,0.9,0.2,23.7,6.8,2012,31.6,26.8,21
234,0.0,137,8,89.5,20120822,0.0,2012-08-22,0.8,11.0,21.7,1.0,2012,26.7,23.6,22
235,0.0,137,8,92.4,20120823,0.0,2012-08-23,1.0,13.5,19.8,0.0,2012,22.2,21.0,23
236,0.0,137,8,93.3,20120824,0.0,2012-08-24,1.3,16.5,19.7,0.0,2012,22.5,21.0,24
237,0.0,137,8,87.4,20120825,0.0,2012-08-25,0.9,6.5,20.8,2.1,2012,28.9,24.0,25
238,0.0,137,8,77.3,20120826,0.0,2012-08-26,0.8,0.0,22.7,7.8,2012,32.4,26.6,26
239,0.0,137,8,75.8,20120827,0.0,2012-08-27,1.3,0.0,21.4,5.4,2012,31.6,25.9,27
240,0.0,137,8,78.1,20120828,0.0,2012-08-28,3.6,37.5,23.1,0.4,2012,27.6,25.2,28
241,0.0,137,8,69.8,20120829,0.0,2012-08-29,1.8,0.1,23.1,4.2,2012,29.7,25.7,29
242,0.0,137,8,92.6,20120830,0.0,2012-08-30,1.8,67.5,18.2,0.0,2012,23.7,20.9,30
243,0.0,137,8,75.1,20120831,0.0,2012-08-31,1.8,8.0,17.7,10.1,2012,28.1,21.1,31
244,0.0,137,9,85.4,20120901,0.0,2012-09-01,0.8,1.0,17.4,5.5,2012,27.3,21.4,1
245,0.0,137,9,81.6,20120902,0.0,2012-09-02,0.9,0.0,19.8,4.9,2012,27.8,22.4,2
246,0.0,137,9,81.0,20120903,0.0,2012-09-03,0.8,0.0,20.0,5.2,2012,28.2,23.1,3
247,0.0,137,9,90.6,20120904,0.0,2012-09-04,0.6,34.6,18.6,2.5,2012,26.0,21.3,4
248,0.0,137,9,70.4,20120905,0.0,2012-09-05,1.6,23.5,18.3,7.8,2012,27.7,22.7,5
249,0.0,137,9,65.4,20120906,0.0,2012-09-06,1.1,0.0,14.8,11.1,2012,26.9,20.0,6
250,0.0,137,9,79.4,20120907,0.0,2012-09-07,0.9,1.5,13.0,8.7,2012,26.4,19.7,7
251,0.0,137,9,79.8,20120908,0.0,2012-09-08,1.4,56.0,17.8,4.5,2012,26.3,21.1,8
252,0.0,137,9,83.6,20120909,0.0,2012-09-09,0.8,0.5,17.7,0.3,2012,22.5,19.0,9
253,0.0,137,9,81.0,20120910,0.0,2012-09-10,0.9,3.0,17.4,6.4,2012,26.2,20.3,10
254,0.0,137,9,79.6,20120911,0.0,2012-09-11,0.7,0.0,14.9,7.5,2012,26.0,19.1,11
255,0.0,137,9,81.9,20120912,0.0,2012-09-12,0.6,0.0,14.0,4.7,2012,26.9,19.4,12
256,0.0,137,9,89.9,20120913,0.0,2012-09-13,0.5,2.5,19.1,0.0,2012,22.2,19.9,13
257,0.0,137,9,84.1,20120914,0.0,2012-09-14,1.0,1.0,16.5,0.0,2012,22.3,19.3,14
258,0.0,137,9,79.8,20120915,0.0,2012-09-15,0.8,0.5,16.0,2.4,2012,23.3,19.3,15
259,0.0,137,9,92.6,20120916,0.0,2012-09-16,1.1,38.0,15.9,0.0,2012,18.6,17.3,16
260,0.0,137,9,91.1,20120917,0.0,2012-09-17,2.2,141.0,16.8,0.0,2012,18.1,17.3,17
261,0.0,137,9,72.9,20120918,0.0,2012-09-18,1.7,0.0,16.9,7.1,2012,25.5,20.4,18
262,0.0,137,9,70.8,20120919,0.0,2012-09-19,1.5,0.0,14.1,7.9,2012,25.0,19.3,19
263,0.0,137,9,78.5,20120920,0.0,2012-09-20,0.9,0.0,12.5,9.3,2012,25.0,17.6,20
264,0.0,137,9,79.4,20120921,0.0,2012-09-21,0.7,0.0,13.1,4.5,2012,24.5,18.0,21
265,0.0,137,9,80.8,20120922,0.0,2012-09-22,0.7,0.0,12.8,6.2,2012,25.5,17.9,22
266,0.0,137,9,76.5,20120923,0.0,2012-09-23,0.7,0.0,14.0,8.8,2012,25.9,18.3,23
267,0.0,137,9,73.6,20120924,0.0,2012-09-24,0.6,0.0,11.3,9.9,2012,25.6,17.3,24
268,0.0,137,9,74.6,20120925,0.0,2012-09-25,0.9,0.0,10.6,9.7,2012,25.3,17.0,25
269,0.0,137,9,78.6,20120926,0.0,2012-09-26,0.9,0.0,10.6,7.7,2012,23.5,16.8,26
270,0.0,137,9,82.1,20120927,0.0,2012-09-27,0.7,0.0,14.0,2.7,2012,23.0,17.5,27
271,0.0,137,9,79.3,20120928,0.0,2012-09-28,1.4,0.0,14.1,6.3,2012,25.0,18.1,28
272,0.0,137,9,69.9,20120929,0.0,2012-09-29,1.6,0.0,11.0,6.7,2012,20.7,15.5,29
273,0.0,137,9,70.6,20120930,0.0,2012-09-30,1.1,0.0,8.0,7.7,2012,21.2,14.9,30
274,0.0,137,10,74.9,20121001,0.0,2012-10-01,0.6,0.0,9.2,9.4,2012,23.1,14.9,1
275,0.0,137,10,79.5,20121002,0.0,2012-10-02,0.5,0.0,8.9,8.3,2012,23.8,15.1,2
276,0.0,137,10,74.9,20121003,0.0,2012-10-03,0.7,0.0,9.4,8.4,2012,23.6,15.2,3
277,0.0,137,10,72.9,20121004,0.0,2012-10-04,0.7,0.0,8.2,9.3,2012,24.4,15.8,4
278,0.0,137,10,77.0,20121005,0.0,2012-10-05,1.0,0.0,11.2,2.8,2012,21.2,16.4,5
279,0.0,137,10,72.8,20121006,0.0,2012-10-06,1.0,0.0,12.2,7.0,2012,23.9,17.5,6
280,0.0,137,10,70.1,20121007,0.0,2012-10-07,0.7,0.0,9.3,9.1,2012,23.5,15.5,7
281,0.0,137,10,75.5,20121008,0.0,2012-10-08,0.6,0.0,7.7,9.4,2012,21.4,13.2,8
282,0.0,137,10,82.1,20121009,0.0,2012-10-09,0.6,0.0,6.3,5.0,2012,19.6,12.4,9
283,0.0,137,10,83.3,20121010,0.0,2012-10-10,1.0,0.5,8.8,3.2,2012,20.5,13.4,10
284,0.0,137,10,61.3,20121011,0.0,2012-10-11,1.6,0.0,7.9,9.5,2012,19.5,13.4,11
285,0.0,137,10,66.1,20121012,0.0,2012-10-12,0.5,0.0,4.0,9.6,2012,21.7,11.4,12
286,0.0,137,10,75.6,20121013,0.0,2012-10-13,0.4,0.0,5.1,7.6,2012,21.4,12.1,13
287,0.0,137,10,67.0,20121014,0.0,2012-10-14,1.2,0.0,6.8,8.2,2012,23.0,14.2,14
288,0.0,137,10,55.1,20121015,0.0,2012-10-15,1.0,0.0,7.4,9.3,2012,22.2,13.1,15
289,0.0,137,10,73.6,20121016,0.0,2012-10-16,0.7,0.0,4.8,8.3,2012,21.7,13.5,16
290,0.0,137,10,68.8,20121017,0.0,2012-10-17,2.3,2.5,7.1,3.6,2012,16.2,12.5,17
291,0.0,137,10,49.0,20121018,0.0,2012-10-18,1.6,0.0,2.0,9.2,2012,16.8,9.8,18
292,0.0,137,10,60.4,20121019,0.0,2012-10-19,1.2,0.0,5.4,8.9,2012,19.9,11.9,19
293,0.0,137,10,63.5,20121020,0.0,2012-10-20,1.0,0.0,4.3,7.1,2012,20.6,11.8,20
294,0.0,137,10,73.6,20121021,0.0,2012-10-21,0.9,0.0,7.0,8.9,2012,23.5,14.0,21
295,0.0,137,10,84.0,20121022,0.0,2012-10-22,1.5,26.5,8.4,0.0,2012,14.4,11.1,22
296,0.0,137,10,49.0,20121023,0.0,2012-10-23,2.8,0.0,7.1,9.2,2012,15.4,10.4,23
297,0.0,137,10,78.0,20121024,0.0,2012-10-24,0.8,0.0,3.8,4.8,2012,16.4,9.4,24
298,0.0,137,10,83.0,20121025,0.0,2012-10-25,0.7,0.0,4.4,6.5,2012,20.4,10.4,25
299,0.0,137,10,85.5,20121026,0.0,2012-10-26,0.9,0.0,6.2,5.2,2012,19.7,10.8,26
300,0.0,137,10,94.6,20121027,0.0,2012-10-27,0.9,15.5,8.3,0.0,2012,14.0,11.3,27
301,0.0,137,10,60.5,20121028,0.0,2012-10-28,2.6,0.1,9.9,8.9,2012,20.5,15.1,28
302,0.0,137,10,62.6,20121029,0.0,2012-10-29,1.3,0.0,6.5,8.8,2012,18.7,12.6,29
303,0.0,137,10,51.8,20121030,0.0,2012-10-30,2.2,0.0,5.9,8.8,2012,14.7,10.3,30
304,0.0,137,10,52.6,20121031,0.0,2012-10-31,2.3,0.0,3.6,7.7,2012,13.1,7.7,31
305,0.0,137,11,40.8,20121101,0.0,2012-11-01,3.1,0.0,3.5,9.1,2012,11.1,6.9,1
306,0.0,137,11,53.3,20121102,0.0,2012-11-02,1.0,0.0,-1.5,9.1,2012,13.6,5.3,2
307,0.0,137,11,65.4,20121103,0.0,2012-11-03,1.0,0.0,-2.4,9.2,2012,14.9,5.0,3
308,0.0,137,11,84.3,20121104,0.0,2012-11-04,0.9,5.0,1.0,1.9,2012,12.7,7.6,4
309,0.0,137,11,73.1,20121105,0.0,2012-11-05,1.8,0.5,6.5,6.3,2012,15.1,10.3,5
310,0.0,137,11,79.8,20121106,0.0,2012-11-06,1.8,3.0,5.3,1.8,2012,10.2,7.7,6
311,0.0,137,11,66.1,20121107,0.0,2012-11-07,2.3,0.0,5.9,2.7,2012,12.2,9.1,7
312,0.0,137,11,70.8,20121108,0.0,2012-11-08,1.9,0.0,7.0,1.0,2012,14.0,9.9,8
313,0.0,137,11,78.8,20121109,0.0,2012-11-09,1.0,0.0,4.1,5.4,2012,15.1,8.2,9
314,0.0,137,11,68.6,20121110,0.0,2012-11-10,2.1,0.0,5.3,0.9,2012,14.3,10.3,10
315,0.0,137,11,73.8,20121111,0.0,2012-11-11,2.7,20.5,6.4,1.1,2012,13.1,9.1,11
316,0.0,137,11,50.3,20121112,0.0,2012-11-12,4.0,0.0,6.8,5.5,2012,12.5,9.2,12
317,0.0,137,11,73.0,20121113,0.0,2012-11-13,2.8,6.5,3.0,4.8,2012,9.0,5.7,13
318,0.0,137,11,62.5,20121114,0.0,2012-11-14,3.2,0.0,1.4,8.6,2012,6.9,3.6,14
319,0.0,137,11,58.0,20121115,0.0,2012-11-15,1.5,0.0,-0.5,8.9,2012,11.4,4.0,15
320,0.0,137,11,79.3,20121116,0.0,2012-11-16,0.6,3.5,-3.4,3.1,2012,8.2,3.1,16
321,0.0,137,11,67.1,20121117,0.0,2012-11-17,2.8,0.4,3.9,5.5,2012,10.0,6.4,17
322,0.0,137,11,52.0,20121118,0.0,2012-11-18,1.5,0.0,-0.6,8.8,2012,10.6,4.0,18
323,0.0,137,11,64.8,20121119,0.0,2012-11-19,3.0,0.0,-2.2,5.5,2012,10.8,3.6,19
324,0.0,137,11,47.1,20121120,0.0,2012-11-20,2.6,0.0,-0.4,7.4,2012,8.5,2.9,20
325,0.0,137,11,64.9,20121121,0.0,2012-11-21,0.8,0.0,-4.4,3.5,2012,5.7,1.2,21
326,0.0,137,11,68.9,20121122,0.0,2012-11-22,1.0,0.0,-2.1,7.0,2012,10.9,3.9,22
327,0.0,137,11,60.1,20121123,0.0,2012-11-23,2.8,0.0,3.2,5.3,2012,8.2,5.6,23
328,0.0,137,11,44.6,20121124,0.0,2012-11-24,2.5,0.0,-0.4,8.7,2012,8.0,2.6,24
329,0.0,137,11,54.1,20121125,0.0,2012-11-25,1.2,0.4,-4.0,6.0,2012,8.0,2.8,25
330,0.0,137,11,61.9,20121126,0.0,2012-11-26,3.8,0.5,-0.2,5.4,2012,7.3,2.7,26
331,0.0,137,11,45.6,20121127,0.0,2012-11-27,1.6,0.0,-3.3,8.5,2012,6.4,0.9,27
332,0.0,137,11,65.0,20121128,0.0,2012-11-28,1.6,0.0,-4.7,2.6,2012,9.8,2.2,28
333,0.0,137,11,44.3,20121129,0.0,2012-11-29,1.8,0.0,-1.7,4.8,2012,7.8,2.7,29
334,0.0,137,11,41.4,20121130,0.0,2012-11-30,1.4,0.0,-2.5,6.9,2012,7.9,2.7,30
335,0.0,137,12,49.8,20121201,0.0,2012-12-01,2.0,0.0,-4.8,8.4,2012,4.8,-0.3,1
336,0.0,137,12,84.6,20121202,0.0,2012-12-02,0.7,0.4,-2.4,2.4,2012,5.3,0.2,2
337,0.0,137,12,88.8,20121203,0.0,2012-12-03,1.5,2.1,-2.2,0.0,2012,4.8,0.2,3
338,0.0,137,12,50.5,20121204,0.0,2012-12-04,5.6,0.0,-2.9,8.5,2012,2.2,-0.7,4
339,0.0,137,12,69.9,20121205,0.0,2012-12-05,2.3,4.0,-4.8,4.2,2012,4.1,-0.8,5
340,0.0,137,12,58.0,20121206,0.0,2012-12-06,2.2,0.1,-8.4,8.5,2012,-1.9,-5.4,6
341,0.0,137,12,85.0,20121207,0.0,2012-12-07,1.0,3.9,-10.0,0.1,2012,-0.4,-5.9,7
342,0.0,137,12,57.3,20121208,0.0,2012-12-08,2.5,0.0,-9.3,7.1,2012,-1.3,-5.3,8
343,0.0,137,12,55.8,20121209,0.0,2012-12-09,3.1,0.0,-11.0,8.3,2012,-3.8,-7.6,9
344,0.0,137,12,56.3,20121210,0.0,2012-12-10,3.2,0.0,-9.0,8.5,2012,-2.1,-6.2,10
345,0.0,137,12,56.4,20121211,0.0,2012-12-11,2.5,0.0,-12.1,8.5,2012,0.4,-4.9,11
346,0.0,137,12,53.6,20121212,0.0,2012-12-12,2.4,0.0,-6.6,8.5,2012,2.4,-2.9,12
347,0.0,137,12,65.8,20121213,0.0,2012-12-13,0.8,0.0,-11.5,8.4,2012,3.1,-4.8,13
348,0.0,137,12,88.3,20121214,0.0,2012-12-14,0.6,20.5,-4.7,0.0,2012,0.5,-1.7,14
349,0.0,137,12,86.9,20121215,0.0,2012-12-15,1.9,0.1,-0.1,0.4,2012,7.0,3.5,15
350,0.0,137,12,83.0,20121216,0.0,2012-12-16,1.5,0.0,-1.3,8.4,2012,5.0,2.0,16
351,0.0,137,12,72.4,20121217,0.0,2012-12-17,2.3,0.0,-2.7,4.1,2012,5.6,0.9,17
352,0.0,137,12,51.0,20121218,0.0,2012-12-18,3.6,0.0,-6.9,8.1,2012,-0.7,-4.2,18
353,0.0,137,12,48.6,20121219,0.0,2012-12-19,3.0,0.0,-8.7,8.4,2012,-0.6,-5.0,19
354,0.0,137,12,48.8,20121220,0.0,2012-12-20,2.2,0.0,-6.6,8.2,2012,3.6,-2.5,20
355,0.0,137,12,84.0,20121221,0.0,2012-12-21,0.7,5.0,-4.4,0.0,2012,-1.2,-2.5,21
356,0.0,137,12,70.4,20121222,0.0,2012-12-22,3.2,0.0,-3.6,6.4,2012,1.3,-1.1,22
357,0.0,137,12,48.8,20121223,0.0,2012-12-23,4.4,0.0,-11.1,8.2,2012,-3.0,-6.1,23
358,0.0,137,12,56.1,20121224,0.0,2012-12-24,1.7,0.0,-13.5,8.6,2012,-3.5,-8.4,24
359,0.0,137,12,49.0,20121225,0.0,2012-12-25,3.8,0.0,-10.7,7.4,2012,-1.6,-5.4,25
360,0.0,137,12,32.5,20121226,0.0,2012-12-26,2.9,0.0,-13.7,8.5,2012,-4.1,-9.3,26
361,0.0,137,12,38.9,20121227,0.0,2012-12-27,1.4,0.0,-13.3,7.6,2012,1.2,-5.1,27
362,0.0,137,12,80.0,20121228,0.0,2012-12-28,0.9,5.5,-5.1,0.0,2012,0.8,-1.8,28
363,0.0,137,12,85.0,20121229,0.0,2012-12-29,1.3,0.5,-4.8,0.7,2012,4.2,-0.2,29
364,0.0,137,12,58.9,20121230,0.0,2012-12-30,3.0,0.1,-8.7,5.6,2012,1.0,-4.7,30
365,0.0,137,12,54.9,20121231,0.0,2012-12-31,2.5,0.0,-10.7,8.4,2012,-2.9,-7.4,31
