,year,rainfall,cloud,sunshine,humid,snow,tmax,day,tmin,wind,month,Date,tavg,date,station_id
0,2006,0.0,7.9,0.0,78.3,0.0,4.7,1,-5.6,1.7,1,2006-01-01,0.4,20060101,137
1,2006,0.0,4.6,6.3,60.6,0.0,6.7,2,0.0,3.7,1,2006-01-02,2.5,20060102,137
2,2006,0.0,2.5,8.3,30.3,0.0,4.0,3,-2.9,3.7,1,2006-01-03,-0.5,20060103,137
3,2006,0.0,9.8,0.0,37.6,0.0,-1.7,4,-6.4,3.7,1,2006-01-04,-3.5,20060104,137
4,2006,0.0,4.6,7.9,42.8,0.0,-0.2,5,-9.7,3.4,1,2006-01-05,-5.5,20060105,137
5,2006,0.0,3.6,5.9,41.6,0.0,-1.7,6,-7.9,4.0,1,2006-01-06,-5.6,20060106,137
6,2006,0.0,0.0,8.5,36.9,0.0,-0.9,7,-9.5,3.9,1,2006-01-07,-5.5,20060107,137
7,2006,0.0,2.8,8.5,41.9,0.0,3.0,8,-6.2,2.8,1,2006-01-08,-2.6,20060108,137
8,2006,0.0,4.1,8.2,55.1,0.0,5.3,9,-9.9,1.4,1,2006-01-09,-1.4,20060109,137
9,2006,0.0,3.1,5.2,56.4,0.0,6.0,10,-2.0,2.2,1,2006-01-10,1.3,20060110,137
10,2006,0.0,1.4,6.7,56.4,0.0,6.3,11,-8.2,1.1,1,2006-01-11,-1.9,20060111,137
11,2006,0.1,5.9,4.4,61.0,0.0,6.0,12,-10.7,0.9,1,2006-01-12,-1.3,20060112,137
12,2006,12.0,10.0,0.0,96.1,0.0,4.2,13,1.7,1.1,1,2006-01-13,3.0,20060113,137
13,2006,0.0,9.4,0.4,85.1,0.0,9.1,14,0.9,1.1,1,2006-01-14,4.3,20060114,137
14,2006,0.0,4.8,1.9,79.4,0.0,7.5,15,0.1,1.4,1,2006-01-15,2.6,20060115,137
15,2006,0.0,7.8,0.0,85.1,0.0,3.5,16,-2.3,1.1,1,2006-01-16,1.0,20060116,137
16,2006,0.0,4.5,5.2,62.1,0.0,8.3,17,-2.5,1.1,1,2006-01-17,1.8,20060117,137
17,2006,0.0,5.3,2.4,64.0,0.0,6.9,18,-2.4,0.9,1,2006-01-18,1.8,20060118,137
18,2006,0.0,8.0,0.0,72.8,0.0,5.9,19,-0.6,1.8,1,2006-01-19,2.4,20060119,137
19,2006,0.0,7.3,6.7,64.4,0.0,7.4,20,-1.2,0.9,1,2006-01-20,2.1,20060120,137
20,2006,0.0,2.9,5.4,61.0,0.0,7.5,21,-3.7,1.4,1,2006-01-21,1.1,20060121,137
21,2006,0.0,0.0,8.7,40.8,0.0,2.9,22,-4.9,4.2,1,2006-01-22,-1.2,20060122,137
22,2006,0.0,0.0,8.7,43.4,0.0,2.9,23,-7.7,3.7,1,2006-01-23,-2.9,20060123,137
23,2006,0.0,1.4,8.7,45.8,0.0,4.4,24,-6.3,2.9,1,2006-01-24,-1.9,20060124,137
24,2006,0.0,2.6,8.1,40.6,0.0,5.5,25,-4.7,2.6,1,2006-01-25,0.4,20060125,137
25,2006,0.0,3.1,7.7,59.4,0.0,6.6,26,-1.0,2.8,1,2006-01-26,1.9,20060126,137
26,2006,0.0,1.8,7.0,48.6,0.0,7.2,27,-0.6,3.3,1,2006-01-27,2.4,20060127,137
27,2006,0.0,3.1,7.7,62.6,0.0,7.4,28,-6.7,1.2,1,2006-01-28,-0.1,20060128,137
28,2006,0.0,4.9,8.2,63.9,0.0,10.7,29,-6.7,0.8,1,2006-01-29,2.3,20060129,137
29,2006,0.2,8.9,2.6,67.8,0.0,13.2,30,4.2,1.4,1,2006-01-30,7.7,20060130,137
30,2006,14.0,10.0,0.0,96.1,0.5,5.0,31,0.0,1.0,1,2006-01-31,2.3,20060131,137
31,2006,6.0,6.4,2.2,78.8,0.0,4.0,1,-0.9,3.2,2,2006-02-01,1.9,20060201,137
32,2006,0.0,2.5,8.5,49.0,0.0,4.4,2,-3.3,3.8,2,2006-02-02,0.0,20060202,137
33,2006,0.0,0.0,8.9,43.1,0.0,-1.6,3,-11.8,4.8,2,2006-02-03,-8.1,20060203,137
34,2006,0.0,0.0,8.9,46.4,0.0,-1.8,4,-12.4,4.5,2,2006-02-04,-7.9,20060204,137
35,2006,0.0,6.3,4.7,42.0,0.0,0.8,5,-9.0,2.1,2,2006-02-05,-3.7,20060205,137
36,2006,1.5,9.4,0.9,80.6,1.8,0.8,6,-4.8,0.8,2,2006-02-06,-1.8,20060206,137
37,2006,4.6,9.0,0.2,84.8,8.0,3.1,7,-1.7,2.8,2,2006-02-07,-0.1,20060207,137
38,2006,0.3,4.1,4.7,61.9,0.4,-1.7,8,-7.5,5.1,2,2006-02-08,-5.5,20060208,137
39,2006,0.0,0.4,9.1,52.8,0.0,0.7,9,-9.4,3.7,2,2006-02-09,-4.1,20060209,137
40,2006,0.0,7.6,1.7,66.0,0.0,4.1,10,-2.5,2.3,2,2006-02-10,1.1,20060210,137
41,2006,0.0,6.0,4.7,54.0,0.0,7.3,11,-0.2,2.4,2,2006-02-11,2.8,20060211,137
42,2006,0.0,0.0,9.2,36.3,0.0,4.7,12,-4.1,3.4,2,2006-02-12,-0.3,20060212,137
43,2006,0.0,2.4,9.2,38.5,0.0,15.0,13,-3.6,1.7,2,2006-02-13,5.3,20060213,137
44,2006,8.5,9.0,0.0,88.6,0.0,10.6,14,1.3,1.3,2,2006-02-14,5.3,20060214,137
45,2006,6.5,8.4,0.0,91.3,0.0,7.2,15,1.1,1.3,2,2006-02-15,2.9,20060215,137
46,2006,0.0,5.4,4.9,64.6,0.0,8.9,16,-1.1,2.9,2,2006-02-16,3.0,20060216,137
47,2006,0.0,0.9,9.5,38.3,0.0,0.5,17,-6.5,3.9,2,2006-02-17,-3.5,20060217,137
48,2006,0.0,3.9,8.2,49.0,0.0,5.7,18,-5.5,2.8,2,2006-02-18,-0.1,20060218,137
49,2006,0.0,5.8,5.7,53.3,0.0,10.6,19,-2.5,1.2,2,2006-02-19,3.0,20060219,137
50,2006,0.0,3.5,9.1,49.3,0.0,13.3,20,0.0,1.5,2,2006-02-20,5.4,20060220,137
51,2006,0.0,3.4,8.4,51.8,0.0,15.4,21,-3.7,1.6,2,2006-02-21,5.6,20060221,137
52,2006,0.0,8.1,2.4,54.8,0.0,8.4,22,0.0,3.6,2,2006-02-22,4.7,20060222,137
53,2006,0.0,2.3,9.1,38.6,0.0,10.7,23,-2.7,2.8,2,2006-02-23,3.1,20060223,137
54,2006,0.0,1.0,9.6,37.0,0.0,12.9,24,-1.0,1.7,2,2006-02-24,4.9,20060224,137
55,2006,0.5,7.1,2.8,71.6,0.0,9.7,25,-3.0,1.1,2,2006-02-25,4.0,20060225,137
56,2006,1.0,4.9,7.1,59.5,0.0,8.0,26,-2.4,3.6,2,2006-02-26,3.4,20060226,137
57,2006,0.0,6.9,5.6,45.4,0.0,6.2,27,-4.7,2.0,2,2006-02-27,0.5,20060227,137
58,2006,2.5,9.9,0.0,79.0,0.0,4.3,28,0.1,1.0,2,2006-02-28,1.5,20060228,137
59,2006,1.0,6.9,2.4,71.1,0.3,5.1,1,-0.9,2.6,3,2006-03-01,1.0,20060301,137
60,2006,0.7,5.4,5.1,55.0,1.1,3.6,2,-1.9,4.0,3,2006-03-02,0.0,20060302,137
61,2006,0.0,0.6,9.6,51.1,0.0,6.4,3,-4.1,3.1,3,2006-03-03,0.9,20060303,137
62,2006,0.0,3.1,8.7,51.3,0.0,12.1,4,-5.0,1.4,3,2006-03-04,3.8,20060304,137
63,2006,0.0,4.4,7.1,53.9,0.0,17.5,5,2.9,1.8,3,2006-03-05,9.8,20060305,137
64,2006,0.0,4.9,8.0,63.6,0.0,17.6,6,5.0,1.6,3,2006-03-06,9.4,20060306,137
65,2006,0.0,2.5,7.9,61.3,0.0,15.8,7,3.1,2.8,3,2006-03-07,9.1,20060307,137
66,2006,0.0,3.5,9.2,48.0,0.0,17.2,8,0.8,1.9,3,2006-03-08,8.7,20060308,137
67,2006,0.0,6.3,0.3,64.4,0.0,14.6,9,1.2,1.4,3,2006-03-09,7.4,20060309,137
68,2006,0.0,3.3,9.0,63.5,0.0,20.1,10,-0.2,2.0,3,2006-03-10,9.6,20060310,137
69,2006,0.0,9.5,0.0,67.5,0.0,10.8,11,5.1,2.9,3,2006-03-11,9.1,20060311,137
70,2006,0.0,5.4,7.6,32.9,0.0,5.2,12,-6.6,5.4,3,2006-03-12,-1.8,20060312,137
71,2006,2.5,4.0,5.0,57.4,3.0,2.0,13,-7.8,3.0,3,2006-03-13,-2.5,20060313,137
72,2006,0.4,1.5,10.0,47.9,0.6,6.1,14,-3.6,4.6,3,2006-03-14,0.9,20060314,137
73,2006,0.0,3.6,8.4,42.5,0.0,14.0,15,-0.2,3.3,3,2006-03-15,7.1,20060315,137
74,2006,3.5,8.6,0.0,77.5,0.0,7.7,16,1.3,2.4,3,2006-03-16,4.3,20060316,137
75,2006,0.0,3.0,10.0,55.3,0.0,19.5,17,1.8,2.0,3,2006-03-17,9.6,20060317,137
76,2006,0.4,7.3,2.4,60.8,0.0,15.7,18,3.9,2.2,3,2006-03-18,8.6,20060318,137
77,2006,0.0,0.0,10.8,32.4,0.0,11.1,19,0.7,4.3,3,2006-03-19,5.0,20060319,137
78,2006,0.0,6.3,2.7,33.8,0.0,11.9,20,-1.1,2.2,3,2006-03-20,6.2,20060320,137
79,2006,0.0,3.5,9.6,33.8,0.0,18.7,21,2.9,1.7,3,2006-03-21,10.6,20060321,137
80,2006,0.0,6.4,6.3,48.5,0.0,17.6,22,2.3,1.7,3,2006-03-22,10.2,20060322,137
81,2006,0.0,2.1,9.7,39.5,0.0,14.4,23,3.1,4.1,3,2006-03-23,8.4,20060323,137
82,2006,0.0,1.0,11.1,34.6,0.0,14.7,24,-0.5,2.4,3,2006-03-24,6.6,20060324,137
83,2006,0.0,2.3,9.8,35.3,0.0,19.0,25,-0.9,2.6,3,2006-03-25,10.3,20060325,137
84,2006,0.0,2.8,10.1,31.6,0.0,16.2,26,6.9,2.8,3,2006-03-26,10.7,20060326,137
85,2006,0.0,0.3,10.0,31.3,0.0,17.3,27,-0.8,2.1,3,2006-03-27,8.7,20060327,137
86,2006,0.4,5.0,4.4,53.6,0.0,8.0,28,0.0,5.3,3,2006-03-28,3.1,20060328,137
87,2006,0.2,3.3,10.2,43.4,0.0,10.9,29,-1.0,3.5,3,2006-03-29,4.9,20060329,137
88,2006,1.0,1.8,10.9,42.4,0.0,11.0,30,2.1,4.3,3,2006-03-30,5.4,20060330,137
89,2006,0.0,0.9,10.8,35.3,0.0,17.9,31,-3.3,1.2,3,2006-03-31,7.7,20060331,137
90,2006,8.5,8.9,0.0,75.8,0.0,11.9,1,2.3,0.9,4,2006-04-01,8.2,20060401,137
91,2006,1.5,6.8,0.0,78.9,0.0,12.8,2,6.3,3.6,4,2006-04-02,9.0,20060402,137
92,2006,0.0,3.1,9.1,52.8,0.0,22.6,3,3.3,2.8,4,2006-04-03,13.4,20060403,137
93,2006,7.5,10.0,0.0,88.1,0.0,12.2,4,8.4,1.3,4,2006-04-04,9.4,20060404,137
94,2006,0.0,4.1,8.1,65.3,0.0,20.4,5,7.5,2.0,4,2006-04-05,12.3,20060405,137
95,2006,0.0,7.3,0.7,73.5,0.0,14.5,6,2.3,1.6,4,2006-04-06,8.6,20060406,137
96,2006,0.0,4.4,7.2,61.4,0.0,19.4,7,3.7,2.8,4,2006-04-07,12.1,20060407,137
97,2006,0.0,1.1,3.2,34.3,0.0,18.3,8,7.9,3.5,4,2006-04-08,12.2,20060408,137
98,2006,1.5,8.9,3.6,60.5,0.0,18.7,9,7.4,2.2,4,2006-04-09,13.0,20060409,137
99,2006,42.0,10.0,0.0,96.1,0.0,12.7,10,9.7,2.2,4,2006-04-10,11.3,20060410,137
100,2006,7.5,7.9,0.3,84.5,0.0,16.6,11,10.5,1.8,4,2006-04-11,13.2,20060411,137
101,2006,0.0,4.0,10.5,65.0,0.0,25.5,12,10.8,2.6,4,2006-04-12,16.9,20060412,137
102,2006,0.0,9.0,0.0,70.4,0.0,11.2,13,5.8,1.9,4,2006-04-13,8.9,20060413,137
103,2006,0.0,4.9,10.3,45.4,0.0,17.7,14,3.6,1.9,4,2006-04-14,9.7,20060414,137
104,2006,0.0,5.8,1.4,57.1,0.0,13.5,15,1.5,1.3,4,2006-04-15,7.9,20060415,137
105,2006,0.0,0.1,11.9,31.5,0.0,14.1,16,4.7,4.2,4,2006-04-16,8.5,20060416,137
106,2006,0.0,4.0,6.3,36.4,0.0,22.1,17,1.6,2.2,4,2006-04-17,11.8,20060417,137
107,2006,0.0,4.4,4.3,45.3,0.0,25.1,18,6.7,1.8,4,2006-04-18,15.9,20060418,137
108,2006,47.5,8.5,0.5,79.5,0.0,17.0,19,6.1,3.4,4,2006-04-19,10.9,20060419,137
109,2006,3.0,9.4,1.4,67.6,0.0,9.6,20,3.2,5.5,4,2006-04-20,6.6,20060420,137
110,2006,0.0,1.4,11.9,49.0,0.0,19.8,21,5.9,3.8,4,2006-04-21,12.3,20060421,137
111,2006,0.0,5.4,4.6,41.5,0.0,20.9,22,8.3,1.7,4,2006-04-22,13.4,20060422,137
112,2006,0.2,1.8,9.3,48.1,0.0,20.8,23,6.4,3.7,4,2006-04-23,12.1,20060423,137
113,2006,0.0,0.0,11.1,41.6,0.0,17.8,24,5.2,4.1,4,2006-04-24,11.5,20060424,137
114,2006,0.0,1.8,13.5,29.4,0.0,20.5,25,6.6,3.5,4,2006-04-25,13.7,20060425,137
115,2006,0.0,9.8,0.0,52.0,0.0,18.2,26,9.8,1.5,4,2006-04-26,13.0,20060426,137
116,2006,0.0,4.6,5.6,58.8,0.0,19.8,27,8.4,2.0,4,2006-04-27,13.4,20060427,137
117,2006,0.0,2.1,10.3,41.4,0.0,23.1,28,6.1,2.1,4,2006-04-28,15.8,20060428,137
118,2006,0.0,5.8,4.0,59.3,0.0,20.4,29,7.1,1.5,4,2006-04-29,13.6,20060429,137
119,2006,0.0,4.5,8.8,62.9,0.0,28.5,30,8.7,2.9,4,2006-04-30,19.0,20060430,137
120,2006,0.0,2.4,7.5,52.3,0.0,30.0,1,14.4,1.8,5,2006-05-01,21.5,20060501,137
121,2006,0.0,0.8,12.2,41.6,0.0,23.1,2,8.9,2.8,5,2006-05-02,16.1,20060502,137
122,2006,0.0,1.9,11.5,54.3,0.0,24.3,3,4.8,1.2,5,2006-05-03,14.9,20060503,137
123,2006,0.0,1.8,9.6,45.4,0.0,29.5,4,10.0,1.7,5,2006-05-04,20.6,20060504,137
124,2006,0.0,8.9,3.1,66.0,0.0,27.4,5,12.1,1.2,5,2006-05-05,19.7,20060505,137
125,2006,41.0,10.0,0.0,95.6,0.0,19.1,6,14.8,1.5,5,2006-05-06,16.5,20060506,137
126,2006,0.0,8.5,3.0,77.3,0.0,25.7,7,14.5,1.1,5,2006-05-07,18.7,20060507,137
127,2006,0.0,5.4,0.3,79.4,0.0,21.9,8,11.6,1.1,5,2006-05-08,16.1,20060508,137
128,2006,0.0,7.6,4.0,75.9,0.0,25.5,9,10.5,1.1,5,2006-05-09,17.2,20060509,137
129,2006,13.0,9.1,0.5,89.1,0.0,22.8,10,14.1,1.3,5,2006-05-10,17.2,20060510,137
130,2006,0.0,5.6,7.5,63.4,0.0,23.1,11,11.3,1.7,5,2006-05-11,17.3,20060511,137
131,2006,0.0,9.1,0.2,61.1,0.0,18.8,12,8.7,1.0,5,2006-05-12,13.5,20060512,137
132,2006,0.0,5.9,8.3,53.8,0.0,22.3,13,7.8,2.2,5,2006-05-13,15.2,20060513,137
133,2006,0.0,2.3,12.2,53.0,0.0,23.0,14,11.0,2.8,5,2006-05-14,16.6,20060514,137
134,2006,0.0,6.5,8.8,49.3,0.0,25.9,15,8.5,1.6,5,2006-05-15,18.4,20060515,137
135,2006,0.0,3.5,11.2,43.5,0.0,27.3,16,13.9,1.8,5,2006-05-16,20.3,20060516,137
136,2006,0.0,8.9,3.4,53.0,0.0,27.3,17,13.1,0.8,5,2006-05-17,19.7,20060517,137
137,2006,1.0,10.0,0.9,61.9,0.0,25.2,18,13.7,0.7,5,2006-05-18,19.2,20060518,137
138,2006,21.0,9.6,0.0,89.0,0.0,17.7,19,13.9,1.2,5,2006-05-19,15.5,20060519,137
139,2006,0.0,1.8,10.8,61.0,0.0,27.1,20,14.2,2.4,5,2006-05-20,20.4,20060520,137
140,2006,0.0,1.8,9.8,65.1,0.0,31.1,21,14.8,0.8,5,2006-05-21,22.9,20060521,137
141,2006,13.0,7.3,4.1,79.8,0.0,26.5,22,14.9,1.5,5,2006-05-22,20.6,20060522,137
142,2006,0.1,3.3,9.8,72.1,0.0,23.4,23,15.1,3.4,5,2006-05-23,18.7,20060523,137
143,2006,0.0,1.6,9.9,63.9,0.0,27.8,24,14.8,1.5,5,2006-05-24,19.9,20060524,137
144,2006,0.0,9.3,2.7,70.9,0.0,22.5,25,12.0,1.1,5,2006-05-25,16.8,20060525,137
145,2006,0.0,7.0,7.5,64.8,0.0,25.7,26,13.4,1.4,5,2006-05-26,18.9,20060526,137
146,2006,8.5,10.0,0.0,92.4,0.0,18.2,27,14.2,1.2,5,2006-05-27,16.0,20060527,137
147,2006,4.0,6.8,4.2,71.0,0.0,23.6,28,14.2,1.8,5,2006-05-28,18.5,20060528,137
148,2006,0.3,7.0,5.6,71.9,0.0,26.0,29,15.7,1.9,5,2006-05-29,19.5,20060529,137
149,2006,0.0,1.4,11.7,56.9,0.0,29.7,30,14.4,1.7,5,2006-05-30,21.8,20060530,137
150,2006,0.0,1.4,11.6,58.0,0.0,30.0,31,13.3,1.2,5,2006-05-31,22.1,20060531,137
151,2006,0.0,2.9,10.8,60.5,0.0,31.7,1,16.4,0.8,6,2006-06-01,23.5,20060601,137
152,2006,0.0,3.3,10.8,59.0,0.0,32.2,2,15.9,1.2,6,2006-06-02,22.8,20060602,137
153,2006,0.0,4.4,10.9,65.8,0.0,28.8,3,13.2,1.1,6,2006-06-03,20.3,20060603,137
154,2006,0.0,5.0,5.3,71.6,0.0,28.8,4,14.8,0.7,6,2006-06-04,20.8,20060604,137
155,2006,0.0,1.9,10.6,63.4,0.0,31.1,5,17.1,1.4,6,2006-06-05,23.2,20060605,137
156,2006,0.0,2.5,9.7,63.9,0.0,31.4,6,15.9,1.1,6,2006-06-06,23.8,20060606,137
157,2006,0.0,6.5,5.0,74.8,0.0,28.9,7,16.8,0.9,6,2006-06-07,22.7,20060607,137
158,2006,5.0,10.0,0.2,80.5,0.0,24.2,8,16.4,1.1,6,2006-06-08,19.5,20060608,137
159,2006,0.5,3.3,11.4,67.1,0.0,29.2,9,15.2,1.4,6,2006-06-09,21.2,20060609,137
160,2006,13.0,8.4,6.5,71.4,0.0,30.2,10,14.2,1.7,6,2006-06-10,20.1,20060610,137
161,2006,0.5,4.5,9.2,68.8,0.0,25.9,11,15.3,2.0,6,2006-06-11,20.2,20060611,137
162,2006,0.0,0.4,12.4,62.9,0.0,30.7,12,14.5,1.3,6,2006-06-12,22.5,20060612,137
163,2006,0.0,3.6,11.0,64.5,0.0,31.1,13,14.7,1.1,6,2006-06-13,22.7,20060613,137
164,2006,29.5,9.1,0.0,87.1,0.0,21.0,14,16.1,1.1,6,2006-06-14,18.3,20060614,137
165,2006,2.0,5.3,8.6,69.9,0.0,27.3,15,18.6,2.7,6,2006-06-15,21.4,20060615,137
166,2006,0.0,2.5,10.6,67.8,0.0,30.9,16,13.9,1.0,6,2006-06-16,21.9,20060616,137
167,2006,0.0,2.0,11.9,63.5,0.0,32.7,17,14.9,1.2,6,2006-06-17,23.6,20060617,137
168,2006,0.0,1.1,11.5,62.6,0.0,29.2,18,18.8,2.5,6,2006-06-18,23.5,20060618,137
169,2006,0.0,3.5,10.4,59.8,0.0,31.3,19,17.9,1.6,6,2006-06-19,24.1,20060619,137
170,2006,0.0,7.3,6.7,60.0,0.0,32.2,20,16.9,1.1,6,2006-06-20,24.9,20060620,137
171,2006,3.0,10.0,0.2,81.9,0.0,27.8,21,19.6,1.1,6,2006-06-21,22.5,20060621,137
172,2006,24.5,8.8,0.9,88.5,0.0,27.2,22,19.5,0.7,6,2006-06-22,22.3,20060622,137
173,2006,0.0,8.6,1.7,81.6,0.0,29.5,23,19.0,0.7,6,2006-06-23,23.5,20060623,137
174,2006,0.0,8.4,4.5,74.3,0.0,29.9,24,19.0,1.1,6,2006-06-24,23.6,20060624,137
175,2006,0.5,9.4,0.0,85.0,0.0,21.5,25,18.9,0.8,6,2006-06-25,20.1,20060625,137
176,2006,0.5,8.8,0.5,85.6,0.0,25.1,26,18.1,0.7,6,2006-06-26,21.4,20060626,137
177,2006,0.0,6.4,8.1,73.5,0.0,30.4,27,19.8,1.8,6,2006-06-27,24.6,20060627,137
178,2006,0.0,5.4,5.8,71.4,0.0,32.1,28,21.9,1.5,6,2006-06-28,26.5,20060628,137
179,2006,0.3,7.9,4.4,76.8,0.0,32.2,29,19.8,1.0,6,2006-06-29,25.6,20060629,137
180,2006,4.5,9.4,0.6,77.5,0.0,30.3,30,22.6,1.4,6,2006-06-30,26.5,20060630,137
181,2006,16.0,9.8,0.0,91.9,0.0,25.6,1,21.4,1.1,7,2006-07-01,22.7,20060701,137
182,2006,0.5,7.6,4.2,82.0,0.0,28.9,2,21.5,1.7,7,2006-07-02,24.0,20060702,137
183,2006,0.0,7.0,4.8,79.1,0.0,30.8,3,19.9,0.8,7,2006-07-03,24.3,20060703,137
184,2006,26.0,10.0,0.0,94.6,0.0,22.3,4,19.5,1.0,7,2006-07-04,21.1,20060704,137
185,2006,4.5,10.0,0.0,88.8,0.0,27.4,5,18.7,0.5,7,2006-07-05,21.4,20060705,137
186,2006,6.5,10.0,0.0,91.3,0.0,20.8,6,17.0,0.2,7,2006-07-06,18.8,20060706,137
187,2006,0.2,9.5,0.0,90.9,0.0,25.6,7,18.4,0.2,7,2006-07-07,21.2,20060707,137
188,2006,6.0,9.8,0.3,87.3,0.0,28.3,8,20.2,0.3,7,2006-07-08,23.7,20060708,137
189,2006,32.5,9.9,0.0,96.0,0.0,24.0,9,21.4,0.4,7,2006-07-09,22.2,20060709,137
190,2006,117.0,10.0,0.0,95.1,0.0,23.2,10,21.1,2.4,7,2006-07-10,21.9,20060710,137
191,2006,2.5,9.9,0.1,87.5,0.0,28.6,11,22.0,1.2,7,2006-07-11,24.2,20060711,137
192,2006,23.0,9.6,0.9,91.9,0.0,32.5,12,22.8,0.6,7,2006-07-12,25.6,20060712,137
193,2006,0.1,7.8,2.7,82.3,0.0,34.0,13,24.2,1.1,7,2006-07-13,28.1,20060713,137
194,2006,0.5,7.3,6.4,86.5,0.0,34.2,14,23.6,0.7,7,2006-07-14,26.7,20060714,137
195,2006,13.0,8.1,2.0,89.0,0.0,30.8,15,23.0,1.5,7,2006-07-15,25.4,20060715,137
196,2006,65.5,9.5,0.0,94.9,0.0,24.9,16,18.5,1.2,7,2006-07-16,20.6,20060716,137
197,2006,83.0,10.0,0.0,96.0,0.0,20.0,17,17.9,0.7,7,2006-07-17,18.7,20060717,137
198,2006,67.5,10.0,0.0,95.3,0.0,19.1,18,18.1,0.7,7,2006-07-18,18.7,20060718,137
199,2006,13.5,9.8,0.0,94.3,0.0,20.9,19,18.0,0.6,7,2006-07-19,19.1,20060719,137
200,2006,12.0,10.0,0.0,93.8,0.0,21.5,20,17.5,0.6,7,2006-07-20,18.8,20060720,137
201,2006,2.5,9.0,0.8,91.4,0.0,26.1,21,17.8,0.3,7,2006-07-21,20.9,20060721,137
202,2006,0.0,6.3,3.7,78.1,0.0,29.1,22,18.7,1.7,7,2006-07-22,23.9,20060722,137
203,2006,0.0,8.5,3.0,80.3,0.0,27.4,23,18.1,1.0,7,2006-07-23,22.3,20060723,137
204,2006,0.0,9.9,0.0,88.4,0.0,26.7,24,19.0,0.3,7,2006-07-24,22.1,20060724,137
205,2006,5.5,9.0,2.8,83.3,0.0,29.2,25,19.1,0.4,7,2006-07-25,23.4,20060725,137
206,2006,71.0,10.0,0.0,94.6,0.0,22.4,26,19.7,0.7,7,2006-07-26,20.8,20060726,137
207,2006,2.5,9.3,0.5,91.6,0.0,29.0,27,20.4,0.6,7,2006-07-27,23.5,20060727,137
208,2006,27.5,9.1,0.1,89.4,0.0,27.6,28,22.6,1.6,7,2006-07-28,24.2,20060728,137
209,2006,9.0,8.6,0.5,93.0,0.0,27.8,29,22.5,0.5,7,2006-07-29,24.4,20060729,137
210,2006,0.0,6.4,7.4,82.3,0.0,32.2,30,22.6,1.0,7,2006-07-30,27.0,20060730,137
211,2006,0.0,1.4,9.7,74.8,0.0,31.9,31,22.8,1.7,7,2006-07-31,26.8,20060731,137
212,2006,0.0,1.9,9.6,75.4,0.0,34.0,1,21.4,0.6,8,2006-08-01,27.4,20060801,137
213,2006,0.0,2.8,7.3,80.4,0.0,34.4,2,22.0,0.4,8,2006-08-02,27.5,20060802,137
214,2006,0.0,0.9,12.2,77.5,0.0,35.0,3,22.6,0.5,8,2006-08-03,28.2,20060803,137
215,2006,0.0,1.6,12.0,77.8,0.0,35.3,4,22.4,0.6,8,2006-08-04,28.2,20060804,137
216,2006,0.0,2.6,9.3,77.5,0.0,35.4,5,22.7,0.9,8,2006-08-05,27.8,20060805,137
217,2006,0.0,3.0,10.7,70.3,0.0,35.4,6,22.3,1.6,8,2006-08-06,28.0,20060806,137
218,2006,0.0,4.1,11.4,73.9,0.0,35.5,7,22.6,1.0,8,2006-08-07,28.4,20060807,137
219,2006,0.0,1.8,11.9,73.3,0.0,36.6,8,22.9,0.7,8,2006-08-08,28.8,20060808,137
220,2006,0.0,3.5,9.2,78.5,0.0,35.5,9,22.8,0.5,8,2006-08-09,28.4,20060809,137
221,2006,0.0,4.3,8.4,76.4,0.0,35.6,10,23.7,0.9,8,2006-08-10,28.7,20060810,137
222,2006,0.0,6.1,3.8,77.1,0.0,32.7,11,23.5,1.4,8,2006-08-11,26.9,20060811,137
223,2006,0.0,5.0,8.4,77.9,0.0,34.8,12,22.3,1.2,8,2006-08-12,27.7,20060812,137
224,2006,0.0,5.4,6.7,78.3,0.0,33.6,13,23.9,0.8,8,2006-08-13,28.3,20060813,137
225,2006,0.0,1.8,9.7,78.9,0.0,34.3,14,22.6,0.5,8,2006-08-14,28.1,20060814,137
226,2006,0.0,1.4,10.7,73.1,0.0,35.7,15,24.0,0.9,8,2006-08-15,29.4,20060815,137
227,2006,0.0,3.3,10.4,72.9,0.0,34.0,16,23.6,0.8,8,2006-08-16,28.7,20060816,137
228,2006,0.0,4.1,8.2,70.1,0.0,33.4,17,22.2,1.4,8,2006-08-17,26.9,20060817,137
229,2006,0.0,8.8,0.7,75.1,0.0,29.4,18,22.5,1.4,8,2006-08-18,24.6,20060818,137
230,2006,8.0,9.9,0.1,85.8,0.0,24.1,19,18.1,1.1,8,2006-08-19,21.4,20060819,137
231,2006,16.5,9.1,0.0,94.0,0.0,24.2,20,19.2,0.5,8,2006-08-20,21.4,20060820,137
232,2006,1.5,9.0,2.3,88.1,0.0,31.9,21,21.7,0.5,8,2006-08-21,25.2,20060821,137
233,2006,0.5,10.0,0.0,96.1,0.0,25.1,22,22.9,0.6,8,2006-08-22,23.9,20060822,137
234,2006,3.0,8.1,2.6,88.9,0.0,30.3,23,22.0,0.6,8,2006-08-23,24.9,20060823,137
235,2006,0.0,7.1,6.8,80.8,0.0,31.7,24,22.5,0.8,8,2006-08-24,26.0,20060824,137
236,2006,4.0,9.9,0.5,89.8,0.0,29.1,25,22.4,0.6,8,2006-08-25,24.3,20060825,137
237,2006,0.0,7.5,3.7,86.4,0.0,31.6,26,22.5,0.8,8,2006-08-26,25.6,20060826,137
238,2006,6.0,7.9,1.0,89.6,0.0,28.5,27,22.6,0.9,8,2006-08-27,24.6,20060827,137
239,2006,0.0,4.4,8.9,79.5,0.0,30.8,28,22.5,1.7,8,2006-08-28,25.9,20060828,137
240,2006,9.5,6.5,5.5,85.8,0.0,31.3,29,19.6,0.6,8,2006-08-29,24.0,20060829,137
241,2006,24.0,8.6,0.0,88.1,0.0,25.4,30,19.6,0.8,8,2006-08-30,21.8,20060830,137
242,2006,0.0,5.3,7.4,69.8,0.0,28.3,31,19.3,1.0,8,2006-08-31,23.2,20060831,137
243,2006,0.0,3.0,7.9,75.8,0.0,28.5,1,15.4,0.8,9,2006-09-01,21.4,20060901,137
244,2006,0.0,2.1,11.0,74.9,0.0,29.3,2,16.5,0.7,9,2006-09-02,22.2,20060902,137
245,2006,0.0,4.9,8.8,78.3,0.0,28.5,3,17.2,0.6,9,2006-09-03,21.9,20060903,137
246,2006,0.0,5.8,5.4,76.9,0.0,29.0,4,16.8,1.1,9,2006-09-04,22.6,20060904,137
247,2006,2.0,9.8,0.2,77.1,0.0,22.1,5,14.9,1.1,9,2006-09-05,19.0,20060905,137
248,2006,8.5,5.5,3.8,86.8,0.0,23.7,6,13.6,0.6,9,2006-09-06,17.0,20060906,137
249,2006,0.0,3.3,6.8,77.8,0.0,27.1,7,13.7,0.7,9,2006-09-07,19.2,20060907,137
250,2006,0.0,8.8,0.0,85.3,0.0,21.9,8,13.6,0.3,9,2006-09-08,18.2,20060908,137
251,2006,0.0,8.6,0.8,82.1,0.0,23.3,9,15.3,1.7,9,2006-09-09,18.4,20060909,137
252,2006,0.0,4.8,8.8,64.9,0.0,21.5,10,8.5,1.9,9,2006-09-10,14.4,20060910,137
253,2006,0.0,8.8,0.0,79.6,0.0,17.3,11,7.3,0.5,9,2006-09-11,12.3,20060911,137
254,2006,0.0,7.6,1.7,80.8,0.0,24.4,12,10.4,0.7,9,2006-09-12,16.6,20060912,137
255,2006,0.0,4.6,2.8,78.8,0.0,25.9,13,13.7,0.8,9,2006-09-13,18.1,20060913,137
256,2006,0.0,4.4,8.6,71.9,0.0,26.8,14,11.9,0.9,9,2006-09-14,18.7,20060914,137
257,2006,0.0,10.0,1.3,84.0,0.0,23.2,15,14.3,0.6,9,2006-09-15,18.3,20060915,137
258,2006,2.0,9.8,0.0,85.8,0.0,22.9,16,16.6,0.6,9,2006-09-16,19.1,20060916,137
259,2006,18.5,10.0,0.0,94.1,0.0,17.9,17,15.0,1.2,9,2006-09-17,16.2,20060917,137
260,2006,3.5,10.0,0.0,85.8,0.0,20.7,18,15.0,1.6,9,2006-09-18,17.1,20060918,137
261,2006,0.0,2.5,9.8,76.5,0.0,27.3,19,13.7,1.1,9,2006-09-19,19.8,20060919,137
262,2006,0.0,6.5,4.4,84.0,0.0,25.8,20,13.5,0.5,9,2006-09-20,18.1,20060920,137
263,2006,0.0,3.6,8.7,79.4,0.0,27.3,21,13.8,0.7,9,2006-09-21,19.3,20060921,137
264,2006,0.0,0.6,9.9,73.6,0.0,26.4,22,13.8,0.8,9,2006-09-22,19.0,20060922,137
265,2006,0.0,1.0,9.8,74.3,0.0,25.5,23,10.0,0.7,9,2006-09-23,16.8,20060923,137
266,2006,0.0,0.1,9.7,75.1,0.0,25.0,24,8.6,0.6,9,2006-09-24,16.2,20060924,137
267,2006,0.0,3.8,6.7,79.6,0.0,25.5,25,9.5,0.7,9,2006-09-25,16.2,20060925,137
268,2006,0.0,5.3,8.0,79.8,0.0,25.0,26,10.6,0.7,9,2006-09-26,17.0,20060926,137
269,2006,0.0,2.3,8.2,77.6,0.0,26.9,27,11.4,0.5,9,2006-09-27,17.5,20060927,137
270,2006,0.0,6.9,2.1,76.3,0.0,24.5,28,12.3,0.8,9,2006-09-28,17.9,20060928,137
271,2006,0.0,6.1,4.1,77.0,0.0,26.1,29,13.4,0.9,9,2006-09-29,18.5,20060929,137
272,2006,0.0,4.5,7.8,72.6,0.0,25.3,30,11.1,0.5,9,2006-09-30,18.1,20060930,137
273,2006,0.0,7.1,6.4,76.3,0.0,25.7,1,13.6,0.7,10,2006-10-01,18.7,20061001,137
274,2006,0.0,1.3,8.8,77.0,0.0,27.6,2,13.4,0.6,10,2006-10-02,18.4,20061002,137
275,2006,0.0,0.1,9.0,75.3,0.0,27.7,3,10.0,0.5,10,2006-10-03,17.2,20061003,137
276,2006,0.0,4.4,5.6,73.3,0.0,27.0,4,10.7,0.6,10,2006-10-04,17.6,20061004,137
277,2006,0.0,0.4,9.4,70.6,0.0,26.6,5,9.7,0.9,10,2006-10-05,17.6,20061005,137
278,2006,0.0,0.4,9.2,67.0,0.0,27.3,6,10.2,0.9,10,2006-10-06,17.4,20061006,137
279,2006,0.0,0.0,9.2,63.6,0.0,27.7,7,7.7,0.8,10,2006-10-07,17.6,20061007,137
280,2006,0.0,2.5,7.9,76.9,0.0,26.6,8,10.5,0.8,10,2006-10-08,17.7,20061008,137
281,2006,0.0,4.5,4.5,82.9,0.0,26.2,9,13.0,0.6,10,2006-10-09,18.3,20061009,137
282,2006,0.0,6.9,4.6,75.9,0.0,27.1,10,12.8,0.8,10,2006-10-10,17.8,20061010,137
283,2006,0.0,5.4,4.6,75.8,0.0,24.7,11,10.0,1.3,10,2006-10-11,18.1,20061011,137
284,2006,0.0,1.1,9.0,55.5,0.0,26.3,12,10.2,1.1,10,2006-10-12,17.0,20061012,137
285,2006,0.0,2.3,8.9,64.3,0.0,24.6,13,6.5,0.9,10,2006-10-13,15.2,20061013,137
286,2006,0.0,0.4,8.7,73.4,0.0,25.8,14,7.9,0.7,10,2006-10-14,15.6,20061014,137
287,2006,0.0,0.0,8.5,73.6,0.0,27.3,15,8.6,0.4,10,2006-10-15,16.5,20061015,137
288,2006,0.0,0.0,6.9,82.9,0.0,25.1,16,10.2,0.4,10,2006-10-16,16.7,20061016,137
289,2006,0.0,7.0,1.3,85.8,0.0,23.4,17,10.3,0.6,10,2006-10-17,15.4,20061017,137
290,2006,0.0,4.8,5.8,82.6,0.0,25.2,18,10.3,0.5,10,2006-10-18,16.4,20061018,137
291,2006,0.0,9.1,1.6,77.5,0.0,24.1,19,11.9,0.7,10,2006-10-19,17.2,20061019,137
292,2006,0.0,3.9,6.9,69.8,0.0,27.1,20,12.7,1.0,10,2006-10-20,18.8,20061020,137
293,2006,0.0,6.4,3.8,77.3,0.0,24.0,21,14.1,0.9,10,2006-10-21,17.6,20061021,137
294,2006,26.5,8.3,0.3,91.8,0.0,19.1,22,11.5,0.8,10,2006-10-22,14.9,20061022,137
295,2006,1.0,6.5,1.4,70.9,0.0,18.3,23,9.0,3.0,10,2006-10-23,13.4,20061023,137
296,2006,0.0,0.5,9.1,69.1,0.0,20.3,24,6.3,1.2,10,2006-10-24,12.4,20061024,137
297,2006,0.0,5.9,4.7,74.8,0.0,20.2,25,3.6,0.9,10,2006-10-25,12.2,20061025,137
298,2006,1.0,9.3,0.0,88.5,0.0,17.5,26,10.0,0.4,10,2006-10-26,13.2,20061026,137
299,2006,0.0,2.3,8.4,72.5,0.0,19.8,27,7.4,1.5,10,2006-10-27,13.6,20061027,137
300,2006,0.0,2.4,7.5,69.8,0.0,22.0,28,2.9,1.0,10,2006-10-28,11.6,20061028,137
301,2006,0.0,1.5,7.5,73.8,0.0,21.9,29,8.6,1.3,10,2006-10-29,13.8,20061029,137
302,2006,0.0,1.1,8.6,72.1,0.0,21.6,30,4.0,0.7,10,2006-10-30,11.0,20061030,137
303,2006,0.0,0.9,8.6,68.1,0.0,22.6,31,2.9,0.8,10,2006-10-31,11.4,20061031,137
304,2006,0.0,4.1,7.0,77.0,0.0,20.7,1,5.9,0.7,11,2006-11-01,12.3,20061101,137
305,2006,0.0,1.9,7.5,66.1,0.0,19.5,2,7.2,1.7,11,2006-11-02,12.8,20061102,137
306,2006,0.0,2.0,6.2,72.4,0.0,21.7,3,4.8,1.2,11,2006-11-03,12.2,20061103,137
307,2006,0.0,4.3,6.4,81.6,0.0,20.4,4,5.8,0.5,11,2006-11-04,11.8,20061104,137
308,2006,8.0,3.8,5.8,71.0,0.0,19.0,5,5.8,1.7,11,2006-11-05,11.2,20061105,137
309,2006,7.0,6.9,1.6,83.9,0.0,11.0,6,2.3,2.3,11,2006-11-06,5.2,20061106,137
310,2006,0.0,4.0,6.9,67.1,0.0,8.7,7,-0.3,2.6,11,2006-11-07,3.6,20061107,137
311,2006,0.0,2.1,7.5,72.8,0.0,19.5,8,-0.5,1.1,11,2006-11-08,8.6,20061108,137
312,2006,1.5,4.8,1.8,84.9,0.0,18.5,9,5.9,1.1,11,2006-11-09,10.7,20061109,137
313,2006,0.5,7.0,1.3,63.5,0.0,15.1,10,3.6,1.0,11,2006-11-10,8.1,20061110,137
314,2006,1.0,3.0,7.6,54.8,0.0,13.9,11,3.6,2.6,11,2006-11-11,7.5,20061111,137
315,2006,0.0,0.0,8.6,47.5,0.0,12.9,12,0.6,2.3,11,2006-11-12,5.5,20061112,137
316,2006,0.5,6.1,4.2,72.8,0.0,16.7,13,-0.6,1.2,11,2006-11-13,8.2,20061113,137
317,2006,0.0,2.1,8.6,45.6,0.0,12.9,14,3.2,3.7,11,2006-11-14,7.8,20061114,137
318,2006,3.5,3.1,5.0,65.6,0.0,13.8,15,2.4,2.8,11,2006-11-15,7.1,20061115,137
319,2006,0.0,4.1,3.0,41.6,0.0,9.9,16,0.6,2.8,11,2006-11-16,4.4,20061116,137
320,2006,0.0,0.8,7.5,52.9,0.0,13.9,17,-0.6,1.2,11,2006-11-17,5.2,20061117,137
321,2006,0.0,3.0,6.9,70.5,0.0,13.5,18,-0.3,0.7,11,2006-11-18,4.7,20061118,137
322,2006,0.0,7.1,3.8,74.8,0.0,15.3,19,-1.4,0.7,11,2006-11-19,6.7,20061119,137
323,2006,0.0,1.5,8.5,51.6,0.0,16.3,20,3.8,2.2,11,2006-11-20,9.4,20061120,137
324,2006,0.0,2.4,6.7,62.8,0.0,15.9,21,-1.4,1.3,11,2006-11-21,8.4,20061121,137
325,2006,0.0,7.3,0.0,65.5,0.0,13.1,22,5.2,1.1,11,2006-11-22,8.7,20061122,137
326,2006,0.0,8.6,0.0,68.3,0.0,9.5,23,5.8,2.6,11,2006-11-23,7.8,20061123,137
327,2006,0.0,8.8,0.0,56.8,0.0,9.4,24,4.9,2.1,11,2006-11-24,6.6,20061124,137
328,2006,0.0,3.6,8.1,68.5,0.0,16.2,25,0.4,1.0,11,2006-11-25,7.5,20061125,137
329,2006,1.5,9.5,0.0,88.8,0.0,9.4,26,4.6,0.4,11,2006-11-26,7.6,20061126,137
330,2006,19.5,10.0,0.0,94.0,0.0,9.7,27,4.9,0.8,11,2006-11-27,7.5,20061127,137
331,2006,0.5,7.8,0.2,83.5,0.0,8.9,28,4.1,0.9,11,2006-11-28,5.7,20061128,137
332,2006,0.0,6.0,4.9,50.1,0.0,8.6,29,1.3,2.7,11,2006-11-29,3.9,20061129,137
333,2006,0.5,3.4,5.5,72.5,0.0,6.7,30,-1.9,1.6,11,2006-11-30,1.5,20061130,137
334,2006,0.0,5.0,3.5,80.1,0.0,8.4,1,-1.0,1.7,12,2006-12-01,2.3,20061201,137
335,2006,0.5,3.6,7.7,58.1,0.0,2.5,2,-3.7,4.6,12,2006-12-02,-0.3,20061202,137
336,2006,0.0,0.4,8.6,46.4,0.0,0.8,3,-6.5,3.0,12,2006-12-03,-3.1,20061203,137
337,2006,0.0,1.5,8.5,52.5,0.0,4.3,4,-5.5,2.0,12,2006-12-04,-1.6,20061204,137
338,2006,0.0,4.6,3.6,74.0,0.0,4.6,5,-5.6,1.1,12,2006-12-05,-1.0,20061205,137
339,2006,0.0,7.0,3.2,90.3,0.0,4.6,6,-4.5,0.6,12,2006-12-06,-1.3,20061206,137
340,2006,1.0,10.0,0.0,90.4,0.0,4.3,7,-1.6,0.5,12,2006-12-07,1.7,20061207,137
341,2006,7.5,10.0,0.0,94.0,0.0,4.6,8,2.5,1.0,12,2006-12-08,3.5,20061208,137
342,2006,4.0,7.6,0.9,80.4,0.0,7.5,9,0.6,2.0,12,2006-12-09,3.5,20061209,137
343,2006,0.0,2.6,6.3,55.3,0.0,5.1,10,-3.2,2.8,12,2006-12-10,0.3,20061210,137
344,2006,0.0,4.5,7.1,64.5,0.0,7.0,11,-6.6,1.0,12,2006-12-11,0.0,20061211,137
345,2006,0.0,2.3,8.3,65.3,0.0,11.5,12,-2.2,1.3,12,2006-12-12,4.0,20061212,137
346,2006,0.0,7.1,3.0,75.8,0.0,11.1,13,-1.3,1.6,12,2006-12-13,4.9,20061213,137
347,2006,0.0,5.9,2.1,67.1,0.0,7.8,14,-1.2,1.6,12,2006-12-14,3.6,20061214,137
348,2006,0.0,4.3,5.3,69.6,0.0,10.3,15,-3.7,1.2,12,2006-12-15,3.7,20061215,137
349,2006,0.0,4.0,1.1,78.1,0.0,6.4,16,-2.2,1.6,12,2006-12-16,1.5,20061216,137
350,2006,0.8,7.0,3.1,80.0,0.9,2.2,17,-3.9,2.4,12,2006-12-17,-0.7,20061217,137
351,2006,0.0,2.4,7.5,53.9,0.0,3.5,18,-5.9,2.8,12,2006-12-18,-0.9,20061218,137
352,2006,0.0,1.4,7.0,66.9,0.0,5.6,19,-7.5,0.8,12,2006-12-19,-1.9,20061219,137
353,2006,0.0,2.1,7.9,71.0,0.0,7.5,20,-7.1,0.5,12,2006-12-20,-1.1,20061220,137
354,2006,0.0,0.4,8.0,73.8,0.0,9.8,21,-5.4,0.8,12,2006-12-21,0.6,20061221,137
355,2006,0.0,4.0,4.0,72.3,0.0,8.1,22,-4.6,1.4,12,2006-12-22,1.5,20061222,137
356,2006,0.0,0.1,8.3,61.9,0.0,8.1,23,0.8,2.8,12,2006-12-23,4.0,20061223,137
357,2006,0.0,4.1,4.5,78.4,0.0,6.3,24,-5.5,0.6,12,2006-12-24,-0.2,20061224,137
358,2006,0.0,2.5,6.0,83.5,0.0,11.5,25,-3.7,0.5,12,2006-12-25,2.1,20061225,137
359,2006,0.0,2.5,4.4,84.5,0.0,11.5,26,-2.7,0.6,12,2006-12-26,3.1,20061226,137
360,2006,0.0,4.6,2.9,64.1,0.0,6.5,27,-0.8,3.7,12,2006-12-27,3.5,20061227,137
361,2006,0.0,3.8,5.3,55.0,0.0,-0.8,28,-10.6,7.2,12,2006-12-28,-6.3,20061228,137
362,2006,0.0,0.0,8.3,37.8,0.0,-1.2,29,-12.5,3.5,12,2006-12-29,-7.2,20061229,137
363,2006,0.0,4.3,7.8,37.0,0.0,4.3,30,-7.8,1.9,12,2006-12-30,-2.0,20061230,137
364,2006,0.0,0.5,8.3,47.9,0.0,7.8,31,-7.6,0.7,12,2006-12-31,-1.4,20061231,137
