,cloud,tavg,tmax,wind,month,year,day,station_id,Date,tmin,rainfall,humid,snow,date,sunshine
0,0.4,-5.5,0.0,2.2,1,2010,1,137,2010-01-01,-9.9,0.0,43.8,0.0,20100101,8.3
1,6.3,-2.6,1.4,1.4,1,2010,2,137,2010-01-02,-6.3,0.5,70.0,0.2,20100102,1.7
2,2.0,-3.3,0.5,2.3,1,2010,3,137,2010-01-03,-6.8,0.0,44.6,0.0,20100103,8.1
3,7.8,-3.5,-0.4,2.4,1,2010,4,137,2010-01-04,-5.4,5.4,68.5,6.5,20100104,0.2
4,1.5,-5.9,-3.2,3.7,1,2010,5,137,2010-01-05,-8.4,0.0,52.5,0.0,20100105,4.6
5,0.6,-7.5,-3.4,2.9,1,2010,6,137,2010-01-06,-10.8,0.0,57.9,0.0,20100106,8.1
6,0.5,-6.7,-2.4,2.9,1,2010,7,137,2010-01-07,-8.7,0.0,54.3,0.0,20100107,7.9
7,0.0,-5.2,0.7,2.5,1,2010,8,137,2010-01-08,-10.0,0.0,55.8,0.0,20100108,8.4
8,6.5,-2.6,1.1,2.3,1,2010,9,137,2010-01-09,-7.5,0.0,60.0,0.0,20100109,2.0
9,5.0,-2.1,2.2,1.8,1,2010,10,137,2010-01-10,-7.9,0.0,66.4,0.0,20100110,2.4
10,6.6,-1.6,0.6,3.5,1,2010,11,137,2010-01-11,-4.0,0.0,57.4,0.0,20100111,1.6
11,2.1,-5.6,-1.9,3.9,1,2010,12,137,2010-01-12,-7.2,0.0,39.6,0.0,20100112,6.3
12,0.9,-9.5,-5.8,4.1,1,2010,13,137,2010-01-13,-12.3,0.0,45.1,0.0,20100113,7.5
13,1.6,-7.1,-1.4,2.3,1,2010,14,137,2010-01-14,-12.2,0.0,53.9,0.0,20100114,6.4
14,2.8,-4.3,3.3,1.6,1,2010,15,137,2010-01-15,-10.6,0.0,66.1,0.0,20100115,5.5
15,0.3,-3.1,2.4,2.6,1,2010,16,137,2010-01-16,-8.3,0.0,37.4,0.0,20100116,8.5
16,0.0,-2.4,3.5,1.9,1,2010,17,137,2010-01-17,-7.9,0.0,36.0,0.0,20100117,8.5
17,0.4,-0.9,8.4,1.2,1,2010,18,137,2010-01-18,-9.1,0.0,63.3,0.0,20100118,8.4
18,5.8,0.6,7.5,0.7,1,2010,19,137,2010-01-19,-6.8,0.0,69.4,0.0,20100119,6.1
19,10.0,4.2,8.5,0.8,1,2010,20,137,2010-01-20,1.8,7.5,88.5,0.0,20100120,0.0
20,3.4,0.5,8.5,4.3,1,2010,21,137,2010-01-21,-5.1,1.0,56.4,0.0,20100121,7.1
21,0.4,-4.2,-0.2,4.2,1,2010,22,137,2010-01-22,-6.5,0.0,47.0,0.0,20100122,8.3
22,0.4,-3.2,0.7,3.5,1,2010,23,137,2010-01-23,-6.9,0.0,50.9,0.0,20100123,8.7
23,4.0,0.6,5.5,2.3,1,2010,24,137,2010-01-24,-4.1,0.0,53.0,0.0,20100124,6.7
24,2.3,0.7,4.0,3.9,1,2010,25,137,2010-01-25,-4.9,0.0,40.5,0.0,20100125,7.7
25,0.0,-2.9,3.6,2.7,1,2010,26,137,2010-01-26,-7.4,0.0,42.5,0.0,20100126,8.7
26,6.5,-2.3,3.1,0.8,1,2010,27,137,2010-01-27,-8.7,2.5,72.0,0.0,20100127,4.1
27,3.4,3.4,6.1,3.7,1,2010,28,137,2010-01-28,-0.4,0.1,51.3,0.0,20100128,6.4
28,1.5,-0.3,4.7,3.2,1,2010,29,137,2010-01-29,-4.6,0.0,47.0,0.0,20100129,5.7
29,3.1,1.4,8.3,1.8,1,2010,30,137,2010-01-30,-4.6,0.0,56.3,0.0,20100130,5.2
30,2.6,1.2,9.8,1.0,1,2010,31,137,2010-01-31,-4.9,0.0,67.8,0.0,20100131,6.4
31,4.3,1.5,7.8,2.0,2,2010,1,137,2010-02-01,-2.5,0.0,66.5,0.0,20100201,3.0
32,1.9,-2.9,0.9,3.3,2,2010,2,137,2010-02-02,-6.8,0.0,31.1,0.0,20100202,8.1
33,0.0,-5.8,-1.1,3.2,2,2010,3,137,2010-02-03,-9.0,0.0,29.1,0.0,20100203,8.9
34,0.8,-3.3,1.2,3.4,2,2010,4,137,2010-02-04,-8.4,0.0,41.4,0.0,20100204,8.9
35,1.0,-1.8,2.0,3.9,2,2010,5,137,2010-02-05,-5.5,0.0,32.6,0.0,20100205,8.9
36,0.0,-2.2,5.2,2.6,2,2010,6,137,2010-02-06,-7.5,0.0,29.9,0.0,20100206,9.1
37,4.4,-1.6,6.5,0.9,2,2010,7,137,2010-02-07,-11.3,0.0,39.4,0.0,20100207,6.7
38,10.0,1.2,1.9,0.7,2,2010,8,137,2010-02-08,0.1,1.0,71.8,0.0,20100208,0.0
39,10.0,3.1,4.8,0.8,2,2010,9,137,2010-02-09,1.5,8.0,93.0,0.0,20100209,0.0
40,10.0,4.4,5.4,1.8,2,2010,10,137,2010-02-10,3.6,13.5,91.6,0.0,20100210,0.0
41,10.0,0.9,4.2,2.0,2,2010,11,137,2010-02-11,0.0,15.2,89.6,3.7,20100211,0.0
42,9.9,0.2,2.8,1.3,2,2010,12,137,2010-02-12,-1.0,1.3,85.6,1.3,20100212,0.1
43,5.9,-1.5,1.3,2.2,2,2010,13,137,2010-02-13,-3.6,2.9,64.9,4.7,20100213,2.7
44,6.9,-1.8,1.7,1.2,2,2010,14,137,2010-02-14,-5.7,0.0,60.1,0.0,20100214,0.0
45,4.3,-0.9,5.2,2.4,2,2010,15,137,2010-02-15,-5.3,0.0,52.0,0.0,20100215,6.9
46,3.9,-2.3,2.5,2.8,2,2010,16,137,2010-02-16,-4.8,0.0,41.4,0.0,20100216,8.3
47,8.6,-1.6,2.8,1.9,2,2010,17,137,2010-02-17,-6.2,0.0,33.5,0.0,20100217,4.2
48,3.4,-1.8,2.1,3.3,2,2010,18,137,2010-02-18,-4.6,0.7,46.8,0.6,20100218,7.0
49,3.0,-1.9,5.1,2.1,2,2010,19,137,2010-02-19,-7.8,0.4,50.9,0.7,20100219,5.2
50,0.4,3.1,9.8,2.2,2,2010,20,137,2010-02-20,-2.1,0.0,45.9,0.0,20100220,9.2
51,0.8,2.4,11.2,1.0,2,2010,21,137,2010-02-21,-5.4,0.0,61.4,0.0,20100221,8.7
52,2.6,2.8,10.9,1.2,2,2010,22,137,2010-02-22,-3.0,0.0,76.3,0.0,20100222,2.0
53,2.5,3.7,14.1,0.9,2,2010,23,137,2010-02-23,-3.5,0.0,66.1,0.0,20100223,7.0
54,3.3,7.2,17.3,1.2,2,2010,24,137,2010-02-24,-2.7,0.0,65.5,0.0,20100224,7.4
55,9.6,10.8,13.8,1.0,2,2010,25,137,2010-02-25,6.0,24.5,92.3,0.0,20100225,0.0
56,8.9,9.0,13.3,1.7,2,2010,26,137,2010-02-26,4.7,0.5,85.8,0.0,20100226,0.0
57,8.6,4.8,6.7,1.5,2,2010,27,137,2010-02-27,3.2,1.0,79.1,0.0,20100227,0.0
58,5.9,5.2,12.2,1.3,2,2010,28,137,2010-02-28,-0.2,0.0,82.5,0.0,20100228,5.2
59,10.0,3.9,5.7,2.2,3,2010,1,137,2010-03-01,2.7,18.0,83.9,0.0,20100301,0.0
60,8.6,3.2,5.8,1.7,3,2010,2,137,2010-03-02,1.8,0.5,82.6,0.0,20100302,0.0
61,5.3,4.8,10.5,2.6,3,2010,3,137,2010-03-03,-0.6,0.0,59.3,0.0,20100303,8.7
62,10.0,4.3,5.3,1.6,3,2010,4,137,2010-03-04,3.0,2.5,87.5,0.0,20100304,0.0
63,10.0,6.0,7.9,0.9,3,2010,5,137,2010-03-05,4.6,4.5,90.5,0.0,20100305,0.0
64,10.0,4.7,7.2,1.6,3,2010,6,137,2010-03-06,2.4,0.5,85.3,0.0,20100306,0.0
65,8.9,2.8,5.5,2.2,3,2010,7,137,2010-03-07,1.4,0.5,67.9,0.0,20100307,0.1
66,6.8,2.0,6.7,2.3,3,2010,8,137,2010-03-08,-2.8,0.0,64.6,0.0,20100308,1.9
67,10.0,1.5,5.8,1.2,3,2010,9,137,2010-03-09,-0.4,4.3,84.0,3.2,20100309,0.2
68,7.9,-1.0,1.5,2.8,3,2010,10,137,2010-03-10,-3.3,5.6,72.4,5.4,20100310,3.9
69,1.3,1.9,7.3,2.5,3,2010,11,137,2010-03-11,-2.1,0.0,60.6,0.0,20100311,9.7
70,7.1,6.1,16.5,2.4,3,2010,12,137,2010-03-12,-2.6,0.0,65.6,0.0,20100312,5.4
71,2.1,5.9,12.6,2.4,3,2010,13,137,2010-03-13,1.8,0.0,29.6,0.0,20100313,8.0
72,5.9,6.1,10.7,1.4,3,2010,14,137,2010-03-14,-1.5,0.0,59.1,0.0,20100314,2.2
73,7.4,7.5,12.7,2.5,3,2010,15,137,2010-03-15,4.1,7.5,74.3,0.0,20100315,0.0
74,1.6,2.5,6.2,5.3,3,2010,16,137,2010-03-16,-0.4,0.0,33.9,0.0,20100316,8.3
75,5.0,1.0,6.9,2.1,3,2010,17,137,2010-03-17,-2.6,0.1,56.1,0.0,20100317,4.4
76,4.0,1.3,5.9,2.2,3,2010,18,137,2010-03-18,-1.4,4.3,58.3,4.5,20100318,6.7
77,0.5,4.9,14.2,1.7,3,2010,19,137,2010-03-19,-3.4,0.0,46.1,0.0,20100319,9.3
78,8.3,8.1,16.8,2.7,3,2010,20,137,2010-03-20,1.7,2.0,67.3,0.0,20100320,3.3
79,1.4,3.9,8.7,5.4,3,2010,21,137,2010-03-21,0.5,0.0,33.1,0.0,20100321,10.5
80,8.6,3.8,6.4,1.4,3,2010,22,137,2010-03-22,0.7,0.0,46.8,0.0,20100322,0.0
81,9.8,7.7,13.6,1.2,3,2010,23,137,2010-03-23,2.0,0.0,53.0,0.0,20100323,1.0
82,8.5,8.6,13.0,1.8,3,2010,24,137,2010-03-24,4.7,0.0,49.0,0.0,20100324,4.6
83,7.9,3.9,6.6,1.8,3,2010,25,137,2010-03-25,1.2,11.0,73.3,0.0,20100325,0.0
84,2.1,3.3,8.4,3.9,3,2010,26,137,2010-03-26,-1.5,0.0,28.8,0.0,20100326,10.4
85,5.6,6.9,11.7,3.2,3,2010,27,137,2010-03-27,1.6,0.0,49.8,0.0,20100327,5.0
86,2.5,7.6,12.1,3.2,3,2010,28,137,2010-03-28,3.9,0.0,34.0,0.0,20100328,9.0
87,0.0,6.3,13.9,2.8,3,2010,29,137,2010-03-29,-0.2,0.0,39.6,0.0,20100329,11.1
88,6.9,6.8,13.0,1.2,3,2010,30,137,2010-03-30,0.0,0.0,55.8,0.0,20100330,3.3
89,10.0,6.5,7.5,1.2,3,2010,31,137,2010-03-31,5.0,10.0,89.1,0.0,20100331,0.0
90,9.0,8.3,11.2,1.8,4,2010,1,137,2010-04-01,4.7,10.5,86.1,0.0,20100401,0.0
91,1.1,7.2,12.7,3.8,4,2010,2,137,2010-04-02,1.6,0.0,37.1,0.0,20100402,10.5
92,0.0,6.2,12.5,3.0,4,2010,3,137,2010-04-03,1.3,0.0,27.8,0.0,20100403,11.3
93,2.3,8.1,18.0,1.4,4,2010,4,137,2010-04-04,-3.0,0.0,38.9,0.0,20100404,10.6
94,3.1,12.5,21.1,1.6,4,2010,5,137,2010-04-05,3.4,0.0,45.1,0.0,20100405,9.6
95,6.5,11.2,15.3,3.3,4,2010,6,137,2010-04-06,5.3,0.0,48.5,0.0,20100406,4.2
96,3.0,7.2,13.2,1.7,4,2010,7,137,2010-04-07,3.1,0.0,42.6,0.0,20100407,7.6
97,1.1,8.2,17.5,1.3,4,2010,8,137,2010-04-08,-1.1,0.0,50.0,0.0,20100408,11.1
98,3.1,11.8,21.7,1.2,4,2010,9,137,2010-04-09,3.6,0.0,41.3,0.0,20100409,8.0
99,9.1,12.2,20.7,1.7,4,2010,10,137,2010-04-10,5.3,0.0,53.8,0.0,20100410,2.0
100,8.9,11.2,14.2,2.0,4,2010,11,137,2010-04-11,7.6,0.0,62.4,0.0,20100411,0.0
101,10.0,11.3,15.2,2.1,4,2010,12,137,2010-04-12,9.3,0.0,65.5,0.0,20100412,1.3
102,3.3,6.6,11.6,6.1,4,2010,13,137,2010-04-13,2.3,0.4,43.6,0.0,20100413,8.5
103,6.1,3.7,7.8,3.3,4,2010,14,137,2010-04-14,1.5,0.0,33.5,0.0,20100414,3.9
104,3.4,6.6,13.3,2.1,4,2010,15,137,2010-04-15,-0.1,0.0,34.8,0.0,20100415,11.3
105,0.8,7.2,14.8,1.8,4,2010,16,137,2010-04-16,-1.2,0.0,41.5,0.0,20100416,8.8
106,1.4,9.9,17.6,2.3,4,2010,17,137,2010-04-17,1.3,0.0,31.8,0.0,20100417,11.4
107,9.4,10.1,16.3,1.0,4,2010,18,137,2010-04-18,2.6,0.0,52.6,0.0,20100418,0.0
108,8.6,14.0,20.1,1.7,4,2010,19,137,2010-04-19,7.4,0.0,57.3,0.0,20100419,2.1
109,6.9,17.5,26.7,1.6,4,2010,20,137,2010-04-20,9.9,0.0,57.1,0.0,20100420,8.4
110,9.4,12.4,17.2,2.9,4,2010,21,137,2010-04-21,6.8,1.0,57.8,0.0,20100421,0.0
111,10.0,8.9,12.1,2.0,4,2010,22,137,2010-04-22,5.9,10.5,76.5,0.0,20100422,0.0
112,8.0,9.0,14.1,1.2,4,2010,23,137,2010-04-23,6.5,1.5,71.1,0.0,20100423,2.5
113,1.1,11.7,19.3,1.8,4,2010,24,137,2010-04-24,3.8,0.0,47.4,0.0,20100424,10.7
114,2.6,13.3,22.4,1.4,4,2010,25,137,2010-04-25,3.0,0.0,36.1,0.0,20100425,10.9
115,9.6,11.4,18.3,1.5,4,2010,26,137,2010-04-26,7.9,18.0,67.5,0.0,20100426,0.0
116,6.8,9.8,14.7,3.0,4,2010,27,137,2010-04-27,5.1,5.0,62.9,0.0,20100427,4.0
117,7.4,4.8,6.9,2.3,4,2010,28,137,2010-04-28,2.9,4.5,73.5,0.0,20100428,0.2
118,3.4,10.0,14.6,4.9,4,2010,29,137,2010-04-29,4.0,0.5,42.3,0.0,20100429,10.1
119,3.3,11.7,16.3,3.1,4,2010,30,137,2010-04-30,6.7,0.0,42.8,0.0,20100430,7.5
120,0.0,13.1,20.6,2.9,5,2010,1,137,2010-05-01,6.4,0.0,38.0,0.0,20100501,12.5
121,0.0,16.8,27.9,1.4,5,2010,2,137,2010-05-02,4.9,0.0,42.3,0.0,20100502,12.2
122,1.9,20.5,29.6,1.9,5,2010,3,137,2010-05-03,10.1,0.0,57.0,0.0,20100503,8.0
123,3.3,22.0,29.3,1.7,5,2010,4,137,2010-05-04,14.2,0.0,53.8,0.0,20100504,9.6
124,7.3,20.8,28.5,1.6,5,2010,5,137,2010-05-05,13.9,0.0,58.4,0.0,20100505,5.7
125,8.5,18.3,26.2,2.4,5,2010,6,137,2010-05-06,11.1,0.2,66.6,0.0,20100506,2.5
126,0.4,17.3,24.4,3.0,5,2010,7,137,2010-05-07,10.0,0.0,37.0,0.0,20100507,12.3
127,3.6,18.6,25.5,2.2,5,2010,8,137,2010-05-08,9.2,0.0,33.5,0.0,20100508,10.6
128,7.9,19.8,28.0,1.5,5,2010,9,137,2010-05-09,11.2,0.0,41.1,0.0,20100509,4.3
129,6.8,18.4,24.8,1.8,5,2010,10,137,2010-05-10,14.5,0.0,38.9,0.0,20100510,7.0
130,2.1,16.6,23.3,2.1,5,2010,11,137,2010-05-11,9.7,0.0,38.1,0.0,20100511,9.8
131,1.0,14.1,22.1,2.0,5,2010,12,137,2010-05-12,6.3,0.0,53.4,0.0,20100512,11.0
132,3.4,15.2,22.5,1.3,5,2010,13,137,2010-05-13,7.0,0.0,53.5,0.0,20100513,8.8
133,0.3,16.1,24.8,1.2,5,2010,14,137,2010-05-14,6.7,0.0,50.4,0.0,20100514,12.4
134,5.4,16.4,24.4,1.3,5,2010,15,137,2010-05-15,8.9,0.0,52.6,0.0,20100515,3.1
135,3.0,19.2,28.3,1.5,5,2010,16,137,2010-05-16,9.1,0.0,43.1,0.0,20100516,10.7
136,5.6,20.2,29.4,1.3,5,2010,17,137,2010-05-17,10.6,6.0,55.1,0.0,20100517,9.0
137,10.0,17.6,18.1,0.8,5,2010,18,137,2010-05-18,17.1,46.5,93.0,0.0,20100518,0.0
138,5.6,20.5,26.2,1.9,5,2010,19,137,2010-05-19,17.5,0.5,69.9,0.0,20100519,7.0
139,0.0,21.9,29.3,1.8,5,2010,20,137,2010-05-20,13.6,0.0,50.3,0.0,20100520,11.7
140,3.0,23.0,31.7,1.3,5,2010,21,137,2010-05-21,14.2,0.0,46.6,0.0,20100521,11.5
141,10.0,16.9,23.0,1.4,5,2010,22,137,2010-05-22,13.7,19.5,75.6,0.0,20100522,0.0
142,10.0,15.2,16.0,1.9,5,2010,23,137,2010-05-23,13.7,43.0,93.0,0.0,20100523,0.0
143,10.0,15.6,16.5,2.2,5,2010,24,137,2010-05-24,14.6,3.0,80.9,0.0,20100524,0.0
144,10.0,15.2,18.4,1.5,5,2010,25,137,2010-05-25,13.4,0.5,84.8,0.0,20100525,0.1
145,6.4,16.5,22.6,1.8,5,2010,26,137,2010-05-26,11.3,1.5,65.4,0.0,20100526,6.5
146,3.9,16.1,23.8,1.3,5,2010,27,137,2010-05-27,7.6,0.0,60.3,0.0,20100527,13.1
147,8.3,14.9,20.5,0.9,5,2010,28,137,2010-05-28,9.5,0.0,72.9,0.0,20100528,0.3
148,4.5,17.6,25.6,1.4,5,2010,29,137,2010-05-29,12.3,0.0,62.3,0.0,20100529,8.2
149,1.8,16.4,24.0,1.7,5,2010,30,137,2010-05-30,9.7,0.0,50.3,0.0,20100530,12.9
150,6.8,15.4,22.5,1.3,5,2010,31,137,2010-05-31,9.6,0.0,52.1,0.0,20100531,7.2
151,1.0,15.5,23.7,1.4,6,2010,1,137,2010-06-01,6.4,0.0,59.4,0.0,20100601,12.1
152,0.5,18.8,27.5,1.0,6,2010,2,137,2010-06-02,9.3,0.0,60.8,0.0,20100602,12.0
153,1.3,21.3,29.0,1.0,6,2010,3,137,2010-06-03,13.6,0.0,59.9,0.0,20100603,9.2
154,1.0,23.1,29.9,1.3,6,2010,4,137,2010-06-04,16.9,0.0,52.3,0.0,20100604,12.3
155,3.6,24.2,32.0,1.2,6,2010,5,137,2010-06-05,17.0,0.0,48.4,0.0,20100605,10.9
156,5.8,23.4,30.6,0.9,6,2010,6,137,2010-06-06,16.0,0.0,58.1,0.0,20100606,9.5
157,3.4,21.8,29.5,1.5,6,2010,7,137,2010-06-07,15.5,0.0,47.5,0.0,20100607,8.5
158,0.3,20.7,29.5,1.4,6,2010,8,137,2010-06-08,11.9,0.0,49.1,0.0,20100608,12.7
159,0.0,21.9,31.3,1.1,6,2010,9,137,2010-06-09,12.8,0.0,56.8,0.0,20100609,12.8
160,4.0,22.3,30.9,0.8,6,2010,10,137,2010-06-10,14.8,0.0,59.4,0.0,20100610,9.3
161,4.9,22.9,30.5,1.1,6,2010,11,137,2010-06-11,15.0,0.0,53.6,0.0,20100611,7.4
162,10.0,20.6,23.3,1.0,6,2010,12,137,2010-06-12,16.6,2.5,72.9,0.0,20100612,0.0
163,8.3,24.3,29.5,1.2,6,2010,13,137,2010-06-13,19.8,0.0,61.6,0.0,20100613,4.3
164,6.1,25.0,30.8,1.3,6,2010,14,137,2010-06-14,20.2,0.0,62.4,0.0,20100614,10.8
165,7.6,23.1,30.7,1.3,6,2010,15,137,2010-06-15,18.4,8.5,72.5,0.0,20100615,5.8
166,5.9,23.6,29.7,1.6,6,2010,16,137,2010-06-16,18.1,0.0,72.3,0.0,20100616,5.6
167,7.6,25.1,31.5,1.1,6,2010,17,137,2010-06-17,19.0,0.0,68.6,0.0,20100617,4.1
168,9.6,24.4,29.2,1.4,6,2010,18,137,2010-06-18,21.3,0.1,69.6,0.0,20100618,2.0
169,9.1,22.7,27.0,0.8,6,2010,19,137,2010-06-19,20.0,2.0,79.9,0.0,20100619,1.4
170,6.0,24.5,29.5,1.8,6,2010,20,137,2010-06-20,20.4,8.0,71.9,0.0,20100620,7.9
171,2.1,24.3,29.3,2.0,6,2010,21,137,2010-06-21,20.6,0.0,65.1,0.0,20100621,11.3
172,3.3,24.4,29.4,1.9,6,2010,22,137,2010-06-22,19.3,0.0,53.9,0.0,20100622,10.8
173,3.8,23.3,29.8,1.2,6,2010,23,137,2010-06-23,17.4,0.0,51.3,0.0,20100623,8.7
174,1.9,23.8,31.6,0.9,6,2010,24,137,2010-06-24,15.5,0.0,59.8,0.0,20100624,12.0
175,8.3,24.3,31.1,1.2,6,2010,25,137,2010-06-25,18.4,0.0,56.9,0.0,20100625,5.3
176,10.0,21.5,22.9,0.9,6,2010,26,137,2010-06-26,19.6,9.0,87.3,0.0,20100626,0.0
177,9.0,23.0,26.5,1.2,6,2010,27,137,2010-06-27,21.0,1.5,86.1,0.0,20100627,0.1
178,7.3,23.6,29.7,0.8,6,2010,28,137,2010-06-28,19.7,0.0,77.8,0.0,20100628,4.0
179,3.0,25.9,31.7,1.1,6,2010,29,137,2010-06-29,19.5,0.0,67.8,0.0,20100629,9.1
180,8.6,25.2,27.9,1.0,6,2010,30,137,2010-06-30,22.6,0.0,75.8,0.0,20100630,0.0
181,9.0,25.5,29.4,0.8,7,2010,1,137,2010-07-01,21.9,0.0,81.3,0.0,20100701,0.3
182,10.0,24.0,25.2,0.8,7,2010,2,137,2010-07-02,23.0,30.5,89.1,0.0,20100702,0.0
183,9.8,25.7,28.5,1.2,7,2010,3,137,2010-07-03,23.6,29.0,88.0,0.0,20100703,0.1
184,10.0,23.7,26.0,0.7,7,2010,4,137,2010-07-04,22.7,1.0,90.5,0.0,20100704,0.0
185,7.4,26.1,31.4,1.5,7,2010,5,137,2010-07-05,22.4,17.5,79.1,0.0,20100705,5.5
186,2.4,26.7,32.2,1.7,7,2010,6,137,2010-07-06,22.4,0.0,63.6,0.0,20100706,10.5
187,5.1,25.0,31.2,1.3,7,2010,7,137,2010-07-07,21.0,2.5,69.3,0.0,20100707,5.5
188,8.8,24.3,29.2,1.1,7,2010,8,137,2010-07-08,21.1,0.0,75.6,0.0,20100708,3.4
189,5.5,25.2,30.8,1.0,7,2010,9,137,2010-07-09,19.9,0.3,66.5,0.0,20100709,8.6
190,8.5,24.8,29.3,1.0,7,2010,10,137,2010-07-10,20.2,0.1,74.9,0.0,20100710,2.8
191,9.5,20.6,24.3,1.0,7,2010,11,137,2010-07-11,19.6,49.0,93.3,0.0,20100711,0.0
192,9.6,22.3,26.1,0.7,7,2010,12,137,2010-07-12,19.9,0.0,85.4,0.0,20100712,0.6
193,8.0,22.8,27.4,1.1,7,2010,13,137,2010-07-13,19.6,0.5,81.5,0.0,20100713,1.8
194,7.0,23.7,29.0,0.8,7,2010,14,137,2010-07-14,18.7,0.0,76.5,0.0,20100714,6.7
195,6.6,25.0,29.2,1.0,7,2010,15,137,2010-07-15,21.3,0.0,74.8,0.0,20100715,2.7
196,10.0,23.7,26.3,0.8,7,2010,16,137,2010-07-16,22.2,6.5,89.6,0.0,20100716,0.0
197,10.0,24.9,28.5,0.6,7,2010,17,137,2010-07-17,22.8,15.0,90.8,0.0,20100717,0.0
198,6.8,27.1,32.7,1.3,7,2010,18,137,2010-07-18,23.0,0.5,75.6,0.0,20100718,6.2
199,4.8,27.0,33.1,1.1,7,2010,19,137,2010-07-19,21.4,0.0,76.5,0.0,20100719,9.9
200,3.4,27.5,33.6,1.1,7,2010,20,137,2010-07-20,22.2,0.0,71.5,0.0,20100720,9.5
201,5.6,27.6,32.7,1.4,7,2010,21,137,2010-07-21,22.7,0.5,76.4,0.0,20100721,4.4
202,3.4,28.2,35.0,1.2,7,2010,22,137,2010-07-22,22.5,0.2,71.6,0.0,20100722,10.8
203,8.1,25.8,31.0,1.2,7,2010,23,137,2010-07-23,22.1,0.5,78.4,0.0,20100723,2.1
204,8.8,26.5,31.7,1.5,7,2010,24,137,2010-07-24,22.1,0.1,76.3,0.0,20100724,2.9
205,8.0,26.3,31.9,1.9,7,2010,25,137,2010-07-25,22.9,0.0,75.0,0.0,20100725,3.9
206,7.1,25.9,31.2,1.6,7,2010,26,137,2010-07-26,23.8,1.0,77.9,0.0,20100726,4.7
207,6.3,26.2,33.3,1.3,7,2010,27,137,2010-07-27,22.0,3.5,75.6,0.0,20100727,7.7
208,9.0,22.9,24.3,1.0,7,2010,28,137,2010-07-28,20.6,9.0,94.0,0.0,20100728,0.0
209,7.5,26.7,31.4,0.9,7,2010,29,137,2010-07-29,22.9,0.0,81.8,0.0,20100729,3.2
210,7.6,27.4,30.8,1.4,7,2010,30,137,2010-07-30,25.0,0.0,77.4,0.0,20100730,1.7
211,5.6,27.6,31.0,1.6,7,2010,31,137,2010-07-31,24.8,0.0,76.4,0.0,20100731,4.3
212,3.6,29.3,33.8,1.4,8,2010,1,137,2010-08-01,25.4,0.0,72.4,0.0,20100801,7.5
213,7.1,28.9,33.1,1.4,8,2010,2,137,2010-08-02,25.7,0.0,78.6,0.0,20100802,1.4
214,9.8,24.7,27.9,1.1,8,2010,3,137,2010-08-03,22.6,0.5,90.1,0.0,20100803,0.0
215,7.3,28.5,34.1,0.7,8,2010,4,137,2010-08-04,24.5,0.0,81.1,0.0,20100804,4.2
216,6.0,28.3,34.7,1.2,8,2010,5,137,2010-08-05,24.6,0.0,77.8,0.0,20100805,3.4
217,7.6,26.3,32.4,0.8,8,2010,6,137,2010-08-06,24.3,22.0,89.9,0.0,20100806,3.5
218,6.3,26.9,33.5,1.0,8,2010,7,137,2010-08-07,23.3,0.0,81.8,0.0,20100807,5.2
219,4.8,26.9,33.2,0.9,8,2010,8,137,2010-08-08,21.8,0.0,77.4,0.0,20100808,7.7
220,5.4,27.6,34.5,0.8,8,2010,9,137,2010-08-09,22.7,0.0,76.6,0.0,20100809,9.4
221,9.8,25.0,26.7,1.2,8,2010,10,137,2010-08-10,24.1,73.0,93.4,0.0,20100810,0.0
222,8.5,26.7,31.0,2.6,8,2010,11,137,2010-08-11,24.1,41.5,84.9,0.0,20100811,0.9
223,7.8,26.5,30.9,1.9,8,2010,12,137,2010-08-12,24.1,0.1,73.4,0.0,20100812,2.4
224,9.6,26.6,31.1,1.4,8,2010,13,137,2010-08-13,22.7,41.0,86.8,0.0,20100813,2.7
225,9.6,26.2,29.8,0.7,8,2010,14,137,2010-08-14,24.8,15.0,92.3,0.0,20100814,1.1
226,8.1,26.0,29.8,1.1,8,2010,15,137,2010-08-15,24.0,35.0,92.3,0.0,20100815,1.4
227,9.8,23.6,29.3,0.8,8,2010,16,137,2010-08-16,20.7,26.5,92.6,0.0,20100816,1.0
228,6.9,25.3,31.2,0.7,8,2010,17,137,2010-08-17,20.9,5.0,84.6,0.0,20100817,7.6
229,6.1,26.8,32.2,1.2,8,2010,18,137,2010-08-18,23.1,0.0,83.5,0.0,20100818,5.8
230,5.8,27.4,32.7,1.0,8,2010,19,137,2010-08-19,24.2,0.0,84.3,0.0,20100819,4.5
231,5.3,28.1,34.5,1.1,8,2010,20,137,2010-08-20,24.3,0.1,82.0,0.0,20100820,7.1
232,2.3,29.0,34.5,1.2,8,2010,21,137,2010-08-21,24.3,0.0,74.6,0.0,20100821,10.3
233,1.8,28.9,34.4,0.9,8,2010,22,137,2010-08-22,24.7,0.0,75.3,0.0,20100822,8.9
234,6.6,27.8,32.5,1.4,8,2010,23,137,2010-08-23,24.5,0.4,78.6,0.0,20100823,3.8
235,7.8,27.1,32.0,1.0,8,2010,24,137,2010-08-24,23.6,0.0,80.0,0.0,20100824,2.7
236,9.6,24.3,28.7,0.8,8,2010,25,137,2010-08-25,22.3,23.5,93.5,0.0,20100825,0.2
237,8.4,24.5,28.2,1.2,8,2010,26,137,2010-08-26,22.4,17.5,92.6,0.0,20100826,0.7
238,8.6,25.2,29.4,1.3,8,2010,27,137,2010-08-27,22.5,9.0,89.5,0.0,20100827,1.0
239,9.6,25.1,27.7,1.5,8,2010,28,137,2010-08-28,23.1,1.0,89.8,0.0,20100828,0.8
240,9.4,24.8,29.3,1.3,8,2010,29,137,2010-08-29,22.8,8.5,92.1,0.0,20100829,0.0
241,8.9,24.6,28.1,0.5,8,2010,30,137,2010-08-30,22.6,1.5,93.3,0.0,20100830,0.1
242,9.3,24.1,28.8,0.6,8,2010,31,137,2010-08-31,22.7,52.0,93.1,0.0,20100831,0.7
243,9.1,25.9,31.4,1.1,9,2010,1,137,2010-09-01,22.4,4.0,86.3,0.0,20100901,3.3
244,7.8,26.4,30.8,2.5,9,2010,2,137,2010-09-02,24.0,25.5,80.5,0.0,20100902,4.1
245,5.9,26.7,33.0,0.9,9,2010,3,137,2010-09-03,23.2,0.5,83.3,0.0,20100903,4.4
246,4.3,26.6,32.7,0.8,9,2010,4,137,2010-09-04,22.7,0.0,82.6,0.0,20100904,5.8
247,7.9,26.5,33.3,0.8,9,2010,5,137,2010-09-05,22.9,0.0,82.4,0.0,20100905,4.5
248,10.0,23.2,24.3,1.0,9,2010,6,137,2010-09-06,22.1,35.0,95.8,0.0,20100906,0.0
249,9.8,23.3,26.0,1.4,9,2010,7,137,2010-09-07,21.4,10.5,85.0,0.0,20100907,0.0
250,9.0,21.8,24.9,0.8,9,2010,8,137,2010-09-08,20.1,0.0,75.0,0.0,20100908,0.1
251,9.3,21.8,26.0,0.8,9,2010,9,137,2010-09-09,18.2,1.0,82.9,0.0,20100909,3.4
252,8.0,24.0,30.7,0.9,9,2010,10,137,2010-09-10,19.3,6.5,86.9,0.0,20100910,2.2
253,9.9,24.4,27.6,0.7,9,2010,11,137,2010-09-11,23.0,8.0,92.4,0.0,20100911,0.0
254,7.4,23.9,28.1,1.8,9,2010,12,137,2010-09-12,21.0,25.5,83.6,0.0,20100912,1.6
255,2.4,23.4,28.3,1.7,9,2010,13,137,2010-09-13,19.7,0.0,75.5,0.0,20100913,8.0
256,6.0,21.6,27.2,0.8,9,2010,14,137,2010-09-14,18.3,0.0,86.6,0.0,20100914,3.2
257,4.6,20.9,28.0,0.8,9,2010,15,137,2010-09-15,17.2,0.0,81.6,0.0,20100915,7.5
258,0.6,20.9,30.0,0.7,9,2010,16,137,2010-09-16,15.5,0.0,81.5,0.0,20100916,7.9
259,1.3,21.7,29.9,0.7,9,2010,17,137,2010-09-17,15.4,0.0,79.9,0.0,20100917,8.3
260,0.9,22.3,30.4,0.8,9,2010,18,137,2010-09-18,15.9,0.0,76.0,0.0,20100918,9.5
261,8.6,19.5,22.8,1.0,9,2010,19,137,2010-09-19,17.6,8.5,89.9,0.0,20100919,0.3
262,8.0,20.5,23.3,0.9,9,2010,20,137,2010-09-20,17.8,5.0,93.1,0.0,20100920,0.0
263,7.6,24.5,29.6,1.4,9,2010,21,137,2010-09-21,19.7,6.5,85.1,0.0,20100921,2.5
264,10.0,17.8,26.6,1.4,9,2010,22,137,2010-09-22,15.4,11.0,93.5,0.0,20100922,0.0
265,5.8,17.9,23.3,0.9,9,2010,23,137,2010-09-23,14.6,1.0,75.9,0.0,20100923,6.7
266,3.0,16.4,23.5,1.1,9,2010,24,137,2010-09-24,11.8,0.0,77.0,0.0,20100924,6.9
267,2.6,15.6,23.1,0.8,9,2010,25,137,2010-09-25,9.9,0.0,76.4,0.0,20100925,8.2
268,3.9,14.5,22.0,0.6,9,2010,26,137,2010-09-26,10.2,0.0,86.3,0.0,20100926,2.7
269,5.8,14.8,23.4,0.6,9,2010,27,137,2010-09-27,10.7,0.0,86.1,0.0,20100927,3.5
270,2.3,15.4,20.3,1.9,9,2010,28,137,2010-09-28,10.4,0.5,61.9,0.0,20100928,8.3
271,6.5,12.4,18.9,0.7,9,2010,29,137,2010-09-29,7.3,0.0,77.6,0.0,20100929,1.3
272,1.3,12.8,21.6,0.9,9,2010,30,137,2010-09-30,7.1,0.0,79.4,0.0,20100930,8.0
273,3.9,12.8,21.5,0.9,10,2010,1,137,2010-10-01,6.1,0.0,79.4,0.0,20101001,6.5
274,8.3,15.7,20.7,0.8,10,2010,2,137,2010-10-02,9.4,10.0,89.6,0.0,20101002,0.0
275,8.0,19.1,23.0,2.3,10,2010,3,137,2010-10-03,16.4,5.5,69.5,0.0,20101003,4.2
276,8.9,14.7,17.0,2.1,10,2010,4,137,2010-10-04,13.1,3.0,82.6,0.0,20101004,0.5
277,6.4,14.7,20.0,1.6,10,2010,5,137,2010-10-05,10.4,0.5,73.6,0.0,20101005,4.5
278,2.3,13.8,23.1,0.7,10,2010,6,137,2010-10-06,7.9,0.0,83.0,0.0,20101006,8.0
279,4.6,14.3,23.4,0.6,10,2010,7,137,2010-10-07,9.9,0.0,84.1,0.0,20101007,6.5
280,8.1,15.9,21.7,0.7,10,2010,8,137,2010-10-08,11.3,4.0,86.5,0.0,20101008,2.1
281,5.1,17.8,23.1,0.7,10,2010,9,137,2010-10-09,14.7,0.0,83.5,0.0,20101009,3.5
282,0.5,18.1,24.4,1.8,10,2010,10,137,2010-10-10,13.2,0.0,73.4,0.0,20101010,9.3
283,8.8,14.8,19.9,0.7,10,2010,11,137,2010-10-11,10.8,0.3,92.0,0.0,20101011,0.3
284,4.6,17.6,22.3,1.6,10,2010,12,137,2010-10-12,13.9,0.0,81.4,0.0,20101012,5.5
285,7.3,16.6,21.3,1.2,10,2010,13,137,2010-10-13,13.9,0.0,81.1,0.0,20101013,1.0
286,6.0,15.8,20.6,1.8,10,2010,14,137,2010-10-14,11.6,0.0,66.8,0.0,20101014,2.6
287,0.9,13.5,18.5,2.6,10,2010,15,137,2010-10-15,9.6,0.0,50.8,0.0,20101015,9.0
288,3.9,13.1,21.1,1.1,10,2010,16,137,2010-10-16,6.5,0.0,72.5,0.0,20101016,4.9
289,0.8,12.9,21.8,0.7,10,2010,17,137,2010-10-17,6.4,0.0,78.8,0.0,20101017,8.1
290,1.4,12.6,21.8,0.6,10,2010,18,137,2010-10-18,7.1,0.0,79.5,0.0,20101018,6.6
291,1.6,13.3,21.5,0.6,10,2010,19,137,2010-10-19,7.0,0.0,83.4,0.0,20101019,7.4
292,7.9,13.0,20.4,0.5,10,2010,20,137,2010-10-20,8.7,0.0,89.8,0.0,20101020,3.5
293,6.6,15.4,21.7,1.0,10,2010,21,137,2010-10-21,11.5,0.0,75.8,0.0,20101021,4.1
294,1.9,13.7,21.0,1.0,10,2010,22,137,2010-10-22,8.1,0.0,74.4,0.0,20101022,5.6
295,6.9,12.6,19.3,0.6,10,2010,23,137,2010-10-23,6.1,0.0,84.0,0.0,20101023,2.4
296,6.8,14.7,19.6,0.5,10,2010,24,137,2010-10-24,12.4,0.3,90.9,0.0,20101024,1.3
297,4.1,12.5,17.5,2.8,10,2010,25,137,2010-10-25,6.7,0.0,59.0,0.0,20101025,4.7
298,0.5,3.8,9.0,2.3,10,2010,26,137,2010-10-26,-1.5,0.0,36.3,0.0,20101026,8.8
299,4.1,4.8,12.5,0.8,10,2010,27,137,2010-10-27,-3.8,0.0,62.1,0.0,20101027,5.0
300,0.0,6.7,14.2,1.3,10,2010,28,137,2010-10-28,0.8,0.0,57.0,0.0,20101028,9.0
301,1.9,7.3,17.0,1.0,10,2010,29,137,2010-10-29,-1.7,0.0,67.5,0.0,20101029,7.4
302,4.6,9.2,17.6,1.1,10,2010,30,137,2010-10-30,2.5,0.0,68.4,0.0,20101030,5.6
303,5.8,10.0,17.5,0.7,10,2010,31,137,2010-10-31,2.4,0.0,71.1,0.0,20101031,4.1
304,0.5,12.0,17.7,2.3,11,2010,1,137,2010-11-01,7.2,0.0,49.8,0.0,20101101,9.1
305,1.9,8.0,12.7,3.2,11,2010,2,137,2010-11-02,4.1,0.0,33.3,0.0,20101102,9.1
306,0.0,6.9,14.2,2.1,11,2010,3,137,2010-11-03,0.4,0.0,44.9,0.0,20101103,9.1
307,0.4,8.3,16.3,1.4,11,2010,4,137,2010-11-04,-0.3,0.0,66.1,0.0,20101104,8.0
308,0.4,10.5,17.1,1.4,11,2010,5,137,2010-11-05,3.9,0.0,63.5,0.0,20101105,8.2
309,1.5,10.4,17.9,1.0,11,2010,6,137,2010-11-06,5.5,0.0,74.3,0.0,20101106,6.4
310,5.3,9.9,18.4,1.0,11,2010,7,137,2010-11-07,2.3,0.0,68.3,0.0,20101107,6.9
311,6.5,8.5,13.3,3.0,11,2010,8,137,2010-11-08,4.0,0.4,57.1,0.0,20101108,2.2
312,4.6,5.1,8.9,4.6,11,2010,9,137,2010-11-09,1.7,1.0,48.4,0.0,20101109,2.3
313,0.9,5.4,11.7,2.1,11,2010,10,137,2010-11-10,1.1,0.0,46.4,0.0,20101110,8.8
314,4.5,6.1,12.3,1.4,11,2010,11,137,2010-11-11,-2.5,7.5,71.1,0.0,20101111,6.4
315,2.5,10.2,15.1,2.8,11,2010,12,137,2010-11-12,3.4,0.0,41.8,0.0,20101112,7.7
316,4.3,5.7,13.1,0.6,11,2010,13,137,2010-11-13,-1.2,0.0,69.8,0.0,20101113,6.7
317,7.3,8.4,14.9,1.8,11,2010,14,137,2010-11-14,3.2,0.0,45.5,0.0,20101114,3.9
318,1.1,3.9,8.8,2.6,11,2010,15,137,2010-11-15,0.0,0.0,26.6,0.0,20101115,8.8
319,1.6,3.4,10.7,1.4,11,2010,16,137,2010-11-16,-1.8,0.0,46.1,0.0,20101116,8.0
320,0.3,3.6,12.2,0.8,11,2010,17,137,2010-11-17,-3.1,0.0,67.1,0.0,20101117,7.8
321,0.0,3.4,13.0,0.6,11,2010,18,137,2010-11-18,-2.9,0.0,67.8,0.0,20101118,8.3
322,2.5,1.6,9.3,0.7,11,2010,19,137,2010-11-19,-3.8,0.0,74.3,0.0,20101119,4.0
323,0.0,3.1,12.8,0.6,11,2010,20,137,2010-11-20,-4.1,0.0,70.9,0.0,20101120,8.5
324,2.5,5.7,14.7,0.6,11,2010,21,137,2010-11-21,-1.5,0.0,74.3,0.0,20101121,8.0
325,3.4,7.9,13.4,2.5,11,2010,22,137,2010-11-22,3.3,0.0,49.5,0.0,20101122,7.1
326,3.6,4.9,13.0,1.1,11,2010,23,137,2010-11-23,-3.4,0.0,56.0,0.0,20101123,8.0
327,5.6,7.3,13.8,1.1,11,2010,24,137,2010-11-24,-0.2,0.0,64.3,0.0,20101124,4.6
328,3.0,5.1,9.2,3.2,11,2010,25,137,2010-11-25,1.6,0.0,51.4,0.0,20101125,6.3
329,0.9,1.2,6.9,2.1,11,2010,26,137,2010-11-26,-3.5,0.0,33.8,0.0,20101126,7.6
330,5.0,-1.0,5.1,1.9,11,2010,27,137,2010-11-27,-6.3,1.0,60.8,0.0,20101127,2.9
331,0.6,-0.3,4.1,2.9,11,2010,28,137,2010-11-28,-3.1,0.0,34.5,0.0,20101128,8.3
332,2.3,2.5,12.2,1.1,11,2010,29,137,2010-11-29,-3.9,0.2,64.3,0.1,20101129,8.4
333,3.1,5.6,14.2,1.0,11,2010,30,137,2010-11-30,-0.6,0.0,72.3,0.0,20101130,3.4
334,6.3,3.4,8.4,0.7,12,2010,1,137,2010-12-01,1.2,0.0,94.4,0.0,20101201,1.9
335,8.9,3.3,7.2,0.6,12,2010,2,137,2010-12-02,0.6,0.0,91.3,0.0,20101202,0.0
336,2.6,3.4,8.0,5.7,12,2010,3,137,2010-12-03,-0.1,0.5,42.3,0.0,20101203,7.0
337,0.1,3.7,10.1,2.7,12,2010,4,137,2010-12-04,-1.6,0.0,55.0,0.0,20101204,8.4
338,2.6,5.9,15.6,1.2,12,2010,5,137,2010-12-05,-2.8,0.0,71.6,0.0,20101205,4.6
339,4.6,6.7,11.8,2.9,12,2010,6,137,2010-12-06,-0.6,0.0,52.0,0.0,20101206,4.8
340,1.1,0.2,5.8,3.2,12,2010,7,137,2010-12-07,-3.2,0.0,39.4,0.0,20101207,8.1
341,5.9,0.4,5.7,1.6,12,2010,8,137,2010-12-08,-4.6,0.5,58.1,0.5,20101208,1.6
342,0.0,-0.8,3.9,2.9,12,2010,9,137,2010-12-09,-5.1,0.0,42.8,0.0,20101209,8.4
343,3.8,-0.8,6.5,1.0,12,2010,10,137,2010-12-10,-8.2,0.4,59.6,0.0,20101210,7.7
344,1.1,1.3,9.4,4.5,12,2010,11,137,2010-12-11,-4.8,0.0,34.1,0.0,20101211,7.2
345,5.8,-3.6,0.4,1.0,12,2010,12,137,2010-12-12,-9.5,0.0,43.4,0.0,20101212,3.9
346,9.8,0.5,4.0,0.5,12,2010,13,137,2010-12-13,-2.0,17.0,87.5,0.0,20101213,0.0
347,1.6,0.1,4.1,4.6,12,2010,14,137,2010-12-14,-6.1,0.0,51.0,0.0,20101214,7.0
348,0.1,-7.3,-3.9,4.0,12,2010,15,137,2010-12-15,-10.2,0.0,36.6,0.0,20101215,8.3
349,2.0,-6.3,-1.1,2.4,12,2010,16,137,2010-12-16,-11.1,0.0,41.6,0.0,20101216,8.4
350,7.6,-2.7,2.6,1.0,12,2010,17,137,2010-12-17,-6.4,1.0,72.3,3.0,20101217,0.3
351,0.3,-0.7,5.3,1.2,12,2010,18,137,2010-12-18,-6.6,0.0,67.4,0.0,20101218,8.1
352,6.1,-0.8,2.7,0.7,12,2010,19,137,2010-12-19,-5.1,0.0,77.0,0.0,20101219,0.0
353,0.5,5.7,11.6,1.6,12,2010,20,137,2010-12-20,-1.1,0.0,57.5,0.0,20101220,8.1
354,5.6,2.1,8.5,0.8,12,2010,21,137,2010-12-21,-4.4,0.0,65.8,0.0,20101221,5.6
355,0.1,5.0,10.0,2.1,12,2010,22,137,2010-12-22,1.2,0.0,54.8,0.0,20101222,7.8
356,0.3,2.0,7.9,2.9,12,2010,23,137,2010-12-23,-3.8,0.0,51.4,0.0,20101223,6.0
357,0.0,-8.3,-3.7,4.2,12,2010,24,137,2010-12-24,-10.6,0.0,35.8,0.0,20101224,8.3
358,2.4,-8.5,-5.0,4.2,12,2010,25,137,2010-12-25,-12.6,0.0,40.0,0.0,20101225,8.1
359,2.3,-6.4,-1.7,2.9,12,2010,26,137,2010-12-26,-10.0,0.1,52.3,0.3,20101226,6.9
360,3.4,-2.2,3.0,1.9,12,2010,27,137,2010-12-27,-7.1,0.0,62.9,0.0,20101227,3.8
361,8.1,-1.4,1.9,1.0,12,2010,28,137,2010-12-28,-3.8,4.5,82.5,5.7,20101228,0.1
362,3.5,-3.6,-0.4,2.3,12,2010,29,137,2010-12-29,-5.5,0.0,65.4,0.0,20101229,8.2
363,4.8,-3.7,0.0,3.1,12,2010,30,137,2010-12-30,-6.9,3.2,59.9,5.2,20101230,7.1
364,0.1,-6.9,-3.0,3.2,12,2010,31,137,2010-12-31,-9.3,0.0,46.1,0.0,20101231,8.2
