,snow,month,sunshine,date,station_id,year,cloud,wind,tmax,rainfall,day,tavg,humid,Date,tmin
0,0.0,1,8.2,20180101,137,2018,0.0,2.4,4.9,0.0,1,0.5,34.6,2018-01-01,-3.9
1,0.0,1,4.4,20180102,137,2018,0.0,2.8,5.0,0.0,2,0.8,51.5,2018-01-02,-5.1
2,0.0,1,8.2,20180103,137,2018,0.0,3.1,2.6,0.0,3,-1.7,37.9,2018-01-03,-4.7
3,0.0,1,7.0,20180104,137,2018,0.0,1.6,2.4,0.0,4,-1.5,44.5,2018-01-04,-5.4
4,0.0,1,7.4,20180105,137,2018,0.0,2.6,4.2,0.0,5,0.0,43.1,2018-01-05,-2.8
5,0.0,1,8.3,20180106,137,2018,0.0,2.7,5.5,0.0,6,0.0,44.1,2018-01-06,-4.0
6,0.0,1,1.5,20180107,137,2018,0.0,0.9,1.7,0.0,7,-2.3,52.9,2018-01-07,-8.6
7,0.0,1,0.5,20180108,137,2018,0.0,1.6,4.3,2.6,8,1.0,69.1,2018-01-08,-1.9
8,0.0,1,6.3,20180109,137,2018,0.0,3.5,1.8,0.3,9,-1.8,65.6,2018-01-09,-3.3
9,0.0,1,6.0,20180110,137,2018,0.0,2.9,-0.9,3.3,10,-4.7,54.5,2018-01-10,-8.6
10,0.0,1,8.3,20180111,137,2018,0.0,2.9,-5.0,0.0,11,-8.8,51.1,2018-01-11,-11.9
11,0.0,1,8.3,20180112,137,2018,0.0,3.6,-5.8,0.0,12,-9.0,46.3,2018-01-12,-12.9
12,0.0,1,3.2,20180113,137,2018,0.0,1.9,2.3,0.6,13,-2.8,70.3,2018-01-13,-7.1
13,0.0,1,6.6,20180114,137,2018,0.0,0.7,3.5,0.0,14,-3.5,75.3,2018-01-14,-9.8
14,0.0,1,6.3,20180115,137,2018,0.0,1.5,10.6,0.0,15,2.6,66.5,2018-01-15,-3.2
15,0.0,1,1.1,20180116,137,2018,0.0,0.9,9.1,4.1,16,2.4,79.4,2018-01-16,-2.3
16,0.0,1,0.9,20180117,137,2018,0.0,1.3,7.4,12.3,17,3.9,87.9,2018-01-17,1.0
17,0.0,1,2.8,20180118,137,2018,0.0,2.2,7.9,0.0,18,4.6,60.8,2018-01-18,0.5
18,0.0,1,8.1,20180119,137,2018,0.0,2.1,6.1,0.0,19,1.8,39.8,2018-01-19,-2.2
19,0.0,1,5.9,20180120,137,2018,0.0,1.3,6.7,0.0,20,1.5,56.4,2018-01-20,-4.6
20,0.0,1,7.5,20180121,137,2018,0.0,1.0,8.2,0.0,21,1.8,57.1,2018-01-21,-3.2
21,0.0,1,1.3,20180122,137,2018,0.0,1.6,8.9,0.8,22,3.0,57.0,2018-01-22,-0.3
22,0.0,1,8.6,20180123,137,2018,0.0,5.1,0.9,0.0,23,-7.0,38.6,2018-01-23,-10.7
23,0.0,1,8.7,20180124,137,2018,0.0,4.0,-7.3,0.0,24,-11.0,27.3,2018-01-24,-13.9
24,0.0,1,8.3,20180125,137,2018,0.0,3.6,-5.8,0.0,25,-11.0,34.9,2018-01-25,-14.9
25,0.0,1,8.6,20180126,137,2018,0.0,3.8,-6.0,0.0,26,-11.5,37.9,2018-01-26,-14.8
26,0.0,1,8.7,20180127,137,2018,0.0,2.0,1.3,0.0,27,-6.6,30.8,2018-01-27,-14.0
27,0.0,1,7.9,20180128,137,2018,0.0,3.6,1.6,0.0,28,-3.3,30.5,2018-01-28,-6.2
28,0.0,1,8.7,20180129,137,2018,0.0,3.2,-2.8,0.0,29,-6.2,36.8,2018-01-29,-8.4
29,0.0,1,8.5,20180130,137,2018,0.0,2.6,1.6,0.0,30,-4.0,44.9,2018-01-30,-10.2
30,0.0,1,5.8,20180131,137,2018,0.0,2.0,5.2,0.0,31,0.3,43.5,2018-01-31,-3.4
31,0.0,2,8.7,20180201,137,2018,0.0,1.4,5.0,0.0,1,-1.5,35.9,2018-02-01,-7.5
32,0.0,2,8.7,20180202,137,2018,0.0,2.0,5.0,0.0,2,-1.3,31.9,2018-02-02,-8.2
33,0.0,2,8.7,20180203,137,2018,0.0,3.7,-1.3,0.0,3,-4.5,40.3,2018-02-03,-8.0
34,0.0,2,8.8,20180204,137,2018,0.0,3.5,-3.6,0.0,4,-7.7,34.9,2018-02-04,-10.8
35,0.0,2,8.7,20180205,137,2018,0.0,3.5,-3.1,0.0,5,-7.8,33.3,2018-02-05,-10.9
36,0.0,2,8.8,20180206,137,2018,0.0,2.8,-4.0,0.0,6,-8.3,39.1,2018-02-06,-11.6
37,0.0,2,8.9,20180207,137,2018,0.0,2.3,-0.7,0.0,7,-7.2,33.5,2018-02-07,-13.2
38,0.0,2,8.9,20180208,137,2018,0.0,1.1,5.2,0.0,8,-4.6,40.8,2018-02-08,-12.5
39,0.0,2,7.5,20180209,137,2018,0.0,1.3,9.7,0.0,9,1.3,42.9,2018-02-09,-8.5
40,0.0,2,1.9,20180210,137,2018,0.0,3.2,7.6,0.0,10,2.0,39.8,2018-02-10,-4.5
41,0.0,2,5.7,20180211,137,2018,0.0,3.3,-0.9,0.6,11,-4.1,51.0,2018-02-11,-7.2
42,0.0,2,7.0,20180212,137,2018,0.0,2.9,-0.9,0.7,12,-5.0,53.1,2018-02-12,-9.1
43,0.0,2,9.0,20180213,137,2018,0.0,2.5,4.7,0.2,13,-1.1,48.0,2018-02-13,-5.4
44,0.0,2,6.7,20180214,137,2018,0.0,2.0,12.7,0.0,14,2.4,59.1,2018-02-14,-8.0
45,0.0,2,8.7,20180215,137,2018,0.0,2.6,8.5,0.0,15,2.8,28.5,2018-02-15,-0.9
46,0.0,2,8.9,20180216,137,2018,0.0,2.6,8.2,0.0,16,2.0,25.1,2018-02-16,-3.2
47,0.0,2,8.9,20180217,137,2018,0.0,3.9,5.2,0.0,17,-0.3,22.9,2018-02-17,-3.9
48,0.0,2,3.6,20180218,137,2018,0.0,1.9,6.5,0.0,18,1.5,24.1,2018-02-18,-2.9
49,0.0,2,7.1,20180219,137,2018,0.0,1.3,10.8,0.0,19,3.8,28.8,2018-02-19,-2.4
50,0.0,2,6.9,20180220,137,2018,0.0,2.1,10.0,0.0,20,3.6,35.0,2018-02-20,-2.9
51,0.0,2,6.2,20180221,137,2018,0.0,2.4,7.0,0.0,21,1.1,22.8,2018-02-21,-2.3
52,0.0,2,8.9,20180222,137,2018,0.0,1.8,8.6,0.0,22,1.0,34.3,2018-02-22,-6.8
53,0.0,2,3.0,20180223,137,2018,0.0,1.6,10.4,2.0,23,4.5,60.3,2018-02-23,-3.1
54,0.0,2,5.8,20180224,137,2018,0.0,2.3,12.7,0.0,24,6.8,46.4,2018-02-24,2.2
55,0.0,2,5.6,20180225,137,2018,0.0,1.7,12.4,0.0,25,5.4,44.9,2018-02-25,1.8
56,0.0,2,9.9,20180226,137,2018,0.0,1.7,13.9,0.0,26,4.9,22.8,2018-02-26,-1.8
57,0.0,2,6.9,20180227,137,2018,0.0,1.4,15.3,0.0,27,5.6,35.4,2018-02-27,-4.0
58,0.0,2,0.0,20180228,137,2018,0.0,2.3,7.6,33.4,28,4.8,74.1,2018-02-28,2.1
59,0.0,3,8.6,20180301,137,2018,0.0,5.6,5.9,1.6,1,2.7,52.9,2018-03-01,-2.2
60,0.0,3,10.0,20180302,137,2018,0.0,2.1,10.1,0.0,2,2.0,34.5,2018-03-02,-4.9
61,0.0,3,9.7,20180303,137,2018,0.0,1.2,15.6,0.0,3,6.0,45.3,2018-03-03,-3.0
62,0.0,3,6.4,20180304,137,2018,0.0,1.4,21.6,16.2,4,13.0,63.3,2018-03-04,4.6
63,0.0,3,0.1,20180305,137,2018,0.0,2.1,12.8,23.2,5,5.0,82.4,2018-03-05,3.0
64,0.0,3,9.7,20180306,137,2018,0.0,1.3,11.9,0.0,6,4.5,62.6,2018-03-06,-1.7
65,0.0,3,0.1,20180307,137,2018,0.0,1.5,7.2,4.8,7,3.9,72.4,2018-03-07,0.4
66,0.0,3,0.4,20180308,137,2018,0.0,1.3,6.6,18.9,8,2.7,85.4,2018-03-08,0.2
67,0.0,3,0.9,20180309,137,2018,0.0,1.7,8.1,0.0,9,3.8,70.0,2018-03-09,1.0
68,0.0,3,9.0,20180310,137,2018,0.0,1.8,12.6,0.0,10,5.3,57.8,2018-03-10,-1.0
69,0.0,3,9.3,20180311,137,2018,0.0,2.4,14.6,0.0,11,7.8,46.4,2018-03-11,3.1
70,0.0,3,9.7,20180312,137,2018,0.0,1.2,19.4,0.0,12,9.0,49.9,2018-03-12,-1.2
71,0.0,3,9.1,20180313,137,2018,0.0,1.8,22.5,0.0,13,13.2,48.0,2018-03-13,1.2
72,0.0,3,8.6,20180314,137,2018,0.0,1.4,25.0,0.0,14,15.9,55.8,2018-03-14,6.5
73,0.0,3,0.0,20180315,137,2018,0.0,0.8,15.2,8.7,15,13.2,88.8,2018-03-15,10.7
74,0.0,3,0.0,20180316,137,2018,0.0,2.4,14.3,0.3,16,4.2,65.5,2018-03-16,0.4
75,0.0,3,10.2,20180317,137,2018,0.0,1.1,12.2,0.0,17,4.1,61.8,2018-03-17,-3.3
76,0.0,3,0.6,20180318,137,2018,0.0,0.7,12.7,2.2,18,7.2,72.5,2018-03-18,0.5
77,0.0,3,0.0,20180319,137,2018,0.0,2.6,9.9,29.6,19,6.9,88.3,2018-03-19,3.5
78,0.0,3,2.6,20180320,137,2018,0.0,3.8,9.1,0.0,20,4.8,49.1,2018-03-20,2.3
79,0.0,3,0.0,20180321,137,2018,0.0,1.3,3.9,17.6,21,0.7,91.5,2018-03-21,-0.7
80,0.0,3,10.1,20180322,137,2018,0.0,2.8,11.7,0.0,22,5.5,60.3,2018-03-22,0.7
81,0.0,3,10.3,20180323,137,2018,0.0,2.3,14.8,0.0,23,7.8,46.4,2018-03-23,1.6
82,0.0,3,9.5,20180324,137,2018,0.0,3.0,16.8,0.0,24,10.5,47.3,2018-03-24,4.4
83,0.0,3,10.6,20180325,137,2018,0.0,2.8,20.0,0.0,25,13.8,38.5,2018-03-25,7.0
84,0.0,3,10.3,20180326,137,2018,0.0,2.7,21.5,0.0,26,14.9,41.5,2018-03-26,6.6
85,0.0,3,10.2,20180327,137,2018,0.0,2.3,23.5,0.0,27,15.5,49.0,2018-03-27,6.0
86,0.0,3,9.8,20180328,137,2018,0.0,2.6,23.5,0.0,28,16.7,45.9,2018-03-28,8.6
87,0.0,3,3.8,20180329,137,2018,0.0,2.0,23.2,0.0,29,16.1,52.0,2018-03-29,10.0
88,0.0,3,8.7,20180330,137,2018,0.0,1.8,19.8,0.0,30,13.0,46.5,2018-03-30,7.3
89,0.0,3,9.8,20180331,137,2018,0.0,1.5,24.3,0.0,31,14.9,48.6,2018-03-31,5.3
90,0.0,4,2.0,20180401,137,2018,0.0,1.5,23.8,0.0,1,17.7,51.3,2018-04-01,10.7
91,0.0,4,9.8,20180402,137,2018,0.0,1.7,27.0,0.0,2,19.3,56.6,2018-04-02,11.1
92,0.0,4,9.0,20180403,137,2018,0.0,1.9,26.6,0.0,3,20.1,53.9,2018-04-03,11.4
93,0.0,4,0.0,20180404,137,2018,0.0,1.7,19.6,15.9,4,11.3,85.4,2018-04-04,7.1
94,0.0,4,0.0,20180405,137,2018,0.0,1.8,7.2,25.6,5,6.4,94.9,2018-04-05,5.7
95,0.0,4,5.4,20180406,137,2018,0.0,3.0,13.9,22.4,6,7.8,64.3,2018-04-06,3.5
96,0.0,4,9.1,20180407,137,2018,0.0,4.2,9.9,0.0,7,5.2,35.4,2018-04-07,2.6
97,0.0,4,8.6,20180408,137,2018,0.0,2.6,14.9,0.0,8,8.7,38.5,2018-04-08,0.7
98,0.0,4,10.6,20180409,137,2018,0.0,1.9,19.4,0.0,9,11.9,44.5,2018-04-09,6.8
99,0.0,4,9.8,20180410,137,2018,0.0,1.5,25.3,0.0,10,14.5,48.8,2018-04-10,2.2
100,0.0,4,11.0,20180411,137,2018,0.0,3.6,21.4,4.7,11,16.6,42.4,2018-04-11,10.9
101,0.0,4,11.4,20180412,137,2018,0.0,2.8,22.4,0.0,12,14.7,25.5,2018-04-12,5.0
102,0.0,4,4.0,20180413,137,2018,0.0,2.1,19.9,0.0,13,12.6,35.5,2018-04-13,4.7
103,0.0,4,0.0,20180414,137,2018,0.0,1.9,11.4,21.9,14,9.0,84.9,2018-04-14,6.9
104,0.0,4,9.4,20180415,137,2018,0.0,3.1,16.7,0.0,15,11.3,54.9,2018-04-15,7.2
105,0.0,4,11.0,20180416,137,2018,0.0,1.5,18.7,0.0,16,12.3,51.3,2018-04-16,5.1
106,0.0,4,10.8,20180417,137,2018,0.0,1.2,22.0,0.0,17,13.9,50.9,2018-04-17,6.3
107,0.0,4,11.5,20180418,137,2018,0.0,2.0,23.6,0.0,18,15.8,37.0,2018-04-18,7.0
108,0.0,4,11.4,20180419,137,2018,0.0,2.7,26.2,0.0,19,18.0,22.9,2018-04-19,9.6
109,0.0,4,11.5,20180420,137,2018,0.0,1.1,30.0,0.0,20,20.0,38.1,2018-04-20,9.4
110,0.0,4,10.7,20180421,137,2018,0.0,1.2,32.0,0.0,21,21.4,39.6,2018-04-21,11.2
111,0.0,4,1.3,20180422,137,2018,0.0,0.8,19.4,0.5,22,15.6,57.3,2018-04-22,11.1
112,0.0,4,0.0,20180423,137,2018,0.0,1.3,13.7,37.3,23,9.9,94.0,2018-04-23,9.5
113,0.0,4,0.0,20180424,137,2018,0.0,0.9,14.3,13.1,24,11.0,85.5,2018-04-24,7.8
114,0.0,4,12.3,20180425,137,2018,0.0,0.8,22.4,0.0,25,13.2,54.6,2018-04-25,3.9
115,0.0,4,10.1,20180426,137,2018,0.0,1.3,25.4,0.0,26,15.9,49.9,2018-04-26,5.0
116,0.0,4,10.8,20180427,137,2018,0.0,2.1,24.4,0.0,27,17.4,41.6,2018-04-27,11.4
117,0.0,4,12.0,20180428,137,2018,0.0,1.7,25.6,0.0,28,17.3,42.5,2018-04-28,8.6
118,0.0,4,12.2,20180429,137,2018,0.0,1.7,27.6,0.0,29,18.2,29.1,2018-04-29,7.0
119,0.0,4,10.9,20180430,137,2018,0.0,1.3,28.2,0.0,30,21.1,47.4,2018-04-30,12.7
120,0.0,5,5.9,20180501,137,2018,0.0,1.0,27.1,1.7,1,19.7,76.0,2018-05-01,13.9
121,0.0,5,0.0,20180502,137,2018,0.0,1.5,18.2,22.7,2,15.2,90.3,2018-05-02,11.1
122,0.0,5,11.1,20180503,137,2018,0.0,3.8,17.7,0.0,3,12.6,53.3,2018-05-03,8.9
123,0.0,5,12.5,20180504,137,2018,0.0,3.9,22.0,0.0,4,15.1,33.1,2018-05-04,8.8
124,0.0,5,11.1,20180505,137,2018,0.0,1.8,27.2,0.0,5,18.7,34.5,2018-05-05,7.5
125,0.0,5,0.0,20180506,137,2018,0.0,1.0,20.0,26.6,6,14.8,95.1,2018-05-06,13.6
126,0.0,5,1.0,20180507,137,2018,0.0,0.7,20.5,4.2,7,16.3,88.6,2018-05-07,13.4
127,0.0,5,2.2,20180508,137,2018,0.0,1.5,18.7,0.0,8,14.6,67.9,2018-05-08,10.0
128,0.0,5,10.6,20180509,137,2018,0.0,1.1,20.7,0.0,9,13.4,66.3,2018-05-09,6.3
129,0.0,5,11.0,20180510,137,2018,0.0,1.3,24.5,0.0,10,16.5,59.3,2018-05-10,9.1
130,0.0,5,10.9,20180511,137,2018,0.0,2.0,25.7,0.0,11,18.8,45.8,2018-05-11,11.8
131,0.0,5,0.0,20180512,137,2018,0.0,0.6,17.2,16.4,12,14.2,85.3,2018-05-12,13.1
132,0.0,5,7.7,20180513,137,2018,0.0,1.6,23.8,2.9,13,18.3,74.4,2018-05-13,14.5
133,0.0,5,11.8,20180514,137,2018,0.0,1.4,28.5,0.0,14,20.9,60.6,2018-05-14,13.2
134,0.0,5,9.3,20180515,137,2018,0.0,0.7,32.2,0.0,15,23.4,61.3,2018-05-15,15.0
135,0.0,5,0.2,20180516,137,2018,0.0,0.6,26.2,0.2,16,23.0,85.8,2018-05-16,19.7
136,0.0,5,2.3,20180517,137,2018,0.0,1.1,29.9,0.0,17,25.1,78.5,2018-05-17,20.8
137,0.0,5,0.3,20180518,137,2018,0.0,1.6,24.8,6.7,18,20.8,88.1,2018-05-18,13.8
138,0.0,5,6.1,20180519,137,2018,0.0,1.4,21.3,0.0,19,15.8,59.3,2018-05-19,12.1
139,0.0,5,7.2,20180520,137,2018,0.0,1.6,23.5,0.0,20,15.0,57.0,2018-05-20,7.6
140,0.0,5,0.1,20180521,137,2018,0.0,0.9,19.5,0.0,21,15.6,69.6,2018-05-21,11.5
141,0.0,5,3.8,20180522,137,2018,0.0,0.7,25.4,3.5,22,17.1,81.6,2018-05-22,11.4
142,0.0,5,10.9,20180523,137,2018,0.0,1.7,25.8,16.5,23,19.6,56.4,2018-05-23,15.3
143,0.0,5,12.2,20180524,137,2018,0.0,1.8,27.4,0.0,24,19.8,46.5,2018-05-24,10.1
144,0.0,5,9.5,20180525,137,2018,0.0,1.5,28.1,0.0,25,20.7,43.1,2018-05-25,14.0
145,0.0,5,12.7,20180526,137,2018,0.0,0.9,30.4,0.0,26,21.8,52.4,2018-05-26,11.5
146,0.0,5,1.9,20180527,137,2018,0.0,0.9,26.8,0.0,27,21.5,58.3,2018-05-27,15.5
147,0.0,5,11.7,20180528,137,2018,0.0,1.4,29.5,0.0,28,23.6,54.9,2018-05-28,15.7
148,0.0,5,9.0,20180529,137,2018,0.0,1.0,29.9,0.0,29,23.9,62.5,2018-05-29,18.1
149,0.0,5,6.1,20180530,137,2018,0.0,1.2,28.6,3.7,30,21.9,67.3,2018-05-30,17.5
150,0.0,5,12.8,20180531,137,2018,0.0,1.7,27.9,0.0,31,21.1,55.5,2018-05-31,15.2
151,0.0,6,12.6,20180601,137,2018,0.0,1.1,32.2,0.0,1,24.4,51.4,2018-06-01,15.4
152,0.0,6,12.5,20180602,137,2018,0.0,1.6,32.6,0.0,2,25.6,36.1,2018-06-02,17.2
153,0.0,6,10.8,20180603,137,2018,0.0,1.1,32.0,0.0,3,23.6,43.9,2018-06-03,15.8
154,0.0,6,8.8,20180604,137,2018,0.0,1.5,30.8,0.0,4,24.8,43.5,2018-06-04,18.4
155,0.0,6,5.4,20180605,137,2018,0.0,0.8,27.2,0.3,5,21.7,72.1,2018-06-05,18.3
156,0.0,6,10.6,20180606,137,2018,0.0,1.4,31.8,0.0,6,24.8,59.0,2018-06-06,17.6
157,0.0,6,12.3,20180607,137,2018,0.0,1.7,33.0,0.0,7,25.8,55.0,2018-06-07,19.8
158,0.0,6,10.2,20180608,137,2018,0.0,2.1,29.2,0.0,8,23.5,61.1,2018-06-08,19.4
159,0.0,6,3.7,20180609,137,2018,0.0,1.2,27.1,0.0,9,21.2,63.6,2018-06-09,16.6
160,0.0,6,0.0,20180610,137,2018,0.0,1.3,22.5,0.0,10,19.4,63.0,2018-06-10,17.9
161,0.0,6,0.4,20180611,137,2018,0.0,0.6,22.2,0.1,11,18.5,74.9,2018-06-11,15.6
162,0.0,6,6.1,20180612,137,2018,0.0,1.0,26.5,0.0,12,20.5,69.9,2018-06-12,16.6
163,0.0,6,4.5,20180613,137,2018,0.0,1.0,26.5,0.0,13,20.7,63.1,2018-06-13,17.2
164,0.0,6,1.6,20180614,137,2018,0.0,1.1,24.9,0.1,14,20.1,66.1,2018-06-14,17.5
165,0.0,6,6.4,20180615,137,2018,0.0,1.2,25.8,0.0,15,19.5,57.9,2018-06-15,15.7
166,0.0,6,8.0,20180616,137,2018,0.0,1.0,26.7,0.0,16,19.5,60.9,2018-06-16,12.8
167,0.0,6,6.1,20180617,137,2018,0.0,0.7,27.6,0.0,17,20.7,69.0,2018-06-17,13.2
168,0.0,6,10.5,20180618,137,2018,0.0,0.9,32.9,0.0,18,25.4,57.1,2018-06-18,17.8
169,0.0,6,0.0,20180619,137,2018,0.0,1.5,26.5,0.9,19,22.1,73.3,2018-06-19,19.2
170,0.0,6,10.6,20180620,137,2018,0.0,2.1,30.1,0.0,20,24.0,58.5,2018-06-20,18.2
171,0.0,6,12.6,20180621,137,2018,0.0,2.1,30.5,0.0,21,24.5,46.5,2018-06-21,19.0
172,0.0,6,9.3,20180622,137,2018,0.0,1.2,33.2,0.0,22,25.4,40.8,2018-06-22,17.8
173,0.0,6,8.4,20180623,137,2018,0.0,2.1,31.8,0.0,23,26.0,40.4,2018-06-23,20.3
174,0.0,6,12.1,20180624,137,2018,0.0,2.1,35.2,0.0,24,27.4,47.6,2018-06-24,20.9
175,0.0,6,6.8,20180625,137,2018,0.0,0.8,33.7,0.0,25,26.8,51.9,2018-06-25,19.6
176,0.0,6,0.0,20180626,137,2018,0.0,0.7,26.5,17.9,26,22.0,89.9,2018-06-26,20.6
177,0.0,6,7.8,20180627,137,2018,0.0,1.9,32.2,56.7,27,26.6,72.8,2018-06-27,23.1
178,0.0,6,0.4,20180628,137,2018,0.0,1.0,27.2,0.0,28,24.2,81.6,2018-06-28,22.1
179,0.0,6,6.6,20180629,137,2018,0.0,1.0,31.5,0.9,29,25.6,76.5,2018-06-29,20.6
180,0.0,6,0.1,20180630,137,2018,0.0,0.9,26.6,0.0,30,24.0,84.1,2018-06-30,21.4
181,0.0,7,0.0,20180701,137,2018,0.0,0.8,24.7,49.3,1,21.6,94.1,2018-07-01,19.8
182,0.0,7,0.0,20180702,137,2018,0.0,0.7,22.5,44.7,2,21.7,97.9,2018-07-02,20.4
183,0.0,7,0.9,20180703,137,2018,0.0,1.5,27.1,11.5,3,23.8,90.5,2018-07-03,22.0
184,0.0,7,8.3,20180704,137,2018,0.0,1.7,33.3,0.0,4,26.9,76.0,2018-07-04,22.0
185,0.0,7,1.1,20180705,137,2018,0.0,0.8,28.0,1.6,5,23.8,90.9,2018-07-05,22.6
186,0.0,7,0.1,20180706,137,2018,0.0,0.9,23.4,4.5,6,21.4,82.8,2018-07-06,18.8
187,0.0,7,9.6,20180707,137,2018,0.0,1.0,27.0,0.0,7,20.9,69.3,2018-07-07,15.7
188,0.0,7,0.2,20180708,137,2018,0.0,0.9,24.3,0.0,8,19.9,73.5,2018-07-08,15.8
189,0.0,7,0.0,20180709,137,2018,0.0,0.8,19.5,12.0,9,18.9,95.5,2018-07-09,18.2
190,0.0,7,0.2,20180710,137,2018,0.0,0.6,26.9,0.1,10,22.9,90.4,2018-07-10,18.4
191,0.0,7,4.1,20180711,137,2018,0.0,0.7,33.5,0.0,11,26.9,86.8,2018-07-11,21.9
192,0.0,7,10.7,20180712,137,2018,0.0,1.2,33.6,0.0,12,28.8,73.9,2018-07-12,23.9
193,0.0,7,10.1,20180713,137,2018,0.0,1.4,33.8,0.0,13,29.1,68.0,2018-07-13,26.0
194,0.0,7,12.6,20180714,137,2018,0.0,1.5,33.6,0.0,14,29.0,67.3,2018-07-14,25.1
195,0.0,7,12.8,20180715,137,2018,0.0,1.4,35.2,0.0,15,29.6,65.3,2018-07-15,24.4
196,0.0,7,12.7,20180716,137,2018,0.0,1.2,35.7,0.0,16,29.9,65.8,2018-07-16,24.3
197,0.0,7,11.9,20180717,137,2018,0.0,1.6,34.4,0.0,17,29.1,64.8,2018-07-17,25.1
198,0.0,7,12.0,20180718,137,2018,0.0,0.9,35.0,0.0,18,29.0,68.5,2018-07-18,23.3
199,0.0,7,11.7,20180719,137,2018,0.0,0.9,35.8,0.0,19,29.7,67.4,2018-07-19,24.8
200,0.0,7,12.6,20180720,137,2018,0.0,0.8,36.8,0.0,20,29.6,67.8,2018-07-20,23.3
201,0.0,7,12.3,20180721,137,2018,0.0,0.8,36.9,0.0,21,30.2,68.3,2018-07-21,24.0
202,0.0,7,9.2,20180722,137,2018,0.0,0.8,35.7,0.0,22,30.1,71.4,2018-07-22,25.0
203,0.0,7,10.9,20180723,137,2018,0.0,0.6,36.4,0.0,23,30.4,66.4,2018-07-23,25.2
204,0.0,7,11.7,20180724,137,2018,0.0,0.6,37.5,0.0,24,30.8,66.5,2018-07-24,24.9
205,0.0,7,11.8,20180725,137,2018,0.0,1.5,36.5,0.0,25,31.3,60.3,2018-07-25,28.0
206,0.0,7,12.1,20180726,137,2018,0.0,1.4,37.1,0.0,26,31.6,58.8,2018-07-26,26.4
207,0.0,7,11.6,20180727,137,2018,0.0,1.1,38.0,0.0,27,32.2,61.9,2018-07-27,26.3
208,0.0,7,5.6,20180728,137,2018,0.0,0.8,36.5,0.0,28,29.2,75.1,2018-07-28,26.3
209,0.0,7,11.4,20180729,137,2018,0.0,1.2,36.8,0.0,29,29.8,61.1,2018-07-29,24.0
210,0.0,7,5.7,20180730,137,2018,0.0,0.8,35.9,7.6,30,29.1,64.6,2018-07-30,24.9
211,0.0,7,11.9,20180731,137,2018,3.0,0.8,36.8,0.0,31,29.4,63.9,2018-07-31,22.3
212,0.0,8,12.4,20180801,137,2018,0.9,0.8,38.0,0.0,1,30.9,57.5,2018-08-01,23.0
213,0.0,8,12.5,20180802,137,2018,1.9,0.8,38.0,0.0,2,30.9,57.1,2018-08-02,23.6
214,0.0,8,12.2,20180803,137,2018,2.3,1.1,37.8,0.0,3,31.3,57.9,2018-08-03,24.5
215,0.0,8,12.3,20180804,137,2018,3.5,2.1,37.7,0.0,4,31.6,56.6,2018-08-04,27.2
216,0.0,8,8.7,20180805,137,2018,5.3,1.8,35.6,0.0,5,30.5,61.3,2018-08-05,26.8
217,0.0,8,5.2,20180806,137,2018,6.4,1.3,35.9,0.0,6,30.1,68.1,2018-08-06,26.1
218,0.0,8,7.0,20180807,137,2018,5.9,1.0,35.2,0.0,7,29.6,65.9,2018-08-07,25.5
219,0.0,8,8.9,20180808,137,2018,4.0,1.0,37.2,0.0,8,30.0,64.6,2018-08-08,24.1
220,0.0,8,6.9,20180809,137,2018,6.1,1.1,36.9,2.9,9,29.8,68.3,2018-08-09,24.5
221,0.0,8,4.5,20180810,137,2018,7.4,1.0,33.2,1.4,10,27.6,81.1,2018-08-10,24.6
222,0.0,8,1.0,20180811,137,2018,7.1,0.8,31.2,0.0,11,27.3,74.6,2018-08-11,24.6
223,0.0,8,3.6,20180812,137,2018,7.0,0.8,34.0,0.0,12,28.1,73.5,2018-08-12,24.3
224,0.0,8,10.1,20180813,137,2018,5.6,0.8,38.0,0.0,13,30.6,67.3,2018-08-13,24.3
225,0.0,8,12.0,20180814,137,2018,4.9,0.7,38.4,0.0,14,31.1,60.4,2018-08-14,24.9
226,0.0,8,11.4,20180815,137,2018,4.4,1.3,38.5,0.0,15,30.3,61.0,2018-08-15,24.6
227,0.0,8,6.4,20180816,137,2018,7.4,1.2,33.2,7.3,16,26.6,68.1,2018-08-16,23.3
228,0.0,8,5.5,20180817,137,2018,5.5,1.4,30.1,0.0,17,24.5,53.6,2018-08-17,20.4
229,0.0,8,10.2,20180818,137,2018,4.9,1.0,31.5,0.0,18,23.7,59.5,2018-08-18,16.6
230,0.0,8,11.6,20180819,137,2018,5.8,0.8,33.8,0.0,19,25.3,57.9,2018-08-19,17.6
231,0.0,8,10.8,20180820,137,2018,4.7,1.2,34.8,0.0,20,27.0,57.8,2018-08-20,19.7
232,0.0,8,8.3,20180821,137,2018,5.8,1.0,35.8,0.0,21,27.5,64.6,2018-08-21,21.3
233,0.0,8,8.3,20180822,137,2018,5.6,1.2,36.0,0.0,22,28.8,63.1,2018-08-22,22.1
234,0.0,8,1.6,20180823,137,2018,9.3,1.8,33.6,17.4,23,28.3,69.0,2018-08-23,24.9
235,0.0,8,3.3,20180824,137,2018,7.8,2.6,29.7,46.7,24,26.2,80.3,2018-08-24,23.8
236,0.0,8,2.3,20180825,137,2018,9.1,0.8,29.1,0.2,25,24.9,73.9,2018-08-25,21.4
237,0.0,8,0.0,20180826,137,2018,10.0,0.5,23.4,83.9,26,19.4,96.8,2018-08-26,18.2
238,0.0,8,0.0,20180827,137,2018,9.4,0.5,24.2,60.3,27,21.3,99.4,2018-08-27,18.7
239,0.0,8,0.3,20180828,137,2018,9.6,0.5,28.0,22.4,28,24.9,95.3,2018-08-28,22.6
240,0.0,8,7.4,20180829,137,2018,8.3,0.7,33.7,0.0,29,27.2,80.8,2018-08-29,23.3
241,0.0,8,3.0,20180830,137,2018,7.4,1.2,31.4,33.8,30,25.9,88.0,2018-08-30,23.8
242,0.0,8,2.6,20180831,137,2018,8.5,0.9,25.7,66.5,31,22.0,95.3,2018-08-31,19.4
243,0.0,9,8.3,20180901,137,2018,6.8,1.0,29.1,0.0,1,23.9,75.3,2018-09-01,20.0
244,0.0,9,4.6,20180902,137,2018,4.5,0.8,26.4,0.0,2,21.6,80.0,2018-09-02,16.7
245,0.0,9,0.1,20180903,137,2018,9.5,0.7,26.1,8.4,3,22.6,93.5,2018-09-03,19.9
246,0.0,9,8.9,20180904,137,2018,4.3,1.6,29.6,59.9,4,24.0,71.8,2018-09-04,20.8
247,0.0,9,9.9,20180905,137,2018,2.9,2.3,28.3,0.0,5,23.6,58.5,2018-09-05,19.5
248,0.0,9,3.6,20180906,137,2018,8.0,0.9,28.3,0.0,6,22.8,75.0,2018-09-06,17.6
249,0.0,9,1.2,20180907,137,2018,9.3,1.5,26.3,0.0,7,22.2,63.6,2018-09-07,18.8
250,0.0,9,8.3,20180908,137,2018,3.8,0.9,26.2,0.0,8,19.6,68.4,2018-09-08,14.8
251,0.0,9,10.2,20180909,137,2018,1.4,0.7,27.6,0.0,9,20.3,69.1,2018-09-09,13.1
252,0.0,9,8.8,20180910,137,2018,3.8,0.9,26.4,0.0,10,20.1,66.6,2018-09-10,15.1
253,0.0,9,6.4,20180911,137,2018,6.5,1.1,25.2,0.0,11,18.6,67.5,2018-09-11,12.0
254,0.0,9,5.7,20180912,137,2018,7.6,0.7,27.3,0.0,12,20.8,72.6,2018-09-12,15.1
255,0.0,9,0.0,20180913,137,2018,9.3,0.4,20.8,0.9,13,19.2,90.3,2018-09-13,17.7
256,0.0,9,0.0,20180914,137,2018,8.1,0.9,22.2,15.3,14,20.3,97.5,2018-09-14,18.6
257,0.0,9,0.0,20180915,137,2018,8.5,0.5,23.5,2.8,15,20.8,97.3,2018-09-15,18.9
258,0.0,9,1.4,20180916,137,2018,8.1,1.0,27.1,0.0,16,22.8,83.3,2018-09-16,20.5
259,0.0,9,8.2,20180917,137,2018,5.8,1.3,28.3,0.0,17,22.0,71.8,2018-09-17,17.1
260,0.0,9,9.8,20180918,137,2018,5.0,0.9,28.5,0.0,18,21.0,70.0,2018-09-18,14.7
261,0.0,9,0.6,20180919,137,2018,9.4,0.6,23.5,0.0,19,19.9,80.0,2018-09-19,15.1
262,0.0,9,0.0,20180920,137,2018,7.3,1.1,20.3,11.0,20,18.2,99.4,2018-09-20,17.3
263,0.0,9,0.0,20180921,137,2018,8.4,0.9,19.2,35.5,21,18.2,99.9,2018-09-21,17.6
264,0.0,9,9.3,20180922,137,2018,3.5,1.5,26.4,0.0,22,20.4,74.4,2018-09-22,14.8
265,0.0,9,6.9,20180923,137,2018,6.4,0.7,25.7,0.0,23,17.8,76.0,2018-09-23,12.0
266,0.0,9,5.1,20180924,137,2018,6.4,0.9,22.0,0.0,24,16.7,67.5,2018-09-24,11.6
267,0.0,9,9.5,20180925,137,2018,3.9,0.8,23.9,0.0,25,15.6,71.6,2018-09-25,8.0
268,0.0,9,4.3,20180926,137,2018,5.8,0.9,23.1,0.0,26,16.2,75.8,2018-09-26,12.1
269,0.0,9,8.7,20180927,137,2018,2.0,0.7,24.1,0.0,27,16.1,70.8,2018-09-27,8.9
270,0.0,9,3.1,20180928,137,2018,7.9,0.7,20.6,0.0,28,15.8,78.8,2018-09-28,9.4
271,0.0,9,6.8,20180929,137,2018,8.9,0.7,24.9,0.0,29,18.3,75.8,2018-09-29,12.9
272,0.0,9,9.2,20180930,137,2018,2.6,1.8,26.5,0.0,30,19.1,58.0,2018-09-30,14.4
273,0.0,10,6.3,20181001,137,2018,6.3,2.4,19.1,3.4,1,15.1,65.8,2018-10-01,11.6
274,0.0,10,9.2,20181002,137,2018,1.1,1.5,22.2,0.0,2,15.3,67.9,2018-10-02,10.2
275,0.0,10,9.2,20181003,137,2018,1.4,0.8,24.0,0.0,3,14.9,72.8,2018-10-03,8.4
276,0.0,10,8.0,20181004,137,2018,6.9,0.9,25.5,0.0,4,17.4,70.9,2018-10-04,10.1
277,0.0,10,0.0,20181005,137,2018,10.0,1.2,17.7,61.9,5,16.8,98.8,2018-10-05,15.5
278,0.0,10,1.0,20181006,137,2018,8.0,2.5,22.3,91.6,6,18.7,87.8,2018-10-06,17.0
279,0.0,10,9.1,20181007,137,2018,1.9,1.9,24.3,0.0,7,18.7,63.8,2018-10-07,13.4
280,0.0,10,8.6,20181008,137,2018,5.3,1.1,21.1,0.0,8,14.5,57.4,2018-10-08,9.6
281,0.0,10,1.9,20181009,137,2018,9.1,0.5,19.7,0.0,9,13.4,81.1,2018-10-09,8.8
282,0.0,10,6.8,20181010,137,2018,6.5,2.0,18.4,0.1,10,13.7,61.0,2018-10-10,9.6
283,0.0,10,9.3,20181011,137,2018,1.3,2.1,16.0,0.0,11,10.5,52.5,2018-10-11,4.9
284,0.0,10,9.2,20181012,137,2018,0.0,0.6,17.8,0.0,12,9.9,67.4,2018-10-12,3.5
285,0.0,10,8.9,20181013,137,2018,2.9,0.5,19.9,0.0,13,10.9,75.0,2018-10-13,3.2
286,0.0,10,8.1,20181014,137,2018,6.0,0.7,21.2,0.0,14,12.3,70.9,2018-10-14,5.6
287,0.0,10,8.8,20181015,137,2018,2.8,1.2,21.4,0.0,15,14.3,67.8,2018-10-15,8.0
288,0.0,10,1.4,20181016,137,2018,7.9,0.7,17.8,0.0,16,12.9,80.3,2018-10-16,8.5
289,0.0,10,7.3,20181017,137,2018,3.4,1.0,19.7,0.0,17,11.7,70.8,2018-10-17,6.7
290,0.0,10,3.2,20181018,137,2018,5.8,1.2,18.6,1.2,18,10.9,74.8,2018-10-18,4.6
291,0.0,10,8.9,20181019,137,2018,0.0,0.7,19.6,0.0,19,11.9,72.6,2018-10-19,5.5
292,0.0,10,7.4,20181020,137,2018,2.8,0.6,20.7,0.0,20,10.0,74.1,2018-10-20,3.3
293,0.0,10,8.7,20181021,137,2018,3.8,0.6,20.6,0.0,21,9.8,69.6,2018-10-21,2.7
294,0.0,10,4.7,20181022,137,2018,7.8,0.4,19.0,0.0,22,11.2,77.0,2018-10-22,4.9
295,0.0,10,5.3,20181023,137,2018,4.0,1.2,19.4,0.0,23,13.8,73.9,2018-10-23,7.6
296,0.0,10,8.8,20181024,137,2018,1.1,1.2,20.5,0.0,24,13.0,64.8,2018-10-24,7.6
297,0.0,10,8.6,20181025,137,2018,4.6,0.7,20.5,0.0,25,10.4,74.1,2018-10-25,4.3
298,0.0,10,0.0,20181026,137,2018,8.9,0.9,12.2,8.8,26,10.2,89.6,2018-10-26,6.9
299,0.0,10,7.5,20181027,137,2018,4.4,2.8,14.3,0.0,27,10.4,53.9,2018-10-27,7.5
300,0.0,10,4.8,20181028,137,2018,6.1,1.8,16.4,13.3,28,9.2,75.5,2018-10-28,3.1
301,0.0,10,4.2,20181029,137,2018,3.3,1.6,14.2,0.0,29,9.5,69.1,2018-10-29,5.1
302,0.0,10,8.8,20181030,137,2018,0.3,2.2,12.6,0.0,30,7.2,52.5,2018-10-30,2.3
303,0.0,10,8.8,20181031,137,2018,0.3,1.6,14.6,0.0,31,8.0,55.5,2018-10-31,2.2
304,0.0,11,8.8,20181101,137,2018,0.0,1.2,16.7,0.0,1,8.1,59.4,2018-11-01,0.7
305,0.0,11,8.8,20181102,137,2018,0.0,0.5,18.3,0.0,2,7.5,66.3,2018-11-02,0.3
306,0.0,11,8.7,20181103,137,2018,0.3,0.3,20.2,0.0,3,8.3,64.9,2018-11-03,-0.1
307,0.0,11,8.7,20181104,137,2018,1.5,0.6,21.1,0.0,4,9.1,62.6,2018-11-04,0.8
308,0.0,11,8.3,20181105,137,2018,5.6,0.4,18.4,0.0,5,8.9,66.6,2018-11-05,1.5
309,0.0,11,8.1,20181106,137,2018,5.1,0.5,19.2,0.0,6,10.5,76.3,2018-11-06,3.0
310,0.0,11,0.0,20181107,137,2018,9.4,0.2,14.3,1.4,7,11.9,94.6,2018-11-07,9.2
311,0.0,11,0.0,20181108,137,2018,9.0,1.0,16.4,23.2,8,13.5,94.3,2018-11-08,12.2
312,0.0,11,2.4,20181109,137,2018,5.4,2.4,15.7,0.1,9,12.1,69.1,2018-11-09,7.6
313,0.0,11,5.8,20181110,137,2018,3.3,1.2,18.7,0.0,10,11.6,74.3,2018-11-10,6.2
314,0.0,11,1.4,20181111,137,2018,7.8,0.6,13.0,0.0,11,8.6,87.6,2018-11-11,4.0
315,0.0,11,8.3,20181112,137,2018,4.3,0.9,16.2,0.0,12,9.6,61.8,2018-11-12,4.9
316,0.0,11,4.5,20181113,137,2018,4.6,0.6,16.6,0.0,13,8.7,73.5,2018-11-13,4.0
317,0.0,11,8.3,20181114,137,2018,2.0,0.6,15.9,0.0,14,7.9,76.1,2018-11-14,2.7
318,0.0,11,8.1,20181115,137,2018,4.0,0.6,15.9,0.0,15,7.3,79.4,2018-11-15,0.8
319,0.0,11,0.5,20181116,137,2018,7.3,0.7,14.6,0.0,16,8.2,75.6,2018-11-16,3.1
320,0.0,11,8.3,20181117,137,2018,3.3,1.7,15.2,0.0,17,8.7,50.3,2018-11-17,3.1
321,0.0,11,0.2,20181118,137,2018,8.8,2.0,10.2,0.0,18,7.1,44.3,2018-11-18,2.2
322,0.0,11,7.7,20181119,137,2018,1.9,1.1,14.4,0.0,19,8.0,54.3,2018-11-19,1.8
323,0.0,11,8.5,20181120,137,2018,0.0,1.2,14.0,0.0,20,6.5,39.8,2018-11-20,1.4
324,0.0,11,1.8,20181121,137,2018,8.3,1.1,10.6,0.0,21,4.5,61.3,2018-11-21,-1.3
325,0.0,11,8.4,20181122,137,2018,0.6,2.7,8.6,0.0,22,4.4,40.9,2018-11-22,1.3
326,0.0,11,7.7,20181123,137,2018,1.0,1.7,8.7,0.0,23,2.0,40.3,2018-11-23,-2.5
327,0.0,11,0.0,20181124,137,2018,8.8,0.8,1.1,5.1,24,-0.6,82.8,2018-11-24,-3.3
328,0.0,11,1.9,20181125,137,2018,7.0,0.5,7.6,0.0,25,2.5,95.0,2018-11-25,0.4
329,0.0,11,2.1,20181126,137,2018,7.0,0.6,6.3,0.0,26,0.9,96.0,2018-11-26,-1.9
330,0.0,11,2.5,20181127,137,2018,8.0,1.0,14.1,0.0,27,5.8,86.9,2018-11-27,-2.2
331,0.0,11,3.0,20181128,137,2018,3.9,1.6,12.6,0.0,28,6.6,41.0,2018-11-28,0.4
332,0.0,11,5.1,20181129,137,2018,2.8,1.0,10.6,0.0,29,4.6,46.3,2018-11-29,-2.3
333,0.0,11,8.2,20181130,137,2018,1.0,1.4,12.0,0.0,30,6.3,45.6,2018-11-30,-0.1
334,0.0,12,4.8,20181201,137,2018,7.8,1.0,11.8,0.0,1,5.4,55.4,2018-12-01,0.7
335,0.0,12,5.5,20181202,137,2018,5.9,0.6,12.3,0.0,2,5.1,73.9,2018-12-02,-1.6
336,0.0,12,0.0,20181203,137,2018,9.0,0.4,11.7,9.3,3,9.2,94.3,2018-12-03,6.2
337,0.0,12,1.3,20181204,137,2018,9.4,2.2,14.0,16.0,4,10.1,79.1,2018-12-04,5.0
338,0.0,12,4.8,20181205,137,2018,5.6,1.5,7.3,0.0,5,3.4,51.9,2018-12-05,-0.7
339,0.0,12,2.5,20181206,137,2018,8.6,2.6,6.8,0.4,6,3.7,65.9,2018-12-06,1.9
340,0.0,12,8.1,20181207,137,2018,3.5,4.2,3.0,0.0,7,-3.5,34.0,2018-12-07,-6.8
341,0.0,12,6.4,20181208,137,2018,4.1,2.4,-2.0,0.0,8,-5.7,40.4,2018-12-08,-8.9
342,0.0,12,7.6,20181209,137,2018,2.4,3.0,0.2,0.0,9,-4.7,33.3,2018-12-09,-9.2
343,0.0,12,8.2,20181210,137,2018,1.5,1.0,4.7,0.0,10,-2.8,39.9,2018-12-10,-8.6
344,0.0,12,0.0,20181211,137,2018,9.5,0.8,1.5,5.8,11,-1.2,81.1,2018-12-11,-5.1
345,0.0,12,8.2,20181212,137,2018,0.1,2.5,2.0,0.0,12,-1.1,55.6,2018-12-12,-3.8
346,0.0,12,4.6,20181213,137,2018,3.5,2.3,4.2,0.2,13,-1.3,59.8,2018-12-13,-6.5
347,0.0,12,8.3,20181214,137,2018,0.4,2.4,2.5,0.0,14,-2.4,43.1,2018-12-14,-5.8
348,0.0,12,7.5,20181215,137,2018,3.4,0.9,4.8,0.0,15,-3.2,55.3,2018-12-15,-10.5
349,0.0,12,2.5,20181216,137,2018,7.0,0.7,4.2,0.1,16,-0.6,72.0,2018-12-16,-5.4
350,0.0,12,7.5,20181217,137,2018,2.4,2.8,7.3,0.0,17,4.2,51.1,2018-12-17,2.2
351,0.0,12,6.2,20181218,137,2018,2.5,2.0,7.8,0.0,18,2.9,58.6,2018-12-18,-0.9
352,0.0,12,7.5,20181219,137,2018,4.9,1.9,12.0,0.0,19,5.5,60.0,2018-12-19,-2.0
353,0.0,12,2.7,20181220,137,2018,6.0,0.6,8.9,0.0,20,2.3,67.3,2018-12-20,-2.3
354,0.0,12,5.6,20181221,137,2018,2.6,0.7,8.8,0.0,21,2.5,64.6,2018-12-21,-4.9
355,0.0,12,8.0,20181222,137,2018,3.5,0.8,13.5,0.0,22,5.6,63.5,2018-12-22,-0.1
356,0.0,12,7.7,20181223,137,2018,3.5,3.3,10.6,0.0,23,6.3,40.9,2018-12-23,0.9
357,0.0,12,8.4,20181224,137,2018,0.6,2.3,4.6,0.0,24,-0.8,38.9,2018-12-24,-4.4
358,0.0,12,2.9,20181225,137,2018,7.0,1.3,5.7,0.0,25,0.1,54.5,2018-12-25,-5.7
359,0.0,12,6.9,20181226,137,2018,6.4,2.7,7.7,0.0,26,3.2,38.0,2018-12-26,-1.0
360,0.0,12,8.4,20181227,137,2018,2.1,4.3,-1.0,0.0,27,-5.8,24.5,2018-12-27,-8.7
361,0.0,12,8.1,20181228,137,2018,1.0,3.4,-4.0,0.0,28,-7.9,39.3,2018-12-28,-10.9
362,0.0,12,8.3,20181229,137,2018,0.0,3.4,-1.5,0.0,29,-5.6,35.1,2018-12-29,-9.1
363,0.0,12,8.3,20181230,137,2018,3.4,2.3,1.1,0.0,30,-4.6,34.8,2018-12-30,-8.9
364,0.0,12,8.3,20181231,137,2018,2.4,1.6,4.4,0.0,31,-4.6,41.8,2018-12-31,-12.8
