,month,tavg,rainfall,year,date,tmin,cloud,tmax,day,snow,wind,station_id,Date,sunshine,humid
0,1,0.8,0.0,2018,20180101,-3.9,0.0,6.1,1,0.0,2.8,281,2018-01-01,7.6,35.1
1,1,0.6,0.0,2018,20180102,-7.0,0.0,6.6,2,0.0,2.7,281,2018-01-02,6.2,50.5
2,1,-0.3,0.0,2018,20180103,-3.4,0.0,4.5,3,0.0,2.5,281,2018-01-03,7.6,29.9
3,1,0.1,0.0,2018,20180104,-4.4,0.0,5.0,4,0.0,1.7,281,2018-01-04,7.6,36.6
4,1,1.7,0.0,2018,20180105,-1.5,0.0,7.0,5,0.0,2.3,281,2018-01-05,5.4,36.6
5,1,-0.3,0.0,2018,20180106,-6.3,0.0,6.8,6,0.0,2.7,281,2018-01-06,7.7,42.5
6,1,-1.4,0.0,2018,20180107,-9.3,0.0,4.8,7,0.0,0.5,281,2018-01-07,2.0,51.3
7,1,1.9,1.5,2018,20180108,-1.3,0.0,4.5,8,0.0,1.6,281,2018-01-08,0.0,71.4
8,1,-0.6,0.0,2018,20180109,-3.4,0.0,2.8,9,0.0,4.1,281,2018-01-09,6.8,56.8
9,1,-3.5,0.5,2018,20180110,-7.0,0.0,0.4,10,0.0,3.5,281,2018-01-10,6.6,50.5
10,1,-7.0,0.0,2018,20180111,-9.4,0.0,-2.7,11,0.0,3.7,281,2018-01-11,7.7,43.4
11,1,-7.5,0.0,2018,20180112,-11.2,0.0,-3.0,12,0.0,3.7,281,2018-01-12,7.8,38.8
12,1,-3.3,0.0,2018,20180113,-7.6,0.0,3.4,13,0.0,1.7,281,2018-01-13,2.3,61.8
13,1,-2.6,0.0,2018,20180114,-10.9,0.0,7.8,14,0.0,0.8,281,2018-01-14,7.3,67.9
14,1,2.1,0.0,2018,20180115,-5.3,0.0,13.5,15,0.0,1.2,281,2018-01-15,7.7,62.3
15,1,3.0,8.0,2018,20180116,-4.0,0.0,9.0,16,0.0,0.7,281,2018-01-16,1.4,74.5
16,1,4.3,8.5,2018,20180117,1.6,0.0,7.9,17,0.0,1.1,281,2018-01-17,0.4,89.3
17,1,4.9,0.0,2018,20180118,1.3,0.0,9.5,18,0.0,2.5,281,2018-01-18,1.8,60.9
18,1,1.9,0.0,2018,20180119,-4.1,0.0,8.2,19,0.0,1.6,281,2018-01-19,7.3,48.6
19,1,1.2,0.0,2018,20180120,-4.3,0.0,8.4,20,0.0,1.5,281,2018-01-20,7.4,54.6
20,1,1.3,0.0,2018,20180121,-5.7,0.0,9.8,21,0.0,0.7,281,2018-01-21,7.1,55.9
21,1,3.9,0.1,2018,20180122,0.3,0.0,9.0,22,0.0,1.1,281,2018-01-22,3.5,55.5
22,1,-4.5,0.0,2018,20180123,-8.8,0.0,3.3,23,0.0,5.0,281,2018-01-23,7.8,33.8
23,1,-9.6,0.0,2018,20180124,-12.8,0.0,-5.6,24,0.0,5.1,281,2018-01-24,7.9,27.5
24,1,-8.9,0.0,2018,20180125,-13.0,0.0,-3.8,25,0.0,4.1,281,2018-01-25,7.9,29.1
25,1,-9.3,0.0,2018,20180126,-13.9,0.0,-3.8,26,0.0,3.6,281,2018-01-26,8.0,28.6
26,1,-6.4,0.0,2018,20180127,-14.8,0.0,2.2,27,0.0,1.5,281,2018-01-27,7.4,32.4
27,1,-1.4,0.0,2018,20180128,-5.7,0.0,3.2,28,0.0,3.7,281,2018-01-28,6.8,26.6
28,1,-5.1,0.0,2018,20180129,-7.6,0.0,-0.5,29,0.0,3.9,281,2018-01-29,8.1,31.4
29,1,-4.0,0.0,2018,20180130,-10.8,0.0,1.9,30,0.0,2.6,281,2018-01-30,8.4,40.0
30,1,-0.5,0.0,2018,20180131,-9.6,0.0,6.4,31,0.0,1.8,281,2018-01-31,6.6,42.3
31,2,-1.2,0.0,2018,20180201,-7.6,0.0,6.6,1,0.0,1.5,281,2018-02-01,8.3,29.5
32,2,-3.2,0.0,2018,20180202,-10.8,0.0,5.9,2,0.0,1.2,281,2018-02-02,8.1,40.4
33,2,-4.4,0.0,2018,20180203,-9.9,0.0,0.8,3,0.0,3.8,281,2018-02-03,8.6,39.9
34,2,-6.5,0.0,2018,20180204,-10.1,0.0,-1.8,4,0.0,4.6,281,2018-02-04,9.1,31.8
35,2,-6.5,0.0,2018,20180205,-10.1,0.0,-1.5,5,0.0,4.0,281,2018-02-05,8.7,30.4
36,2,-7.4,0.0,2018,20180206,-11.0,0.0,-2.3,6,0.0,3.8,281,2018-02-06,9.4,33.8
37,2,-5.6,0.0,2018,20180207,-13.0,0.0,1.1,7,0.0,2.4,281,2018-02-07,9.7,28.8
38,2,-4.4,0.0,2018,20180208,-12.8,0.0,5.4,8,0.0,1.1,281,2018-02-08,9.1,35.6
39,2,1.2,0.0,2018,20180209,-9.9,0.0,11.4,9,0.0,1.0,281,2018-02-09,7.5,43.1
40,2,3.5,0.0,2018,20180210,-2.5,0.0,9.6,10,0.0,3.4,281,2018-02-10,3.9,36.3
41,2,-2.6,0.0,2018,20180211,-6.2,0.0,1.9,11,0.0,4.1,281,2018-02-11,8.0,37.5
42,2,-3.4,0.0,2018,20180212,-7.5,0.0,1.3,12,0.0,3.6,281,2018-02-12,7.9,51.5
43,2,-0.7,0.0,2018,20180213,-6.1,0.0,6.8,13,0.0,2.5,281,2018-02-13,9.8,45.4
44,2,4.8,0.0,2018,20180214,-8.5,0.0,14.9,14,0.0,2.6,281,2018-02-14,8.2,47.0
45,2,4.1,0.0,2018,20180215,-3.1,0.0,11.2,15,0.0,1.9,281,2018-02-15,6.4,38.4
46,2,1.7,0.0,2018,20180216,-6.4,0.0,9.6,16,0.0,2.0,281,2018-02-16,7.8,39.3
47,2,1.3,0.0,2018,20180217,-2.8,0.0,6.9,17,0.0,4.1,281,2018-02-17,10.1,20.6
48,2,1.3,0.0,2018,20180218,-2.9,0.0,7.6,18,0.0,1.6,281,2018-02-18,6.8,21.9
49,2,3.4,0.0,2018,20180219,-3.8,0.0,12.3,19,0.0,1.2,281,2018-02-19,7.8,35.3
50,2,3.2,0.0,2018,20180220,-6.6,0.0,11.6,20,0.0,2.0,281,2018-02-20,8.7,39.8
51,2,1.3,0.0,2018,20180221,-5.3,0.0,6.8,21,0.0,1.9,281,2018-02-21,3.4,25.1
52,2,-0.6,0.0,2018,20180222,-9.1,0.0,8.7,22,0.0,1.2,281,2018-02-22,10.3,38.0
53,2,2.6,0.0,2018,20180223,-8.1,0.0,11.6,23,0.0,1.3,281,2018-02-23,7.7,47.9
54,2,4.7,0.0,2018,20180224,-2.7,0.0,12.5,24,0.0,1.7,281,2018-02-24,4.7,57.6
55,2,4.7,0.0,2018,20180225,-2.1,0.0,12.6,25,0.0,1.0,281,2018-02-25,2.5,59.9
56,2,2.8,0.0,2018,20180226,-6.7,0.0,13.8,26,0.0,1.1,281,2018-02-26,10.6,52.6
57,2,5.4,0.0,2018,20180227,-4.4,0.0,15.3,27,0.0,0.8,281,2018-02-27,6.8,50.0
58,2,6.8,24.5,2018,20180228,1.6,0.0,11.4,28,0.0,2.7,281,2018-02-28,0.0,73.1
59,3,5.1,0.2,2018,20180301,-0.6,0.0,9.8,1,0.0,5.1,281,2018-03-01,8.3,44.5
60,3,2.5,0.0,2018,20180302,-3.5,0.0,12.1,2,0.0,1.9,281,2018-03-02,10.8,36.4
61,3,6.7,0.0,2018,20180303,-3.2,0.0,18.2,3,0.0,1.1,281,2018-03-03,9.5,47.9
62,3,11.8,13.0,2018,20180304,1.8,0.0,19.5,4,0.0,1.4,281,2018-03-04,3.3,67.5
63,3,5.3,13.0,2018,20180305,1.1,0.0,11.4,5,0.0,2.5,281,2018-03-05,0.0,72.3
64,3,3.5,0.0,2018,20180306,-2.3,0.0,11.0,6,0.0,1.5,281,2018-03-06,10.2,66.3
65,3,4.8,5.5,2018,20180307,-0.2,0.0,7.4,7,0.0,2.1,281,2018-03-07,0.1,70.4
66,3,1.9,29.0,2018,20180308,0.7,0.0,4.1,8,0.0,1.1,281,2018-03-08,0.0,91.4
67,3,2.2,0.0,2018,20180309,-0.6,0.0,6.8,9,0.0,1.0,281,2018-03-09,1.0,83.0
68,3,5.8,0.0,2018,20180310,-1.6,0.0,13.5,10,0.0,1.6,281,2018-03-10,8.8,61.8
69,3,7.4,0.0,2018,20180311,0.8,0.0,15.7,11,0.0,2.0,281,2018-03-11,10.8,44.6
70,3,9.6,0.0,2018,20180312,-2.2,0.0,19.9,12,0.0,1.4,281,2018-03-12,10.5,51.6
71,3,12.4,0.0,2018,20180313,0.2,0.0,22.3,13,0.0,2.0,281,2018-03-13,10.5,58.4
72,3,15.9,0.0,2018,20180314,4.5,0.0,24.0,14,0.0,1.8,281,2018-03-14,10.9,55.3
73,3,13.9,11.0,2018,20180315,7.2,0.0,16.8,15,0.0,1.1,281,2018-03-15,0.0,85.0
74,3,3.7,0.5,2018,20180316,-1.5,0.0,7.2,16,0.0,3.2,281,2018-03-16,3.3,61.6
75,3,4.5,0.0,2018,20180317,-4.2,0.0,14.3,17,0.0,0.9,281,2018-03-17,10.7,59.3
76,3,8.5,1.5,2018,20180318,-1.1,0.0,16.3,18,0.0,1.1,281,2018-03-18,6.3,68.8
77,3,8.5,29.0,2018,20180319,4.8,0.0,11.4,19,0.0,3.1,281,2018-03-19,0.0,83.5
78,3,5.1,0.0,2018,20180320,3.4,0.0,7.7,20,0.0,5.1,281,2018-03-20,5.2,50.0
79,3,1.9,13.0,2018,20180321,0.8,0.0,3.6,21,0.0,2.0,281,2018-03-21,0.0,89.3
80,3,5.6,0.0,2018,20180322,0.8,0.0,12.9,22,0.0,2.2,281,2018-03-22,9.3,64.0
81,3,6.6,0.0,2018,20180323,-1.8,0.0,15.7,23,0.0,1.1,281,2018-03-23,11.1,59.4
82,3,11.3,0.0,2018,20180324,2.8,0.0,18.2,24,0.0,2.5,281,2018-03-24,9.6,45.1
83,3,13.3,0.0,2018,20180325,2.5,0.0,22.0,25,0.0,2.3,281,2018-03-25,11.2,40.5
84,3,14.8,0.0,2018,20180326,6.0,0.0,22.9,26,0.0,2.6,281,2018-03-26,11.2,34.9
85,3,15.9,0.0,2018,20180327,6.2,0.0,24.1,27,0.0,2.2,281,2018-03-27,11.1,43.5
86,3,16.2,0.0,2018,20180328,5.2,0.0,26.4,28,0.0,1.7,281,2018-03-28,10.6,41.6
87,3,14.2,0.0,2018,20180329,9.1,0.0,21.3,29,0.0,2.2,281,2018-03-29,3.9,53.5
88,3,11.1,0.0,2018,20180330,6.1,0.0,17.4,30,0.0,2.3,281,2018-03-30,10.5,55.6
89,3,14.2,0.0,2018,20180331,3.3,0.0,23.8,31,0.0,1.4,281,2018-03-31,10.2,52.0
90,4,16.8,0.0,2018,20180401,7.5,0.0,24.5,1,0.0,1.2,281,2018-04-01,6.0,54.1
91,4,19.2,0.0,2018,20180402,11.7,0.0,26.2,2,0.0,1.8,281,2018-04-02,10.3,57.3
92,4,20.0,0.0,2018,20180403,10.3,0.0,27.5,3,0.0,1.9,281,2018-04-03,10.1,55.8
93,4,9.8,11.0,2018,20180404,7.6,0.0,16.6,4,0.0,2.7,281,2018-04-04,0.0,79.4
94,4,8.3,8.5,2018,20180405,7.4,0.0,9.8,5,0.0,2.1,281,2018-04-05,0.0,79.5
95,4,9.4,19.0,2018,20180406,4.8,0.0,16.3,6,0.0,3.4,281,2018-04-06,5.6,64.5
96,4,6.1,0.0,2018,20180407,3.4,0.0,10.3,7,0.0,4.7,281,2018-04-07,9.5,32.8
97,4,8.5,0.0,2018,20180408,-1.0,0.0,14.4,8,0.0,2.8,281,2018-04-08,11.1,39.1
98,4,12.6,0.0,2018,20180409,6.3,0.0,20.0,9,0.0,2.0,281,2018-04-09,10.8,43.1
99,4,15.1,0.0,2018,20180410,2.7,0.0,22.5,10,0.0,2.5,281,2018-04-10,11.2,54.1
100,4,18.9,2.0,2018,20180411,13.4,0.0,24.5,11,0.0,3.6,281,2018-04-11,11.2,40.4
101,4,15.1,0.0,2018,20180412,5.1,0.0,23.7,12,0.0,2.6,281,2018-04-12,11.4,28.1
102,4,11.9,0.0,2018,20180413,3.9,0.0,18.0,13,0.0,2.4,281,2018-04-13,6.4,43.0
103,4,10.6,25.0,2018,20180414,9.6,0.0,11.7,14,0.0,2.3,281,2018-04-14,0.0,80.9
104,4,12.7,0.0,2018,20180415,8.5,0.0,18.0,15,0.0,3.7,281,2018-04-15,10.2,50.0
105,4,11.2,0.0,2018,20180416,4.2,0.0,18.5,16,0.0,1.7,281,2018-04-16,10.4,60.3
106,4,13.3,0.0,2018,20180417,6.6,0.0,22.8,17,0.0,1.1,281,2018-04-17,9.8,57.9
107,4,14.5,0.0,2018,20180418,4.7,0.0,24.9,18,0.0,1.3,281,2018-04-18,11.7,51.6
108,4,18.1,0.0,2018,20180419,5.6,0.0,28.2,19,0.0,2.1,281,2018-04-19,11.8,33.4
109,4,19.8,0.0,2018,20180420,9.2,0.0,31.0,20,0.0,1.2,281,2018-04-20,11.8,39.0
110,4,20.2,0.0,2018,20180421,8.9,0.0,32.0,21,0.0,1.5,281,2018-04-21,10.9,38.1
111,4,14.3,0.0,2018,20180422,10.2,0.0,21.8,22,0.0,2.0,281,2018-04-22,1.7,59.5
112,4,11.0,35.5,2018,20180423,10.0,0.0,12.8,23,0.0,1.9,281,2018-04-23,0.0,85.3
113,4,11.3,11.0,2018,20180424,9.2,0.0,13.6,24,0.0,0.8,281,2018-04-24,0.0,85.0
114,4,11.5,0.0,2018,20180425,3.2,0.0,20.6,25,0.0,1.3,281,2018-04-25,11.7,56.1
115,4,15.0,0.0,2018,20180426,2.4,0.0,25.3,26,0.0,1.1,281,2018-04-26,11.2,51.3
116,4,15.9,0.0,2018,20180427,7.9,0.0,24.6,27,0.0,2.6,281,2018-04-27,10.8,41.0
117,4,16.8,0.0,2018,20180428,4.8,0.0,27.4,28,0.0,1.7,281,2018-04-28,11.9,45.3
118,4,19.1,0.0,2018,20180429,8.1,0.0,27.9,29,0.0,2.3,281,2018-04-29,12.1,33.4
119,4,20.9,0.0,2018,20180430,13.7,0.0,29.0,30,0.0,2.0,281,2018-04-30,10.8,54.3
120,5,19.2,0.0,2018,20180501,12.8,0.0,24.9,1,0.0,1.3,281,2018-05-01,4.1,70.3
121,5,14.0,5.5,2018,20180502,12.2,0.0,17.6,2,0.0,2.1,281,2018-05-02,0.0,84.9
122,5,13.8,0.5,2018,20180503,8.3,0.0,20.2,3,0.0,4.2,281,2018-05-03,9.8,45.8
123,5,15.0,0.0,2018,20180504,3.6,0.0,23.5,4,0.0,3.3,281,2018-05-04,12.1,38.3
124,5,19.3,0.0,2018,20180505,5.7,0.0,28.4,5,0.0,2.2,281,2018-05-05,9.1,33.9
125,5,15.8,12.5,2018,20180506,14.2,0.0,19.1,6,0.0,1.3,281,2018-05-06,0.0,91.3
126,5,15.4,17.5,2018,20180507,13.7,0.0,18.7,7,0.0,1.2,281,2018-05-07,0.0,86.8
127,5,14.1,0.0,2018,20180508,12.2,0.0,16.5,8,0.0,2.7,281,2018-05-08,0.0,67.1
128,5,12.5,0.0,2018,20180509,11.2,0.0,16.4,9,0.0,2.1,281,2018-05-09,3.6,64.3
129,5,16.4,0.0,2018,20180510,10.3,0.0,25.0,10,0.0,1.4,281,2018-05-10,9.3,56.9
130,5,18.7,0.0,2018,20180511,8.0,0.0,26.7,11,0.0,1.7,281,2018-05-11,11.3,49.4
131,5,17.4,6.5,2018,20180512,13.9,0.0,19.4,12,0.0,1.0,281,2018-05-12,0.0,71.4
132,5,19.8,5.5,2018,20180513,15.3,0.0,26.0,13,0.0,1.9,281,2018-05-13,7.2,73.0
133,5,20.7,0.0,2018,20180514,11.0,0.0,29.7,14,0.0,1.3,281,2018-05-14,12.2,62.3
134,5,24.1,0.0,2018,20180515,14.2,0.0,32.7,15,0.0,1.3,281,2018-05-15,9.3,55.4
135,5,25.1,0.0,2018,20180516,23.1,0.0,26.1,16,0.0,2.0,281,2018-05-16,0.6,72.3
136,5,26.4,0.0,2018,20180517,21.5,0.0,30.6,17,0.0,2.8,281,2018-05-17,8.2,64.4
137,5,14.3,2.0,2018,20180518,11.9,0.0,21.4,18,0.0,2.8,281,2018-05-18,0.0,86.4
138,5,14.2,0.0,2018,20180519,9.0,0.0,19.2,19,0.0,2.8,281,2018-05-19,8.2,62.0
139,5,13.9,0.0,2018,20180520,6.0,0.0,19.7,20,0.0,3.3,281,2018-05-20,8.5,64.3
140,5,14.9,0.0,2018,20180521,12.0,0.0,19.5,21,0.0,2.4,281,2018-05-21,2.7,70.9
141,5,18.2,1.9,2018,20180522,9.2,0.0,25.6,22,0.0,1.2,281,2018-05-22,5.9,69.3
142,5,19.1,24.0,2018,20180523,11.9,0.0,26.9,23,0.0,1.8,281,2018-05-23,10.0,66.9
143,5,20.2,0.0,2018,20180524,8.4,0.0,29.8,24,0.0,2.0,281,2018-05-24,12.6,48.0
144,5,22.0,0.0,2018,20180525,13.8,0.0,29.5,25,0.0,2.0,281,2018-05-25,10.5,43.8
145,5,20.5,0.0,2018,20180526,12.0,0.0,30.3,26,0.0,1.5,281,2018-05-26,12.7,55.5
146,5,21.0,0.0,2018,20180527,13.1,0.0,28.6,27,0.0,1.0,281,2018-05-27,3.6,60.8
147,5,21.2,0.0,2018,20180528,15.9,0.0,26.8,28,0.0,1.7,281,2018-05-28,9.6,64.3
148,5,23.3,0.0,2018,20180529,16.0,0.0,31.0,29,0.0,1.2,281,2018-05-29,8.7,65.3
149,5,21.4,7.5,2018,20180530,18.0,0.0,29.0,30,0.0,1.1,281,2018-05-30,7.0,79.3
150,5,20.5,0.0,2018,20180531,15.5,0.0,26.5,31,0.0,1.8,281,2018-05-31,10.1,63.0
151,6,22.5,0.0,2018,20180601,12.5,0.0,31.7,1,0.0,1.2,281,2018-06-01,11.6,57.3
152,6,24.6,0.0,2018,20180602,15.0,0.0,33.8,2,0.0,1.2,281,2018-06-02,12.8,53.3
153,6,23.7,0.0,2018,20180603,15.3,0.0,32.6,3,0.0,1.1,281,2018-06-03,10.0,53.4
154,6,23.9,1.0,2018,20180604,16.3,0.0,31.7,4,0.0,1.2,281,2018-06-04,9.2,62.1
155,6,21.7,0.1,2018,20180605,18.0,0.0,26.3,5,0.0,1.2,281,2018-06-05,3.6,69.1
156,6,22.9,0.0,2018,20180606,15.0,0.0,31.7,6,0.0,1.1,281,2018-06-06,10.8,65.9
157,6,25.5,0.0,2018,20180607,16.3,0.0,34.1,7,0.0,1.2,281,2018-06-07,12.3,57.6
158,6,24.4,0.0,2018,20180608,19.3,0.0,32.0,8,0.0,2.0,281,2018-06-08,12.0,56.3
159,6,19.6,0.0,2018,20180609,17.4,0.0,22.4,9,0.0,3.1,281,2018-06-09,2.8,65.6
160,6,18.6,0.3,2018,20180610,16.7,0.0,21.9,10,0.0,3.2,281,2018-06-10,0.5,70.6
161,6,17.0,17.0,2018,20180611,15.7,0.0,19.6,11,0.0,1.1,281,2018-06-11,0.2,79.8
162,6,18.5,0.0,2018,20180612,15.0,0.0,23.7,12,0.0,1.6,281,2018-06-12,4.3,64.8
163,6,19.8,0.0,2018,20180613,16.8,0.0,24.5,13,0.0,1.9,281,2018-06-13,4.4,66.9
164,6,19.4,0.0,2018,20180614,16.6,0.0,23.2,14,0.0,2.3,281,2018-06-14,3.1,68.3
165,6,19.0,0.0,2018,20180615,16.7,0.0,23.1,15,0.0,3.1,281,2018-06-15,4.2,59.1
166,6,18.0,0.0,2018,20180616,14.0,0.0,22.5,16,0.0,2.4,281,2018-06-16,6.4,62.0
167,6,20.7,0.0,2018,20180617,11.3,0.0,28.3,17,0.0,1.0,281,2018-06-17,7.5,62.6
168,6,24.4,0.0,2018,20180618,17.1,0.0,32.0,18,0.0,1.2,281,2018-06-18,10.3,61.9
169,6,21.9,1.5,2018,20180619,18.1,0.0,25.7,19,0.0,1.1,281,2018-06-19,0.5,76.9
170,6,24.0,0.0,2018,20180620,17.7,0.0,30.1,20,0.0,1.7,281,2018-06-20,9.8,59.5
171,6,24.2,0.0,2018,20180621,16.9,0.0,32.1,21,0.0,1.9,281,2018-06-21,12.5,52.5
172,6,24.2,0.0,2018,20180622,15.3,0.0,32.3,22,0.0,1.3,281,2018-06-22,9.9,50.8
173,6,25.1,0.0,2018,20180623,18.8,0.0,32.6,23,0.0,1.6,281,2018-06-23,7.3,46.8
174,6,27.6,0.0,2018,20180624,20.0,0.0,36.3,24,0.0,2.3,281,2018-06-24,11.9,42.5
175,6,26.8,0.0,2018,20180625,18.1,0.0,35.0,25,0.0,1.1,281,2018-06-25,7.2,50.5
176,6,24.8,0.1,2018,20180626,19.3,0.0,28.7,26,0.0,1.7,281,2018-06-26,0.0,71.6
177,6,25.6,67.0,2018,20180627,20.4,0.0,31.2,27,0.0,2.1,281,2018-06-27,4.7,79.0
178,6,22.8,14.0,2018,20180628,20.8,0.0,24.9,28,0.0,1.1,281,2018-06-28,0.0,86.8
179,6,25.7,0.0,2018,20180629,20.6,0.0,30.9,29,0.0,1.1,281,2018-06-29,6.7,73.9
180,6,23.0,3.5,2018,20180630,20.7,0.0,26.1,30,0.0,0.9,281,2018-06-30,0.1,86.3
181,7,25.0,34.0,2018,20180701,20.0,0.0,30.7,1,0.0,1.7,281,2018-07-01,1.3,81.0
182,7,24.7,69.0,2018,20180702,21.5,0.0,28.2,2,0.0,1.2,281,2018-07-02,1.0,90.5
183,7,23.4,27.0,2018,20180703,21.9,0.0,25.2,3,0.0,3.2,281,2018-07-03,0.0,91.1
184,7,25.3,12.0,2018,20180704,22.1,0.0,33.5,4,0.0,2.7,281,2018-07-04,8.4,79.4
185,7,22.5,11.0,2018,20180705,21.6,0.0,24.2,5,0.0,1.5,281,2018-07-05,0.1,89.0
186,7,21.3,0.1,2018,20180706,19.3,0.0,23.2,6,0.0,2.3,281,2018-07-06,0.1,76.5
187,7,20.4,0.0,2018,20180707,17.8,0.0,24.5,7,0.0,2.3,281,2018-07-07,5.6,63.5
188,7,19.5,0.0,2018,20180708,17.6,0.0,22.3,8,0.0,1.8,281,2018-07-08,0.0,70.1
189,7,19.0,3.0,2018,20180709,17.8,0.0,20.1,9,0.0,1.5,281,2018-07-09,0.0,89.8
190,7,24.8,0.0,2018,20180710,18.8,0.0,31.4,10,0.0,1.1,281,2018-07-10,3.8,78.0
191,7,28.1,0.0,2018,20180711,22.8,0.0,34.5,11,0.0,0.9,281,2018-07-11,4.4,73.3
192,7,29.2,0.0,2018,20180712,23.9,0.0,35.0,12,0.0,1.2,281,2018-07-12,10.6,69.9
193,7,29.9,0.0,2018,20180713,25.4,0.0,35.3,13,0.0,1.3,281,2018-07-13,12.5,65.9
194,7,29.9,0.0,2018,20180714,24.0,0.0,36.8,14,0.0,1.6,281,2018-07-14,12.9,62.3
195,7,30.3,0.0,2018,20180715,23.3,0.0,37.2,15,0.0,1.3,281,2018-07-15,12.8,62.9
196,7,30.6,0.0,2018,20180716,23.5,0.0,37.5,16,0.0,1.4,281,2018-07-16,12.6,61.0
197,7,30.3,0.0,2018,20180717,24.1,0.0,36.8,17,0.0,1.5,281,2018-07-17,12.0,61.1
198,7,30.1,0.0,2018,20180718,23.3,0.0,36.7,18,0.0,1.3,281,2018-07-18,12.1,63.6
199,7,30.3,0.0,2018,20180719,23.9,0.0,37.3,19,0.0,1.1,281,2018-07-19,11.8,64.6
200,7,30.8,0.0,2018,20180720,23.5,0.0,38.4,20,0.0,1.3,281,2018-07-20,12.2,60.3
201,7,30.8,0.0,2018,20180721,23.7,0.0,37.8,21,0.0,1.4,281,2018-07-21,12.3,62.6
202,7,30.6,0.0,2018,20180722,24.5,0.0,36.6,22,0.0,1.6,281,2018-07-22,10.5,60.0
203,7,31.2,0.0,2018,20180723,24.4,0.0,38.2,23,0.0,1.4,281,2018-07-23,12.9,58.1
204,7,31.3,0.0,2018,20180724,25.1,0.0,38.9,24,0.0,1.4,281,2018-07-24,11.3,60.8
205,7,31.8,0.0,2018,20180725,25.3,0.0,38.9,25,0.0,1.4,281,2018-07-25,10.4,59.9
206,7,31.9,0.0,2018,20180726,26.3,0.0,39.1,26,0.0,1.3,281,2018-07-26,9.5,60.6
207,7,31.1,0.0,2018,20180727,26.4,0.0,37.9,27,0.0,1.7,281,2018-07-27,9.3,65.1
208,7,28.8,0.0,2018,20180728,25.5,0.0,33.2,28,0.0,1.7,281,2018-07-28,7.2,68.8
209,7,28.8,0.0,2018,20180729,22.9,0.0,35.7,29,0.0,2.2,281,2018-07-29,7.5,62.1
210,7,27.9,0.5,2018,20180730,25.1,0.0,32.6,30,0.0,2.1,281,2018-07-30,7.5,70.3
211,7,28.3,0.0,2018,20180731,22.2,1.0,34.3,31,0.0,1.8,281,2018-07-31,12.4,66.8
212,8,29.3,0.0,2018,20180801,22.3,1.1,36.9,1,0.0,1.8,281,2018-08-01,12.8,61.4
213,8,29.7,0.0,2018,20180802,23.0,2.1,36.6,2,0.0,1.7,281,2018-08-02,12.1,61.9
214,8,31.2,0.0,2018,20180803,23.4,3.8,38.6,3,0.0,1.6,281,2018-08-03,12.5,55.4
215,8,31.9,0.0,2018,20180804,24.3,1.9,39.1,4,0.0,2.0,281,2018-08-04,10.7,54.5
216,8,32.2,0.0,2018,20180805,28.1,3.6,38.0,5,0.0,2.8,281,2018-08-05,10.4,50.1
217,8,29.3,12.0,2018,20180806,25.5,8.7,35.5,6,0.0,1.8,281,2018-08-06,4.4,67.6
218,8,27.0,0.0,2018,20180807,24.4,7.0,31.3,7,0.0,1.8,281,2018-08-07,4.8,75.8
219,8,27.7,0.0,2018,20180808,22.8,6.4,34.7,8,0.0,1.7,281,2018-08-08,10.2,71.4
220,8,27.9,0.1,2018,20180809,23.1,7.0,36.3,9,0.0,1.7,281,2018-08-09,6.8,72.8
221,8,25.4,27.5,2018,20180810,23.8,9.1,26.9,10,0.0,1.6,281,2018-08-10,0.0,89.5
222,8,26.5,0.1,2018,20180811,24.3,7.5,30.3,11,0.0,1.5,281,2018-08-11,2.3,77.3
223,8,27.5,1.5,2018,20180812,24.0,7.3,31.9,12,0.0,1.4,281,2018-08-12,3.7,78.3
224,8,29.9,0.0,2018,20180813,24.2,5.9,37.6,13,0.0,1.1,281,2018-08-13,11.0,71.6
225,8,29.5,0.0,2018,20180814,24.0,5.4,36.2,14,0.0,1.3,281,2018-08-14,11.6,66.5
226,8,27.9,5.5,2018,20180815,23.1,6.4,33.9,15,0.0,2.2,281,2018-08-15,9.8,75.6
227,8,25.9,4.0,2018,20180816,23.6,8.9,31.5,16,0.0,1.9,281,2018-08-16,1.9,76.9
228,8,24.0,0.0,2018,20180817,19.4,4.8,28.1,17,0.0,3.3,281,2018-08-17,8.1,59.6
229,8,22.5,0.0,2018,20180818,17.6,6.5,28.5,18,0.0,1.7,281,2018-08-18,9.6,65.3
230,8,23.8,0.0,2018,20180819,16.3,5.8,31.2,19,0.0,1.3,281,2018-08-19,11.3,65.8
231,8,25.4,0.0,2018,20180820,18.5,3.6,32.6,20,0.0,1.4,281,2018-08-20,11.0,65.6
232,8,28.0,0.0,2018,20180821,18.8,2.0,36.0,21,0.0,1.6,281,2018-08-21,12.1,60.6
233,8,29.2,0.0,2018,20180822,24.2,6.5,34.3,22,0.0,2.5,281,2018-08-22,9.5,63.0
234,8,27.2,8.5,2018,20180823,25.5,9.4,29.1,23,0.0,2.6,281,2018-08-23,0.1,80.5
235,8,28.4,1.5,2018,20180824,24.5,7.5,33.5,24,0.0,3.5,281,2018-08-24,5.7,67.4
236,8,24.8,2.5,2018,20180825,21.3,8.1,31.9,25,0.0,1.4,281,2018-08-25,4.4,76.4
237,8,20.8,94.0,2018,20180826,19.4,10.0,23.0,26,0.0,0.9,281,2018-08-26,0.0,96.4
238,8,23.3,62.0,2018,20180827,20.7,9.3,25.6,27,0.0,0.8,281,2018-08-27,0.1,96.5
239,8,25.3,6.0,2018,20180828,23.0,8.9,32.6,28,0.0,1.2,281,2018-08-28,2.6,89.1
240,8,27.5,0.0,2018,20180829,22.3,6.9,33.2,29,0.0,1.5,281,2018-08-29,8.6,72.4
241,8,27.6,1.5,2018,20180830,24.5,6.8,32.2,30,0.0,1.6,281,2018-08-30,4.2,76.8
242,8,23.4,16.5,2018,20180831,21.3,9.1,26.5,31,0.0,1.4,281,2018-08-31,0.0,89.3
243,9,23.1,0.0,2018,20180901,19.8,6.8,27.5,1,0.0,2.0,281,2018-09-01,7.8,75.1
244,9,21.3,2.5,2018,20180902,16.4,5.1,25.7,2,0.0,1.8,281,2018-09-02,4.1,77.1
245,9,24.0,4.0,2018,20180903,20.2,9.5,27.6,3,0.0,0.8,281,2018-09-03,0.7,91.4
246,9,23.7,41.5,2018,20180904,19.3,4.4,30.4,4,0.0,1.9,281,2018-09-04,8.0,72.4
247,9,23.9,0.0,2018,20180905,18.1,2.9,30.5,5,0.0,2.4,281,2018-09-05,11.7,56.6
248,9,21.9,0.1,2018,20180906,15.7,8.5,27.9,6,0.0,0.9,281,2018-09-06,1.8,74.1
249,9,22.0,3.0,2018,20180907,19.1,9.3,27.1,7,0.0,1.4,281,2018-09-07,1.2,76.1
250,9,19.5,0.0,2018,20180908,15.7,7.8,25.1,8,0.0,0.8,281,2018-09-08,2.1,76.5
251,9,20.6,0.0,2018,20180909,14.1,5.3,27.2,9,0.0,1.7,281,2018-09-09,10.1,70.5
252,9,19.7,2.0,2018,20180910,15.0,4.4,24.9,10,0.0,2.0,281,2018-09-10,9.9,68.8
253,9,19.1,0.0,2018,20180911,14.0,6.9,23.9,11,0.0,2.2,281,2018-09-11,5.8,67.5
254,9,20.2,0.0,2018,20180912,16.4,8.9,25.1,12,0.0,1.5,281,2018-09-12,4.3,73.6
255,9,20.7,0.5,2018,20180913,17.6,9.5,23.8,13,0.0,1.0,281,2018-09-13,0.0,85.5
256,9,21.7,11.5,2018,20180914,20.0,9.9,23.6,14,0.0,1.3,281,2018-09-14,0.0,92.1
257,9,22.3,0.5,2018,20180915,20.6,9.1,24.8,15,0.0,1.0,281,2018-09-15,0.0,87.4
258,9,24.1,0.0,2018,20180916,21.4,7.4,29.5,16,0.0,1.3,281,2018-09-16,3.9,74.4
259,9,22.8,0.0,2018,20180917,18.2,5.9,29.0,17,0.0,1.5,281,2018-09-17,6.9,70.4
260,9,22.1,0.0,2018,20180918,16.3,5.4,29.3,18,0.0,1.0,281,2018-09-18,9.7,72.6
261,9,21.8,1.0,2018,20180919,17.3,9.3,27.0,19,0.0,1.2,281,2018-09-19,2.0,80.1
262,9,20.3,7.5,2018,20180920,19.3,7.6,22.1,20,0.0,1.5,281,2018-09-20,0.0,88.9
263,9,19.8,32.0,2018,20180921,19.1,8.5,20.6,21,0.0,1.0,281,2018-09-21,0.0,94.8
264,9,20.4,0.0,2018,20180922,15.3,6.5,27.2,22,0.0,1.4,281,2018-09-22,8.2,76.0
265,9,19.8,0.0,2018,20180923,12.5,6.1,27.5,23,0.0,1.2,281,2018-09-23,10.2,67.4
266,9,16.8,0.0,2018,20180924,11.6,7.9,21.8,24,0.0,1.1,281,2018-09-24,0.2,72.3
267,9,15.5,0.0,2018,20180925,8.7,4.3,23.4,25,0.0,1.3,281,2018-09-25,9.1,74.6
268,9,17.1,0.0,2018,20180926,11.7,5.6,22.6,26,0.0,1.9,281,2018-09-26,6.1,66.6
269,9,15.9,0.0,2018,20180927,9.8,2.1,23.5,27,0.0,1.5,281,2018-09-27,9.3,69.6
270,9,15.4,0.0,2018,20180928,9.0,7.1,22.2,28,0.0,0.9,281,2018-09-28,1.3,77.3
271,9,18.0,0.5,2018,20180929,14.8,10.0,21.4,29,0.0,0.7,281,2018-09-29,0.2,82.9
272,9,19.6,0.5,2018,20180930,15.6,5.1,27.2,30,0.0,2.2,281,2018-09-30,6.8,60.9
273,10,16.6,0.1,2018,20181001,13.7,5.8,21.5,1,0.0,3.1,281,2018-10-01,6.5,50.6
274,10,15.4,0.0,2018,20181002,9.0,1.0,23.5,2,0.0,1.2,281,2018-10-02,10.9,67.3
275,10,15.1,0.0,2018,20181003,6.9,0.5,24.5,3,0.0,0.9,281,2018-10-03,10.8,72.0
276,10,17.1,0.5,2018,20181004,9.4,7.3,23.6,4,0.0,1.6,281,2018-10-04,8.2,72.3
277,10,18.7,62.5,2018,20181005,17.3,10.0,20.1,5,0.0,0.8,281,2018-10-05,0.0,95.3
278,10,20.7,71.0,2018,20181006,17.3,8.9,23.4,6,0.0,3.2,281,2018-10-06,1.8,85.0
279,10,18.7,0.0,2018,20181007,13.2,1.5,26.2,7,0.0,1.6,281,2018-10-07,9.7,69.0
280,10,15.5,0.0,2018,20181008,10.1,5.1,22.3,8,0.0,1.6,281,2018-10-08,10.4,53.6
281,10,15.1,0.0,2018,20181009,9.9,9.4,20.6,9,0.0,0.7,281,2018-10-09,2.3,76.3
282,10,14.7,0.0,2018,20181010,10.5,8.4,19.5,10,0.0,2.2,281,2018-10-10,5.2,63.9
283,10,11.7,0.0,2018,20181011,6.0,3.1,17.6,11,0.0,2.8,281,2018-10-11,10.1,46.3
284,10,10.7,0.0,2018,20181012,2.8,1.9,19.1,12,0.0,1.0,281,2018-10-12,10.7,66.8
285,10,12.9,0.0,2018,20181013,6.7,6.1,20.9,13,0.0,0.9,281,2018-10-13,6.9,72.4
286,10,13.2,0.0,2018,20181014,5.3,4.9,21.5,14,0.0,0.7,281,2018-10-14,8.9,72.8
287,10,14.5,0.0,2018,20181015,8.5,3.3,22.3,15,0.0,1.2,281,2018-10-15,9.8,68.8
288,10,12.9,0.0,2018,20181016,7.7,7.8,18.1,16,0.0,0.7,281,2018-10-16,0.5,82.5
289,10,12.7,0.0,2018,20181017,8.3,3.6,20.4,17,0.0,1.0,281,2018-10-17,7.1,79.6
290,10,11.8,0.5,2018,20181018,4.8,3.8,19.8,18,0.0,1.4,281,2018-10-18,7.3,76.8
291,10,12.7,0.5,2018,20181019,7.1,1.0,21.1,19,0.0,1.3,281,2018-10-19,8.3,67.5
292,10,10.4,0.0,2018,20181020,3.7,1.6,21.1,20,0.0,0.7,281,2018-10-20,7.7,70.8
293,10,10.5,0.0,2018,20181021,1.9,0.0,22.1,21,0.0,0.6,281,2018-10-21,9.9,66.6
294,10,13.0,0.0,2018,20181022,4.5,7.8,21.7,22,0.0,0.6,281,2018-10-22,5.8,73.1
295,10,14.9,0.0,2018,20181023,9.3,2.4,22.2,23,0.0,1.1,281,2018-10-23,7.2,70.6
296,10,12.5,0.0,2018,20181024,6.0,0.0,20.8,24,0.0,1.4,281,2018-10-24,9.7,61.4
297,10,11.5,0.0,2018,20181025,2.9,0.9,21.2,25,0.0,0.8,281,2018-10-25,9.7,70.8
298,10,12.0,8.5,2018,20181026,7.9,8.0,15.7,26,0.0,1.1,281,2018-10-26,0.0,84.3
299,10,11.7,0.0,2018,20181027,7.0,3.1,16.7,27,0.0,3.4,281,2018-10-27,6.3,46.0
300,10,11.0,0.1,2018,20181028,1.9,4.1,18.2,28,0.0,2.1,281,2018-10-28,8.0,61.3
301,10,10.0,1.0,2018,20181029,4.1,3.4,17.6,29,0.0,1.9,281,2018-10-29,6.3,70.6
302,10,8.5,0.0,2018,20181030,4.7,0.7,14.1,30,0.0,2.9,281,2018-10-30,9.8,48.0
303,10,7.5,0.0,2018,20181031,0.8,1.5,15.9,31,0.0,1.5,281,2018-10-31,9.5,62.9
304,11,6.8,0.0,2018,20181101,-1.1,0.0,17.3,1,0.0,1.2,281,2018-11-01,9.5,62.5
305,11,7.8,0.0,2018,20181102,-0.9,0.0,19.0,2,0.0,0.6,281,2018-11-02,9.4,64.0
306,11,8.2,0.0,2018,20181103,-0.3,1.8,20.1,3,0.0,0.7,281,2018-11-03,9.0,64.0
307,11,8.8,0.0,2018,20181104,0.1,2.4,20.8,4,0.0,0.8,281,2018-11-04,9.0,63.9
308,11,9.9,0.0,2018,20181105,0.7,3.3,20.7,5,0.0,0.7,281,2018-11-05,8.9,73.3
309,11,11.5,0.0,2018,20181106,4.9,4.6,20.2,6,0.0,0.8,281,2018-11-06,6.3,78.1
310,11,13.7,0.2,2018,20181107,9.1,9.9,18.0,7,0.0,0.6,281,2018-11-07,0.0,82.4
311,11,15.0,14.0,2018,20181108,12.3,8.8,17.9,8,0.0,1.4,281,2018-11-08,0.0,92.8
312,11,12.8,0.0,2018,20181109,5.4,4.9,17.0,9,0.0,2.8,281,2018-11-09,3.8,63.0
313,11,8.8,0.0,2018,20181110,1.8,2.0,19.1,10,0.0,0.9,281,2018-11-10,6.2,77.3
314,11,9.7,0.5,2018,20181111,2.1,6.8,18.6,11,0.0,0.9,281,2018-11-11,4.1,77.9
315,11,10.5,0.1,2018,20181112,5.2,6.0,16.4,12,0.0,1.0,281,2018-11-12,6.7,71.4
316,11,9.8,0.0,2018,20181113,4.8,5.4,15.7,13,0.0,1.1,281,2018-11-13,2.1,74.5
317,11,7.9,0.0,2018,20181114,1.9,2.5,16.3,14,0.0,0.9,281,2018-11-14,4.6,78.6
318,11,7.5,0.0,2018,20181115,1.0,3.6,17.4,15,0.0,0.6,281,2018-11-15,6.3,75.8
319,11,7.0,0.0,2018,20181116,2.2,7.4,13.3,16,0.0,0.6,281,2018-11-16,0.0,80.8
320,11,8.5,0.0,2018,20181117,3.0,3.3,16.5,17,0.0,0.9,281,2018-11-17,7.8,71.9
321,11,7.9,0.0,2018,20181118,3.0,9.3,11.3,18,0.0,1.6,281,2018-11-18,0.1,45.1
322,11,6.7,0.0,2018,20181119,1.0,2.6,15.5,19,0.0,1.2,281,2018-11-19,7.5,56.6
323,11,5.5,0.0,2018,20181120,-0.9,1.1,15.1,20,0.0,1.0,281,2018-11-20,7.8,52.6
324,11,5.6,0.0,2018,20181121,-2.2,7.6,12.1,21,0.0,1.1,281,2018-11-21,2.9,58.6
325,11,4.8,0.0,2018,20181122,-1.4,2.0,9.8,22,0.0,2.6,281,2018-11-22,7.7,42.8
326,11,1.0,0.0,2018,20181123,-4.9,0.0,9.1,23,0.0,1.3,281,2018-11-23,7.8,48.3
327,11,-0.5,0.2,2018,20181124,-5.0,8.6,4.5,24,0.0,0.7,281,2018-11-24,0.4,72.9
328,11,3.9,0.0,2018,20181125,-0.7,5.6,12.3,25,0.0,1.3,281,2018-11-25,2.4,84.3
329,11,4.6,0.0,2018,20181126,-3.2,0.4,15.3,26,0.0,0.8,281,2018-11-26,6.8,73.0
330,11,5.9,0.0,2018,20181127,-3.0,2.6,16.5,27,0.0,1.1,281,2018-11-27,7.5,73.5
331,11,5.7,0.0,2018,20181128,-0.7,4.0,13.8,28,0.0,0.8,281,2018-11-28,4.8,60.4
332,11,4.2,0.0,2018,20181129,-3.2,1.0,12.8,29,0.0,0.7,281,2018-11-29,5.6,57.5
333,11,5.4,0.0,2018,20181130,-2.6,1.5,15.0,30,0.0,1.2,281,2018-11-30,7.4,52.8
334,12,4.9,0.0,2018,20181201,0.2,6.9,12.1,1,0.0,0.7,281,2018-12-01,3.0,62.5
335,12,7.0,0.0,2018,20181202,-1.7,4.9,16.1,2,0.0,0.6,281,2018-12-02,6.2,72.0
336,12,12.0,2.0,2018,20181203,8.8,8.5,16.2,3,0.0,0.4,281,2018-12-03,0.7,89.8
337,12,12.1,13.0,2018,20181204,7.8,8.1,16.7,4,0.0,2.4,281,2018-12-04,0.9,76.6
338,12,6.9,0.0,2018,20181205,1.1,6.0,11.8,5,0.0,1.9,281,2018-12-05,7.0,44.0
339,12,5.3,2.0,2018,20181206,3.8,9.3,7.5,6,0.0,2.5,281,2018-12-06,0.9,68.6
340,12,-2.0,0.0,2018,20181207,-5.4,9.1,4.1,7,0.0,4.7,281,2018-12-07,0.5,34.3
341,12,-4.3,0.0,2018,20181208,-7.3,3.4,-0.1,8,0.0,3.6,281,2018-12-08,7.6,35.1
342,12,-3.3,0.0,2018,20181209,-7.5,3.5,2.3,9,0.0,2.4,281,2018-12-09,7.1,31.3
343,12,-2.5,0.0,2018,20181210,-10.6,1.8,7.0,10,0.0,0.8,281,2018-12-10,7.7,53.6
344,12,0.2,3.5,2018,20181211,-4.2,9.6,2.0,11,0.0,0.9,281,2018-12-11,0.0,82.4
345,12,-0.4,0.0,2018,20181212,-4.1,0.1,3.6,12,0.0,2.6,281,2018-12-12,7.3,59.1
346,12,0.1,0.0,2018,20181213,-6.1,2.4,6.5,13,0.0,2.4,281,2018-12-13,6.6,53.4
347,12,-1.6,0.0,2018,20181214,-6.1,0.0,3.8,14,0.0,2.4,281,2018-12-14,7.7,43.8
348,12,-3.0,0.0,2018,20181215,-10.3,3.3,5.9,15,0.0,0.8,281,2018-12-15,7.7,54.6
349,12,-1.6,1.0,2018,20181216,-6.3,8.9,2.2,16,0.0,0.6,281,2018-12-16,0.8,82.6
350,12,1.8,0.0,2018,20181217,-3.9,2.8,7.8,17,0.0,1.9,281,2018-12-17,6.0,63.1
351,12,2.5,0.0,2018,20181218,-2.6,1.8,9.0,18,0.0,2.2,281,2018-12-18,6.5,57.1
352,12,3.1,0.0,2018,20181219,-4.4,4.5,13.1,19,0.0,0.9,281,2018-12-19,5.4,66.8
353,12,2.7,0.0,2018,20181220,-2.6,6.1,10.2,20,0.0,0.4,281,2018-12-20,0.0,68.5
354,12,3.2,0.0,2018,20181221,-4.5,3.8,13.0,21,0.0,0.5,281,2018-12-21,7.0,71.1
355,12,5.3,0.0,2018,20181222,-2.4,4.1,14.8,22,0.0,0.6,281,2018-12-22,5.8,72.1
356,12,6.8,3.0,2018,20181223,2.2,3.8,12.3,23,0.0,2.8,281,2018-12-23,5.3,49.9
357,12,0.7,0.0,2018,20181224,-2.6,1.4,6.1,24,0.0,2.5,281,2018-12-24,7.6,33.8
358,12,0.0,0.0,2018,20181225,-4.9,7.0,6.4,25,0.0,1.3,281,2018-12-25,2.6,52.6
359,12,3.4,0.0,2018,20181226,-0.6,8.1,10.0,26,0.0,1.7,281,2018-12-26,6.1,40.6
360,12,-3.6,0.0,2018,20181227,-8.1,3.5,1.4,27,0.0,4.8,281,2018-12-27,7.6,20.9
361,12,-6.1,0.0,2018,20181228,-9.5,0.0,-1.7,28,0.0,3.8,281,2018-12-28,7.6,35.4
362,12,-4.5,0.0,2018,20181229,-7.9,0.0,-0.3,29,0.0,4.2,281,2018-12-29,7.6,30.4
363,12,-4.0,0.0,2018,20181230,-7.5,2.8,1.5,30,0.0,2.0,281,2018-12-30,7.6,36.4
364,12,-2.4,0.0,2018,20181231,-11.3,2.4,6.3,31,0.0,1.6,281,2018-12-31,7.6,36.5
