,sunshine,station_id,day,humid,tmin,date,wind,snow,Date,tavg,cloud,year,tmax,month,rainfall
0,3.6,281,1,79.8,-1.9,20240101,0.8,0.0,2024-01-01,2.9,4.1,2024,9.4,1,0.0
1,2.7,281,2,71.9,0.4,20240102,1.4,0.0,2024-01-02,4.6,6.9,2024,9.5,1,0.0
2,2.6,281,3,75.6,1.1,20240103,2.7,0.0,2024-01-03,3.4,6.1,2024,6.5,1,3.7
3,7.2,281,4,61.5,-2.9,20240104,1.6,0.0,2024-01-04,1.7,0.0,2024,8.3,1,0.0
4,7.1,281,5,76.6,-5.4,20240105,1.1,0.0,2024-01-05,2.1,2.1,2024,11.6,1,0.0
5,7.2,281,6,52.8,-3.5,20240106,2.3,0.0,2024-01-06,3.1,1.6,2024,8.1,1,0.0
6,7.2,281,7,46.6,-4.0,20240107,4.1,0.0,2024-01-07,-0.4,0.8,2024,2.7,1,0.0
7,7.3,281,8,44.9,-8.8,20240108,1.4,0.0,2024-01-08,-3.2,0.3,2024,3.4,1,0.0
8,1.3,281,9,63.9,-7.5,20240109,0.8,0.0,2024-01-09,-0.6,5.6,2024,6.0,1,1.6
9,3.0,281,10,82.4,-0.9,20240110,1.2,0.0,2024-01-10,2.6,4.1,2024,6.7,1,0.2
10,7.2,281,11,67.9,-3.4,20240111,2.5,0.0,2024-01-11,1.6,1.1,2024,6.2,1,0.0
11,7.0,281,12,47.4,-0.3,20240112,2.4,0.0,2024-01-12,4.3,0.6,2024,9.6,1,0.0
12,7.3,281,13,44.4,-4.0,20240113,1.6,0.0,2024-01-13,1.3,0.0,2024,7.5,1,0.0
13,7.4,281,14,70.8,-7.2,20240114,1.7,0.0,2024-01-14,3.6,1.9,2024,13.1,1,0.0
14,7.4,281,15,49.9,-1.9,20240115,2.7,0.0,2024-01-15,1.4,0.8,2024,5.9,1,0.0
15,7.4,281,16,52.8,-8.1,20240116,0.8,0.0,2024-01-16,-0.4,1.5,2024,7.7,1,0.0
16,1.1,281,17,77.8,-4.4,20240117,0.5,0.0,2024-01-17,2.5,9.3,2024,8.2,1,1.3
17,0.0,281,18,90.5,4.0,20240118,1.4,0.0,2024-01-18,5.7,8.6,2024,7.4,1,4.0
18,0.0,281,19,71.8,5.2,20240119,3.1,0.0,2024-01-19,5.9,9.1,2024,6.8,1,0.0
19,0.0,281,20,87.6,3.7,20240120,2.4,0.0,2024-01-20,5.6,9.9,2024,7.2,1,8.3
20,0.2,281,21,84.4,1.9,20240121,1.2,0.0,2024-01-21,5.1,4.5,2024,8.6,1,0.5
21,7.2,281,22,58.0,-7.5,20240122,5.0,0.0,2024-01-22,-1.9,4.5,2024,4.4,1,0.0
22,7.8,281,25,40.3,-8.6,20240125,2.6,0.0,2024-01-25,-3.1,0.8,2024,2.1,1,0.0
23,7.8,281,26,48.3,-4.0,20240126,3.5,0.0,2024-01-26,0.9,0.3,2024,6.8,1,0.0
24,7.7,281,27,52.3,-2.2,20240127,2.2,0.0,2024-01-27,2.1,1.3,2024,8.6,1,0.0
25,7.8,281,29,64.6,-8.1,20240129,1.1,0.0,2024-01-29,-1.4,0.3,2024,7.1,1,0.0
26,7.8,281,30,68.9,-8.4,20240130,0.6,0.0,2024-01-30,0.5,2.0,2024,9.7,1,0.0
27,5.5,281,31,61.1,1.1,20240131,0.8,0.0,2024-01-31,6.2,6.4,2024,13.6,1,0.0
28,0.2,281,1,65.4,2.7,20240201,2.4,0.0,2024-02-01,5.5,9.6,2024,8.9,2,0.0
29,0.2,281,2,82.6,2.2,20240202,1.0,0.0,2024-02-02,3.9,8.8,2024,7.2,2,0.0
30,0.4,281,3,86.3,0.9,20240203,1.2,0.0,2024-02-03,4.5,9.3,2024,8.1,2,2.1
31,0.1,281,4,86.6,2.7,20240204,1.1,0.0,2024-02-04,5.4,9.4,2024,8.6,2,2.0
32,0.0,281,5,84.4,2.8,20240205,2.7,0.0,2024-02-05,5.0,9.9,2024,6.7,2,13.3
33,0.0,281,6,84.6,0.8,20240206,0.8,0.0,2024-02-06,2.9,10.0,2024,5.0,2,0.1
34,8.4,281,8,73.5,-4.7,20240208,0.9,0.0,2024-02-08,0.9,3.1,2024,8.1,2,0.0
35,8.0,281,9,60.9,-4.0,20240209,1.6,0.0,2024-02-09,2.2,0.3,2024,9.5,2,0.0
36,8.2,281,10,57.0,-2.5,20240210,2.4,0.0,2024-02-10,3.2,0.5,2024,8.3,2,0.0
37,7.4,281,11,60.4,-4.6,20240211,2.3,0.0,2024-02-11,2.5,1.5,2024,7.6,2,0.0
38,9.0,281,12,59.0,-5.2,20240212,1.0,0.0,2024-02-12,2.6,0.0,2024,11.9,2,0.0
39,8.9,281,13,64.5,-4.5,20240213,1.8,0.0,2024-02-13,7.3,0.0,2024,16.5,2,0.0
40,2.2,281,14,85.5,3.0,20240214,1.0,0.0,2024-02-14,9.6,6.8,2024,17.6,2,0.7
41,1.9,281,15,82.1,3.1,20240215,2.0,0.0,2024-02-15,7.2,8.5,2024,17.6,2,0.0
42,5.7,281,16,67.4,-2.5,20240216,0.9,0.0,2024-02-16,2.8,2.6,2024,8.8,2,0.0
43,9.1,281,17,66.1,-4.8,20240217,0.9,0.0,2024-02-17,3.7,0.0,2024,14.8,2,0.0
44,4.0,281,18,81.6,-4.3,20240218,0.8,0.0,2024-02-18,7.0,6.5,2024,14.4,2,8.2
45,1.1,281,19,91.1,11.4,20240219,1.4,0.0,2024-02-19,14.4,8.3,2024,19.0,2,15.1
46,0.0,281,20,87.3,5.5,20240220,2.5,0.0,2024-02-20,7.0,9.4,2024,12.7,2,3.1
47,0.0,281,21,89.0,3.6,20240221,2.9,0.0,2024-02-21,4.9,9.9,2024,6.0,2,6.2
48,0.0,281,22,81.4,1.9,20240222,2.2,0.0,2024-02-22,2.9,9.9,2024,4.3,2,1.9
49,0.0,281,23,68.3,1.6,20240223,2.4,0.0,2024-02-23,2.9,10.0,2024,5.1,2,0.1
50,0.0,281,24,68.9,1.5,20240224,2.0,0.0,2024-02-24,3.3,10.0,2024,5.7,2,0.8
51,0.4,281,25,85.5,1.0,20240225,1.3,0.0,2024-02-25,4.0,9.4,2024,7.8,2,1.7
52,1.8,281,26,69.9,-0.1,20240226,1.4,0.0,2024-02-26,4.6,5.3,2024,9.8,2,0.0
53,0.5,281,27,74.3,-2.1,20240227,1.0,0.0,2024-02-27,1.6,6.3,2024,6.1,2,0.0
54,6.9,281,28,74.1,-4.4,20240228,0.8,0.0,2024-02-28,3.3,3.6,2024,10.7,2,0.0
55,0.0,281,29,93.1,0.4,20240229,1.0,0.0,2024-02-29,3.1,8.9,2024,6.0,2,8.4
56,9.3,281,1,40.1,-4.9,20240301,4.5,0.0,2024-03-01,-0.1,1.6,2024,3.6,3,0.0
57,10.5,281,2,43.5,-6.6,20240302,2.3,0.0,2024-03-02,-0.4,0.0,2024,5.2,3,0.0
58,5.3,281,3,56.0,-2.0,20240303,2.2,0.0,2024-03-03,5.5,3.3,2024,11.1,3,0.0
59,7.8,281,4,63.6,-2.6,20240304,0.9,0.0,2024-03-04,6.3,5.9,2024,13.3,3,0.0
60,0.0,281,5,89.0,5.4,20240305,1.8,0.0,2024-03-05,6.4,10.0,2024,7.4,3,8.1
61,1.1,281,6,65.3,4.6,20240306,2.2,0.0,2024-03-06,6.9,8.5,2024,10.5,3,0.0
62,1.9,281,7,70.6,2.7,20240307,1.2,0.0,2024-03-07,5.0,7.1,2024,8.5,3,0.0
63,9.2,281,8,43.5,0.3,20240308,3.8,0.0,2024-03-08,4.0,0.5,2024,9.6,3,0.0
64,10.9,281,9,51.9,-3.3,20240309,1.7,0.0,2024-03-09,2.5,0.0,2024,9.5,3,0.0
65,10.9,281,10,57.4,-5.3,20240310,1.3,0.0,2024-03-10,3.4,1.0,2024,13.0,3,0.0
66,4.6,281,11,56.8,-2.2,20240311,1.2,0.0,2024-03-11,6.3,8.1,2024,12.8,3,0.0
67,3.6,281,12,81.6,-1.2,20240312,1.0,0.0,2024-03-12,5.0,5.3,2024,12.6,3,2.7
68,8.0,281,13,61.5,1.1,20240313,1.9,0.0,2024-03-13,7.3,2.9,2024,14.8,3,0.0
69,10.0,281,14,44.3,1.9,20240314,2.1,0.0,2024-03-14,8.8,0.4,2024,17.1,3,0.0
70,10.8,281,15,43.5,-1.3,20240315,1.9,0.0,2024-03-15,10.4,0.0,2024,19.9,3,0.0
71,9.5,281,16,57.0,1.4,20240316,1.4,0.0,2024-03-16,11.1,3.5,2024,19.5,3,0.0
72,4.6,281,17,46.4,4.2,20240317,3.0,0.0,2024-03-17,12.0,4.9,2024,18.2,3,0.0
73,10.4,281,18,57.1,-1.0,20240318,1.1,0.0,2024-03-18,7.3,2.9,2024,15.4,3,0.0
74,3.0,281,19,51.5,4.7,20240319,3.2,0.0,2024-03-19,8.8,7.3,2024,15.7,3,0.0
75,8.5,281,20,38.4,2.7,20240320,3.5,0.0,2024-03-20,6.0,2.5,2024,11.1,3,0.0
76,10.7,281,21,49.0,-2.0,20240321,1.7,0.0,2024-03-21,5.4,0.0,2024,12.1,3,0.0
77,8.4,281,22,64.8,-0.6,20240322,1.7,0.0,2024-03-22,9.0,7.5,2024,16.2,3,1.5
78,8.6,281,23,71.1,10.2,20240323,2.4,0.0,2024-03-23,14.4,4.3,2024,23.4,3,0.8
79,0.0,281,24,74.9,9.4,20240324,2.1,0.0,2024-03-24,10.5,9.9,2024,12.7,3,0.2
80,0.0,281,25,78.5,7.2,20240325,2.7,0.0,2024-03-25,9.5,9.9,2024,12.5,3,15.3
81,0.0,281,26,81.5,4.7,20240326,1.8,0.0,2024-03-26,7.4,8.5,2024,10.1,3,14.7
82,7.1,281,27,75.3,-0.2,20240327,1.0,0.0,2024-03-27,8.5,4.8,2024,16.7,3,0.0
83,0.0,281,28,95.8,7.4,20240328,1.2,0.0,2024-03-28,9.0,9.5,2024,11.2,3,25.9
84,7.8,281,29,59.5,4.1,20240329,3.0,0.0,2024-03-29,12.3,1.1,2024,19.5,3,0.0
85,6.8,281,30,62.3,1.7,20240330,1.3,0.0,2024-03-30,9.8,1.8,2024,15.9,3,2.2
86,8.7,281,31,55.5,3.7,20240331,1.5,0.0,2024-03-31,12.0,3.1,2024,18.8,3,0.0
87,11.0,281,1,55.4,2.2,20240401,1.4,0.0,2024-04-01,12.3,0.0,2024,22.8,4,0.0
88,8.5,281,2,63.1,3.8,20240402,1.2,0.0,2024-04-02,13.3,7.9,2024,24.3,4,2.7
89,0.0,281,3,98.8,10.7,20240403,1.1,0.0,2024-04-03,11.9,9.9,2024,13.3,4,29.9
90,1.5,281,4,66.0,9.9,20240404,2.1,0.0,2024-04-04,12.0,8.5,2024,15.6,4,0.0
91,3.6,281,5,65.4,8.0,20240405,1.4,0.0,2024-04-05,12.3,6.6,2024,18.2,4,0.0
92,4.4,281,6,68.8,6.1,20240406,1.0,0.0,2024-04-06,12.8,7.1,2024,20.6,4,0.0
93,10.7,281,7,56.9,6.0,20240407,1.2,0.0,2024-04-07,15.2,3.6,2024,24.6,4,0.0
94,2.3,281,8,53.6,8.2,20240408,0.8,0.0,2024-04-08,16.1,8.8,2024,23.3,4,0.0
95,11.4,281,9,55.8,4.8,20240409,3.1,0.0,2024-04-09,11.3,1.0,2024,16.1,4,0.0
96,9.4,281,10,64.3,2.1,20240410,0.9,0.0,2024-04-10,11.0,6.3,2024,18.9,4,0.0
97,1.7,281,11,63.4,7.8,20240411,1.1,0.0,2024-04-11,13.4,6.8,2024,20.5,4,0.0
98,10.3,281,12,62.4,6.3,20240412,0.9,0.0,2024-04-12,16.0,1.8,2024,25.0,4,0.0
99,11.7,281,13,57.9,7.9,20240413,1.1,0.0,2024-04-13,17.4,0.0,2024,27.7,4,0.0
100,11.1,281,14,54.0,7.2,20240414,1.3,0.0,2024-04-14,17.5,3.8,2024,27.5,4,0.0
101,0.0,281,15,87.4,14.0,20240415,1.0,0.0,2024-04-15,15.5,7.0,2024,19.2,4,11.3
102,8.4,281,16,66.3,11.8,20240416,2.1,0.0,2024-04-16,16.8,1.3,2024,22.8,4,0.0
103,10.6,281,17,60.0,7.2,20240417,1.3,0.0,2024-04-17,15.3,4.4,2024,24.5,4,0.0
104,10.6,281,18,61.9,8.1,20240418,1.3,0.0,2024-04-18,15.6,0.4,2024,25.0,4,0.0
105,10.5,281,19,55.0,7.4,20240419,1.2,0.0,2024-04-19,18.3,3.3,2024,27.9,4,0.0
106,0.0,281,20,84.1,13.2,20240420,2.0,0.0,2024-04-20,14.5,9.8,2024,15.9,4,1.3
107,0.0,281,21,81.5,13.3,20240421,2.0,0.0,2024-04-21,15.4,8.9,2024,17.3,4,0.5
108,0.0,281,22,70.5,12.6,20240422,1.7,0.0,2024-04-22,14.7,9.0,2024,17.6,4,0.0
109,4.0,281,23,72.5,10.5,20240423,3.2,0.0,2024-04-23,13.8,8.3,2024,17.7,4,5.2
110,3.8,281,24,80.4,10.3,20240424,1.2,0.0,2024-04-24,13.3,6.0,2024,19.2,4,4.2
111,11.5,281,25,63.4,10.4,20240425,2.0,0.0,2024-04-25,17.1,1.1,2024,25.5,4,0.0
112,2.1,281,26,71.9,9.6,20240426,0.8,0.0,2024-04-26,16.4,7.5,2024,24.4,4,0.0
113,12.0,281,27,64.3,9.1,20240427,1.0,0.0,2024-04-27,18.7,0.0,2024,29.2,4,0.0
114,11.1,281,28,69.8,9.5,20240428,2.1,0.0,2024-04-28,17.0,5.3,2024,26.7,4,0.0
115,0.0,281,29,85.0,13.0,20240429,1.3,0.0,2024-04-29,14.3,9.9,2024,16.3,4,1.9
116,3.0,281,30,78.9,12.8,20240430,1.8,0.0,2024-04-30,16.1,9.3,2024,22.9,4,0.0
117,5.6,281,1,72.0,7.1,20240501,2.1,0.0,2024-05-01,12.4,5.8,2024,17.9,5,1.6
118,12.3,281,2,63.3,4.2,20240502,1.1,0.0,2024-05-02,13.8,0.5,2024,23.6,5,0.0
119,12.3,281,3,58.6,6.6,20240503,1.2,0.0,2024-05-03,17.0,0.0,2024,27.9,5,0.0
120,12.3,281,4,55.9,6.4,20240504,1.3,0.0,2024-05-04,18.4,2.6,2024,28.0,5,0.0
121,0.0,281,5,91.5,16.1,20240505,1.0,0.0,2024-05-05,17.4,10.0,2024,18.9,5,19.8
122,3.6,281,6,78.0,15.9,20240506,1.7,0.0,2024-05-06,19.2,8.5,2024,24.1,5,14.6
123,0.0,281,7,92.3,11.1,20240507,1.3,0.0,2024-05-07,13.2,9.8,2024,16.1,5,5.3
124,6.4,281,8,74.0,7.3,20240508,1.8,0.0,2024-05-08,12.1,5.1,2024,17.4,5,0.6
125,11.2,281,9,58.0,4.3,20240509,1.7,0.0,2024-05-09,15.7,0.0,2024,24.7,5,0.0
126,12.3,281,10,44.6,12.2,20240510,1.9,0.0,2024-05-10,19.6,1.1,2024,28.1,5,0.0
127,5.6,281,11,67.1,11.3,20240511,2.3,0.0,2024-05-11,19.8,6.3,2024,25.3,5,3.7
128,6.7,281,12,64.0,12.4,20240512,2.4,0.0,2024-05-12,18.3,7.5,2024,24.3,5,4.5
129,12.8,281,13,61.8,8.7,20240513,1.4,0.0,2024-05-13,16.4,0.0,2024,25.5,5,0.0
130,12.9,281,14,61.9,7.6,20240514,1.1,0.0,2024-05-14,17.7,0.0,2024,27.4,5,0.0
131,11.8,281,15,64.4,9.5,20240515,2.0,0.0,2024-05-15,16.6,3.4,2024,26.9,5,17.9
132,9.7,281,16,63.1,7.8,20240516,3.5,0.0,2024-05-16,13.8,3.6,2024,21.0,5,6.2
133,8.4,281,17,62.1,7.1,20240517,1.2,0.0,2024-05-17,17.0,1.8,2024,27.1,5,0.0
134,12.8,281,18,58.0,9.5,20240518,1.3,0.0,2024-05-18,19.3,0.0,2024,28.8,5,0.0
135,12.7,281,19,59.3,10.7,20240519,1.4,0.0,2024-05-19,20.0,0.1,2024,30.2,5,0.0
136,9.8,281,20,65.0,11.4,20240520,1.8,0.0,2024-05-20,18.9,2.3,2024,28.5,5,0.0
137,6.2,281,21,75.9,11.7,20240521,2.5,0.0,2024-05-21,16.2,4.5,2024,21.1,5,0.0
138,12.7,281,22,65.4,9.2,20240522,1.1,0.0,2024-05-22,19.8,3.8,2024,29.2,5,0.0
139,9.4,281,23,50.8,15.4,20240523,1.8,0.0,2024-05-23,23.4,2.3,2024,31.3,5,0.0
140,11.5,281,24,61.9,13.9,20240524,2.6,0.0,2024-05-24,19.2,3.1,2024,23.2,5,0.0
141,5.3,281,25,58.1,15.7,20240525,2.6,0.0,2024-05-25,18.5,7.1,2024,22.6,5,0.0
142,7.2,281,26,73.8,12.1,20240526,1.7,0.0,2024-05-26,20.1,7.3,2024,26.8,5,7.9
143,9.1,281,27,56.5,17.4,20240527,3.1,0.0,2024-05-27,20.7,6.8,2024,24.4,5,0.5
144,4.9,281,28,63.8,11.2,20240528,1.8,0.0,2024-05-28,17.4,5.9,2024,24.1,5,0.0
145,12.8,281,29,63.5,8.3,20240529,1.2,0.0,2024-05-29,19.2,1.0,2024,29.0,5,0.0
146,0.6,281,30,66.4,13.8,20240530,1.0,0.0,2024-05-30,19.9,9.8,2024,25.9,5,0.0
147,10.2,281,31,52.3,16.9,20240531,1.6,0.0,2024-05-31,22.1,3.8,2024,29.2,5,0.0
148,7.9,281,1,63.3,16.2,20240601,2.3,0.0,2024-06-01,20.3,6.3,2024,27.2,6,0.0
149,8.5,281,2,73.6,12.1,20240602,2.1,0.0,2024-06-02,18.1,5.8,2024,25.9,6,1.8
150,7.5,281,3,73.9,15.0,20240603,1.9,0.0,2024-06-03,18.0,4.6,2024,24.2,6,0.1
151,11.2,281,4,71.1,10.8,20240604,1.6,0.0,2024-06-04,17.5,1.3,2024,24.4,6,0.0
152,12.2,281,5,62.5,10.6,20240605,1.5,0.0,2024-06-05,19.4,5.0,2024,27.4,6,0.0
153,3.8,281,6,64.8,14.0,20240606,1.0,0.0,2024-06-06,20.8,7.8,2024,27.4,6,0.0
154,9.2,281,7,62.5,14.5,20240607,1.1,0.0,2024-06-07,22.5,5.5,2024,29.5,6,0.0
155,0.2,281,8,85.8,18.3,20240608,0.9,0.0,2024-06-08,19.6,9.5,2024,23.5,6,18.2
156,7.4,281,9,79.3,18.3,20240609,1.1,0.0,2024-06-09,22.1,4.8,2024,28.2,6,1.5
157,12.4,281,10,68.6,16.1,20240610,1.1,0.0,2024-06-10,24.2,1.3,2024,31.9,6,0.0
158,12.6,281,11,62.0,17.7,20240611,1.4,0.0,2024-06-11,25.9,1.9,2024,33.6,6,0.0
159,12.6,281,12,63.1,18.5,20240612,1.5,0.0,2024-06-12,25.7,2.9,2024,33.4,6,0.0
160,12.3,281,13,62.0,18.3,20240613,1.4,0.0,2024-06-13,25.6,1.1,2024,33.5,6,0.0
161,10.8,281,14,59.4,16.7,20240614,1.3,0.0,2024-06-14,25.8,3.1,2024,34.2,6,0.0
162,7.9,281,15,71.8,18.8,20240615,1.5,0.0,2024-06-15,24.3,6.0,2024,32.8,6,2.3
163,12.3,281,16,60.3,19.1,20240616,2.1,0.0,2024-06-16,24.5,2.9,2024,31.3,6,0.3
164,4.6,281,17,60.0,16.0,20240617,1.4,0.0,2024-06-17,23.1,7.6,2024,30.1,6,0.0
165,12.9,281,18,51.4,17.1,20240618,1.5,0.0,2024-06-18,26.3,0.6,2024,34.8,6,0.0
166,11.9,281,19,54.9,18.0,20240619,1.2,0.0,2024-06-19,27.5,5.4,2024,36.3,6,0.0
167,3.4,281,20,63.8,18.0,20240620,1.4,0.0,2024-06-20,23.8,8.6,2024,29.6,6,0.0
168,5.5,281,21,68.5,19.8,20240621,1.4,0.0,2024-06-21,24.6,8.3,2024,29.6,6,0.0
169,0.0,281,22,94.9,20.4,20240622,0.9,0.0,2024-06-22,22.4,9.5,2024,23.5,6,21.8
170,1.8,281,23,88.5,21.7,20240623,1.3,0.0,2024-06-23,24.2,7.4,2024,29.4,6,0.0
171,5.2,281,24,75.5,20.0,20240624,1.4,0.0,2024-06-24,24.8,7.6,2024,31.2,6,0.0
172,6.1,281,25,59.8,19.1,20240625,2.4,0.0,2024-06-25,23.2,8.1,2024,29.4,6,0.0
173,12.1,281,26,64.0,16.2,20240626,1.3,0.0,2024-06-26,22.7,5.4,2024,29.2,6,0.0
174,0.2,281,27,76.8,15.6,20240627,0.8,0.0,2024-06-27,21.0,8.6,2024,25.5,6,0.5
175,10.2,281,28,73.1,17.2,20240628,1.2,0.0,2024-06-28,24.2,1.9,2024,32.6,6,0.0
176,6.8,281,29,86.5,19.7,20240629,1.3,0.0,2024-06-29,23.7,8.6,2024,30.0,6,19.9
177,0.2,281,30,92.1,22.9,20240630,1.5,0.0,2024-06-30,25.2,9.4,2024,29.3,6,32.6
178,10.1,281,1,72.4,22.7,20240701,1.4,0.0,2024-07-01,26.8,4.6,2024,31.9,7,0.0
179,0.4,281,2,93.8,21.3,20240702,2.1,0.0,2024-07-02,22.8,9.4,2024,25.4,7,30.4
180,5.7,281,3,76.4,22.6,20240703,2.0,0.0,2024-07-03,27.3,6.1,2024,32.6,7,7.9
181,10.8,281,4,69.4,20.8,20240704,1.6,0.0,2024-07-04,28.0,1.6,2024,34.1,7,0.0
182,8.3,281,5,66.3,23.7,20240705,2.5,0.0,2024-07-05,28.1,5.9,2024,32.5,7,0.9
183,6.3,281,6,74.3,21.9,20240706,2.0,0.0,2024-07-06,27.4,7.5,2024,32.0,7,0.0
184,3.1,281,7,74.8,25.7,20240707,2.2,0.0,2024-07-07,28.4,8.6,2024,31.3,7,3.5
185,0.0,281,8,83.1,25.7,20240708,1.3,0.0,2024-07-08,27.0,9.8,2024,28.2,7,1.0
186,0.0,281,9,97.6,22.0,20240709,1.0,0.0,2024-07-09,23.7,10.0,2024,26.5,7,158.8
187,0.1,281,10,96.0,21.2,20240710,1.5,0.0,2024-07-10,22.7,8.6,2024,25.5,7,96.1
188,0.7,281,11,89.9,20.8,20240711,0.6,0.0,2024-07-11,23.8,8.3,2024,27.7,7,0.1
189,6.2,281,12,79.9,20.6,20240712,1.1,0.0,2024-07-12,25.6,1.9,2024,31.7,7,0.0
190,0.0,281,13,84.4,19.8,20240713,1.6,0.0,2024-07-13,24.3,6.8,2024,29.2,7,0.0
191,0.0,281,14,94.3,21.9,20240714,1.5,0.0,2024-07-14,23.0,8.9,2024,24.5,7,2.8
192,0.0,281,15,90.3,21.5,20240715,1.5,0.0,2024-07-15,23.3,7.4,2024,26.1,7,0.0
193,0.0,281,16,89.9,21.8,20240716,1.2,0.0,2024-07-16,24.3,8.6,2024,28.1,7,19.6
194,0.0,281,17,81.6,22.3,20240717,1.2,0.0,2024-07-17,26.4,8.9,2024,30.1,7,0.2
195,0.0,281,18,80.4,24.9,20240718,1.7,0.0,2024-07-18,27.2,9.9,2024,29.1,7,2.0
196,0.0,281,19,80.1,24.2,20240719,1.6,0.0,2024-07-19,26.7,8.3,2024,30.1,7,0.4
197,0.0,281,20,83.8,22.1,20240720,1.5,0.0,2024-07-20,26.2,4.8,2024,30.9,7,15.0
198,6.7,281,21,73.5,25.6,20240721,2.2,0.0,2024-07-21,29.0,3.5,2024,33.2,7,0.4
199,9.5,281,22,72.0,24.5,20240722,1.7,0.0,2024-07-22,29.2,4.9,2024,32.9,7,0.0
200,2.9,281,23,70.3,27.3,20240723,2.2,0.0,2024-07-23,29.4,9.3,2024,31.8,7,0.0
201,7.7,281,24,82.0,24.2,20240724,1.3,0.0,2024-07-24,27.6,6.9,2024,31.8,7,27.2
202,9.4,281,25,79.1,24.0,20240725,1.0,0.0,2024-07-25,28.7,6.0,2024,33.7,7,0.0
203,7.3,281,26,75.6,24.8,20240726,1.2,0.0,2024-07-26,28.9,7.1,2024,33.8,7,0.0
204,6.9,281,27,75.8,25.3,20240727,1.5,0.0,2024-07-27,29.0,6.8,2024,33.0,7,0.0
205,11.1,281,28,69.3,25.4,20240728,1.8,0.0,2024-07-28,29.8,3.8,2024,34.1,7,0.0
206,11.8,281,29,68.3,25.4,20240729,2.5,0.0,2024-07-29,29.7,0.8,2024,34.9,7,0.0
207,12.1,281,30,70.0,23.7,20240730,2.1,0.0,2024-07-30,29.2,0.0,2024,34.3,7,0.0
208,12.7,281,31,70.9,25.2,20240731,1.8,0.0,2024-07-31,29.7,0.1,2024,35.3,7,0.0
209,10.7,281,1,71.5,24.9,20240801,1.4,0.0,2024-08-01,30.3,0.9,2024,36.0,8,0.0
210,10.9,281,2,73.1,25.4,20240802,1.4,0.0,2024-08-02,31.0,1.6,2024,36.8,8,10.9
211,10.6,281,3,75.0,26.9,20240803,1.5,0.0,2024-08-03,30.9,2.3,2024,35.9,8,0.0
212,6.1,281,4,80.0,25.5,20240804,1.7,0.0,2024-08-04,28.8,3.5,2024,33.4,8,0.0
213,7.3,281,5,77.6,24.1,20240805,1.2,0.0,2024-08-05,28.0,5.0,2024,34.2,8,0.0
214,7.5,281,6,79.1,22.7,20240806,1.3,0.0,2024-08-06,27.8,4.4,2024,35.9,8,1.8
215,10.9,281,7,73.9,24.0,20240807,1.2,0.0,2024-08-07,29.7,4.4,2024,36.2,8,0.0
216,8.7,281,8,77.3,23.3,20240808,1.3,0.0,2024-08-08,28.0,7.1,2024,34.3,8,28.5
217,10.1,281,9,75.6,23.1,20240809,1.2,0.0,2024-08-09,27.8,2.4,2024,33.9,8,0.0
218,10.5,281,10,73.6,22.1,20240810,1.3,0.0,2024-08-10,27.4,3.3,2024,33.7,8,0.0
219,11.6,281,11,74.0,22.4,20240811,1.2,0.0,2024-08-11,27.5,2.0,2024,34.1,8,0.0
220,12.2,281,12,73.9,21.3,20240812,1.4,0.0,2024-08-12,27.0,0.9,2024,33.8,8,0.0
221,11.6,281,13,74.8,21.1,20240813,1.5,0.0,2024-08-13,26.6,2.4,2024,32.4,8,0.0
222,7.9,281,14,77.0,20.7,20240814,1.5,0.0,2024-08-14,26.3,4.5,2024,32.1,8,0.0
223,6.7,281,15,78.0,21.5,20240815,1.5,0.0,2024-08-15,26.5,5.1,2024,32.6,8,0.0
224,10.7,281,16,72.4,21.7,20240816,1.5,0.0,2024-08-16,27.3,5.1,2024,33.3,8,0.0
225,9.2,281,17,72.3,22.6,20240817,1.4,0.0,2024-08-17,27.7,5.6,2024,33.3,8,0.0
226,11.0,281,18,73.1,22.2,20240818,1.6,0.0,2024-08-18,27.4,4.3,2024,32.9,8,0.0
227,6.1,281,19,75.6,22.5,20240819,1.2,0.0,2024-08-19,28.3,4.3,2024,34.4,8,0.0
228,2.4,281,20,77.5,25.7,20240820,1.5,0.0,2024-08-20,28.7,7.4,2024,33.2,8,0.3
229,1.1,281,21,91.3,25.1,20240821,0.9,0.0,2024-08-21,27.0,8.6,2024,30.5,8,3.2
230,3.6,281,22,79.8,23.7,20240822,1.6,0.0,2024-08-22,28.3,6.4,2024,34.1,8,0.0
231,11.4,281,23,67.4,23.6,20240823,1.6,0.0,2024-08-23,29.1,1.9,2024,35.5,8,0.0
232,10.6,281,24,69.0,22.6,20240824,1.0,0.0,2024-08-24,28.8,1.6,2024,35.4,8,0.0
233,8.2,281,25,82.0,23.3,20240825,1.1,0.0,2024-08-25,27.4,4.4,2024,34.4,8,11.6
234,6.1,281,26,80.4,23.9,20240826,1.0,0.0,2024-08-26,27.7,6.6,2024,33.6,8,0.0
235,0.9,281,27,83.1,23.3,20240827,1.9,0.0,2024-08-27,25.5,9.1,2024,30.0,8,0.0
236,1.6,281,28,72.6,22.4,20240828,2.8,0.0,2024-08-28,26.0,5.9,2024,29.6,8,0.0
237,7.6,281,29,73.1,25.0,20240829,3.2,0.0,2024-08-29,27.5,5.6,2024,31.5,8,2.1
238,7.7,281,30,68.3,23.5,20240830,1.8,0.0,2024-08-30,28.0,3.5,2024,34.6,8,0.0
239,10.3,281,31,73.1,21.6,20240831,1.8,0.0,2024-08-31,25.9,1.6,2024,32.7,8,0.0
240,8.2,281,1,68.5,20.5,20240901,1.2,0.0,2024-09-01,26.3,3.6,2024,33.9,9,0.0
241,3.0,281,2,74.6,20.2,20240902,1.2,0.0,2024-09-02,25.5,7.8,2024,31.0,9,0.0
242,4.6,281,3,65.3,19.5,20240903,2.0,0.0,2024-09-03,24.5,6.1,2024,28.7,9,0.0
243,10.5,281,4,70.9,17.4,20240904,1.4,0.0,2024-09-04,23.7,3.8,2024,30.5,9,0.0
244,9.9,281,5,64.0,18.0,20240905,1.5,0.0,2024-09-05,27.0,4.0,2024,34.7,9,0.0
245,0.1,281,6,90.0,22.0,20240906,1.3,0.0,2024-09-06,24.2,9.8,2024,28.0,9,12.6
246,0.9,281,7,88.1,21.3,20240907,1.0,0.0,2024-09-07,24.9,8.3,2024,30.2,9,3.1
247,5.4,281,8,83.1,23.9,20240908,1.5,0.0,2024-09-08,26.1,6.0,2024,31.1,9,0.4
248,6.4,281,9,78.3,24.0,20240909,1.5,0.0,2024-09-09,26.6,3.8,2024,31.3,9,0.0
249,9.9,281,10,74.4,21.7,20240910,0.9,0.0,2024-09-10,27.5,0.1,2024,34.6,9,0.0
250,0.8,281,11,86.4,23.8,20240911,1.0,0.0,2024-09-11,26.4,9.3,2024,32.2,9,61.5
251,2.6,281,12,89.1,23.7,20240912,1.2,0.0,2024-09-12,26.4,8.6,2024,31.0,9,0.1
252,7.3,281,13,79.6,24.9,20240913,0.9,0.0,2024-09-13,28.2,4.3,2024,33.2,9,0.0
253,8.4,281,14,84.6,23.9,20240914,1.4,0.0,2024-09-14,26.8,1.5,2024,34.1,9,0.0
254,0.1,281,15,82.9,23.5,20240915,1.7,0.0,2024-09-15,26.0,7.6,2024,29.2,9,0.0
255,0.1,281,16,84.6,23.6,20240916,1.4,0.0,2024-09-16,25.2,8.3,2024,28.4,9,0.0
256,7.9,281,17,77.8,23.8,20240917,1.0,0.0,2024-09-17,28.0,5.1,2024,34.2,9,0.0
257,8.0,281,18,81.9,24.4,20240918,1.2,0.0,2024-09-18,27.9,5.6,2024,34.8,9,0.0
258,4.9,281,19,81.6,22.8,20240919,0.9,0.0,2024-09-19,27.4,7.3,2024,33.0,9,0.0
259,0.4,281,20,94.5,24.3,20240920,0.6,0.0,2024-09-20,25.5,9.6,2024,28.2,9,15.4
260,1.4,281,22,78.4,19.2,20240922,1.8,0.0,2024-09-22,21.2,7.4,2024,24.8,9,0.0
261,9.7,281,23,65.0,13.6,20240923,2.3,0.0,2024-09-23,18.7,2.8,2024,23.4,9,0.0
262,6.8,281,24,81.1,12.0,20240924,1.2,0.0,2024-09-24,18.5,6.0,2024,25.4,9,0.0
263,8.5,281,25,81.3,16.2,20240925,1.0,0.0,2024-09-25,21.1,4.1,2024,27.3,9,0.0
264,9.6,281,26,78.0,15.6,20240926,0.8,0.0,2024-09-26,22.2,4.4,2024,29.0,9,0.0
265,6.0,281,27,85.0,18.9,20240927,1.1,0.0,2024-09-27,22.1,4.6,2024,27.8,9,0.0
266,3.2,281,28,87.3,17.1,20240928,1.4,0.0,2024-09-28,20.6,5.1,2024,25.2,9,0.3
267,5.7,281,29,80.9,15.3,20240929,1.5,0.0,2024-09-29,19.6,3.3,2024,25.3,9,0.0
