,Date,tavg,year,tmax,snow,humid,sunshine,day,rainfall,month,tmin,wind,station_id,cloud,date
0,2022-01-01,-3.5,2022,3.5,0.0,36.9,7.3,1,0.0,1,-9.4,1.3,281,2.0,20220101
1,2022-01-02,-1.5,2022,6.8,0.0,52.1,5.4,2,0.0,1,-9.5,1.3,281,3.4,20220102
2,2022-01-03,-1.8,2022,6.0,0.0,53.0,7.0,3,0.0,1,-9.6,1.6,281,0.4,20220103
3,2022-01-04,1.8,2022,7.4,0.0,39.8,7.0,4,0.0,1,-6.2,1.9,281,1.5,20220104
4,2022-01-05,-0.5,2022,6.5,0.0,63.0,1.3,5,0.0,1,-8.7,0.4,281,8.9,20220105
5,2022-01-06,1.3,2022,8.1,0.0,50.5,7.3,6,0.0,1,-6.0,1.7,281,1.1,20220106
6,2022-01-07,-2.5,2022,7.7,0.0,50.6,7.3,7,0.0,1,-9.6,0.6,281,0.0,20220107
7,2022-01-08,-0.5,2022,8.4,0.0,53.3,7.2,8,0.0,1,-9.7,1.6,281,1.1,20220108
8,2022-01-09,0.7,2022,8.7,0.0,69.6,5.4,9,0.0,1,-4.9,0.7,281,4.5,20220109
9,2022-01-10,1.4,2022,10.0,0.0,64.9,6.4,10,0.0,1,-6.9,0.7,281,5.0,20220110
10,2022-01-11,-1.5,2022,4.1,0.0,44.1,7.0,11,0.0,1,-6.2,4.5,281,1.4,20220111
11,2022-01-12,-3.7,2022,1.2,0.0,40.4,7.3,12,0.0,1,-8.2,3.3,281,3.0,20220112
12,2022-01-13,-3.4,2022,0.7,0.0,41.8,6.4,13,0.0,1,-6.3,4.2,281,0.5,20220113
13,2022-01-14,-3.9,2022,3.4,0.0,37.9,7.4,14,0.0,1,-8.5,2.0,281,1.8,20220114
14,2022-01-15,-1.5,2022,7.5,0.0,49.0,6.3,15,0.0,1,-7.7,0.9,281,4.5,20220115
15,2022-01-16,1.0,2022,7.5,0.0,48.6,5.8,16,0.0,1,-5.4,2.5,281,4.0,20220116
16,2022-01-17,-0.8,2022,3.5,0.0,45.5,6.7,17,0.0,1,-4.6,3.9,281,7.9,20220117
17,2022-01-18,-4.0,2022,2.7,0.0,35.9,7.5,18,0.0,1,-9.0,2.2,281,0.0,20220118
18,2022-01-19,-2.5,2022,5.5,0.0,52.6,7.5,19,0.0,1,-10.8,1.3,281,4.1,20220119
19,2022-01-20,-2.2,2022,4.9,0.0,52.5,7.6,20,0.0,1,-7.1,1.5,281,0.0,20220120
20,2022-01-21,-2.9,2022,6.8,0.0,64.1,7.7,21,0.0,1,-11.1,0.4,281,1.5,20220121
21,2022-01-22,1.1,2022,10.2,0.0,65.8,5.8,22,0.0,1,-8.0,0.3,281,7.6,20220122
22,2022-01-23,5.6,2022,12.6,0.0,65.6,3.9,23,0.0,1,-0.4,0.9,281,8.3,20220123
23,2022-01-24,4.1,2022,6.4,0.0,63.6,0.0,24,0.0,1,-1.0,1.8,281,5.8,20220124
24,2022-01-25,3.8,2022,7.6,0.0,70.9,0.1,25,0.0,1,-1.0,0.9,281,8.3,20220125
25,2022-01-26,2.7,2022,8.2,0.0,60.4,6.5,26,0.0,1,-2.9,2.2,281,5.0,20220126
26,2022-01-27,2.0,2022,9.3,0.0,46.5,7.6,27,0.0,1,-4.2,1.3,281,2.6,20220127
27,2022-01-28,1.7,2022,6.6,0.0,31.4,6.7,28,0.0,1,-1.2,3.0,281,5.9,20220128
28,2022-01-29,0.6,2022,5.2,0.0,33.6,6.8,29,0.0,1,-2.5,2.9,281,6.0,20220129
29,2022-01-30,0.5,2022,6.9,0.0,32.9,7.5,30,0.0,1,-4.6,2.0,281,3.8,20220130
30,2022-01-31,-0.4,2022,7.4,0.0,36.4,7.9,31,0.0,1,-6.7,1.5,281,0.0,20220131
31,2022-02-01,0.5,2022,4.9,0.0,53.8,2.0,1,0.0,2,-6.6,2.9,281,6.0,20220201
32,2022-02-02,0.1,2022,5.0,0.0,44.1,2.1,2,0.0,2,-2.8,3.2,281,5.8,20220202
33,2022-02-03,0.1,2022,5.2,0.0,40.0,7.1,3,0.0,2,-3.2,2.6,281,4.0,20220203
34,2022-02-04,-1.1,2022,4.4,0.0,41.6,7.7,4,0.0,2,-4.5,3.6,281,2.1,20220204
35,2022-02-05,-3.3,2022,0.8,0.0,45.4,8.2,5,0.0,2,-6.9,4.3,281,1.6,20220205
36,2022-02-06,-1.6,2022,3.5,0.0,44.3,7.9,6,0.0,2,-6.4,3.4,281,1.6,20220206
37,2022-02-07,-0.1,2022,4.0,0.0,37.1,6.1,7,0.0,2,-4.8,2.4,281,6.0,20220207
38,2022-02-08,0.0,2022,6.6,0.0,42.1,6.1,8,0.0,2,-5.1,1.6,281,4.9,20220208
39,2022-02-09,0.8,2022,9.5,0.0,54.9,8.3,9,0.0,2,-8.7,0.4,281,5.5,20220209
40,2022-02-10,2.8,2022,10.8,0.0,48.6,8.4,10,0.0,2,-3.6,1.2,281,2.5,20220210
41,2022-02-11,0.8,2022,11.5,0.0,50.9,8.9,11,0.0,2,-7.2,0.8,281,1.1,20220211
42,2022-02-12,2.6,2022,12.2,0.0,61.9,8.6,12,0.0,2,-4.8,1.0,281,3.3,20220212
43,2022-02-13,3.8,2022,11.6,0.0,75.6,3.9,13,0.0,2,-3.0,0.8,281,7.3,20220213
44,2022-02-14,5.7,2022,12.8,0.0,63.4,4.6,14,0.0,2,-0.5,1.2,281,3.0,20220214
45,2022-02-15,0.1,2022,5.1,0.0,46.6,8.5,15,0.0,2,-5.0,4.5,281,2.1,20220215
46,2022-02-16,-3.8,2022,0.8,0.0,43.1,9.1,16,0.0,2,-6.3,4.3,281,2.4,20220216
47,2022-02-17,-5.2,2022,1.1,0.0,36.8,9.3,17,0.0,2,-9.5,2.7,281,0.0,20220217
48,2022-02-18,-2.2,2022,7.9,0.0,52.5,8.9,18,0.0,2,-12.6,0.6,281,4.6,20220218
49,2022-02-19,1.8,2022,6.7,0.0,52.5,3.1,19,0.0,2,-1.9,2.1,281,7.3,20220219
50,2022-02-20,-2.3,2022,2.7,0.0,34.1,9.3,20,0.0,2,-6.2,3.9,281,0.0,20220220
51,2022-02-21,0.6,2022,6.9,0.0,42.5,8.4,21,0.0,2,-6.6,2.5,281,1.5,20220221
52,2022-02-22,-0.7,2022,3.9,0.0,36.3,9.5,22,0.0,2,-4.2,3.4,281,1.0,20220222
53,2022-02-23,-2.3,2022,2.8,0.0,32.8,7.6,23,0.0,2,-6.5,3.0,281,4.5,20220223
54,2022-02-24,-0.1,2022,6.6,0.0,30.4,9.9,24,0.0,2,-7.2,3.1,281,0.0,20220224
55,2022-02-25,4.8,2022,11.1,0.0,43.0,9.6,25,0.0,2,-1.5,2.9,281,0.0,20220225
56,2022-02-26,6.3,2022,13.9,0.0,50.9,8.3,26,0.0,2,-4.5,2.1,281,3.4,20220226
57,2022-02-27,5.2,2022,12.3,0.0,36.3,10.2,27,0.0,2,-1.1,3.3,281,0.0,20220227
58,2022-02-28,4.8,2022,14.2,0.0,39.3,4.9,28,0.0,2,-5.2,0.6,281,5.5,20220228
59,2022-03-01,8.3,2022,16.3,0.0,54.3,4.7,1,0.0,3,0.4,2.1,281,5.3,20220301
60,2022-03-02,5.9,2022,12.6,0.0,38.4,10.7,2,0.0,3,0.0,3.2,281,1.3,20220302
61,2022-03-03,6.7,2022,14.6,0.0,47.0,10.6,3,0.0,3,0.1,2.1,281,0.0,20220303
62,2022-03-04,7.3,2022,15.8,0.0,57.0,6.3,4,0.0,3,-3.6,1.5,281,4.8,20220304
63,2022-03-05,6.7,2022,10.6,0.0,27.9,10.5,5,0.0,3,0.8,4.8,281,0.8,20220305
64,2022-03-06,3.0,2022,10.0,0.0,34.6,11.0,6,0.0,3,-1.8,2.4,281,1.6,20220306
65,2022-03-07,3.7,2022,12.6,0.0,41.4,9.0,7,0.0,3,-4.8,1.0,281,6.1,20220307
66,2022-03-08,5.1,2022,15.1,0.0,43.3,10.6,8,0.0,3,-4.2,0.9,281,0.3,20220308
67,2022-03-09,6.3,2022,16.0,0.0,62.5,10.4,9,0.0,3,-2.3,1.2,281,0.8,20220309
68,2022-03-10,7.6,2022,18.2,0.0,60.5,4.2,10,0.0,3,-0.7,0.7,281,6.5,20220310
69,2022-03-11,10.2,2022,19.0,0.0,59.0,6.7,11,0.0,3,-0.4,0.9,281,5.5,20220311
70,2022-03-12,11.3,2022,19.1,0.0,65.8,2.3,12,0.0,3,3.7,1.2,281,5.8,20220312
71,2022-03-13,14.2,2022,17.8,0.0,85.4,0.0,13,6.9,3,8.8,1.5,281,8.5,20220313
72,2022-03-14,10.0,2022,13.2,0.0,85.1,0.0,14,0.0,3,8.4,2.3,281,8.3,20220314
73,2022-03-15,10.0,2022,17.6,0.0,62.8,9.3,15,0.0,3,4.1,1.9,281,3.3,20220315
74,2022-03-16,11.7,2022,21.3,0.0,54.0,9.7,16,0.0,3,1.1,0.7,281,2.1,20220316
75,2022-03-17,8.2,2022,10.1,0.0,84.6,0.0,17,6.9,3,6.0,1.7,281,10.0,20220317
76,2022-03-18,5.8,2022,7.8,0.0,82.1,0.0,18,9.5,3,3.9,2.8,281,8.3,20220318
77,2022-03-19,4.3,2022,7.0,0.0,86.9,0.1,19,6.4,3,2.2,0.6,281,9.0,20220319
78,2022-03-20,5.0,2022,10.5,0.0,75.5,2.5,20,0.0,3,-0.5,0.8,281,7.1,20220320
79,2022-03-21,7.3,2022,12.8,0.0,63.0,8.1,21,0.0,3,1.0,1.1,281,8.5,20220321
80,2022-03-22,7.3,2022,13.4,0.0,57.0,9.4,22,0.0,3,2.6,1.7,281,6.0,20220322
81,2022-03-23,5.1,2022,10.9,0.0,71.3,0.8,23,0.0,3,0.0,1.2,281,7.0,20220323
82,2022-03-24,7.3,2022,16.5,0.0,65.8,9.7,24,0.0,3,-1.5,0.9,281,2.0,20220324
83,2022-03-25,12.3,2022,19.1,0.0,68.1,4.9,25,0.4,3,3.2,1.5,281,7.6,20220325
84,2022-03-26,13.8,2022,20.8,0.0,80.9,2.6,26,9.1,3,10.1,2.6,281,7.6,20220326
85,2022-03-27,12.6,2022,20.2,0.0,39.5,10.7,27,0.0,3,6.6,2.8,281,6.1,20220327
86,2022-03-28,7.2,2022,13.7,0.0,50.3,10.2,28,0.0,3,-0.2,1.4,281,5.9,20220328
87,2022-03-29,9.0,2022,19.0,0.0,55.1,11.3,29,0.0,3,-1.3,0.7,281,0.8,20220329
88,2022-03-30,12.5,2022,22.3,0.0,65.5,8.2,30,0.0,3,1.5,1.3,281,6.3,20220330
89,2022-03-31,9.6,2022,12.2,0.0,71.9,0.0,31,0.5,3,6.4,2.5,281,9.3,20220331
90,2022-04-01,6.7,2022,13.1,0.0,70.4,5.6,1,0.1,4,0.8,1.3,281,5.0,20220401
91,2022-04-02,7.7,2022,16.0,0.0,60.9,10.8,2,0.0,4,-1.4,0.8,281,0.3,20220402
92,2022-04-03,8.8,2022,17.7,0.0,62.4,11.6,3,0.0,4,-0.6,1.2,281,1.4,20220403
93,2022-04-04,10.7,2022,20.1,0.0,56.9,11.5,4,0.0,4,1.2,0.8,281,0.0,20220404
94,2022-04-05,12.5,2022,21.2,0.0,41.9,9.8,5,0.0,4,1.1,1.7,281,5.9,20220405
95,2022-04-06,14.3,2022,22.9,0.0,39.6,11.0,6,0.0,4,7.0,2.0,281,0.9,20220406
96,2022-04-07,12.8,2022,20.1,0.0,54.9,8.6,7,1.1,4,4.5,2.1,281,2.1,20220407
97,2022-04-08,14.0,2022,23.2,0.0,43.3,11.7,8,0.0,4,3.0,1.3,281,0.0,20220408
98,2022-04-09,17.0,2022,27.4,0.0,49.5,11.5,9,0.0,4,5.8,1.7,281,0.3,20220409
99,2022-04-10,18.4,2022,27.5,0.0,51.0,9.4,10,0.0,4,6.9,1.6,281,4.4,20220410
100,2022-04-11,19.6,2022,26.4,0.0,64.6,10.2,11,0.0,4,10.7,1.7,281,2.1,20220411
101,2022-04-12,20.6,2022,29.6,0.0,63.8,11.3,12,0.0,4,11.6,1.4,281,2.8,20220412
102,2022-04-13,11.4,2022,14.2,0.0,75.6,0.0,13,0.0,4,9.5,3.8,281,9.6,20220413
103,2022-04-14,10.7,2022,12.9,0.0,66.4,0.0,14,0.0,4,9.4,2.9,281,9.4,20220414
104,2022-04-15,11.2,2022,16.9,0.0,55.0,10.6,15,0.0,4,8.0,2.5,281,5.3,20220415
105,2022-04-16,12.2,2022,20.1,0.0,40.0,12.0,16,0.0,4,1.7,1.3,281,4.0,20220416
106,2022-04-17,13.1,2022,22.3,0.0,36.6,11.9,17,0.0,4,2.4,1.4,281,2.1,20220417
107,2022-04-18,16.5,2022,23.9,0.0,33.0,9.8,18,0.0,4,6.9,1.5,281,6.9,20220418
108,2022-04-19,15.6,2022,25.2,0.0,36.1,11.9,19,0.0,4,5.8,1.5,281,1.0,20220419
109,2022-04-20,16.1,2022,25.3,0.0,38.5,11.9,20,0.0,4,4.4,1.4,281,0.0,20220420
110,2022-04-21,12.1,2022,18.6,0.0,66.6,0.9,21,0.2,4,6.7,0.9,281,7.6,20220421
111,2022-04-22,17.3,2022,27.2,0.0,62.9,9.6,22,0.0,4,5.3,1.7,281,3.1,20220422
112,2022-04-23,17.3,2022,22.3,0.0,60.8,6.3,23,0.0,4,11.8,2.4,281,7.1,20220423
113,2022-04-24,19.4,2022,29.2,0.0,53.9,11.1,24,0.0,4,8.3,1.4,281,2.0,20220424
114,2022-04-25,19.7,2022,28.2,0.0,55.8,6.6,25,0.8,4,11.1,1.4,281,6.9,20220425
115,2022-04-26,17.4,2022,19.2,0.0,95.4,0.0,26,26.3,4,15.3,1.0,281,8.9,20220426
116,2022-04-27,15.4,2022,19.6,0.0,64.6,9.4,27,0.0,4,10.5,2.5,281,5.3,20220427
117,2022-04-28,14.1,2022,19.9,0.0,66.9,8.8,28,0.0,4,8.1,2.4,281,4.0,20220428
118,2022-04-29,10.8,2022,13.2,0.0,78.5,0.8,29,12.9,4,9.3,1.9,281,8.5,20220429
119,2022-04-30,13.4,2022,17.8,0.0,64.6,1.3,30,0.0,4,8.8,1.1,281,9.1,20220430
120,2022-05-01,14.0,2022,20.2,0.0,45.9,11.4,1,0.0,5,7.8,2.5,281,2.9,20220501
121,2022-05-02,11.4,2022,20.4,0.0,63.8,7.1,2,0.5,5,3.3,1.5,281,4.9,20220502
122,2022-05-03,14.0,2022,22.4,0.0,63.1,9.1,3,0.0,5,5.7,1.4,281,2.9,20220503
123,2022-05-04,17.7,2022,27.7,0.0,50.8,12.3,4,0.0,5,6.4,1.5,281,0.6,20220504
124,2022-05-05,18.3,2022,27.8,0.0,53.4,12.5,5,0.0,5,8.0,1.2,281,0.0,20220505
125,2022-05-06,19.0,2022,28.1,0.0,60.6,11.8,6,0.0,5,8.4,1.1,281,0.8,20220506
126,2022-05-07,17.5,2022,25.9,0.0,66.4,7.4,7,0.0,5,12.4,2.7,281,5.9,20220507
127,2022-05-08,14.7,2022,20.1,0.0,62.6,6.5,8,0.0,5,10.6,2.0,281,7.0,20220508
128,2022-05-09,15.0,2022,21.4,0.0,55.4,10.2,9,0.0,5,9.0,1.7,281,5.1,20220509
129,2022-05-10,14.6,2022,21.6,0.0,60.1,8.0,10,0.0,5,7.6,2.1,281,7.0,20220510
130,2022-05-11,19.9,2022,26.3,0.0,54.1,6.8,11,0.0,5,12.5,0.9,281,6.3,20220511
131,2022-05-12,18.4,2022,24.1,0.0,65.5,2.7,12,0.0,5,14.0,2.0,281,8.5,20220512
132,2022-05-13,14.8,2022,19.2,0.0,82.6,0.0,13,1.6,5,11.8,1.6,281,9.6,20220513
133,2022-05-14,16.9,2022,24.1,0.0,47.8,11.3,14,0.0,5,8.6,2.4,281,6.0,20220514
134,2022-05-15,15.7,2022,22.2,0.0,45.3,11.8,15,0.0,5,10.2,1.7,281,4.4,20220515
135,2022-05-16,16.2,2022,24.8,0.0,48.4,12.3,16,0.0,5,6.3,1.8,281,2.0,20220516
136,2022-05-17,18.1,2022,28.0,0.0,46.3,9.5,17,0.0,5,7.0,1.2,281,1.9,20220517
137,2022-05-18,20.9,2022,29.6,0.0,45.9,11.8,18,0.0,5,9.6,1.5,281,1.4,20220518
138,2022-05-19,20.5,2022,28.9,0.0,45.6,7.6,19,0.0,5,11.7,1.5,281,6.9,20220519
139,2022-05-20,21.4,2022,28.0,0.0,41.3,8.6,20,0.0,5,14.3,1.3,281,5.3,20220520
140,2022-05-21,22.2,2022,29.3,0.0,52.5,12.0,21,0.0,5,12.8,2.3,281,0.8,20220521
141,2022-05-22,23.3,2022,31.8,0.0,45.4,12.4,22,0.0,5,17.3,3.2,281,2.4,20220522
142,2022-05-23,21.6,2022,31.6,0.0,58.6,10.6,23,0.0,5,11.8,1.2,281,4.4,20220523
143,2022-05-24,23.9,2022,32.3,0.0,54.1,11.1,24,0.0,5,14.7,1.3,281,2.5,20220524
144,2022-05-25,23.9,2022,32.2,0.0,53.6,10.8,25,0.0,5,15.0,1.4,281,4.3,20220525
145,2022-05-26,21.6,2022,27.3,0.0,41.5,11.6,26,0.0,5,16.6,2.6,281,3.0,20220526
146,2022-05-27,21.4,2022,28.8,0.0,42.1,12.5,27,0.0,5,11.2,2.8,281,0.9,20220527
147,2022-05-28,22.8,2022,31.6,0.0,42.6,12.8,28,0.0,5,11.8,1.6,281,4.0,20220528
148,2022-05-29,23.3,2022,31.8,0.0,42.1,12.4,29,0.0,5,12.7,1.4,281,3.4,20220529
149,2022-05-30,22.5,2022,27.8,0.0,53.0,2.5,30,0.0,5,18.9,1.5,281,8.1,20220530
150,2022-05-31,23.0,2022,30.4,0.0,41.1,13.1,31,0.0,5,16.9,2.2,281,2.0,20220531
151,2022-06-01,23.0,2022,31.4,0.0,41.5,10.4,1,0.0,6,14.7,1.3,281,4.1,20220601
152,2022-06-02,23.7,2022,32.9,0.0,44.3,13.0,2,0.0,6,13.1,1.5,281,1.8,20220602
153,2022-06-03,21.9,2022,27.5,0.0,62.0,12.7,3,0.0,6,17.7,2.8,281,2.0,20220603
154,2022-06-04,20.0,2022,25.6,0.0,71.0,7.5,4,0.0,6,14.3,2.5,281,6.5,20220604
155,2022-06-05,17.4,2022,19.6,0.0,89.9,0.0,5,21.9,6,16.4,1.6,281,10.0,20220605
156,2022-06-06,17.3,2022,21.7,0.0,86.8,0.8,6,11.3,6,13.4,1.1,281,6.6,20220606
157,2022-06-07,15.3,2022,19.9,0.0,80.1,2.5,7,0.6,6,11.3,1.4,281,6.9,20220607
158,2022-06-08,16.3,2022,21.3,0.0,78.0,1.5,8,0.0,6,12.8,1.4,281,8.5,20220608
159,2022-06-09,18.5,2022,26.6,0.0,73.0,8.6,9,0.0,6,11.3,1.4,281,4.4,20220609
160,2022-06-10,21.1,2022,28.7,0.0,68.3,8.5,10,0.0,6,13.1,0.9,281,5.4,20220610
161,2022-06-11,20.0,2022,24.3,0.0,74.8,6.1,11,0.0,6,16.3,2.1,281,6.6,20220611
162,2022-06-12,19.2,2022,24.3,0.0,74.3,4.3,12,0.0,6,13.9,1.9,281,6.8,20220612
163,2022-06-13,18.9,2022,22.9,0.0,72.9,1.7,13,0.0,6,15.2,2.4,281,9.3,20220613
164,2022-06-14,16.6,2022,18.4,0.0,85.4,0.0,14,4.0,6,15.7,2.0,281,8.8,20220614
165,2022-06-15,19.0,2022,24.6,0.0,85.5,0.9,15,23.5,6,14.8,0.9,281,6.6,20220615
166,2022-06-16,21.4,2022,28.0,0.0,71.9,0.0,16,0.0,6,16.0,1.4,281,3.0,20220616
167,2022-06-17,24.3,2022,32.0,0.0,63.1,0.0,17,0.0,6,14.8,1.2,281,4.4,20220617
168,2022-06-18,27.0,2022,33.7,0.0,61.5,0.0,18,0.0,6,21.8,1.8,281,5.3,20220618
169,2022-06-19,27.6,2022,33.2,0.0,60.9,0.0,19,0.0,6,21.7,1.7,281,4.0,20220619
170,2022-06-20,27.3,2022,32.8,0.0,64.1,5.5,20,0.0,6,22.4,1.7,281,4.4,20220620
171,2022-06-21,25.8,2022,31.9,0.0,73.6,10.9,21,0.0,6,20.5,1.8,281,2.9,20220621
172,2022-06-22,28.2,2022,35.2,0.0,66.5,9.4,22,0.0,6,20.6,1.5,281,4.4,20220622
173,2022-06-23,26.7,2022,29.9,0.0,71.1,1.4,23,0.2,6,22.3,2.3,281,8.3,20220623
174,2022-06-24,26.5,2022,30.8,0.0,73.9,4.8,24,41.8,6,22.5,2.6,281,6.8,20220624
175,2022-06-25,26.4,2022,31.7,0.0,70.0,10.5,25,0.0,6,20.2,1.9,281,4.1,20220625
176,2022-06-26,27.0,2022,30.5,0.0,71.6,2.4,26,0.0,6,23.7,2.1,281,6.8,20220626
177,2022-06-27,25.1,2022,28.3,0.0,91.4,0.1,27,26.3,6,23.7,0.8,281,9.3,20220627
178,2022-06-28,26.9,2022,30.1,0.0,75.4,1.1,28,0.0,6,23.3,1.9,281,7.4,20220628
179,2022-06-29,27.7,2022,31.5,0.0,72.4,1.7,29,0.0,6,24.9,2.0,281,8.1,20220629
180,2022-06-30,28.0,2022,32.2,0.0,69.9,4.0,30,0.0,6,25.3,2.1,281,6.3,20220630
181,2022-07-01,28.0,2022,34.5,0.0,69.3,12.7,1,0.0,7,21.3,1.3,281,1.5,20220701
182,2022-07-02,27.8,2022,34.7,0.0,67.9,11.8,2,0.0,7,20.2,1.2,281,2.8,20220702
183,2022-07-03,27.5,2022,34.6,0.0,72.5,6.9,3,0.0,7,22.8,1.1,281,7.1,20220703
184,2022-07-04,27.5,2022,31.0,0.0,72.8,6.3,4,0.0,7,22.8,1.0,281,5.9,20220704
185,2022-07-05,26.7,2022,32.7,0.0,78.0,5.5,5,1.9,7,22.7,1.5,281,7.4,20220705
186,2022-07-06,26.4,2022,31.2,0.0,85.6,3.1,6,24.3,7,23.7,1.9,281,8.8,20220706
187,2022-07-07,28.3,2022,33.1,0.0,75.0,5.4,7,0.0,7,23.8,1.3,281,7.5,20220707
188,2022-07-08,27.4,2022,32.7,0.0,82.5,2.3,8,20.1,7,24.1,1.3,281,6.9,20220708
189,2022-07-09,26.7,2022,32.3,0.0,74.8,5.7,9,0.0,7,22.3,1.4,281,6.5,20220709
190,2022-07-10,25.8,2022,30.1,0.0,80.5,7.5,10,0.0,7,22.3,2.1,281,6.5,20220710
191,2022-07-11,25.0,2022,29.1,0.0,87.4,2.1,11,6.0,7,22.9,0.9,281,8.0,20220711
192,2022-07-12,23.8,2022,27.4,0.0,77.4,2.4,12,0.0,7,21.9,2.3,281,8.4,20220712
193,2022-07-13,23.2,2022,26.7,0.0,85.9,0.2,13,15.5,7,21.1,1.1,281,9.6,20220713
194,2022-07-14,26.2,2022,31.9,0.0,81.5,5.3,14,0.0,7,22.1,1.2,281,7.0,20220714
195,2022-07-15,26.5,2022,32.2,0.0,70.1,12.1,15,0.0,7,20.9,1.5,281,4.3,20220715
196,2022-07-16,24.4,2022,30.9,0.0,78.4,7.0,16,0.7,7,19.5,0.9,281,4.9,20220716
197,2022-07-17,25.4,2022,31.6,0.0,73.8,7.3,17,0.0,7,19.2,1.3,281,7.5,20220717
198,2022-07-18,21.9,2022,23.5,0.0,95.8,0.0,18,25.4,7,21.0,0.6,281,9.0,20220718
199,2022-07-19,26.0,2022,31.5,0.0,77.9,5.1,19,0.0,7,21.6,0.9,281,6.8,20220719
200,2022-07-20,27.5,2022,33.2,0.0,68.1,11.0,20,0.0,7,23.3,1.5,281,7.5,20220720
201,2022-07-21,24.4,2022,30.3,0.0,83.5,2.8,21,6.9,7,20.8,1.7,281,8.5,20220721
202,2022-07-22,23.4,2022,27.6,0.0,80.1,1.1,22,0.0,7,20.0,2.0,281,7.8,20220722
203,2022-07-23,23.2,2022,27.4,0.0,87.1,0.0,23,0.1,7,19.8,0.8,281,9.5,20220723
204,2022-07-24,25.6,2022,31.0,0.0,84.3,1.9,24,2.1,7,21.6,1.0,281,7.3,20220724
205,2022-07-25,26.0,2022,31.3,0.0,82.3,9.1,25,0.0,7,22.8,1.8,281,5.8,20220725
206,2022-07-26,24.8,2022,30.1,0.0,83.4,8.9,26,0.0,7,21.0,1.6,281,3.0,20220726
207,2022-07-27,23.9,2022,26.5,0.0,82.6,1.6,27,0.0,7,20.2,1.4,281,7.8,20220727
208,2022-07-28,24.8,2022,28.1,0.0,87.6,0.1,28,0.0,7,22.4,1.2,281,8.0,20220728
209,2022-07-29,26.9,2022,31.8,0.0,80.6,11.5,29,0.0,7,22.4,1.9,281,3.4,20220729
210,2022-07-30,26.1,2022,28.8,0.0,84.4,0.8,30,0.1,7,22.6,1.8,281,7.4,20220730
211,2022-07-31,26.5,2022,28.4,0.0,86.6,0.0,31,3.0,7,24.7,2.0,281,9.6,20220731
212,2022-08-01,28.1,2022,31.1,0.0,75.9,0.4,1,0.0,8,25.8,1.1,281,8.9,20220801
213,2022-08-02,27.1,2022,30.0,0.0,85.4,0.8,2,1.6,8,24.8,1.1,281,8.3,20220802
214,2022-08-03,29.2,2022,35.4,0.0,76.3,9.4,3,21.3,8,24.6,1.8,281,5.0,20220803
215,2022-08-04,29.2,2022,34.0,0.0,72.8,8.7,4,0.0,8,25.4,1.9,281,4.8,20220804
216,2022-08-05,29.2,2022,33.3,0.0,73.1,6.9,5,0.0,8,24.1,1.4,281,5.3,20220805
217,2022-08-06,30.0,2022,35.1,0.0,70.6,11.2,6,0.0,8,25.4,1.7,281,3.4,20220806
218,2022-08-07,30.1,2022,35.6,0.0,72.3,8.9,7,0.0,8,24.2,1.4,281,6.0,20220807
219,2022-08-08,29.4,2022,32.5,0.0,67.8,0.5,8,0.0,8,26.9,2.0,281,8.1,20220808
220,2022-08-09,28.4,2022,30.6,0.0,70.3,0.2,9,0.0,8,25.3,1.9,281,9.8,20220809
221,2022-08-10,27.3,2022,29.2,0.0,77.0,0.0,10,0.3,8,25.7,1.6,281,10.0,20220810
222,2022-08-11,25.4,2022,28.2,0.0,92.5,0.0,11,4.4,8,23.7,0.9,281,10.0,20220811
223,2022-08-12,28.0,2022,34.0,0.0,77.8,10.1,12,19.3,8,24.0,1.3,281,3.9,20220812
224,2022-08-13,25.9,2022,32.8,0.0,88.8,3.3,13,7.9,8,22.5,0.8,281,6.0,20220813
225,2022-08-14,28.5,2022,32.6,0.0,80.0,3.4,14,0.0,8,23.9,1.1,281,8.0,20220814
226,2022-08-15,29.3,2022,33.1,0.0,67.5,3.8,15,0.0,8,25.3,2.5,281,8.9,20220815
227,2022-08-16,24.7,2022,28.5,0.0,93.4,0.0,16,46.2,8,21.7,1.2,281,9.9,20220816
228,2022-08-17,24.5,2022,28.1,0.0,86.3,4.9,17,4.5,8,21.7,1.6,281,6.4,20220817
229,2022-08-18,24.7,2022,30.5,0.0,80.0,7.1,18,0.0,8,20.3,0.8,281,6.9,20220818
230,2022-08-19,26.5,2022,31.5,0.0,77.4,6.0,19,0.0,8,20.0,1.3,281,8.5,20220819
231,2022-08-20,25.2,2022,27.9,0.0,90.8,0.0,20,9.7,8,22.1,1.4,281,8.1,20220820
232,2022-08-21,23.8,2022,29.3,0.0,75.4,12.0,21,0.0,8,18.7,1.4,281,1.9,20220821
233,2022-08-22,24.5,2022,31.6,0.0,77.5,10.8,22,0.0,8,16.0,0.8,281,4.1,20220822
234,2022-08-23,24.2,2022,26.9,0.0,87.8,0.3,23,5.5,8,20.7,0.9,281,8.4,20220823
235,2022-08-24,20.8,2022,21.8,0.0,89.4,0.0,24,10.7,8,19.1,1.0,281,7.6,20220824
236,2022-08-25,23.1,2022,29.0,0.0,81.6,4.9,25,0.4,8,18.1,0.9,281,8.1,20220825
237,2022-08-26,23.2,2022,28.7,0.0,68.1,9.7,26,0.0,8,18.5,1.4,281,6.4,20220826
238,2022-08-27,21.4,2022,27.6,0.0,73.0,6.3,27,0.0,8,15.6,1.2,281,6.3,20220827
239,2022-08-28,19.5,2022,26.2,0.0,71.3,11.1,28,0.0,8,13.6,1.4,281,2.8,20220828
240,2022-08-29,20.0,2022,24.7,0.0,84.4,0.4,29,0.0,8,15.4,0.6,281,9.9,20220829
241,2022-08-30,20.2,2022,23.0,0.0,93.3,0.0,30,29.9,8,18.1,0.8,281,9.8,20220830
242,2022-08-31,20.4,2022,22.2,0.0,96.6,0.0,31,19.3,8,19.4,0.7,281,9.6,20220831
243,2022-09-01,20.5,2022,24.6,0.0,89.5,1.3,1,0.0,9,17.7,0.7,281,8.4,20220901
244,2022-09-02,20.1,2022,22.4,0.0,94.4,0.0,2,5.0,9,17.3,1.1,281,9.9,20220902
245,2022-09-03,21.6,2022,23.5,0.0,87.4,0.0,3,0.7,9,20.0,1.8,281,7.8,20220903
246,2022-09-04,23.8,2022,28.4,0.0,92.4,1.9,4,2.1,9,20.6,1.2,281,8.8,20220904
247,2022-09-05,24.2,2022,27.8,0.0,92.3,0.0,5,18.1,9,21.9,1.7,281,10.0,20220905
248,2022-09-06,21.4,2022,25.0,0.0,79.4,4.2,6,71.0,9,17.4,3.4,281,5.6,20220906
249,2022-09-07,20.4,2022,28.5,0.0,71.5,10.5,7,0.0,9,13.7,1.3,281,3.0,20220907
250,2022-09-08,19.4,2022,27.1,0.0,74.9,9.7,8,0.0,9,12.6,1.1,281,5.9,20220908
251,2022-09-09,19.8,2022,26.5,0.0,76.6,8.8,9,0.0,9,14.5,1.5,281,5.5,20220909
252,2022-09-10,19.5,2022,24.4,0.0,80.5,0.5,10,0.0,9,15.9,1.5,281,9.1,20220910
253,2022-09-11,21.1,2022,26.5,0.0,80.3,4.9,11,0.0,9,16.4,1.3,281,7.3,20220911
254,2022-09-12,20.6,2022,23.7,0.0,89.6,0.1,12,0.2,9,16.9,0.6,281,9.6,20220912
255,2022-09-13,23.1,2022,27.7,0.0,68.3,5.6,13,0.0,9,19.5,1.8,281,9.0,20220913
256,2022-09-14,23.0,2022,27.0,0.0,66.4,8.0,14,0.0,9,18.6,2.8,281,7.3,20220914
257,2022-09-15,22.3,2022,25.8,0.0,73.0,8.2,15,0.0,9,20.2,2.4,281,5.5,20220915
258,2022-09-16,23.1,2022,27.4,0.0,85.1,1.3,16,0.0,9,20.5,1.7,281,7.3,20220916
259,2022-09-17,24.1,2022,31.7,0.0,86.6,4.3,17,0.2,9,19.3,0.8,281,7.5,20220917
260,2022-09-18,25.2,2022,29.4,0.0,81.4,0.6,18,0.0,9,21.3,2.1,281,9.6,20220918
261,2022-09-19,23.1,2022,26.8,0.0,70.6,2.4,19,5.0,9,15.5,2.6,281,8.1,20220919
262,2022-09-20,17.1,2022,21.8,0.0,72.0,5.8,20,0.0,9,12.9,1.7,281,7.4,20220920
263,2022-09-21,15.2,2022,21.8,0.0,75.3,9.9,21,0.0,9,10.2,1.4,281,1.1,20220921
264,2022-09-22,16.9,2022,24.1,0.0,78.8,7.2,22,0.0,9,9.5,0.9,281,6.8,20220922
265,2022-09-23,19.4,2022,27.6,0.0,67.6,8.8,23,0.0,9,13.6,1.8,281,5.3,20220923
266,2022-09-24,17.5,2022,24.3,0.0,61.1,8.2,24,0.0,9,11.4,1.6,281,6.1,20220924
267,2022-09-25,17.1,2022,21.9,0.0,78.4,1.8,25,0.0,9,12.3,0.7,281,9.4,20220925
268,2022-09-26,17.1,2022,21.1,0.0,85.9,0.0,26,0.0,9,13.7,0.4,281,9.9,20220926
269,2022-09-27,18.4,2022,25.4,0.0,81.6,6.6,27,0.0,9,13.8,1.0,281,4.8,20220927
270,2022-09-28,17.3,2022,24.2,0.0,81.0,3.4,28,0.0,9,11.9,0.6,281,6.8,20220928
271,2022-09-29,18.0,2022,27.6,0.0,78.6,9.3,29,0.0,9,10.7,0.6,281,0.9,20220929
272,2022-09-30,18.6,2022,28.9,0.0,75.4,9.2,30,0.0,9,11.3,0.5,281,0.5,20220930
273,2022-10-01,18.5,2022,29.8,0.0,67.8,9.9,1,0.0,10,9.8,0.8,281,5.1,20221001
274,2022-10-02,19.8,2022,28.2,0.0,75.5,3.6,2,0.0,10,11.9,0.8,281,8.0,20221002
275,2022-10-03,23.6,2022,28.5,0.0,81.3,1.6,3,7.2,10,18.8,1.4,281,8.4,20221003
276,2022-10-04,19.9,2022,25.6,0.0,88.0,0.0,4,13.5,10,14.6,2.2,281,9.5,20221004
277,2022-10-05,15.8,2022,19.4,0.0,79.9,3.2,5,0.0,10,13.8,1.5,281,7.5,20221005
278,2022-10-06,16.8,2022,22.1,0.0,83.3,2.7,6,0.0,10,13.6,0.9,281,9.4,20221006
279,2022-10-07,15.5,2022,20.0,0.0,72.4,1.7,7,0.0,10,10.7,2.3,281,8.6,20221007
280,2022-10-08,13.1,2022,20.1,0.0,74.8,10.0,8,0.0,10,7.0,1.4,281,3.8,20221008
281,2022-10-09,13.9,2022,17.0,0.0,84.9,0.0,9,1.6,10,10.0,0.8,281,8.8,20221009
282,2022-10-10,12.9,2022,17.0,0.0,58.3,6.6,10,0.0,10,10.2,3.8,281,6.1,20221010
283,2022-10-11,12.3,2022,18.5,0.0,64.9,8.6,11,0.0,10,6.7,2.6,281,2.4,20221011
284,2022-10-12,12.1,2022,21.1,0.0,79.4,7.7,12,0.0,10,3.8,1.0,281,3.5,20221012
285,2022-10-13,14.6,2022,21.8,0.0,75.8,7.6,13,0.0,10,9.2,1.3,281,3.9,20221013
286,2022-10-14,14.1,2022,21.9,0.0,80.8,5.3,14,0.0,10,7.0,0.8,281,5.6,20221014
287,2022-10-15,15.9,2022,23.2,0.0,80.8,8.4,15,0.0,10,10.7,1.0,281,6.1,20221015
288,2022-10-16,17.0,2022,24.8,0.0,75.8,9.0,16,0.0,10,9.9,0.8,281,5.0,20221016
289,2022-10-17,15.1,2022,20.4,0.0,48.1,7.1,17,0.0,10,8.3,3.1,281,3.4,20221017
290,2022-10-18,10.4,2022,17.0,0.0,47.8,9.6,18,0.0,10,5.8,1.8,281,0.4,20221018
291,2022-10-19,8.8,2022,17.7,0.0,58.5,9.6,19,0.0,10,1.6,1.3,281,0.0,20221019
292,2022-10-20,9.4,2022,20.4,0.0,65.5,9.2,20,0.0,10,0.0,0.7,281,1.8,20221020
293,2022-10-21,13.3,2022,19.8,0.0,60.8,5.0,21,0.0,10,3.7,1.1,281,8.9,20221021
294,2022-10-22,16.1,2022,23.3,0.0,54.3,7.7,22,0.0,10,9.6,2.0,281,5.4,20221022
295,2022-10-23,14.5,2022,21.0,0.0,69.6,6.5,23,0.0,10,9.0,1.4,281,4.8,20221023
296,2022-10-24,11.6,2022,17.0,0.0,51.5,7.0,24,0.0,10,5.1,2.0,281,2.6,20221024
297,2022-10-25,9.4,2022,17.1,0.0,67.4,7.0,25,0.0,10,2.5,1.2,281,2.8,20221025
298,2022-10-26,10.5,2022,18.6,0.0,74.8,7.2,26,0.0,10,1.9,0.7,281,4.0,20221026
299,2022-10-27,12.6,2022,21.1,0.0,68.1,8.4,27,0.0,10,7.0,0.9,281,2.1,20221027
300,2022-10-28,11.6,2022,20.5,0.0,79.9,7.9,28,0.0,10,4.4,1.2,281,4.6,20221028
301,2022-10-29,11.9,2022,18.9,0.0,82.9,6.0,29,0.0,10,7.0,1.1,281,6.5,20221029
302,2022-10-30,11.6,2022,17.8,0.0,84.0,3.7,30,0.6,10,7.0,1.0,281,4.8,20221030
303,2022-10-31,11.0,2022,19.1,0.0,76.6,7.2,31,0.0,10,5.4,0.7,281,4.1,20221031
304,2022-11-01,11.3,2022,21.1,0.0,72.6,8.6,1,0.0,11,3.9,1.0,281,1.0,20221101
305,2022-11-02,10.1,2022,20.6,0.0,67.5,8.3,2,0.0,11,3.2,0.7,281,0.3,20221102
306,2022-11-03,10.4,2022,19.6,0.0,59.1,5.8,3,0.0,11,0.3,1.6,281,5.5,20221103
307,2022-11-04,8.8,2022,13.9,0.0,38.1,8.4,4,0.0,11,4.7,2.9,281,3.9,20221104
308,2022-11-05,7.3,2022,15.3,0.0,36.4,8.3,5,0.0,11,0.4,1.9,281,0.9,20221105
309,2022-11-06,6.8,2022,16.4,0.0,59.8,8.2,6,0.0,11,-1.7,1.0,281,1.3,20221106
310,2022-11-07,7.1,2022,17.5,0.0,65.5,8.0,7,0.0,11,-0.7,0.7,281,0.1,20221107
311,2022-11-08,8.9,2022,19.1,0.0,65.6,7.9,8,0.0,11,0.9,0.7,281,0.1,20221108
312,2022-11-09,9.4,2022,19.5,0.0,68.0,7.8,9,0.0,11,0.8,0.7,281,1.9,20221109
313,2022-11-10,10.7,2022,21.1,0.0,66.0,7.1,10,0.0,11,2.2,0.8,281,2.6,20221110
314,2022-11-11,11.9,2022,20.9,0.0,79.9,6.2,11,0.0,11,4.5,0.7,281,4.0,20221111
315,2022-11-12,15.4,2022,23.4,0.0,78.8,5.0,12,0.2,11,6.2,0.8,281,6.4,20221112
316,2022-11-13,15.6,2022,19.7,0.0,72.9,5.0,13,14.2,11,11.6,2.4,281,9.1,20221113
317,2022-11-14,10.3,2022,14.6,0.0,71.8,0.2,14,0.0,11,6.9,1.0,281,5.8,20221114
318,2022-11-15,8.7,2022,14.5,0.0,63.6,7.3,15,0.0,11,3.5,2.1,281,2.3,20221115
319,2022-11-16,8.4,2022,16.0,0.0,68.6,6.5,16,0.1,11,2.8,1.6,281,3.8,20221116
320,2022-11-17,6.9,2022,16.3,0.0,68.0,6.5,17,0.0,11,1.4,0.7,281,2.6,20221117
321,2022-11-18,7.3,2022,18.6,0.0,65.6,7.7,18,0.0,11,-1.1,0.5,281,0.1,20221118
322,2022-11-19,9.2,2022,18.4,0.0,79.4,6.2,19,0.0,11,1.9,0.9,281,4.4,20221119
323,2022-11-20,10.9,2022,18.2,0.0,82.0,5.2,20,0.0,11,5.2,0.6,281,5.9,20221120
324,2022-11-21,10.0,2022,18.8,0.0,80.4,5.0,21,0.0,11,4.0,0.6,281,5.9,20221121
325,2022-11-22,11.3,2022,15.5,0.0,81.4,0.0,22,1.0,11,7.6,0.5,281,9.8,20221122
326,2022-11-23,11.8,2022,18.1,0.0,79.8,3.6,23,0.4,11,5.1,1.7,281,5.6,20221123
327,2022-11-24,6.4,2022,14.2,0.0,74.9,2.4,24,0.0,11,1.3,0.6,281,3.9,20221124
328,2022-11-25,8.1,2022,16.8,0.0,67.6,7.5,25,0.0,11,-1.4,0.7,281,2.5,20221125
329,2022-11-26,9.5,2022,16.6,0.0,51.9,7.3,26,0.0,11,2.1,2.3,281,0.5,20221126
330,2022-11-27,5.5,2022,15.4,0.0,51.9,7.4,27,0.0,11,-3.1,0.5,281,4.1,20221127
331,2022-11-28,10.7,2022,19.9,0.0,76.9,3.9,28,1.4,11,2.0,0.5,281,8.3,20221128
332,2022-11-29,11.9,2022,15.2,0.0,74.6,0.1,29,27.8,11,5.8,2.3,281,9.6,20221129
333,2022-11-30,-0.4,2022,5.8,0.0,35.5,4.3,30,0.0,11,-3.6,4.0,281,8.0,20221130
334,2022-12-01,-1.7,2022,2.1,0.0,37.0,4.8,1,0.0,12,-4.3,3.1,281,5.4,20221201
335,2022-12-02,-1.1,2022,5.3,0.0,53.1,7.2,2,0.0,12,-5.1,1.8,281,1.8,20221202
336,2022-12-03,2.9,2022,11.6,0.0,67.8,5.6,3,0.0,12,-5.7,1.2,281,7.1,20221203
337,2022-12-04,2.9,2022,6.4,0.0,36.5,6.2,4,0.0,12,-0.4,2.8,281,8.4,20221204
338,2022-12-05,0.1,2022,5.5,0.0,30.4,4.4,5,0.0,12,-3.5,2.4,281,5.1,20221205
339,2022-12-06,1.1,2022,7.4,0.0,58.3,5.2,6,0.0,12,-5.8,1.6,281,4.0,20221206
340,2022-12-07,3.6,2022,9.0,0.0,64.9,2.8,7,0.0,12,-2.0,1.8,281,3.9,20221207
341,2022-12-08,3.1,2022,11.3,0.0,62.5,6.7,8,0.0,12,-2.7,0.8,281,4.8,20221208
342,2022-12-09,2.4,2022,12.4,0.0,69.4,7.1,9,0.0,12,-4.9,0.8,281,0.9,20221209
343,2022-12-10,3.5,2022,10.1,0.0,64.3,4.0,10,0.0,12,-4.5,1.0,281,5.5,20221210
344,2022-12-11,3.2,2022,10.0,0.0,55.5,5.8,11,0.0,12,-1.9,1.6,281,3.1,20221211
345,2022-12-12,3.6,2022,9.7,0.0,75.6,3.7,12,1.7,12,-1.7,0.9,281,6.8,20221212
346,2022-12-13,4.5,2022,8.8,0.0,63.3,5.4,13,0.3,12,0.3,2.8,281,5.4,20221213
347,2022-12-14,-4.3,2022,1.3,0.0,51.3,7.2,14,0.0,12,-6.6,4.3,281,0.8,20221214
348,2022-12-15,-1.3,2022,4.8,0.0,60.6,7.1,15,0.0,12,-10.3,1.3,281,3.4,20221215
349,2022-12-16,-0.1,2022,3.4,0.0,34.5,3.2,16,0.0,12,-2.6,2.9,281,8.4,20221216
350,2022-12-17,-3.1,2022,0.7,0.0,45.0,2.6,17,0.0,12,-6.3,2.3,281,4.6,20221217
351,2022-12-18,-6.1,2022,-2.1,0.0,43.4,7.1,18,0.0,12,-9.9,3.2,281,0.3,20221218
352,2022-12-19,-4.2,2022,1.9,0.0,52.1,7.2,19,0.0,12,-9.7,2.1,281,0.5,20221219
353,2022-12-20,-1.7,2022,4.9,0.0,58.9,7.2,20,0.0,12,-7.4,1.3,281,4.0,20221220
354,2022-12-21,-0.6,2022,1.7,0.0,89.0,0.0,21,3.8,12,-4.5,0.7,281,6.9,20221221
355,2022-12-22,-3.1,2022,1.8,0.0,58.1,3.6,22,0.0,12,-7.6,4.3,281,5.0,20221222
356,2022-12-23,-6.1,2022,-2.7,0.0,49.0,6.2,23,0.0,12,-8.3,5.1,281,2.9,20221223
357,2022-12-24,-6.0,2022,0.6,0.0,54.8,7.1,24,0.0,12,-11.1,2.2,281,0.1,20221224
358,2022-12-25,-3.0,2022,4.3,0.0,58.6,7.2,25,0.0,12,-11.2,2.0,281,0.4,20221225
359,2022-12-26,-2.6,2022,4.4,0.0,60.3,6.9,26,0.0,12,-8.4,1.3,281,1.8,20221226
360,2022-12-27,-1.7,2022,6.3,0.0,55.8,7.1,27,0.0,12,-10.3,1.5,281,1.3,20221227
361,2022-12-28,0.5,2022,4.9,0.0,55.4,5.3,28,0.0,12,-2.1,2.8,281,4.4,20221228
362,2022-12-29,-1.1,2022,4.5,0.0,53.5,7.2,29,0.0,12,-4.5,2.8,281,2.1,20221229
363,2022-12-30,-1.4,2022,4.8,0.0,63.6,3.2,30,0.0,12,-7.9,1.6,281,6.0,20221230
364,2022-12-31,1.0,2022,5.3,0.0,53.9,6.8,31,0.0,12,-3.4,3.1,281,2.1,20221231
