,year,rainfall,cloud,sunshine,humid,snow,tmax,day,tmin,wind,month,Date,tavg,date,station_id
0,2015,0.0,0.0,7.6,35.9,0.0,-1.1,1,-7.2,4.6,1,2015-01-01,-4.8,20150101,281
1,2015,0.0,0.0,6.7,42.3,0.0,0.5,2,-6.7,4.4,1,2015-01-02,-3.2,20150102,281
2,2015,0.0,0.0,7.5,39.3,0.0,4.6,3,-8.1,2.6,1,2015-01-03,-1.5,20150103,281
3,2015,0.0,0.0,7.4,62.6,0.0,10.8,4,-6.7,1.3,1,2015-01-04,0.7,20150104,281
4,2015,0.5,0.0,4.4,70.6,0.0,10.7,5,-6.3,0.6,1,2015-01-05,2.1,20150105,281
5,2015,7.5,0.0,7.6,51.9,0.0,6.5,6,-2.5,3.6,1,2015-01-06,3.0,20150106,281
6,2015,0.0,0.0,7.7,32.0,0.0,1.9,7,-6.4,3.1,1,2015-01-07,-2.9,20150107,281
7,2015,0.0,0.0,7.7,41.1,0.0,3.7,8,-9.5,2.5,1,2015-01-08,-1.9,20150108,281
8,2015,0.0,0.0,7.6,50.1,0.0,6.0,9,-2.7,3.6,1,2015-01-09,1.0,20150109,281
9,2015,0.0,0.0,7.7,45.9,0.0,7.0,10,-4.0,3.4,1,2015-01-10,1.5,20150110,281
10,2015,0.0,0.0,6.7,53.3,0.0,8.0,11,-7.3,2.3,1,2015-01-11,-0.4,20150111,281
11,2015,0.0,0.0,7.7,53.1,0.0,6.5,12,-5.8,1.3,1,2015-01-12,-1.2,20150112,281
12,2015,0.0,0.0,7.2,64.1,0.0,8.8,13,-8.7,0.7,1,2015-01-13,-0.9,20150113,281
13,2015,0.0,0.0,0.0,62.0,0.0,5.9,14,-2.3,0.6,1,2015-01-14,2.0,20150114,281
14,2015,0.0,0.0,1.5,69.8,0.0,10.0,15,-2.4,1.0,1,2015-01-15,3.1,20150115,281
15,2015,0.0,0.0,4.7,67.5,0.0,8.5,16,-5.2,2.2,1,2015-01-16,1.2,20150116,281
16,2015,0.0,0.0,7.7,33.9,0.0,4.5,17,-2.5,4.5,1,2015-01-17,0.3,20150117,281
17,2015,0.0,0.0,7.8,35.1,0.0,7.7,18,-5.1,2.3,1,2015-01-18,1.3,20150118,281
18,2015,0.5,0.0,5.0,61.0,0.0,7.2,19,-1.7,3.6,1,2015-01-19,2.9,20150119,281
19,2015,0.0,0.0,7.6,65.0,0.0,9.2,20,-6.1,1.0,1,2015-01-20,1.1,20150120,281
20,2015,3.5,0.0,0.0,88.0,0.0,6.0,21,-1.3,0.5,1,2015-01-21,2.8,20150121,281
21,2015,1.5,0.0,0.0,89.3,0.0,5.4,22,1.2,1.5,1,2015-01-22,3.4,20150122,281
22,2015,0.0,0.0,6.5,76.0,0.0,7.9,23,-3.7,1.1,1,2015-01-23,1.1,20150123,281
23,2015,0.0,0.0,7.8,67.5,0.0,9.2,24,-2.8,2.1,1,2015-01-24,2.1,20150124,281
24,2015,2.0,0.0,0.2,80.8,0.0,7.2,25,-4.1,0.4,1,2015-01-25,1.6,20150125,281
25,2015,2.0,0.0,0.0,86.5,0.0,10.0,26,3.6,1.6,1,2015-01-26,6.2,20150126,281
26,2015,0.0,0.0,6.3,51.6,0.0,7.2,27,-2.5,3.4,1,2015-01-27,2.4,20150127,281
27,2015,0.0,0.0,2.2,59.1,0.0,3.0,28,-5.6,1.8,1,2015-01-28,-1.7,20150128,281
28,2015,0.5,0.0,0.0,85.3,0.0,6.4,29,-4.1,0.9,1,2015-01-29,1.0,20150129,281
29,2015,0.1,0.0,6.7,55.5,0.0,5.5,30,-2.9,3.6,1,2015-01-30,1.5,20150130,281
30,2015,0.0,0.0,8.4,44.5,0.0,3.7,31,-6.4,2.5,1,2015-01-31,-2.5,20150131,281
31,2015,0.0,0.0,8.5,54.0,0.0,7.0,1,-10.2,1.1,2,2015-02-01,-2.6,20150201,281
32,2015,0.0,0.0,6.0,64.9,0.0,9.1,2,-8.5,0.6,2,2015-02-02,-0.9,20150202,281
33,2015,0.0,0.0,7.4,69.6,0.0,11.4,3,-6.2,0.8,2,2015-02-03,1.4,20150203,281
34,2015,0.0,0.0,5.5,56.8,0.0,8.4,4,-2.2,2.1,2,2015-02-04,2.3,20150204,281
35,2015,0.0,0.0,5.5,51.5,0.0,6.9,5,-1.9,2.4,2,2015-02-05,1.8,20150205,281
36,2015,0.0,0.0,9.1,46.3,0.0,8.9,6,-2.3,2.2,2,2015-02-06,2.3,20150206,281
37,2015,0.0,0.0,6.4,49.3,0.0,9.2,7,-3.0,2.4,2,2015-02-07,3.3,20150207,281
38,2015,0.0,0.0,9.6,33.8,0.0,3.4,8,-8.1,5.0,2,2015-02-08,-3.1,20150208,281
39,2015,0.0,0.0,9.8,33.3,0.0,1.5,9,-10.4,4.1,2,2015-02-09,-3.7,20150209,281
40,2015,0.0,0.0,8.5,40.5,0.0,10.1,10,-2.4,2.9,2,2015-02-10,3.2,20150210,281
41,2015,0.0,0.0,6.7,56.4,0.0,11.0,11,-6.6,1.3,2,2015-02-11,1.6,20150211,281
42,2015,0.0,0.0,9.9,34.1,0.0,6.0,12,-2.9,3.9,2,2015-02-12,1.4,20150212,281
43,2015,0.0,0.0,10.1,26.6,0.0,6.4,13,-5.1,3.6,2,2015-02-13,0.4,20150213,281
44,2015,0.0,0.0,9.4,47.4,0.0,10.9,14,-4.3,2.2,2,2015-02-14,2.2,20150214,281
45,2015,0.1,0.0,3.6,65.0,0.0,13.1,15,-5.3,1.8,2,2015-02-15,4.1,20150215,281
46,2015,6.5,0.0,0.0,90.8,0.0,6.7,16,4.2,1.5,2,2015-02-16,4.9,20150216,281
47,2015,0.5,0.0,4.2,69.3,0.0,8.2,17,1.5,2.9,2,2015-02-17,4.2,20150217,281
48,2015,0.0,0.0,2.1,62.5,0.0,7.3,18,-0.8,2.2,2,2015-02-18,2.7,20150218,281
49,2015,0.0,0.0,7.0,67.5,0.0,9.5,19,-3.6,1.5,2,2015-02-19,2.1,20150219,281
50,2015,0.0,0.0,9.4,61.5,0.0,12.2,20,-5.4,1.2,2,2015-02-20,3.7,20150220,281
51,2015,1.5,0.0,0.0,77.5,0.0,9.4,21,3.4,1.2,2,2015-02-21,7.1,20150221,281
52,2015,0.1,0.0,4.5,69.1,0.0,14.4,22,2.8,3.0,2,2015-02-22,8.7,20150222,281
53,2015,0.0,0.0,6.7,46.3,0.0,10.7,23,0.7,3.1,2,2015-02-23,4.2,20150223,281
54,2015,0.0,0.0,7.5,48.1,0.0,11.2,24,-1.9,2.4,2,2015-02-24,3.8,20150224,281
55,2015,0.0,0.0,3.0,57.3,0.0,12.3,25,-2.2,0.8,2,2015-02-25,4.8,20150225,281
56,2015,0.0,0.0,6.8,51.8,0.0,10.7,26,-1.4,3.1,2,2015-02-26,3.6,20150226,281
57,2015,0.0,0.0,9.8,37.6,0.0,5.7,27,-3.5,3.0,2,2015-02-27,-0.2,20150227,281
58,2015,2.0,0.0,0.0,64.8,0.0,7.2,28,-5.3,1.1,2,2015-02-28,1.2,20150228,281
59,2015,2.5,0.0,6.3,68.5,0.0,8.0,1,0.7,2.8,3,2015-03-01,3.3,20150301,281
60,2015,0.0,0.0,10.7,43.5,0.0,11.5,2,-1.8,1.8,3,2015-03-02,3.9,20150302,281
61,2015,3.0,0.0,0.2,83.4,0.0,4.5,3,-1.4,1.1,3,2015-03-03,2.1,20150303,281
62,2015,0.0,0.0,10.5,32.9,0.0,6.2,4,-2.0,5.4,3,2015-03-04,1.1,20150304,281
63,2015,0.0,0.0,9.6,46.9,0.0,8.5,5,-5.8,1.7,3,2015-03-05,0.9,20150305,281
64,2015,0.0,0.0,9.1,62.4,0.0,11.0,6,-5.4,1.2,3,2015-03-06,2.2,20150306,281
65,2015,0.0,0.0,10.5,59.9,0.0,13.6,7,-3.3,1.1,3,2015-03-07,4.7,20150307,281
66,2015,0.0,0.0,9.1,64.3,0.0,13.6,8,-4.5,1.6,3,2015-03-08,5.0,20150308,281
67,2015,0.0,0.0,8.4,42.9,0.0,15.5,9,-2.8,3.6,3,2015-03-09,5.7,20150309,281
68,2015,0.0,0.0,11.1,23.5,0.0,4.3,10,-6.0,5.8,3,2015-03-10,-1.2,20150310,281
69,2015,0.0,0.0,8.3,30.8,0.0,9.9,11,-2.2,4.7,3,2015-03-11,3.4,20150311,281
70,2015,0.0,0.0,10.9,29.8,0.0,11.2,12,-1.9,3.5,3,2015-03-12,3.4,20150312,281
71,2015,0.0,0.0,1.4,51.1,0.0,10.8,13,-4.8,1.7,3,2015-03-13,3.9,20150313,281
72,2015,0.0,0.0,9.9,44.6,0.0,13.5,14,-4.9,1.4,3,2015-03-14,5.1,20150314,281
73,2015,0.0,0.0,10.3,43.9,0.0,18.2,15,-2.9,1.2,3,2015-03-15,6.9,20150315,281
74,2015,0.0,0.0,8.7,41.4,0.0,21.3,16,-1.2,1.0,3,2015-03-16,9.1,20150316,281
75,2015,0.0,0.0,6.4,45.8,0.0,23.7,17,-0.3,0.9,3,2015-03-17,11.7,20150317,281
76,2015,41.0,0.0,0.0,81.9,0.0,12.5,18,8.1,1.8,3,2015-03-18,9.7,20150318,281
77,2015,0.5,0.0,5.9,80.4,0.0,17.7,19,6.4,1.2,3,2015-03-19,10.5,20150319,281
78,2015,0.0,0.0,6.1,67.8,0.0,18.9,20,5.8,1.5,3,2015-03-20,11.4,20150320,281
79,2015,0.0,0.0,9.8,49.8,0.0,22.3,21,3.2,1.6,3,2015-03-21,12.2,20150321,281
80,2015,0.0,0.0,10.2,31.4,0.0,18.9,22,2.0,3.0,3,2015-03-22,10.7,20150322,281
81,2015,0.0,0.0,11.5,22.5,0.0,13.4,23,-0.1,3.6,3,2015-03-23,6.8,20150323,281
82,2015,0.0,0.0,11.4,44.3,0.0,13.6,24,-3.2,1.6,3,2015-03-24,5.0,20150324,281
83,2015,0.0,0.0,11.4,49.6,0.0,15.9,25,-3.3,1.1,3,2015-03-25,6.3,20150325,281
84,2015,0.0,0.0,11.6,45.6,0.0,19.2,26,-2.5,1.6,3,2015-03-26,8.3,20150326,281
85,2015,0.0,0.0,9.1,34.6,0.0,19.8,27,-1.0,1.9,3,2015-03-27,10.6,20150327,281
86,2015,0.0,0.0,9.7,37.3,0.0,22.1,28,-1.0,2.0,3,2015-03-28,12.8,20150328,281
87,2015,0.0,0.0,8.9,41.9,0.0,21.3,29,7.3,2.3,3,2015-03-29,13.7,20150329,281
88,2015,0.0,0.0,10.7,55.9,0.0,23.7,30,2.9,1.4,3,2015-03-30,14.3,20150330,281
89,2015,0.3,0.0,0.4,83.3,0.0,16.3,31,6.0,0.7,3,2015-03-31,12.8,20150331,281
90,2015,0.5,0.0,0.0,80.6,0.0,14.4,1,9.0,2.3,4,2015-04-01,11.1,20150401,281
91,2015,0.5,0.0,0.4,75.5,0.0,19.0,2,8.7,2.1,4,2015-04-02,13.1,20150402,281
92,2015,3.5,0.0,7.2,70.1,0.0,22.3,3,9.6,3.7,4,2015-04-03,16.2,20150403,281
93,2015,15.0,0.0,6.2,69.1,0.0,14.6,4,7.3,3.4,4,2015-04-04,9.7,20150404,281
94,2015,5.5,0.0,0.0,88.5,0.0,12.0,5,7.3,1.2,4,2015-04-05,9.5,20150405,281
95,2015,2.5,0.0,0.0,90.6,0.0,12.9,6,8.7,1.2,4,2015-04-06,10.1,20150406,281
96,2015,0.0,0.0,0.0,72.8,0.0,9.0,7,6.8,2.5,4,2015-04-07,7.8,20150407,281
97,2015,0.0,0.0,0.7,71.3,0.0,10.8,8,1.9,1.9,4,2015-04-08,7.0,20150408,281
98,2015,0.0,0.0,9.8,67.8,0.0,16.2,9,-0.4,1.4,4,2015-04-09,7.7,20150409,281
99,2015,0.0,0.0,11.2,63.9,0.0,18.4,10,2.3,1.7,4,2015-04-10,9.4,20150410,281
100,2015,0.0,0.0,11.7,60.8,0.0,19.1,11,0.6,1.9,4,2015-04-11,9.9,20150411,281
101,2015,0.0,0.0,3.4,67.5,0.0,15.7,12,1.3,2.9,4,2015-04-12,9.9,20150412,281
102,2015,15.5,0.0,0.0,84.3,0.0,11.4,13,8.5,2.4,4,2015-04-13,10.0,20150413,281
103,2015,6.5,0.0,6.8,69.3,0.0,17.2,14,7.8,2.1,4,2015-04-14,11.3,20150414,281
104,2015,0.0,0.0,8.2,54.4,0.0,21.1,15,5.5,3.0,4,2015-04-15,13.2,20150415,281
105,2015,2.5,0.0,7.1,54.8,0.0,23.9,16,5.0,3.0,4,2015-04-16,13.1,20150416,281
106,2015,0.0,0.0,10.9,37.5,0.0,20.7,17,1.8,2.0,4,2015-04-17,12.9,20150417,281
107,2015,2.5,0.0,5.7,51.0,0.0,22.7,18,2.4,1.1,4,2015-04-18,13.0,20150418,281
108,2015,9.0,0.0,0.0,95.4,0.0,17.2,19,10.9,1.3,4,2015-04-19,13.4,20150419,281
109,2015,16.0,0.0,0.0,95.4,0.0,12.0,20,7.0,1.3,4,2015-04-20,10.3,20150420,281
110,2015,0.0,0.0,8.5,68.3,0.0,22.3,21,6.6,1.3,4,2015-04-21,13.0,20150421,281
111,2015,0.0,0.0,8.4,49.0,0.0,24.6,22,6.1,1.8,4,2015-04-22,15.1,20150422,281
112,2015,0.0,0.0,9.7,49.1,0.0,24.3,23,4.2,1.6,4,2015-04-23,15.1,20150423,281
113,2015,0.0,0.0,9.7,44.6,0.0,26.1,24,6.6,1.7,4,2015-04-24,16.5,20150424,281
114,2015,0.0,0.0,11.9,42.8,0.0,26.6,25,4.8,1.7,4,2015-04-25,16.1,20150425,281
115,2015,0.0,0.0,12.0,37.1,0.0,29.7,26,7.0,2.2,4,2015-04-26,18.9,20150426,281
116,2015,0.0,0.0,11.4,41.5,0.0,28.7,27,10.0,1.6,4,2015-04-27,19.5,20150427,281
117,2015,1.0,0.0,3.6,55.9,0.0,25.9,28,8.7,1.2,4,2015-04-28,17.6,20150428,281
118,2015,3.5,0.0,0.0,86.5,0.0,16.2,29,12.9,1.9,4,2015-04-29,14.4,20150429,281
119,2015,0.0,0.0,4.9,77.1,0.0,23.1,30,11.9,1.7,4,2015-04-30,16.3,20150430,281
120,2015,0.0,0.0,9.7,67.4,0.0,28.7,1,10.5,1.2,5,2015-05-01,19.0,20150501,281
121,2015,0.0,0.0,9.8,61.6,0.0,28.5,2,10.4,1.4,5,2015-05-02,20.4,20150502,281
122,2015,9.0,0.0,0.0,91.9,0.0,18.7,3,16.4,1.6,5,2015-05-03,17.4,20150503,281
123,2015,0.0,0.0,11.4,45.0,0.0,23.8,4,13.7,3.5,5,2015-05-04,18.8,20150504,281
124,2015,0.0,0.0,12.3,33.0,0.0,25.5,5,5.6,2.2,5,2015-05-05,16.5,20150505,281
125,2015,0.0,0.0,8.0,35.3,0.0,25.6,6,8.3,1.5,5,2015-05-06,18.0,20150506,281
126,2015,0.0,0.0,10.7,51.6,0.0,26.3,7,7.2,1.4,5,2015-05-07,17.4,20150507,281
127,2015,0.0,0.0,7.9,48.9,0.0,26.1,8,7.6,1.3,5,2015-05-08,17.8,20150508,281
128,2015,0.1,0.0,8.3,54.4,0.0,27.3,9,12.8,2.1,5,2015-05-09,18.9,20150509,281
129,2015,0.0,0.0,8.6,63.5,0.0,24.1,10,9.4,2.4,5,2015-05-10,15.9,20150510,281
130,2015,7.0,0.0,4.9,69.0,0.0,22.6,11,10.0,2.3,5,2015-05-11,16.8,20150511,281
131,2015,8.0,0.0,6.7,60.9,0.0,22.2,12,13.3,3.2,5,2015-05-12,17.9,20150512,281
132,2015,0.0,0.0,5.5,36.4,0.0,28.6,13,13.1,4.2,5,2015-05-13,21.9,20150513,281
133,2015,0.0,0.0,10.1,56.5,0.0,27.3,14,10.5,2.0,5,2015-05-14,21.1,20150514,281
134,2015,0.0,0.0,1.7,73.8,0.0,23.8,15,14.8,1.9,5,2015-05-15,19.3,20150515,281
135,2015,0.0,0.0,8.6,53.3,0.0,28.6,16,11.1,2.0,5,2015-05-16,18.6,20150516,281
136,2015,0.0,0.0,11.0,40.1,0.0,27.5,17,6.0,1.3,5,2015-05-17,18.4,20150517,281
137,2015,6.0,0.0,0.0,81.4,0.0,15.5,18,12.5,0.8,5,2015-05-18,14.0,20150518,281
138,2015,0.0,0.0,9.5,63.6,0.0,27.5,19,13.6,1.8,5,2015-05-19,20.5,20150519,281
139,2015,0.0,0.0,11.8,44.8,0.0,25.4,20,10.0,3.0,5,2015-05-20,17.5,20150520,281
140,2015,0.0,0.0,12.9,47.1,0.0,27.8,21,6.8,2.1,5,2015-05-21,18.9,20150521,281
141,2015,0.0,0.0,9.9,37.6,0.0,30.2,22,12.4,2.1,5,2015-05-22,22.0,20150522,281
142,2015,0.0,0.0,8.8,39.3,0.0,30.2,23,14.8,1.6,5,2015-05-23,21.9,20150523,281
143,2015,0.0,0.0,12.8,45.9,0.0,30.5,24,10.7,1.3,5,2015-05-24,21.2,20150524,281
144,2015,0.0,0.0,12.8,46.1,0.0,31.9,25,11.3,1.5,5,2015-05-25,22.1,20150525,281
145,2015,0.0,0.0,12.8,40.8,0.0,34.0,26,12.2,1.5,5,2015-05-26,23.8,20150526,281
146,2015,0.0,0.0,12.7,48.6,0.0,33.8,27,12.2,1.6,5,2015-05-27,22.3,20150527,281
147,2015,0.0,0.0,7.4,62.6,0.0,29.1,28,15.2,2.1,5,2015-05-28,20.5,20150528,281
148,2015,0.0,0.0,12.7,48.9,0.0,32.4,29,11.2,1.3,5,2015-05-29,23.0,20150529,281
149,2015,1.5,0.0,2.0,71.4,0.0,23.8,30,15.9,1.4,5,2015-05-30,20.1,20150530,281
150,2015,0.0,0.0,10.9,64.9,0.0,27.3,31,13.9,1.8,5,2015-05-31,20.1,20150531,281
151,2015,0.0,0.0,12.2,50.9,0.0,32.0,1,12.4,1.6,6,2015-06-01,23.3,20150601,281
152,2015,0.0,0.0,1.5,55.4,0.0,28.7,2,18.1,1.4,6,2015-06-02,22.8,20150602,281
153,2015,0.0,0.0,10.3,38.1,0.0,30.5,3,13.5,2.9,6,2015-06-03,22.3,20150603,281
154,2015,0.0,0.0,10.6,39.8,0.0,30.9,4,9.4,1.6,6,2015-06-04,21.1,20150604,281
155,2015,4.0,0.0,0.0,76.8,0.0,18.0,5,13.3,1.2,6,2015-06-05,15.5,20150605,281
156,2015,0.0,0.0,9.3,67.5,0.0,26.4,6,11.5,1.8,6,2015-06-06,18.1,20150606,281
157,2015,0.0,0.0,9.6,60.9,0.0,29.1,7,12.6,1.4,6,2015-06-07,20.6,20150607,281
158,2015,1.5,0.0,4.4,75.3,0.0,28.2,8,14.3,1.1,6,2015-06-08,20.6,20150608,281
159,2015,0.0,0.0,9.1,66.6,0.0,30.0,9,18.0,1.5,6,2015-06-09,23.3,20150609,281
160,2015,0.0,0.0,11.2,54.6,0.0,32.4,10,15.7,1.9,6,2015-06-10,24.1,20150610,281
161,2015,0.0,0.0,0.0,76.5,0.0,23.9,11,16.8,1.8,6,2015-06-11,20.8,20150611,281
162,2015,0.0,0.0,7.5,62.0,0.0,32.2,12,17.2,2.1,6,2015-06-12,23.2,20150612,281
163,2015,0.0,0.0,1.3,68.4,0.0,29.3,13,15.6,1.9,6,2015-06-13,21.8,20150613,281
164,2015,0.0,0.0,8.7,61.6,0.0,31.6,14,15.3,1.8,6,2015-06-14,23.1,20150614,281
165,2015,0.0,0.0,6.0,62.8,0.0,31.9,15,18.9,1.4,6,2015-06-15,25.1,20150615,281
166,2015,0.0,0.0,6.2,71.5,0.0,28.3,16,19.7,2.3,6,2015-06-16,23.0,20150616,281
167,2015,0.0,0.0,1.6,70.5,0.0,25.2,17,17.3,2.1,6,2015-06-17,21.0,20150617,281
168,2015,0.0,0.0,2.7,69.5,0.0,25.7,18,17.2,2.4,6,2015-06-18,21.6,20150618,281
169,2015,0.0,0.0,6.0,65.6,0.0,26.5,19,17.3,2.2,6,2015-06-19,20.7,20150619,281
170,2015,44.0,0.0,0.0,86.5,0.0,19.7,20,16.8,1.7,6,2015-06-20,17.9,20150620,281
171,2015,0.5,0.0,7.4,74.6,0.0,27.1,21,17.1,1.8,6,2015-06-21,20.9,20150621,281
172,2015,0.0,0.0,6.9,65.1,0.0,29.6,22,15.5,1.4,6,2015-06-22,22.7,20150622,281
173,2015,0.0,0.0,10.1,71.9,0.0,28.1,23,17.3,2.1,6,2015-06-23,22.7,20150623,281
174,2015,0.0,0.0,0.6,74.9,0.0,26.1,24,19.9,1.9,6,2015-06-24,22.0,20150624,281
175,2015,7.6,0.0,1.7,78.8,0.0,25.2,25,16.8,1.9,6,2015-06-25,21.0,20150625,281
176,2015,27.0,0.0,0.0,87.9,0.0,23.9,26,19.5,1.8,6,2015-06-26,22.0,20150626,281
177,2015,0.0,0.0,2.3,76.8,0.0,24.1,27,18.0,2.0,6,2015-06-27,20.7,20150627,281
178,2015,0.0,0.0,4.4,77.6,0.0,24.0,28,15.6,1.6,6,2015-06-28,19.3,20150628,281
179,2015,0.0,0.0,9.5,60.4,0.0,32.2,29,15.9,1.2,6,2015-06-29,24.5,20150629,281
180,2015,11.5,0.0,0.0,84.3,0.0,25.1,30,18.6,0.9,6,2015-06-30,20.6,20150630,281
181,2015,0.5,0.0,6.7,65.8,0.0,30.3,1,18.7,2.1,7,2015-07-01,23.4,20150701,281
182,2015,0.0,0.0,12.1,56.1,0.0,30.8,2,14.9,1.4,7,2015-07-02,23.6,20150702,281
183,2015,0.0,0.0,9.2,65.3,0.0,30.4,3,17.4,1.9,7,2015-07-03,23.0,20150703,281
184,2015,0.0,0.0,5.5,71.5,0.0,24.8,4,15.5,2.1,7,2015-07-04,20.1,20150704,281
185,2015,0.0,0.0,10.1,70.5,0.0,27.3,5,15.4,1.9,7,2015-07-05,21.2,20150705,281
186,2015,0.0,0.0,5.2,71.1,0.0,25.5,6,18.2,2.1,7,2015-07-06,21.4,20150706,281
187,2015,33.0,0.0,0.0,90.9,0.0,21.4,7,17.3,1.2,7,2015-07-07,18.7,20150707,281
188,2015,27.0,0.0,0.0,95.3,0.0,22.6,8,17.9,0.9,7,2015-07-08,20.5,20150708,281
189,2015,102.0,0.0,0.0,93.9,0.0,22.4,9,19.7,1.2,7,2015-07-09,20.9,20150709,281
190,2015,0.0,0.0,6.5,80.5,0.0,26.9,10,20.1,2.0,7,2015-07-10,22.9,20150710,281
191,2015,1.0,0.0,5.9,79.5,0.0,32.2,11,20.4,1.3,7,2015-07-11,25.6,20150711,281
192,2015,11.5,0.0,0.0,88.1,0.0,26.5,12,23.9,3.3,7,2015-07-12,24.9,20150712,281
193,2015,0.0,0.0,3.2,69.9,0.0,28.2,13,22.8,3.2,7,2015-07-13,25.2,20150713,281
194,2015,0.0,0.0,6.3,64.6,0.0,32.6,14,21.1,1.5,7,2015-07-14,27.1,20150714,281
195,2015,0.0,0.0,9.3,74.1,0.0,30.8,15,19.9,1.9,7,2015-07-15,24.4,20150715,281
196,2015,0.0,0.0,5.1,66.1,0.0,25.4,16,17.1,2.5,7,2015-07-16,21.1,20150716,281
197,2015,0.0,0.0,0.0,64.1,0.0,24.0,17,17.1,1.3,7,2015-07-17,20.8,20150717,281
198,2015,0.0,0.0,5.4,66.5,0.0,29.8,18,19.2,1.2,7,2015-07-18,23.5,20150718,281
199,2015,0.0,0.0,3.0,68.1,0.0,25.9,19,18.0,1.8,7,2015-07-19,21.8,20150719,281
200,2015,1.5,0.0,0.0,88.5,0.0,24.2,20,17.8,1.6,7,2015-07-20,21.3,20150720,281
201,2015,3.0,0.0,1.1,85.5,0.0,30.3,21,20.4,1.5,7,2015-07-21,24.1,20150721,281
202,2015,0.5,0.0,3.2,78.3,0.0,31.8,22,21.7,1.2,7,2015-07-22,26.8,20150722,281
203,2015,0.0,0.0,1.1,78.3,0.0,31.0,23,23.1,1.5,7,2015-07-23,27.0,20150723,281
204,2015,0.0,0.0,1.7,76.5,0.0,30.5,24,24.2,1.7,7,2015-07-24,27.3,20150724,281
205,2015,0.0,0.0,8.7,64.3,0.0,32.4,25,24.0,2.3,7,2015-07-25,28.1,20150725,281
206,2015,0.0,0.0,11.7,66.0,0.0,35.7,26,20.4,1.4,7,2015-07-26,28.1,20150726,281
207,2015,0.0,0.0,4.6,67.9,0.0,34.6,27,23.7,1.9,7,2015-07-27,28.5,20150727,281
208,2015,0.5,0.0,5.3,66.9,0.0,35.4,28,25.0,1.9,7,2015-07-28,29.4,20150728,281
209,2015,2.0,0.0,5.8,75.1,0.0,33.2,29,24.2,1.3,7,2015-07-29,28.8,20150729,281
210,2015,0.0,0.0,9.6,66.9,0.0,36.9,30,24.2,1.7,7,2015-07-30,30.7,20150730,281
211,2015,0.0,0.0,8.7,64.3,0.0,37.6,31,24.6,1.6,7,2015-07-31,30.4,20150731,281
212,2015,0.0,0.0,11.8,61.5,0.0,37.5,1,23.5,1.4,8,2015-08-01,30.1,20150801,281
213,2015,0.0,0.0,8.3,70.6,0.0,36.1,2,21.6,1.4,8,2015-08-02,28.0,20150802,281
214,2015,0.0,0.0,11.8,61.8,0.0,36.7,3,23.9,1.7,8,2015-08-03,29.9,20150803,281
215,2015,0.0,0.0,12.6,56.0,0.0,36.9,4,23.6,2.0,8,2015-08-04,30.4,20150804,281
216,2015,0.0,0.0,12.5,58.6,0.0,37.0,5,22.8,1.7,8,2015-08-05,29.9,20150805,281
217,2015,0.0,0.0,10.1,62.3,0.0,37.1,6,22.5,1.5,8,2015-08-06,29.7,20150806,281
218,2015,0.0,0.0,8.7,62.1,0.0,36.8,7,22.3,1.5,8,2015-08-07,29.4,20150807,281
219,2015,25.5,0.0,7.3,79.0,0.0,36.1,8,23.1,1.6,8,2015-08-08,27.0,20150808,281
220,2015,0.0,0.0,8.8,71.4,0.0,34.9,9,22.5,1.5,8,2015-08-09,27.7,20150809,281
221,2015,0.0,0.0,2.9,66.8,0.0,33.7,10,22.2,1.4,8,2015-08-10,27.3,20150810,281
222,2015,2.5,0.0,0.3,69.6,0.0,31.8,11,21.2,1.2,8,2015-08-11,26.5,20150811,281
223,2015,25.0,0.0,0.0,95.6,0.0,23.2,12,19.7,1.1,8,2015-08-12,21.6,20150812,281
224,2015,0.4,0.0,7.8,77.1,0.0,31.4,13,20.6,1.2,8,2015-08-13,24.9,20150813,281
225,2015,0.1,0.0,8.9,76.1,0.0,32.5,14,21.0,1.5,8,2015-08-14,25.4,20150814,281
226,2015,0.0,0.0,8.4,74.6,0.0,33.8,15,20.9,1.3,8,2015-08-15,26.3,20150815,281
227,2015,0.5,0.0,2.0,79.6,0.0,29.5,16,21.9,1.6,8,2015-08-16,25.5,20150816,281
228,2015,1.0,0.0,5.4,77.5,0.0,30.7,17,21.3,1.3,8,2015-08-17,25.1,20150817,281
229,2015,0.0,0.0,4.3,76.1,0.0,29.1,18,19.5,1.5,8,2015-08-18,24.0,20150818,281
230,2015,0.0,0.0,1.2,76.4,0.0,28.6,19,20.0,1.5,8,2015-08-19,24.5,20150819,281
231,2015,5.0,0.0,0.0,92.6,0.0,25.0,20,21.7,0.7,8,2015-08-20,23.0,20150820,281
232,2015,28.0,0.0,2.3,87.1,0.0,28.7,21,20.5,1.0,8,2015-08-21,22.9,20150821,281
233,2015,0.0,0.0,0.6,79.6,0.0,30.0,22,20.6,0.9,8,2015-08-22,24.9,20150822,281
234,2015,0.0,0.0,2.4,80.1,0.0,29.5,23,21.5,1.2,8,2015-08-23,25.1,20150823,281
235,2015,3.5,0.0,0.4,78.9,0.0,26.9,24,22.3,2.3,8,2015-08-24,24.6,20150824,281
236,2015,48.0,0.0,0.0,88.9,0.0,24.1,25,19.5,3.3,8,2015-08-25,21.8,20150825,281
237,2015,0.0,0.0,2.7,81.1,0.0,28.1,26,18.3,1.5,8,2015-08-26,21.8,20150826,281
238,2015,0.0,0.0,6.2,75.8,0.0,30.6,27,16.6,1.4,8,2015-08-27,23.0,20150827,281
239,2015,3.0,0.0,6.5,81.3,0.0,30.9,28,18.1,1.0,8,2015-08-28,23.4,20150828,281
240,2015,0.0,0.0,5.9,78.9,0.0,28.9,29,19.6,0.9,8,2015-08-29,23.2,20150829,281
241,2015,0.0,0.0,4.1,81.1,0.0,29.3,30,18.1,1.1,8,2015-08-30,22.9,20150830,281
242,2015,0.0,0.0,5.8,79.0,0.0,28.1,31,19.1,1.6,8,2015-08-31,23.2,20150831,281
243,2015,19.5,0.0,0.6,83.8,0.0,27.2,1,20.2,1.3,9,2015-09-01,22.9,20150901,281
244,2015,20.5,0.0,4.0,85.6,0.0,27.7,2,19.9,1.4,9,2015-09-02,22.6,20150902,281
245,2015,0.0,0.0,5.2,82.6,0.0,28.7,3,19.7,1.3,9,2015-09-03,22.9,20150903,281
246,2015,0.0,0.0,9.1,75.9,0.0,29.2,4,17.7,1.6,9,2015-09-04,22.9,20150904,281
247,2015,0.5,0.0,0.7,85.9,0.0,27.0,5,19.2,1.4,9,2015-09-05,21.7,20150905,281
248,2015,3.5,0.0,0.1,85.1,0.0,23.0,6,17.3,1.4,9,2015-09-06,20.0,20150906,281
249,2015,0.0,0.0,10.1,71.3,0.0,25.3,7,15.5,1.9,9,2015-09-07,19.8,20150907,281
250,2015,0.0,0.0,8.9,65.5,0.0,25.0,8,12.0,2.0,9,2015-09-08,19.1,20150908,281
251,2015,0.0,0.0,11.6,61.9,0.0,27.5,9,12.8,1.7,9,2015-09-09,19.8,20150909,281
252,2015,0.0,0.0,11.7,67.5,0.0,28.0,10,11.1,1.2,9,2015-09-10,19.8,20150910,281
253,2015,0.0,0.0,8.4,67.4,0.0,29.5,11,13.9,1.2,9,2015-09-11,22.1,20150911,281
254,2015,0.5,0.0,0.0,83.9,0.0,21.8,12,15.4,1.2,9,2015-09-12,19.1,20150912,281
255,2015,0.0,0.0,11.1,67.1,0.0,26.9,13,12.0,1.6,9,2015-09-13,18.5,20150913,281
256,2015,0.0,0.0,11.5,68.1,0.0,26.2,14,10.8,1.4,9,2015-09-14,18.0,20150914,281
257,2015,0.0,0.0,9.1,70.1,0.0,23.8,15,11.1,1.8,9,2015-09-15,17.4,20150915,281
258,2015,0.0,0.0,5.4,70.5,0.0,24.1,16,12.5,2.0,9,2015-09-16,18.5,20150916,281
259,2015,18.5,0.0,0.0,92.4,0.0,19.1,17,16.1,1.0,9,2015-09-17,17.5,20150917,281
260,2015,0.0,0.0,8.0,77.1,0.0,25.3,18,14.9,1.4,9,2015-09-18,19.7,20150918,281
261,2015,0.0,0.0,7.2,79.0,0.0,27.5,19,13.6,1.2,9,2015-09-19,19.3,20150919,281
262,2015,0.0,0.0,5.3,79.6,0.0,27.2,20,13.6,1.0,9,2015-09-20,19.5,20150920,281
263,2015,0.0,0.0,7.9,80.1,0.0,28.1,21,13.9,1.3,9,2015-09-21,19.7,20150921,281
264,2015,0.0,0.0,9.6,76.8,0.0,26.5,22,13.7,1.4,9,2015-09-22,19.3,20150922,281
265,2015,7.0,0.0,0.0,91.3,0.0,22.5,23,13.7,0.7,9,2015-09-23,18.3,20150923,281
266,2015,2.5,0.0,0.1,88.5,0.0,23.4,24,17.4,1.2,9,2015-09-24,20.3,20150924,281
267,2015,0.0,0.0,2.3,84.6,0.0,25.7,25,14.8,1.0,9,2015-09-25,19.2,20150925,281
268,2015,0.0,0.0,3.2,82.8,0.0,27.2,26,14.2,0.8,9,2015-09-26,19.5,20150926,281
269,2015,0.0,0.0,7.7,82.0,0.0,26.5,27,13.9,1.2,9,2015-09-27,18.9,20150927,281
270,2015,0.0,0.0,8.2,69.3,0.0,28.3,28,12.3,1.4,9,2015-09-28,19.4,20150928,281
271,2015,0.0,0.0,8.3,69.0,0.0,24.9,29,13.7,2.0,9,2015-09-29,19.1,20150929,281
272,2015,0.0,0.0,1.8,68.0,0.0,22.8,30,15.1,1.5,9,2015-09-30,18.5,20150930,281
273,2015,27.0,0.0,0.0,88.4,0.0,23.1,1,16.0,1.8,10,2015-10-01,18.9,20151001,281
274,2015,0.0,0.0,11.0,43.9,0.0,22.8,2,9.7,2.9,10,2015-10-02,15.7,20151002,281
275,2015,0.0,0.0,8.8,65.9,0.0,25.4,3,7.8,1.6,10,2015-10-03,17.1,20151003,281
276,2015,0.0,0.0,9.3,62.8,0.0,24.1,4,10.2,1.4,10,2015-10-04,16.4,20151004,281
277,2015,0.0,0.0,9.4,70.3,0.0,23.6,5,9.2,0.9,10,2015-10-05,15.3,20151005,281
278,2015,0.0,0.0,10.7,72.5,0.0,26.4,6,7.4,0.9,10,2015-10-06,15.8,20151006,281
279,2015,0.0,0.0,8.6,72.6,0.0,24.7,7,8.8,1.2,10,2015-10-07,16.1,20151007,281
280,2015,0.0,0.0,9.6,69.8,0.0,25.9,8,8.2,0.9,10,2015-10-08,15.8,20151008,281
281,2015,0.0,0.0,8.2,59.5,0.0,23.0,9,7.3,2.0,10,2015-10-09,15.3,20151009,281
282,2015,3.5,0.0,10.4,64.5,0.0,22.7,10,3.9,1.5,10,2015-10-10,13.8,20151010,281
283,2015,0.5,0.0,6.3,62.1,0.0,18.4,11,10.2,2.8,10,2015-10-11,14.1,20151011,281
284,2015,0.0,0.0,5.5,58.4,0.0,19.0,12,9.2,2.9,10,2015-10-12,13.9,20151012,281
285,2015,0.0,0.0,10.8,52.1,0.0,22.8,13,5.1,2.1,10,2015-10-13,15.0,20151013,281
286,2015,0.0,0.0,10.5,66.5,0.0,24.2,14,6.8,1.3,10,2015-10-14,15.4,20151014,281
287,2015,0.0,0.0,8.3,79.0,0.0,24.1,15,8.3,0.8,10,2015-10-15,14.9,20151015,281
288,2015,0.0,0.0,7.3,80.8,0.0,24.2,16,7.9,0.9,10,2015-10-16,14.7,20151016,281
289,2015,0.0,0.0,8.5,77.3,0.0,24.7,17,8.4,1.0,10,2015-10-17,14.9,20151017,281
290,2015,0.0,0.0,8.4,69.1,0.0,27.0,18,7.5,0.8,10,2015-10-18,14.9,20151018,281
291,2015,0.0,0.0,5.1,73.3,0.0,24.6,19,7.8,0.6,10,2015-10-19,15.5,20151019,281
292,2015,0.0,0.0,8.1,77.9,0.0,24.6,20,8.2,1.1,10,2015-10-20,15.7,20151020,281
293,2015,0.0,0.0,8.3,78.5,0.0,24.7,21,9.9,0.8,10,2015-10-21,16.8,20151021,281
294,2015,0.0,0.0,6.6,81.1,0.0,21.1,22,10.8,1.7,10,2015-10-22,15.4,20151022,281
295,2015,0.0,0.0,7.5,77.3,0.0,23.4,23,9.9,0.8,10,2015-10-23,15.3,20151023,281
296,2015,0.0,0.0,6.1,71.1,0.0,23.6,24,8.9,2.2,10,2015-10-24,16.4,20151024,281
297,2015,0.0,0.0,9.7,55.8,0.0,19.8,25,7.7,2.0,10,2015-10-25,14.2,20151025,281
298,2015,0.0,0.0,6.4,72.0,0.0,20.2,26,5.1,1.2,10,2015-10-26,12.0,20151026,281
299,2015,10.0,0.0,2.2,77.5,0.0,17.7,27,7.9,2.5,10,2015-10-27,12.3,20151027,281
300,2015,0.0,0.0,9.8,58.1,0.0,17.8,28,3.2,2.1,10,2015-10-28,10.4,20151028,281
301,2015,0.0,0.0,6.1,59.0,0.0,17.0,29,3.3,1.4,10,2015-10-29,9.7,20151029,281
302,2015,0.0,0.0,9.8,41.8,0.0,14.9,30,3.1,2.5,10,2015-10-30,9.1,20151030,281
303,2015,0.0,0.0,9.9,50.1,0.0,14.4,31,-1.8,1.6,10,2015-10-31,5.8,20151031,281
304,2015,0.2,0.0,0.0,68.5,0.0,10.4,1,-2.1,0.6,11,2015-11-01,4.9,20151101,281
305,2015,0.2,0.0,9.0,59.9,0.0,17.7,2,3.8,2.3,11,2015-11-02,10.6,20151102,281
306,2015,0.0,0.0,9.2,64.1,0.0,20.7,3,3.1,1.0,11,2015-11-03,10.6,20151103,281
307,2015,0.0,0.0,8.1,73.3,0.0,20.9,4,0.2,0.8,11,2015-11-04,8.9,20151104,281
308,2015,0.0,0.0,4.8,70.0,0.0,22.0,5,2.9,0.9,11,2015-11-05,11.1,20151105,281
309,2015,3.0,0.0,5.0,74.3,0.0,20.0,6,4.7,2.1,11,2015-11-06,12.6,20151106,281
310,2015,28.5,0.0,0.0,96.3,0.0,16.1,7,12.2,1.0,11,2015-11-07,14.1,20151107,281
311,2015,9.5,0.0,0.0,94.8,0.0,15.3,8,12.5,1.3,11,2015-11-08,13.9,20151108,281
312,2015,3.0,0.0,0.5,83.9,0.0,17.5,9,10.8,1.5,11,2015-11-09,13.3,20151109,281
313,2015,0.0,0.0,0.6,81.6,0.0,17.2,10,8.5,1.3,11,2015-11-10,12.0,20151110,281
314,2015,0.0,0.0,4.7,81.8,0.0,18.0,11,6.1,1.1,11,2015-11-11,12.4,20151111,281
315,2015,0.0,0.0,1.8,74.8,0.0,19.1,12,9.9,2.2,11,2015-11-12,14.1,20151112,281
316,2015,18.5,0.0,0.0,85.8,0.0,14.5,13,12.3,1.9,11,2015-11-13,13.5,20151113,281
317,2015,0.1,0.0,0.0,91.8,0.0,17.3,14,13.0,1.2,11,2015-11-14,15.0,20151114,281
318,2015,0.0,0.0,0.2,82.6,0.0,17.8,15,8.7,1.2,11,2015-11-15,13.6,20151115,281
319,2015,9.0,0.0,0.1,92.1,0.0,16.9,16,6.8,0.6,11,2015-11-16,12.2,20151116,281
320,2015,0.0,0.0,0.0,90.5,0.0,15.0,17,13.7,1.4,11,2015-11-17,14.2,20151117,281
321,2015,6.0,0.0,0.0,84.1,0.0,14.0,18,9.4,2.5,11,2015-11-18,11.7,20151118,281
322,2015,0.0,0.0,0.0,77.8,0.0,13.5,19,9.1,1.2,11,2015-11-19,11.1,20151119,281
323,2015,0.0,0.0,4.8,76.9,0.0,17.7,20,5.7,1.2,11,2015-11-20,11.2,20151120,281
324,2015,0.0,0.0,0.0,85.9,0.0,13.1,21,4.1,0.6,11,2015-11-21,9.6,20151121,281
325,2015,0.0,0.0,0.0,81.3,0.0,16.3,22,10.2,1.0,11,2015-11-22,12.8,20151122,281
326,2015,0.5,0.0,0.0,81.9,0.0,14.9,23,11.4,1.3,11,2015-11-23,13.0,20151123,281
327,2015,0.0,0.0,0.1,69.0,0.0,11.9,24,7.3,2.5,11,2015-11-24,10.2,20151124,281
328,2015,0.2,0.0,1.5,80.9,0.0,8.4,25,4.7,1.8,11,2015-11-25,6.6,20151125,281
329,2015,0.0,0.0,9.5,52.6,0.0,6.2,26,-0.3,4.4,11,2015-11-26,2.5,20151126,281
330,2015,0.0,0.0,7.3,57.8,0.0,6.4,27,-1.2,4.0,11,2015-11-27,1.5,20151127,281
331,2015,0.0,0.0,5.3,61.0,0.0,9.3,28,0.2,2.0,11,2015-11-28,4.1,20151128,281
332,2015,0.0,0.0,6.3,75.6,0.0,12.5,29,-1.6,0.6,11,2015-11-29,4.1,20151129,281
333,2015,0.0,0.0,5.9,70.8,0.0,13.2,30,0.2,1.4,11,2015-11-30,5.9,20151130,281
334,2015,0.0,0.0,7.4,76.9,0.0,14.7,1,-2.9,0.6,12,2015-12-01,4.8,20151201,281
335,2015,0.4,0.0,0.0,84.4,0.0,11.2,2,1.0,1.4,12,2015-12-02,6.7,20151202,281
336,2015,0.0,0.0,3.6,51.4,0.0,7.9,3,0.4,4.4,12,2015-12-03,4.3,20151203,281
337,2015,0.0,0.0,6.7,54.6,0.0,6.6,4,0.2,5.0,12,2015-12-04,3.6,20151204,281
338,2015,0.0,0.0,4.1,48.6,0.0,9.8,5,3.7,3.8,12,2015-12-05,6.8,20151205,281
339,2015,0.0,0.0,0.3,61.4,0.0,9.6,6,-1.5,1.0,12,2015-12-06,3.6,20151206,281
340,2015,0.0,0.0,3.6,73.4,0.0,12.2,7,-2.2,0.9,12,2015-12-07,5.2,20151207,281
341,2015,0.0,0.0,5.1,75.3,0.0,13.8,8,1.6,0.8,12,2015-12-08,6.5,20151208,281
342,2015,0.0,0.0,3.5,83.3,0.0,14.6,9,-0.4,0.5,12,2015-12-09,6.1,20151209,281
343,2015,17.0,0.0,0.0,96.3,0.0,10.2,10,6.2,0.6,12,2015-12-10,8.7,20151210,281
344,2015,10.0,0.0,0.0,75.4,0.0,10.2,11,2.9,1.8,12,2015-12-11,7.9,20151211,281
345,2015,0.0,0.0,4.6,69.1,0.0,11.7,12,1.0,1.3,12,2015-12-12,5.4,20151212,281
346,2015,0.0,0.0,5.6,77.4,0.0,13.0,13,-0.4,0.7,12,2015-12-13,5.0,20151213,281
347,2015,2.0,0.0,0.0,91.5,0.0,10.1,14,2.5,0.8,12,2015-12-14,7.4,20151214,281
348,2015,2.0,0.0,2.8,70.6,0.0,10.9,15,4.9,2.9,12,2015-12-15,8.0,20151215,281
349,2015,0.4,0.0,1.9,61.4,0.0,5.9,16,-1.4,2.9,12,2015-12-16,2.5,20151216,281
350,2015,0.0,0.0,7.6,44.3,0.0,1.7,17,-3.7,3.8,12,2015-12-17,-1.7,20151217,281
351,2015,0.0,0.0,7.6,57.3,0.0,6.4,18,-6.4,2.7,12,2015-12-18,0.3,20151218,281
352,2015,0.0,0.0,7.6,73.0,0.0,9.5,19,-5.9,0.7,12,2015-12-19,0.3,20151219,281
353,2015,0.2,0.0,0.6,82.4,0.0,3.9,20,-5.3,0.5,12,2015-12-20,0.0,20151220,281
354,2015,1.0,0.0,3.1,88.3,0.0,10.3,21,-0.9,1.2,12,2015-12-21,3.7,20151221,281
355,2015,0.1,0.0,5.1,83.6,0.0,11.4,22,-3.9,0.7,12,2015-12-22,3.4,20151222,281
356,2015,0.5,0.0,0.0,90.3,0.0,9.4,23,5.4,1.1,12,2015-12-23,7.1,20151223,281
357,2015,0.0,0.0,4.3,68.6,0.0,9.9,24,0.4,2.1,12,2015-12-24,5.1,20151224,281
358,2015,0.0,0.0,7.2,38.4,0.0,6.6,25,-5.1,3.3,12,2015-12-25,1.7,20151225,281
359,2015,0.0,0.0,7.0,52.3,0.0,11.0,26,-5.6,1.8,12,2015-12-26,3.4,20151226,281
360,2015,0.0,0.0,7.4,37.5,0.0,5.5,27,-3.1,2.3,12,2015-12-27,0.7,20151227,281
361,2015,0.0,0.0,7.6,33.3,0.0,2.5,28,-5.1,3.8,12,2015-12-28,-1.8,20151228,281
362,2015,0.0,0.0,7.6,38.0,0.0,5.6,29,-4.5,2.6,12,2015-12-29,-0.8,20151229,281
363,2015,0.0,0.0,7.6,59.4,0.0,8.2,30,-8.8,0.7,12,2015-12-30,-1.5,20151230,281
364,2015,0.0,0.0,4.8,64.5,0.0,7.3,31,-4.7,1.5,12,2015-12-31,0.6,20151231,281
