,station_id,sunshine,humid,day,tmin,snow,Date,date,cloud,tavg,year,wind,month,rainfall,tmax
0,281,7.5,63.5,1,-6.6,0.0,2016-01-01,20160101,0.0,1.3,2016,1.8,1,0.0,8.8
1,281,7.1,70.4,2,-4.8,0.0,2016-01-02,20160102,0.0,2.0,2016,0.8,1,0.0,11.6
2,281,7.3,74.3,3,-4.3,0.0,2016-01-03,20160103,0.0,3.3,2016,0.5,1,0.0,14.9
3,281,6.6,49.9,4,-1.9,0.0,2016-01-04,20160104,0.0,6.5,2016,2.7,1,0.0,12.1
4,281,1.1,24.9,5,0.1,0.0,2016-01-05,20160105,0.0,2.3,2016,2.8,1,0.0,6.0
5,281,6.9,41.0,6,-3.2,0.0,2016-01-06,20160106,0.0,1.7,2016,3.4,1,0.0,5.9
6,281,7.7,42.1,7,-1.0,0.0,2016-01-07,20160107,0.0,1.5,2016,3.2,1,0.0,5.7
7,281,7.7,41.9,8,-2.4,0.0,2016-01-08,20160108,0.0,0.6,2016,3.7,1,0.0,5.1
8,281,6.9,50.5,9,-8.1,0.0,2016-01-09,20160109,0.0,0.2,2016,2.2,1,0.0,6.8
9,281,7.4,48.3,10,-3.8,0.0,2016-01-10,20160110,0.0,2.4,2016,2.2,1,0.0,8.1
10,281,7.2,32.5,11,-5.0,0.0,2016-01-11,20160111,0.0,0.2,2016,2.0,1,0.0,5.9
11,281,6.9,41.3,12,-10.2,0.0,2016-01-12,20160112,0.0,-2.4,2016,2.0,1,0.0,5.5
12,281,7.8,52.6,13,-4.5,0.0,2016-01-13,20160113,0.0,-1.2,2016,3.0,1,0.0,3.6
13,281,6.9,47.6,14,-6.7,0.0,2016-01-14,20160114,0.0,-1.1,2016,2.8,1,0.0,4.4
14,281,5.0,62.3,15,-9.6,0.0,2016-01-15,20160115,0.0,-2.3,2016,0.6,1,0.0,7.1
15,281,5.0,64.3,16,-7.7,0.0,2016-01-16,20160116,0.0,-0.9,2016,0.7,1,0.0,8.7
16,281,0.0,81.9,17,-4.0,0.0,2016-01-17,20160117,0.0,1.6,2016,0.8,1,3.0,7.4
17,281,4.1,61.3,18,-6.1,0.0,2016-01-18,20160118,0.0,-0.6,2016,4.5,1,0.3,4.0
18,281,7.8,40.5,19,-9.0,0.0,2016-01-19,20160119,0.0,-6.6,2016,5.6,1,0.0,-3.9
19,281,5.8,43.4,20,-10.2,0.0,2016-01-20,20160120,0.0,-6.0,2016,2.6,1,0.0,-1.3
20,281,0.5,34.5,21,-8.3,0.0,2016-01-21,20160121,0.0,-3.8,2016,2.5,1,0.0,0.4
21,281,6.9,29.6,22,-7.9,0.0,2016-01-22,20160122,0.0,-2.6,2016,2.9,1,0.0,2.2
22,281,4.2,28.9,23,-11.3,0.0,2016-01-23,20160123,0.0,-5.7,2016,4.2,1,0.0,-2.1
23,281,7.9,41.3,24,-13.9,0.0,2016-01-24,20160124,0.0,-10.3,2016,4.4,1,0.0,-7.3
24,281,7.9,46.3,25,-10.4,0.0,2016-01-25,20160125,0.0,-5.2,2016,4.3,1,0.0,0.5
25,281,6.8,54.0,26,-7.0,0.0,2016-01-26,20160126,0.0,-1.3,2016,3.5,1,0.0,4.2
26,281,7.3,48.0,27,-5.3,0.0,2016-01-27,20160127,0.0,0.4,2016,1.7,1,0.0,7.8
27,281,0.0,71.5,28,-7.5,0.0,2016-01-28,20160128,0.0,-1.1,2016,0.5,1,4.0,3.1
28,281,0.0,99.4,29,0.2,0.0,2016-01-29,20160129,0.0,1.7,2016,0.8,1,14.0,3.0
29,281,0.0,99.3,30,0.2,0.0,2016-01-30,20160130,0.0,2.0,2016,0.5,1,1.2,4.4
30,281,5.8,58.0,31,-1.2,0.0,2016-01-31,20160131,0.0,0.9,2016,2.3,1,0.0,4.1
31,281,8.1,34.9,1,-4.3,0.0,2016-02-01,20160201,0.0,-1.2,2016,3.0,2,0.0,4.1
32,281,8.8,40.8,2,-7.1,0.0,2016-02-02,20160202,0.0,-2.6,2016,2.3,2,0.0,4.6
33,281,8.8,47.0,3,-9.4,0.0,2016-02-03,20160203,0.0,-1.2,2016,2.1,2,0.0,5.4
34,281,7.0,41.8,4,-2.1,0.0,2016-02-04,20160204,0.0,1.7,2016,3.4,2,0.0,6.2
35,281,9.0,32.1,5,-2.4,0.0,2016-02-05,20160205,0.0,1.3,2016,3.2,2,0.0,7.5
36,281,9.3,38.6,6,-7.5,0.0,2016-02-06,20160206,0.0,-0.5,2016,2.4,2,0.0,5.2
37,281,9.2,48.5,7,-8.5,0.0,2016-02-07,20160207,0.0,-1.4,2016,1.3,2,0.0,7.3
38,281,8.9,53.5,8,-9.2,0.0,2016-02-08,20160208,0.0,-0.6,2016,1.5,2,0.0,7.9
39,281,9.9,36.6,9,-2.9,0.0,2016-02-09,20160209,0.0,2.9,2016,3.7,2,0.0,8.6
40,281,9.9,55.1,10,-7.1,0.0,2016-02-10,20160210,0.0,1.7,2016,0.9,2,0.0,12.3
41,281,7.7,65.0,11,-5.0,0.0,2016-02-11,20160211,0.0,5.3,2016,1.0,2,0.0,15.1
42,281,0.0,97.4,12,5.3,0.0,2016-02-12,20160212,0.0,8.6,2016,0.5,2,5.0,11.2
43,281,0.0,98.5,13,8.7,0.0,2016-02-13,20160213,0.0,13.1,2016,0.6,2,8.5,17.2
44,281,6.9,64.3,14,-2.7,0.0,2016-02-14,20160214,0.0,4.1,2016,4.9,2,0.1,16.1
45,281,10.3,44.8,15,-5.7,0.0,2016-02-15,20160215,0.0,-2.4,2016,4.5,2,0.0,0.7
46,281,5.3,53.3,16,-3.8,0.0,2016-02-16,20160216,0.0,0.7,2016,3.4,2,0.0,4.8
47,281,10.5,42.3,17,-4.4,0.0,2016-02-17,20160217,0.0,2.2,2016,2.8,2,0.0,7.5
48,281,8.3,54.3,18,-2.4,0.0,2016-02-18,20160218,0.0,3.0,2016,1.7,2,0.0,10.4
49,281,6.2,56.0,19,-3.3,0.0,2016-02-19,20160219,0.0,4.1,2016,1.3,2,0.0,11.9
50,281,7.3,46.9,20,1.3,0.0,2016-02-20,20160220,0.0,4.9,2016,2.1,2,0.0,11.5
51,281,10.3,35.9,21,-2.7,0.0,2016-02-21,20160221,0.0,1.6,2016,3.1,2,0.0,7.2
52,281,2.8,44.6,22,-3.1,0.0,2016-02-22,20160222,0.0,3.3,2016,1.1,2,0.0,8.6
53,281,7.9,41.4,23,-0.5,0.0,2016-02-23,20160223,0.0,4.5,2016,2.9,2,0.0,10.6
54,281,5.3,47.4,24,-2.5,0.0,2016-02-24,20160224,0.0,0.3,2016,2.2,2,0.0,3.9
55,281,10.7,41.8,25,-4.6,0.0,2016-02-25,20160225,0.0,0.5,2016,2.9,2,0.0,7.1
56,281,3.2,68.6,26,-5.8,0.0,2016-02-26,20160226,0.0,2.0,2016,1.4,2,0.1,8.9
57,281,8.2,69.1,27,-0.7,0.0,2016-02-27,20160227,0.0,5.5,2016,1.5,2,0.1,12.6
58,281,3.3,66.9,28,-0.5,0.0,2016-02-28,20160228,0.0,6.9,2016,2.2,2,3.5,15.5
59,281,7.8,51.5,29,-3.8,0.0,2016-02-29,20160229,0.0,-0.6,2016,4.4,2,0.0,2.7
60,281,10.8,40.4,1,-6.9,0.0,2016-03-01,20160301,0.0,-0.2,2016,3.1,3,0.0,6.3
61,281,10.8,47.4,2,-2.9,0.0,2016-03-02,20160302,0.0,3.7,2016,2.0,3,0.0,13.0
62,281,10.7,54.4,3,-4.9,0.0,2016-03-03,20160303,0.0,6.3,2016,1.1,3,0.0,17.8
63,281,0.0,97.0,4,0.6,0.0,2016-03-04,20160304,0.0,6.3,2016,1.4,3,11.5,9.8
64,281,0.6,90.5,5,7.6,0.0,2016-03-05,20160305,0.0,12.2,2016,1.9,3,37.5,17.7
65,281,4.3,78.8,6,6.5,0.0,2016-03-06,20160306,0.0,12.9,2016,1.4,3,13.5,19.2
66,281,6.5,71.3,7,2.6,0.0,2016-03-07,20160307,0.0,9.9,2016,1.5,3,0.0,17.6
67,281,0.0,35.5,8,6.0,0.0,2016-03-08,20160308,0.0,8.6,2016,2.5,3,0.0,11.3
68,281,5.1,49.5,9,3.1,0.0,2016-03-09,20160309,0.0,5.9,2016,1.9,3,0.0,11.2
69,281,9.3,36.3,10,-0.3,0.0,2016-03-10,20160310,0.0,3.1,2016,3.0,3,0.0,8.4
70,281,10.9,44.1,11,-2.7,0.0,2016-03-11,20160311,0.0,1.3,2016,2.4,3,0.0,7.8
71,281,10.5,44.4,12,-6.1,0.0,2016-03-12,20160312,0.0,3.0,2016,1.4,3,0.0,9.8
72,281,0.0,55.8,13,0.5,0.0,2016-03-13,20160313,0.0,4.6,2016,1.0,3,0.0,9.9
73,281,9.9,64.6,14,-2.1,0.0,2016-03-14,20160314,0.0,4.2,2016,1.5,3,0.0,13.6
74,281,10.1,56.5,15,-4.3,0.0,2016-03-15,20160315,0.0,5.8,2016,1.0,3,0.0,15.2
75,281,8.1,43.9,16,2.3,0.0,2016-03-16,20160316,0.0,9.3,2016,1.5,3,0.0,19.5
76,281,9.7,39.3,17,-1.9,0.0,2016-03-17,20160317,0.0,11.6,2016,1.4,3,0.0,21.4
77,281,0.0,95.5,18,8.3,0.0,2016-03-18,20160318,0.0,10.9,2016,0.8,3,12.0,14.1
78,281,6.8,76.8,19,4.6,0.0,2016-03-19,20160319,0.0,10.0,2016,1.9,3,0.0,16.7
79,281,0.8,74.9,20,3.3,0.0,2016-03-20,20160320,0.0,7.3,2016,1.7,3,0.0,11.2
80,281,10.2,62.4,21,3.2,0.0,2016-03-21,20160321,0.0,9.1,2016,1.0,3,0.0,17.0
81,281,11.0,50.1,22,2.1,0.0,2016-03-22,20160322,0.0,12.1,2016,2.2,3,0.0,20.4
82,281,6.2,63.9,23,5.3,0.0,2016-03-23,20160323,0.0,9.0,2016,2.3,3,0.3,13.9
83,281,6.2,60.3,24,2.9,0.0,2016-03-24,20160324,0.0,6.6,2016,2.1,3,1.0,11.4
84,281,2.4,70.9,25,2.5,0.0,2016-03-25,20160325,0.0,6.4,2016,1.4,3,0.0,10.9
85,281,7.8,78.5,26,0.5,0.0,2016-03-26,20160326,0.0,5.8,2016,1.5,3,0.1,13.7
86,281,8.9,56.4,27,-1.1,0.0,2016-03-27,20160327,0.0,7.5,2016,1.8,3,0.0,16.1
87,281,11.1,36.6,28,0.7,0.0,2016-03-28,20160328,0.0,9.9,2016,1.6,3,0.0,18.9
88,281,5.6,53.3,29,1.1,0.0,2016-03-29,20160329,0.0,11.0,2016,2.0,3,0.0,18.1
89,281,11.0,47.0,30,5.3,0.0,2016-03-30,20160330,0.0,13.9,2016,1.7,3,0.0,22.6
90,281,3.2,44.6,31,2.7,0.0,2016-03-31,20160331,0.0,12.0,2016,1.0,3,0.0,21.3
91,281,11.3,58.1,1,1.4,0.0,2016-04-01,20160401,0.0,12.1,2016,1.8,4,0.0,22.8
92,281,5.7,65.4,2,4.8,0.0,2016-04-02,20160402,0.0,14.1,2016,1.4,4,0.0,23.5
93,281,0.0,90.6,3,9.4,0.0,2016-04-03,20160403,0.0,10.8,2016,1.3,4,25.0,15.6
94,281,0.1,87.6,4,6.0,0.0,2016-04-04,20160404,0.0,10.1,2016,1.4,4,3.0,13.2
95,281,9.3,61.9,5,4.1,0.0,2016-04-05,20160405,0.0,11.7,2016,1.7,4,0.0,21.2
96,281,5.4,58.1,6,5.3,0.0,2016-04-06,20160406,0.0,13.4,2016,1.6,4,12.0,22.8
97,281,1.2,92.5,7,9.4,0.0,2016-04-07,20160407,0.0,12.3,2016,1.3,4,34.0,17.2
98,281,10.5,51.1,8,8.4,0.0,2016-04-08,20160408,0.0,16.4,2016,2.1,4,0.0,24.9
99,281,10.4,50.8,9,6.5,0.0,2016-04-09,20160409,0.0,16.5,2016,1.3,4,0.0,25.5
100,281,8.5,68.5,10,8.5,0.0,2016-04-10,20160410,0.0,12.0,2016,2.5,4,0.0,17.3
101,281,5.3,66.1,11,4.0,0.0,2016-04-11,20160411,0.0,8.7,2016,2.9,4,0.0,13.3
102,281,9.5,62.8,12,1.4,0.0,2016-04-12,20160412,0.0,11.5,2016,1.0,4,1.0,21.1
103,281,0.0,98.8,13,11.9,0.0,2016-04-13,20160413,0.0,14.4,2016,0.9,4,10.0,17.0
104,281,11.6,60.1,14,9.9,0.0,2016-04-14,20160414,0.0,17.5,2016,2.7,4,0.0,24.9
105,281,11.8,61.3,15,6.6,0.0,2016-04-15,20160415,0.0,13.2,2016,2.0,4,0.0,20.5
106,281,3.8,73.8,16,4.9,0.0,2016-04-16,20160416,0.0,14.0,2016,1.7,4,8.0,22.0
107,281,8.9,47.4,17,12.8,0.0,2016-04-17,20160417,0.0,15.7,2016,4.8,4,5.5,19.6
108,281,8.3,31.8,18,11.3,0.0,2016-04-18,20160418,0.0,16.1,2016,3.2,4,0.0,22.1
109,281,11.9,50.5,19,7.6,0.0,2016-04-19,20160419,0.0,13.4,2016,2.6,4,0.0,20.7
110,281,6.7,49.6,20,5.0,0.0,2016-04-20,20160420,0.0,14.7,2016,1.3,4,0.0,23.1
111,281,0.4,86.6,21,9.8,0.0,2016-04-21,20160421,0.0,14.4,2016,1.8,4,28.5,18.4
112,281,11.0,62.9,22,11.7,0.0,2016-04-22,20160422,0.0,18.9,2016,2.0,4,0.0,27.3
113,281,1.5,35.1,23,13.6,0.0,2016-04-23,20160423,0.0,17.6,2016,1.7,4,0.0,21.6
114,281,9.9,47.0,24,6.2,0.0,2016-04-24,20160424,0.0,13.7,2016,1.9,4,0.0,22.0
115,281,11.4,54.5,25,5.6,0.0,2016-04-25,20160425,0.0,15.5,2016,1.1,4,0.0,26.8
116,281,9.9,63.6,26,6.5,0.0,2016-04-26,20160426,0.0,14.1,2016,2.3,4,0.0,23.8
117,281,0.0,93.0,27,9.8,0.0,2016-04-27,20160427,0.0,10.7,2016,1.9,4,44.0,12.4
118,281,2.0,77.9,28,9.9,0.0,2016-04-28,20160428,0.0,12.4,2016,1.4,4,3.5,17.4
119,281,11.0,57.3,29,8.1,0.0,2016-04-29,20160429,0.0,15.0,2016,1.4,4,0.0,22.3
120,281,11.0,54.0,30,6.6,0.0,2016-04-30,20160430,0.0,17.8,2016,2.0,4,0.0,26.8
121,281,11.9,45.3,1,10.3,0.0,2016-05-01,20160501,0.0,20.2,2016,2.1,5,0.0,28.4
122,281,9.2,62.4,2,9.3,0.0,2016-05-02,20160502,0.0,19.2,2016,1.7,5,0.1,27.3
123,281,1.9,73.8,3,13.1,0.0,2016-05-03,20160503,0.0,16.7,2016,2.9,5,9.0,22.1
124,281,12.3,24.1,4,14.4,0.0,2016-05-04,20160504,0.0,19.6,2016,5.4,5,0.0,25.1
125,281,11.4,31.4,5,9.3,0.0,2016-05-05,20160505,0.0,20.1,2016,1.9,5,0.0,28.2
126,281,4.0,63.5,6,15.3,0.0,2016-05-06,20160506,0.0,20.4,2016,1.8,5,0.0,24.2
127,281,10.8,41.6,7,12.8,0.0,2016-05-07,20160507,0.0,18.9,2016,3.1,5,0.0,25.7
128,281,8.8,49.5,8,7.8,0.0,2016-05-08,20160508,0.0,17.4,2016,1.8,5,0.0,25.6
129,281,1.7,49.6,9,13.4,0.0,2016-05-09,20160509,0.0,19.1,2016,1.0,5,0.0,24.6
130,281,0.0,88.9,10,12.2,0.0,2016-05-10,20160510,0.0,14.5,2016,1.3,5,20.5,18.6
131,281,7.4,73.6,11,12.1,0.0,2016-05-11,20160511,0.0,16.5,2016,1.3,5,4.0,23.3
132,281,11.2,54.3,12,9.4,0.0,2016-05-12,20160512,0.0,19.1,2016,1.8,5,0.0,27.4
133,281,5.9,67.8,13,9.5,0.0,2016-05-13,20160513,0.0,15.3,2016,1.9,5,0.0,22.9
134,281,11.8,65.6,14,6.7,0.0,2016-05-14,20160514,0.0,14.7,2016,2.3,5,0.0,21.5
135,281,8.0,66.3,15,8.9,0.0,2016-05-15,20160515,0.0,19.5,2016,1.9,5,0.0,25.0
136,281,7.6,62.3,16,8.2,0.0,2016-05-16,20160516,0.0,14.8,2016,3.3,5,15.5,23.8
137,281,12.9,54.4,17,5.1,0.0,2016-05-17,20160517,0.0,17.0,2016,1.2,5,0.0,27.9
138,281,12.8,53.1,18,8.6,0.0,2016-05-18,20160518,0.0,19.9,2016,1.3,5,0.0,31.3
139,281,11.9,51.9,19,8.7,0.0,2016-05-19,20160519,0.0,19.0,2016,1.4,5,0.0,29.4
140,281,12.7,60.5,20,9.7,0.0,2016-05-20,20160520,0.0,18.5,2016,1.6,5,0.0,29.1
141,281,12.0,56.8,21,9.0,0.0,2016-05-21,20160521,0.0,17.6,2016,1.6,5,0.0,26.8
142,281,12.6,54.1,22,7.7,0.0,2016-05-22,20160522,0.0,17.2,2016,1.9,5,0.0,26.3
143,281,12.4,48.9,23,7.9,0.0,2016-05-23,20160523,0.0,20.5,2016,1.1,5,0.0,30.5
144,281,0.0,82.0,24,15.3,0.0,2016-05-24,20160524,0.0,18.7,2016,1.5,5,13.5,22.1
145,281,12.3,64.4,25,13.4,0.0,2016-05-25,20160525,0.0,20.7,2016,1.4,5,0.0,28.4
146,281,8.2,62.4,26,12.8,0.0,2016-05-26,20160526,0.0,21.6,2016,1.5,5,0.0,28.6
147,281,9.2,51.4,27,18.6,0.0,2016-05-27,20160527,0.0,22.9,2016,1.8,5,0.0,28.0
148,281,6.4,56.1,28,15.8,0.0,2016-05-28,20160528,0.0,21.9,2016,1.1,5,0.0,29.2
149,281,6.0,56.0,29,14.4,0.0,2016-05-29,20160529,0.0,21.2,2016,1.4,5,0.0,28.7
150,281,12.9,58.1,30,13.0,0.0,2016-05-30,20160530,0.0,22.3,2016,1.5,5,0.0,32.4
151,281,11.9,45.3,31,17.1,0.0,2016-05-31,20160531,0.0,24.5,2016,2.4,5,0.0,31.0
152,281,11.5,48.8,1,13.3,0.0,2016-06-01,20160601,0.0,19.7,2016,2.5,6,0.0,24.5
153,281,13.1,52.5,2,9.9,0.0,2016-06-02,20160602,0.0,19.7,2016,1.6,6,0.0,27.4
154,281,11.5,48.9,3,11.8,0.0,2016-06-03,20160603,0.0,22.5,2016,1.5,6,0.0,30.6
155,281,0.0,71.5,4,17.1,0.0,2016-06-04,20160604,0.0,19.7,2016,1.1,6,0.1,23.8
156,281,10.3,68.4,5,14.7,0.0,2016-06-05,20160605,0.0,19.9,2016,2.3,6,0.0,25.3
157,281,0.0,85.5,6,15.8,0.0,2016-06-06,20160606,0.0,18.4,2016,1.1,6,2.0,19.7
158,281,4.0,74.0,7,17.7,0.0,2016-06-07,20160607,0.0,22.3,2016,1.3,6,0.0,27.0
159,281,0.0,90.6,8,19.4,0.0,2016-06-08,20160608,0.0,21.1,2016,0.7,6,14.0,23.7
160,281,6.8,79.3,9,18.3,0.0,2016-06-09,20160609,0.0,21.9,2016,1.8,6,0.0,26.5
161,281,8.6,65.6,10,18.9,0.0,2016-06-10,20160610,0.0,24.2,2016,1.5,6,0.0,31.3
162,281,8.8,74.3,11,18.4,0.0,2016-06-11,20160611,0.0,24.2,2016,1.5,6,0.5,31.4
163,281,0.0,85.8,12,19.7,0.0,2016-06-12,20160612,0.0,22.9,2016,0.8,6,0.5,26.6
164,281,6.5,82.5,13,18.6,0.0,2016-06-13,20160613,0.0,21.5,2016,2.3,6,2.0,26.1
165,281,4.8,84.9,14,18.3,0.0,2016-06-14,20160614,0.0,21.5,2016,1.7,6,2.5,26.8
166,281,0.8,72.6,15,17.6,0.0,2016-06-15,20160615,0.0,22.7,2016,1.3,6,0.0,25.3
167,281,5.9,66.0,16,20.1,0.0,2016-06-16,20160616,0.0,24.2,2016,2.2,6,0.3,29.4
168,281,12.8,55.0,17,18.6,0.0,2016-06-17,20160617,0.0,24.7,2016,2.6,6,0.0,31.9
169,281,11.9,55.0,18,17.1,0.0,2016-06-18,20160618,0.0,25.4,2016,1.6,6,0.0,33.5
170,281,9.1,71.6,19,19.7,0.0,2016-06-19,20160619,0.0,24.8,2016,1.7,6,7.5,32.3
171,281,7.1,67.4,20,16.5,0.0,2016-06-20,20160620,0.0,24.5,2016,1.4,6,0.2,32.6
172,281,1.4,76.0,21,21.5,0.0,2016-06-21,20160621,0.0,22.9,2016,1.7,6,0.1,25.8
173,281,0.1,80.5,22,20.1,0.0,2016-06-22,20160622,0.0,22.4,2016,2.2,6,0.0,25.6
174,281,11.0,63.4,23,18.7,0.0,2016-06-23,20160623,0.0,25.3,2016,1.6,6,0.0,32.5
175,281,0.4,88.8,24,20.3,0.0,2016-06-24,20160624,0.0,22.2,2016,1.7,6,19.5,25.1
176,281,6.3,51.8,25,17.6,0.0,2016-06-25,20160625,0.0,23.7,2016,2.8,6,0.0,28.5
177,281,12.9,62.0,26,16.1,0.0,2016-06-26,20160626,0.0,23.6,2016,1.9,6,0.0,31.1
178,281,2.4,75.4,27,16.3,0.0,2016-06-27,20160627,0.0,22.1,2016,0.9,6,0.1,28.0
179,281,4.1,70.1,28,17.1,0.0,2016-06-28,20160628,0.0,22.4,2016,1.4,6,0.0,28.8
180,281,0.7,75.5,29,19.0,0.0,2016-06-29,20160629,0.0,22.7,2016,1.2,6,0.1,26.8
181,281,7.7,70.0,30,18.5,0.0,2016-06-30,20160630,0.0,25.5,2016,1.7,6,0.0,32.4
182,281,0.7,81.6,1,23.2,0.0,2016-07-01,20160701,0.0,25.4,2016,1.3,7,25.5,29.6
183,281,0.0,85.5,2,23.2,0.0,2016-07-02,20160702,0.0,25.4,2016,1.9,7,19.0,28.6
184,281,0.0,90.6,3,20.7,0.0,2016-07-03,20160703,0.0,23.0,2016,1.1,7,24.5,27.1
185,281,0.0,96.5,4,20.2,0.0,2016-07-04,20160704,0.0,21.0,2016,2.0,7,12.5,21.9
186,281,5.2,75.5,5,20.9,0.0,2016-07-05,20160705,0.0,26.9,2016,1.9,7,0.1,32.2
187,281,2.5,93.4,6,19.4,0.0,2016-07-06,20160706,0.0,23.4,2016,1.5,7,86.0,31.5
188,281,10.3,75.9,8,18.7,0.0,2016-07-08,20160708,0.0,25.3,2016,1.3,7,0.0,32.6
189,281,9.1,76.0,9,20.6,0.0,2016-07-09,20160709,0.0,26.6,2016,1.2,7,0.0,34.2
190,281,8.7,70.3,10,22.2,0.0,2016-07-10,20160710,0.0,27.2,2016,1.2,7,0.0,33.1
191,281,1.5,83.8,11,21.6,0.0,2016-07-11,20160711,0.0,25.7,2016,1.5,7,0.3,30.2
192,281,1.7,80.8,12,23.4,0.0,2016-07-12,20160712,0.0,26.7,2016,1.4,7,0.1,30.7
193,281,6.1,67.5,13,23.6,0.0,2016-07-13,20160713,0.0,27.9,2016,1.9,7,0.0,32.5
194,281,7.3,73.0,14,21.5,0.0,2016-07-14,20160714,0.0,24.9,2016,2.1,7,0.0,30.9
195,281,6.7,73.3,15,19.1,0.0,2016-07-15,20160715,0.0,23.7,2016,1.9,7,0.0,28.5
196,281,0.0,93.8,16,21.0,0.0,2016-07-16,20160716,0.0,21.8,2016,1.6,7,7.5,22.3
197,281,5.2,74.3,17,21.8,0.0,2016-07-17,20160717,0.0,25.9,2016,1.2,7,0.0,30.7
198,281,10.6,66.5,18,21.9,0.0,2016-07-18,20160718,0.0,25.8,2016,1.7,7,0.0,31.6
199,281,7.4,76.4,19,22.4,0.0,2016-07-19,20160719,0.0,24.8,2016,2.2,7,0.0,29.2
200,281,8.0,74.9,20,20.9,0.0,2016-07-20,20160720,0.0,23.8,2016,2.2,7,0.0,28.2
201,281,4.6,77.3,21,18.5,0.0,2016-07-21,20160721,0.0,23.1,2016,1.7,7,0.0,28.0
202,281,12.5,74.0,22,18.2,0.0,2016-07-22,20160722,0.0,23.7,2016,2.1,7,0.0,29.3
203,281,9.4,69.3,23,19.0,0.0,2016-07-23,20160723,0.0,26.1,2016,1.3,7,0.0,34.7
204,281,8.7,70.6,24,21.4,0.0,2016-07-24,20160724,0.0,28.0,2016,1.2,7,0.0,34.7
205,281,1.4,87.1,25,24.5,0.0,2016-07-25,20160725,0.0,27.1,2016,1.0,7,7.5,32.2
206,281,9.7,71.0,26,24.2,0.0,2016-07-26,20160726,0.0,29.7,2016,1.6,7,0.0,35.5
207,281,11.4,60.3,27,26.6,0.0,2016-07-27,20160727,0.0,30.7,2016,2.4,7,0.0,35.4
208,281,6.1,68.4,28,25.2,0.0,2016-07-28,20160728,0.0,30.0,2016,1.8,7,0.0,35.1
209,281,8.4,69.1,29,24.2,0.0,2016-07-29,20160729,0.0,30.3,2016,1.6,7,0.0,36.1
210,281,8.9,63.8,30,25.8,0.0,2016-07-30,20160730,0.0,30.8,2016,1.8,7,0.0,36.1
211,281,7.0,72.9,31,24.2,0.0,2016-07-31,20160731,0.0,28.6,2016,1.6,7,0.0,35.4
212,281,6.9,81.3,1,23.0,0.0,2016-08-01,20160801,0.0,27.1,2016,1.4,8,8.0,36.2
213,281,2.6,82.1,2,23.0,0.0,2016-08-02,20160802,0.0,26.8,2016,1.2,8,0.1,32.2
214,281,4.7,81.9,3,24.0,0.0,2016-08-03,20160803,0.0,26.9,2016,1.1,8,0.0,32.7
215,281,10.6,77.0,4,23.0,0.0,2016-08-04,20160804,0.0,27.1,2016,1.6,8,0.0,33.3
216,281,11.1,74.3,5,21.9,0.0,2016-08-05,20160805,0.0,27.6,2016,1.5,8,0.0,34.3
217,281,10.1,68.8,6,22.5,0.0,2016-08-06,20160806,0.0,29.3,2016,1.2,8,0.0,36.2
218,281,12.0,64.6,7,23.7,0.0,2016-08-07,20160807,0.0,30.2,2016,1.4,8,0.0,37.6
219,281,7.4,74.3,8,24.5,0.0,2016-08-08,20160808,0.0,28.9,2016,1.4,8,0.0,35.1
220,281,10.2,65.5,9,22.7,0.0,2016-08-09,20160809,0.0,26.9,2016,1.8,8,0.0,32.0
221,281,10.2,65.5,10,21.1,0.0,2016-08-10,20160810,0.0,28.9,2016,1.3,8,0.0,36.9
222,281,11.8,65.0,11,23.4,0.0,2016-08-11,20160811,0.0,30.5,2016,1.6,8,0.0,39.0
223,281,11.6,61.6,12,24.2,0.0,2016-08-12,20160812,0.0,31.3,2016,1.3,8,0.0,39.3
224,281,12.0,55.1,13,23.9,0.0,2016-08-13,20160813,0.0,31.5,2016,1.6,8,0.0,39.6
225,281,11.4,56.6,14,24.5,0.0,2016-08-14,20160814,0.0,31.6,2016,1.6,8,0.0,38.7
226,281,7.9,66.1,15,25.4,0.0,2016-08-15,20160815,0.0,29.5,2016,1.8,8,0.0,36.4
227,281,8.6,74.1,16,23.7,0.0,2016-08-16,20160816,0.0,27.3,2016,1.9,8,41.0,32.1
228,281,9.9,75.6,17,21.9,0.0,2016-08-17,20160817,0.0,27.1,2016,1.5,8,0.0,33.6
229,281,10.3,73.1,18,22.8,0.0,2016-08-18,20160818,0.0,27.8,2016,1.8,8,0.0,33.3
230,281,11.5,73.4,19,22.3,0.0,2016-08-19,20160819,0.0,27.2,2016,1.7,8,0.0,33.0
231,281,11.5,69.5,20,21.8,0.0,2016-08-20,20160820,0.0,27.0,2016,1.7,8,0.0,32.7
232,281,9.2,69.3,21,21.4,0.0,2016-08-21,20160821,0.0,27.0,2016,1.6,8,0.0,33.0
233,281,10.8,70.9,22,21.7,0.0,2016-08-22,20160822,0.0,27.4,2016,1.8,8,0.0,33.0
234,281,9.4,68.9,23,22.3,0.0,2016-08-23,20160823,0.0,26.9,2016,1.9,8,0.0,31.6
235,281,12.0,69.0,24,20.2,0.0,2016-08-24,20160824,0.0,26.2,2016,1.7,8,0.0,33.0
236,281,11.4,60.3,25,19.6,0.0,2016-08-25,20160825,0.0,28.4,2016,1.5,8,0.0,36.3
237,281,0.0,82.0,26,18.1,0.0,2016-08-26,20160826,0.0,21.4,2016,1.6,8,1.5,25.2
238,281,10.1,60.5,27,16.0,0.0,2016-08-27,20160827,0.0,22.3,2016,2.8,8,0.0,27.1
239,281,0.0,95.0,28,18.1,0.0,2016-08-28,20160828,0.0,19.3,2016,1.4,8,37.5,23.1
240,281,5.3,74.5,29,15.8,0.0,2016-08-29,20160829,0.0,19.6,2016,2.1,8,1.0,25.3
241,281,3.8,68.9,30,15.7,0.0,2016-08-30,20160830,0.0,20.9,2016,2.4,8,0.1,26.5
242,281,6.4,46.5,31,19.6,0.0,2016-08-31,20160831,0.0,24.1,2016,4.6,8,0.0,28.7
243,281,11.0,54.8,1,22.2,0.0,2016-09-01,20160901,0.0,26.4,2016,2.4,9,0.5,31.6
244,281,0.0,97.5,2,19.1,0.0,2016-09-02,20160902,0.0,20.0,2016,1.5,9,65.5,23.3
245,281,0.0,99.3,3,19.3,0.0,2016-09-03,20160903,0.0,21.7,2016,0.9,9,90.5,23.8
246,281,0.6,92.8,4,19.9,0.0,2016-09-04,20160904,0.0,23.1,2016,1.1,9,4.5,28.0
247,281,0.6,91.3,5,21.7,0.0,2016-09-05,20160905,0.0,23.7,2016,1.0,9,1.0,27.6
248,281,1.7,85.5,6,21.7,0.0,2016-09-06,20160906,0.0,24.6,2016,1.0,9,0.0,28.9
249,281,1.9,79.1,7,20.7,0.0,2016-09-07,20160907,0.0,24.0,2016,1.0,9,1.0,29.3
250,281,9.4,77.3,8,17.8,0.0,2016-09-08,20160908,0.0,22.8,2016,1.4,9,7.0,29.2
251,281,7.5,82.3,9,19.3,0.0,2016-09-09,20160909,0.0,22.9,2016,1.3,9,3.0,28.9
252,281,1.8,84.0,10,20.2,0.0,2016-09-10,20160910,0.0,22.7,2016,1.3,9,0.0,25.7
253,281,1.9,80.9,11,19.1,0.0,2016-09-11,20160911,0.0,22.7,2016,1.1,9,0.0,26.9
254,281,0.1,96.6,12,18.3,0.0,2016-09-12,20160912,0.0,20.4,2016,0.8,9,14.0,21.8
255,281,7.6,84.5,13,16.7,0.0,2016-09-13,20160913,0.0,20.9,2016,1.2,9,0.0,27.2
256,281,5.5,80.8,14,16.3,0.0,2016-09-14,20160914,0.0,22.1,2016,0.9,9,0.0,28.3
257,281,3.9,84.0,15,17.9,0.0,2016-09-15,20160915,0.0,22.5,2016,1.0,9,0.0,28.4
258,281,0.0,94.0,16,20.0,0.0,2016-09-16,20160916,0.0,22.0,2016,0.7,9,2.5,25.2
259,281,0.0,98.9,17,18.7,0.0,2016-09-17,20160917,0.0,20.0,2016,1.2,9,125.5,21.4
260,281,0.0,90.9,18,18.0,0.0,2016-09-18,20160918,0.0,19.8,2016,1.1,9,3.5,22.0
261,281,0.7,71.3,19,18.1,0.0,2016-09-19,20160919,0.0,20.4,2016,2.9,9,0.0,22.8
262,281,8.4,59.0,20,13.1,0.0,2016-09-20,20160920,0.0,18.8,2016,2.6,9,0.0,23.7
263,281,7.1,73.4,21,11.1,0.0,2016-09-21,20160921,0.0,17.9,2016,1.5,9,0.0,23.9
264,281,1.0,80.3,22,15.7,0.0,2016-09-22,20160922,0.0,18.8,2016,1.0,9,0.0,24.0
265,281,10.0,80.4,23,13.3,0.0,2016-09-23,20160923,0.0,19.2,2016,1.2,9,0.0,25.8
266,281,9.7,78.6,24,15.0,0.0,2016-09-24,20160924,0.0,20.0,2016,1.1,9,0.0,27.6
267,281,4.4,80.0,25,14.1,0.0,2016-09-25,20160925,0.0,20.3,2016,0.7,9,0.0,27.8
268,281,0.1,88.0,26,17.5,0.0,2016-09-26,20160926,0.0,21.4,2016,0.9,9,6.0,25.9
269,281,4.0,88.3,27,21.0,0.0,2016-09-27,20160927,0.0,24.4,2016,0.8,9,0.5,30.2
270,281,0.4,92.1,28,20.2,0.0,2016-09-28,20160928,0.0,22.5,2016,1.1,9,11.0,26.9
271,281,0.0,78.4,29,15.6,0.0,2016-09-29,20160929,0.0,18.4,2016,1.9,9,0.2,20.2
272,281,0.0,95.5,30,14.8,0.0,2016-09-30,20160930,0.0,17.2,2016,0.7,9,6.0,19.7
273,281,0.0,91.4,1,16.8,0.0,2016-10-01,20161001,0.0,19.5,2016,0.9,10,0.1,22.4
274,281,2.6,85.3,2,18.7,0.0,2016-10-02,20161002,0.0,21.9,2016,1.2,10,0.0,27.9
275,281,2.0,91.6,3,19.9,0.0,2016-10-03,20161003,0.0,23.0,2016,1.0,10,8.0,29.3
276,281,6.5,80.6,4,17.9,0.0,2016-10-04,20161004,0.0,21.2,2016,2.2,10,0.0,25.8
277,281,1.4,90.3,5,16.3,0.0,2016-10-05,20161005,0.0,19.3,2016,2.6,10,47.0,23.3
278,281,9.6,81.4,6,15.2,0.0,2016-10-06,20161006,0.0,19.4,2016,1.3,10,0.0,26.2
279,281,3.3,79.9,7,16.5,0.0,2016-10-07,20161007,0.0,18.9,2016,1.8,10,3.5,22.5
280,281,0.1,83.4,8,14.6,0.0,2016-10-08,20161008,0.0,17.6,2016,1.7,10,23.5,20.6
281,281,10.3,61.6,9,10.7,0.0,2016-10-09,20161009,0.0,14.0,2016,2.4,10,0.0,19.1
282,281,4.5,77.4,10,9.1,0.0,2016-10-10,20161010,0.0,14.0,2016,1.0,10,0.0,20.3
283,281,3.6,82.6,11,10.0,0.0,2016-10-11,20161011,0.0,14.1,2016,1.0,10,0.0,20.9
284,281,8.2,77.4,12,10.2,0.0,2016-10-12,20161012,0.0,15.4,2016,1.1,10,0.0,22.8
285,281,4.0,79.6,13,11.6,0.0,2016-10-13,20161013,0.0,15.3,2016,0.7,10,0.0,21.7
286,281,8.4,79.5,14,9.0,0.0,2016-10-14,20161014,0.0,14.6,2016,0.9,10,0.0,23.6
287,281,6.5,81.4,15,9.1,0.0,2016-10-15,20161015,0.0,15.4,2016,1.1,10,0.0,23.7
288,281,0.0,98.4,16,12.0,0.0,2016-10-16,20161016,0.0,14.8,2016,0.7,10,22.0,17.3
289,281,7.1,85.9,17,14.5,0.0,2016-10-17,20161017,0.0,18.1,2016,1.5,10,0.0,24.2
290,281,6.1,86.9,18,10.9,0.0,2016-10-18,20161018,0.0,16.1,2016,1.1,10,0.0,24.3
291,281,6.1,82.6,19,12.2,0.0,2016-10-19,20161019,0.0,16.6,2016,1.0,10,0.0,24.4
292,281,5.5,77.5,20,10.6,0.0,2016-10-20,20161020,0.0,17.2,2016,1.8,10,0.0,24.0
293,281,0.0,75.4,21,12.9,0.0,2016-10-21,20161021,0.0,15.9,2016,1.8,10,0.0,17.3
294,281,3.2,78.4,22,12.9,0.0,2016-10-22,20161022,0.0,16.6,2016,1.0,10,0.1,21.1
295,281,0.1,69.8,23,11.9,0.0,2016-10-23,20161023,0.0,14.8,2016,2.6,10,0.0,17.8
296,281,9.0,70.4,24,9.5,0.0,2016-10-24,20161024,0.0,13.5,2016,1.5,10,0.0,19.4
297,281,2.7,84.8,25,10.8,0.0,2016-10-25,20161025,0.0,15.1,2016,1.4,10,2.5,21.4
298,281,4.9,82.6,26,9.0,0.0,2016-10-26,20161026,0.0,13.7,2016,1.3,10,0.0,20.3
299,281,1.8,78.3,27,7.4,0.0,2016-10-27,20161027,0.0,13.9,2016,1.6,10,0.0,19.5
300,281,0.0,89.3,28,13.1,0.0,2016-10-28,20161028,0.0,14.6,2016,1.7,10,2.0,16.0
301,281,0.6,74.0,29,10.0,0.0,2016-10-29,20161029,0.0,12.5,2016,1.2,10,0.0,15.8
302,281,9.5,52.5,30,3.0,0.0,2016-10-30,20161030,0.0,9.0,2016,1.7,10,0.0,16.0
303,281,0.0,71.1,31,3.3,0.0,2016-10-31,20161031,0.0,8.5,2016,1.2,10,0.0,11.7
304,281,9.8,41.1,1,1.2,0.0,2016-11-01,20161101,0.0,5.8,2016,2.7,11,0.0,11.7
305,281,9.6,46.4,2,0.0,0.0,2016-11-02,20161102,0.0,5.2,2016,2.3,11,0.0,12.6
306,281,4.3,76.0,3,-0.6,0.0,2016-11-03,20161103,0.0,6.0,2016,1.1,11,0.0,14.1
307,281,7.7,72.4,4,0.2,0.0,2016-11-04,20161104,0.0,7.4,2016,0.9,11,0.0,18.1
308,281,8.8,74.6,5,1.2,0.0,2016-11-05,20161105,0.0,10.5,2016,1.2,11,0.0,21.0
309,281,0.0,78.1,6,7.3,0.0,2016-11-06,20161106,0.0,12.0,2016,2.5,11,0.0,14.0
310,281,2.5,79.9,7,8.2,0.0,2016-11-07,20161107,0.0,12.2,2016,0.9,11,0.0,17.1
311,281,4.9,59.0,8,3.9,0.0,2016-11-08,20161108,0.0,10.0,2016,2.5,11,0.2,14.7
312,281,8.3,57.8,9,0.8,0.0,2016-11-09,20161109,0.0,5.5,2016,1.5,11,0.0,12.7
313,281,1.5,73.9,10,3.3,0.0,2016-11-10,20161110,0.0,8.7,2016,1.1,11,0.0,14.8
314,281,6.2,68.4,11,3.4,0.0,2016-11-11,20161111,0.0,9.3,2016,1.9,11,0.1,16.1
315,281,7.7,70.8,12,0.3,0.0,2016-11-12,20161112,0.0,8.5,2016,0.9,11,0.0,19.9
316,281,3.3,79.6,13,2.2,0.0,2016-11-13,20161113,0.0,10.6,2016,0.4,11,0.0,19.0
317,281,0.6,86.3,14,8.9,0.0,2016-11-14,20161114,0.0,13.9,2016,0.6,11,0.0,21.0
318,281,5.8,50.9,15,3.6,0.0,2016-11-15,20161115,0.0,11.9,2016,2.0,11,0.0,17.9
319,281,6.9,52.8,16,-1.0,0.0,2016-11-16,20161116,0.0,7.3,2016,1.3,11,0.0,16.4
320,281,7.4,60.6,17,4.0,0.0,2016-11-17,20161117,0.0,8.8,2016,0.8,11,0.0,16.2
321,281,3.8,86.9,18,1.5,0.0,2016-11-18,20161118,0.0,9.6,2016,0.5,11,10.5,17.9
322,281,0.0,91.6,19,11.2,0.0,2016-11-19,20161119,0.0,13.6,2016,1.1,11,0.5,17.0
323,281,7.3,74.5,20,8.3,0.0,2016-11-20,20161120,0.0,13.6,2016,1.4,11,0.0,20.4
324,281,3.6,81.9,21,5.9,0.0,2016-11-21,20161121,0.0,11.4,2016,1.0,11,0.0,17.3
325,281,1.7,59.8,22,4.1,0.0,2016-11-22,20161122,0.0,7.3,2016,2.5,11,0.0,12.2
326,281,3.2,37.8,23,1.4,0.0,2016-11-23,20161123,0.0,5.2,2016,2.6,11,0.0,10.3
327,281,7.9,29.3,24,-2.3,0.0,2016-11-24,20161124,0.0,1.5,2016,3.7,11,0.0,6.5
328,281,7.2,43.6,25,-2.9,0.0,2016-11-25,20161125,0.0,2.3,2016,2.4,11,0.0,8.9
329,281,1.4,82.5,26,-5.6,0.0,2016-11-26,20161126,0.0,-0.2,2016,0.9,11,1.0,4.6
330,281,3.1,89.3,27,-0.4,0.0,2016-11-27,20161127,0.0,2.8,2016,1.4,11,0.0,7.9
331,281,6.7,58.6,28,-0.9,0.0,2016-11-28,20161128,0.0,4.1,2016,2.3,11,0.0,9.4
332,281,7.8,41.0,29,-0.5,0.0,2016-11-29,20161129,0.0,4.9,2016,1.6,11,0.0,10.8
333,281,0.0,71.3,30,4.5,0.0,2016-11-30,20161130,0.0,8.0,2016,0.9,11,1.0,11.6
334,281,6.4,55.0,1,0.3,0.0,2016-12-01,20161201,0.0,7.2,2016,3.2,12,0.0,12.7
335,281,7.7,33.6,2,-0.6,0.0,2016-12-02,20161202,0.0,5.1,2016,2.8,12,0.0,11.2
336,281,7.7,57.4,3,-4.3,0.0,2016-12-03,20161203,0.0,3.4,2016,0.9,12,0.0,13.6
337,281,1.4,67.3,4,-1.7,0.0,2016-12-04,20161204,0.0,3.3,2016,1.0,12,0.0,11.4
338,281,7.1,64.6,5,-2.4,0.0,2016-12-05,20161205,0.0,6.7,2016,1.9,12,0.0,15.3
339,281,7.7,37.5,6,-4.6,0.0,2016-12-06,20161206,0.0,2.2,2016,3.2,12,0.0,8.0
340,281,2.7,63.1,7,-8.1,0.0,2016-12-07,20161207,0.0,-1.2,2016,0.8,12,0.0,5.4
341,281,6.9,66.1,8,-5.2,0.0,2016-12-08,20161208,0.0,2.5,2016,0.9,12,0.0,10.8
342,281,7.3,48.1,9,0.9,0.0,2016-12-09,20161209,0.0,5.7,2016,2.9,12,0.0,10.6
343,281,7.7,36.1,10,-3.0,0.0,2016-12-10,20161210,0.0,2.2,2016,2.2,12,0.0,8.9
344,281,7.7,47.6,11,-6.8,0.0,2016-12-11,20161211,0.0,0.4,2016,0.9,12,0.0,9.3
345,281,6.7,61.3,12,-4.6,0.0,2016-12-12,20161212,0.0,3.0,2016,0.6,12,0.0,12.4
346,281,1.0,69.1,13,-0.2,0.0,2016-12-13,20161213,0.0,5.1,2016,0.7,12,0.0,10.7
347,281,0.0,77.0,14,0.8,0.0,2016-12-14,20161214,0.0,3.3,2016,1.8,12,0.5,5.9
348,281,7.3,45.3,15,-3.4,0.0,2016-12-15,20161215,0.0,0.3,2016,3.6,12,0.0,4.5
349,281,7.6,34.1,16,-5.6,0.0,2016-12-16,20161216,0.0,-1.1,2016,4.2,12,0.0,3.7
350,281,7.6,54.6,17,-2.1,0.0,2016-12-17,20161217,0.0,3.4,2016,2.6,12,0.0,10.7
351,281,7.1,69.5,18,-5.2,0.0,2016-12-18,20161218,0.0,2.5,2016,1.2,12,0.0,11.2
352,281,0.0,87.3,19,0.4,0.0,2016-12-19,20161219,0.0,5.8,2016,0.5,12,1.0,8.1
353,281,6.4,84.8,20,2.2,0.0,2016-12-20,20161220,0.0,7.6,2016,0.8,12,0.0,15.4
354,281,1.5,96.8,21,1.3,0.0,2016-12-21,20161221,0.0,7.9,2016,0.8,12,11.1,14.0
355,281,1.2,73.8,22,5.7,0.0,2016-12-22,20161222,0.0,11.5,2016,3.1,12,6.0,16.4
356,281,0.7,58.4,23,0.3,0.0,2016-12-23,20161223,0.0,3.0,2016,4.1,12,0.0,5.7
357,281,3.3,60.4,24,-3.5,0.0,2016-12-24,20161224,0.0,0.9,2016,1.7,12,0.0,5.5
358,281,7.3,76.0,25,-2.2,0.0,2016-12-25,20161225,0.0,4.1,2016,0.8,12,0.0,12.2
359,281,0.0,95.3,26,3.5,0.0,2016-12-26,20161226,0.0,4.9,2016,1.1,12,16.5,6.5
360,281,4.7,60.5,27,-2.2,0.0,2016-12-27,20161227,0.0,2.4,2016,3.5,12,0.5,6.3
361,281,7.6,49.9,28,-6.1,0.0,2016-12-28,20161228,0.0,-0.2,2016,1.6,12,0.0,6.5
362,281,7.2,39.8,29,-3.0,0.0,2016-12-29,20161229,0.0,-0.1,2016,3.6,12,0.0,4.0
363,281,7.6,40.8,30,-4.8,0.0,2016-12-30,20161230,0.0,0.2,2016,2.7,12,0.0,5.3
364,281,5.5,63.5,31,-3.2,0.0,2016-12-31,20161231,0.0,2.5,2016,2.0,12,0.0,8.4
