,station_id,sunshine,humid,day,tmin,snow,Date,date,cloud,tavg,year,wind,month,rainfall,tmax
0,281,2.6,70.9,1,-7.8,0.0,2006-01-01,20060101,0.0,0.3,2006,1.3,1,0.0,7.4
1,281,5.5,51.0,2,-0.6,0.0,2006-01-02,20060102,0.0,3.4,2006,3.2,1,0.0,7.5
2,281,6.0,29.0,3,-2.2,0.0,2006-01-03,20060103,0.0,0.4,2006,3.7,1,0.0,4.8
3,281,0.0,32.6,4,-4.8,0.0,2006-01-04,20060104,0.0,-1.9,2006,2.9,1,0.0,0.1
4,281,6.5,43.5,5,-9.0,0.0,2006-01-05,20060105,0.0,-4.2,2006,2.7,1,0.0,1.2
5,281,0.2,42.8,6,-7.0,0.0,2006-01-06,20060106,0.0,-5.1,2006,3.9,1,0.0,-1.6
6,281,7.1,38.0,7,-9.8,0.0,2006-01-07,20060107,0.0,-4.9,2006,3.8,1,0.0,0.0
7,281,6.8,50.3,8,-13.3,0.0,2006-01-08,20060108,0.0,-4.7,2006,1.2,1,0.0,4.0
8,281,7.1,58.8,9,-10.8,0.0,2006-01-09,20060109,0.0,-2.8,2006,1.3,1,0.0,5.6
9,281,5.0,58.1,10,-8.5,0.0,2006-01-10,20060110,0.0,-1.2,2006,1.3,1,0.0,7.0
10,281,3.4,62.0,11,-11.3,0.0,2006-01-11,20060111,0.0,-3.6,2006,0.6,1,0.0,7.0
11,281,4.4,66.8,12,-11.8,0.0,2006-01-12,20060112,0.0,0.1,2006,1.4,1,0.0,8.3
12,281,0.0,85.8,13,3.0,0.0,2006-01-13,20060113,0.0,5.0,2006,0.5,1,11.5,6.6
13,281,0.7,77.1,14,-2.0,0.0,2006-01-14,20060114,0.0,4.6,2006,0.9,1,0.5,8.8
14,281,1.6,79.8,15,-3.0,0.0,2006-01-15,20060115,0.0,1.4,2006,0.5,1,0.0,7.5
15,281,0.0,86.4,16,-4.0,0.0,2006-01-16,20060116,0.0,0.4,2006,0.3,1,0.0,4.1
16,281,4.9,73.8,17,-3.5,0.0,2006-01-17,20060117,0.0,1.4,2006,0.5,1,0.0,9.0
17,281,3.6,71.5,18,-2.5,0.0,2006-01-18,20060118,0.0,2.8,2006,0.9,1,0.0,8.6
18,281,0.6,84.6,19,-0.3,0.0,2006-01-19,20060119,0.0,1.4,2006,1.5,1,0.5,4.0
19,281,3.9,76.3,20,-1.8,0.0,2006-01-20,20060120,0.0,1.8,2006,0.8,1,0.0,6.9
20,281,3.5,78.3,21,-5.0,0.0,2006-01-21,20060121,0.0,-0.5,2006,0.4,1,0.0,8.6
21,281,7.6,45.0,22,-6.3,0.0,2006-01-22,20060122,0.0,-0.7,2006,3.5,1,0.0,5.0
22,281,7.5,45.1,23,-8.1,0.0,2006-01-23,20060123,0.0,-1.8,2006,2.4,1,0.0,4.9
23,281,7.7,51.5,24,-9.1,0.0,2006-01-24,20060124,0.0,-2.8,2006,1.6,1,0.0,5.1
24,281,6.3,51.0,25,-8.8,0.0,2006-01-25,20060125,0.0,-0.9,2006,1.7,1,0.0,6.8
25,281,6.9,54.8,26,-4.5,0.0,2006-01-26,20060126,0.0,1.9,2006,2.3,1,0.0,8.0
26,281,6.2,50.8,27,-1.5,0.0,2006-01-27,20060127,0.0,2.3,2006,3.5,1,0.0,7.4
27,281,6.6,66.3,28,-8.0,0.0,2006-01-28,20060128,0.0,-0.2,2006,0.7,1,0.0,9.5
28,281,7.6,67.4,29,-7.0,0.0,2006-01-29,20060129,0.0,2.1,2006,0.6,1,0.0,12.5
29,281,2.6,65.6,30,0.8,0.0,2006-01-30,20060130,0.0,6.3,2006,0.9,1,0.0,12.8
30,281,0.0,85.4,31,4.4,0.0,2006-01-31,20060131,0.0,5.1,2006,1.0,1,10.0,5.9
31,281,1.7,76.4,1,-2.5,0.0,2006-02-01,20060201,0.0,2.9,2006,2.3,2,10.0,6.6
32,281,6.9,51.8,2,-4.1,0.0,2006-02-02,20060202,0.0,0.6,2006,2.6,2,0.0,6.0
33,281,8.9,42.1,3,-10.5,0.0,2006-02-03,20060203,0.0,-6.0,2006,3.8,2,0.0,-0.1
34,281,9.0,46.1,4,-12.6,0.0,2006-02-04,20060204,0.0,-6.7,2006,3.5,2,0.0,-0.4
35,281,7.4,43.3,5,-9.6,0.0,2006-02-05,20060205,0.0,-2.8,2006,1.7,2,0.0,2.9
36,281,1.2,78.1,6,-3.9,2.2,2006-02-06,20060206,0.0,-0.6,2006,0.3,2,1.4,2.4
37,281,4.1,76.5,7,-0.8,8.6,2006-02-07,20060207,0.0,1.0,2006,2.4,2,5.5,4.5
38,281,8.6,57.9,8,-7.0,0.6,2006-02-08,20060208,0.0,-4.2,2006,4.5,2,0.2,-0.4
39,281,9.6,51.4,9,-9.8,0.0,2006-02-09,20060209,0.0,-3.7,2006,3.2,2,0.0,2.0
40,281,7.8,64.5,10,-5.6,0.0,2006-02-10,20060210,0.0,-0.5,2006,2.1,2,0.0,7.0
41,281,4.3,64.6,11,-5.8,0.0,2006-02-11,20060211,0.0,1.3,2006,1.5,2,0.0,7.3
42,281,10.0,36.0,12,-3.9,0.0,2006-02-12,20060212,0.0,0.2,2006,2.9,2,0.0,6.3
43,281,9.7,50.1,13,-7.4,0.0,2006-02-13,20060213,0.0,4.1,2006,1.6,2,0.0,13.6
44,281,5.8,74.6,14,2.2,0.0,2006-02-14,20060214,0.0,9.3,2006,2.1,2,4.0,17.1
45,281,0.0,79.1,15,2.0,0.0,2006-02-15,20060215,0.0,4.3,2006,1.0,2,5.5,7.4
46,281,2.0,62.9,16,1.2,0.0,2006-02-16,20060216,0.0,4.4,2006,2.4,2,0.0,8.8
47,281,9.0,37.4,17,-5.0,0.0,2006-02-17,20060217,0.0,-2.1,2006,3.9,2,0.0,2.0
48,281,9.1,49.5,18,-7.1,0.0,2006-02-18,20060218,0.0,0.1,2006,2.4,2,0.0,6.4
49,281,7.1,50.9,19,-2.2,0.0,2006-02-19,20060219,0.0,2.5,2006,1.3,2,0.0,10.3
50,281,9.4,53.6,20,-2.9,0.0,2006-02-20,20060220,0.0,3.9,2006,0.8,2,0.0,14.1
51,281,8.9,53.1,21,-5.3,0.0,2006-02-21,20060221,0.0,5.4,2006,0.6,2,0.0,16.7
52,281,3.0,58.4,22,0.5,0.0,2006-02-22,20060222,0.0,5.3,2006,2.2,2,0.5,9.1
53,281,9.4,41.4,23,-3.5,0.0,2006-02-23,20060223,0.0,3.6,2006,1.8,2,0.0,12.1
54,281,9.5,51.8,24,-3.0,0.0,2006-02-24,20060224,0.0,3.8,2006,2.0,2,0.0,10.6
55,281,4.9,76.3,25,-5.0,0.0,2006-02-25,20060225,0.0,4.2,2006,0.9,2,1.5,12.1
56,281,8.8,54.9,26,-1.7,0.0,2006-02-26,20060226,0.0,5.6,2006,3.2,2,1.0,11.1
57,281,8.4,55.1,27,-4.6,0.0,2006-02-27,20060227,0.0,1.2,2006,1.7,2,0.0,8.6
58,281,0.0,74.6,28,-1.5,0.0,2006-02-28,20060228,0.0,2.2,2006,1.1,2,1.5,5.0
59,281,5.0,71.6,1,-0.6,0.0,2006-03-01,20060301,0.0,1.4,2006,2.4,3,2.0,5.1
60,281,8.8,49.4,2,-3.2,0.0,2006-03-02,20060302,0.0,0.6,2006,3.8,3,0.0,5.3
61,281,10.0,48.9,3,-4.6,0.0,2006-03-03,20060303,0.0,0.6,2006,2.5,3,0.0,7.5
62,281,9.6,43.4,4,-5.1,0.0,2006-03-04,20060304,0.0,4.4,2006,1.5,3,0.0,12.1
63,281,7.0,58.4,5,1.7,0.0,2006-03-05,20060305,0.0,9.7,2006,1.7,3,0.0,17.0
64,281,6.1,72.3,6,0.3,0.0,2006-03-06,20060306,0.0,6.7,2006,2.3,3,0.0,14.8
65,281,7.7,58.4,7,2.0,0.0,2006-03-07,20060307,0.0,10.2,2006,2.3,3,0.0,17.3
66,281,8.5,53.3,8,2.2,0.0,2006-03-08,20060308,0.0,8.6,2006,1.7,3,0.0,19.1
67,281,3.9,70.6,9,1.5,0.0,2006-03-09,20060309,0.0,6.7,2006,1.9,3,0.0,12.3
68,281,8.6,57.9,10,-2.0,0.0,2006-03-10,20060310,0.0,9.7,2006,1.2,3,0.0,19.7
69,281,5.2,55.1,11,4.9,0.0,2006-03-11,20060311,0.0,10.7,2006,2.5,3,0.0,17.5
70,281,7.6,31.0,12,-6.1,0.0,2006-03-12,20060312,0.0,0.4,2006,5.2,3,0.0,7.9
71,281,8.8,52.0,13,-8.1,0.3,2006-03-13,20060313,0.0,-1.9,2006,2.9,3,0.1,4.6
72,281,9.8,46.9,14,-3.2,0.0,2006-03-14,20060314,0.0,1.9,2006,3.9,3,0.0,7.0
73,281,9.3,34.8,15,-0.3,0.0,2006-03-15,20060315,0.0,8.2,2006,2.7,3,0.0,15.8
74,281,1.4,70.0,16,0.4,3.3,2006-03-16,20060316,0.0,4.6,2006,2.2,3,11.0,9.3
75,281,9.5,60.0,17,-0.6,0.0,2006-03-17,20060317,0.0,8.6,2006,1.0,3,0.0,19.6
76,281,1.8,64.1,18,5.1,0.0,2006-03-18,20060318,0.0,8.7,2006,1.2,3,0.5,11.8
77,281,8.8,35.5,19,2.4,0.0,2006-03-19,20060319,0.0,6.3,2006,2.9,3,0.0,12.6
78,281,9.8,38.9,20,-4.5,0.0,2006-03-20,20060320,0.0,6.0,2006,1.1,3,0.0,14.6
79,281,8.5,48.9,21,1.5,0.0,2006-03-21,20060321,0.0,8.6,2006,1.3,3,0.0,18.3
80,281,8.8,60.1,22,0.5,0.0,2006-03-22,20060322,0.0,8.6,2006,1.1,3,0.0,18.2
81,281,8.8,49.0,23,0.0,0.0,2006-03-23,20060323,0.0,8.8,2006,2.6,3,0.0,16.0
82,281,10.5,51.4,24,-5.0,0.0,2006-03-24,20060324,0.0,4.1,2006,0.9,3,0.0,14.1
83,281,9.4,44.5,25,-3.7,0.0,2006-03-25,20060325,0.0,9.7,2006,2.4,3,0.0,19.7
84,281,9.3,45.5,26,3.0,0.0,2006-03-26,20060326,0.0,10.7,2006,2.5,3,0.0,17.7
85,281,9.4,51.4,27,-1.7,0.0,2006-03-27,20060327,0.0,8.2,2006,1.2,3,0.0,18.6
86,281,8.4,47.4,28,0.6,0.0,2006-03-28,20060328,0.0,4.4,2006,4.3,3,0.8,9.3
87,281,10.6,40.3,29,-2.5,0.0,2006-03-29,20060329,0.0,4.5,2006,2.9,3,0.0,11.8
88,281,10.7,44.8,30,-0.5,0.0,2006-03-30,20060330,0.0,6.2,2006,3.2,3,0.0,12.5
89,281,10.8,50.9,31,-5.5,0.0,2006-03-31,20060331,0.0,6.1,2006,1.0,3,0.0,17.0
90,281,0.0,72.8,1,1.7,0.0,2006-04-01,20060401,0.0,9.5,2006,0.6,4,5.5,15.5
91,281,6.7,65.5,2,7.5,0.0,2006-04-02,20060402,0.0,11.6,2006,3.5,4,0.0,16.2
92,281,9.7,43.6,3,2.5,0.0,2006-04-03,20060403,0.0,12.9,2006,1.7,4,0.0,24.0
93,281,0.0,73.0,4,7.5,0.0,2006-04-04,20060404,0.0,9.4,2006,0.9,4,10.0,13.3
94,281,7.9,68.6,5,7.0,0.0,2006-04-05,20060405,0.0,9.5,2006,1.9,4,0.0,16.3
95,281,4.7,70.0,6,3.0,0.0,2006-04-06,20060406,0.0,8.0,2006,1.9,4,0.0,12.6
96,281,9.6,55.1,7,4.1,0.0,2006-04-07,20060407,0.0,13.2,2006,2.0,4,0.0,20.6
97,281,8.9,37.3,8,7.5,0.0,2006-04-08,20060408,0.0,12.9,2006,3.2,4,0.0,19.6
98,281,7.7,58.9,9,7.5,0.0,2006-04-09,20060409,0.0,12.5,2006,2.9,4,2.0,18.1
99,281,0.0,83.6,10,10.3,0.0,2006-04-10,20060410,0.0,11.9,2006,3.1,4,16.5,12.8
100,281,0.0,81.4,11,11.8,0.0,2006-04-11,20060411,0.0,12.7,2006,1.5,4,36.0,13.8
101,281,9.9,66.0,12,9.0,0.0,2006-04-12,20060412,0.0,13.3,2006,2.8,4,0.0,22.2
102,281,1.3,60.1,13,5.0,0.0,2006-04-13,20060413,0.0,7.8,2006,3.0,4,0.0,10.3
103,281,10.2,61.0,14,0.1,0.0,2006-04-14,20060414,0.0,7.0,2006,2.5,4,0.0,13.6
104,281,6.4,68.1,15,1.1,0.0,2006-04-15,20060415,0.0,7.3,2006,1.3,4,0.0,13.8
105,281,11.0,46.1,16,0.8,0.0,2006-04-16,20060416,0.0,7.8,2006,3.2,4,0.0,15.6
106,281,9.4,52.4,17,-0.8,0.0,2006-04-17,20060417,0.0,11.0,2006,2.1,4,0.0,21.2
107,281,9.9,47.3,18,6.3,0.0,2006-04-18,20060418,0.0,15.6,2006,1.8,4,0.0,23.0
108,281,0.9,65.4,19,6.9,0.0,2006-04-19,20060419,0.0,12.5,2006,2.7,4,38.5,17.5
109,281,4.6,52.6,20,4.9,0.0,2006-04-20,20060420,0.0,8.1,2006,5.6,4,0.0,11.8
110,281,11.3,44.6,21,6.9,0.0,2006-04-21,20060421,0.0,12.9,2006,3.5,4,0.0,20.6
111,281,3.9,59.8,22,5.8,0.0,2006-04-22,20060422,0.0,10.7,2006,0.8,4,0.0,17.2
112,281,9.6,52.9,23,2.9,0.0,2006-04-23,20060423,0.0,11.9,2006,2.5,4,0.0,23.7
113,281,10.3,29.1,24,5.4,0.0,2006-04-24,20060424,0.0,13.1,2006,2.8,4,0.0,20.0
114,281,11.2,29.5,25,7.8,0.0,2006-04-25,20060425,0.0,13.9,2006,2.6,4,0.0,21.7
115,281,1.1,60.9,26,9.1,0.0,2006-04-26,20060426,0.0,11.9,2006,0.6,4,1.5,16.2
116,281,8.9,61.1,27,5.0,0.0,2006-04-27,20060427,0.0,12.0,2006,1.8,4,0.0,19.5
117,281,10.3,52.0,28,2.0,0.0,2006-04-28,20060428,0.0,13.8,2006,1.3,4,0.0,23.7
118,281,3.7,67.3,29,5.4,0.0,2006-04-29,20060429,0.0,12.4,2006,1.0,4,0.0,18.0
119,281,10.3,52.6,30,7.0,0.0,2006-04-30,20060430,0.0,19.9,2006,2.5,4,0.0,29.6
120,281,8.9,47.6,1,12.5,0.0,2006-05-01,20060501,0.0,19.6,2006,1.9,5,0.0,28.1
121,281,10.1,45.3,2,10.0,0.0,2006-05-02,20060502,0.0,14.1,2006,4.8,5,0.0,18.1
122,281,11.8,53.6,3,6.9,0.0,2006-05-03,20060503,0.0,13.7,2006,1.9,5,0.0,23.0
123,281,10.3,50.8,4,6.4,0.0,2006-05-04,20060504,0.0,18.3,2006,1.7,5,0.0,28.7
124,281,7.2,57.5,5,14.1,0.0,2006-05-05,20060505,0.0,20.7,2006,2.1,5,0.0,25.2
125,281,0.0,79.8,6,14.3,0.0,2006-05-06,20060506,0.0,16.3,2006,1.5,5,39.0,20.0
126,281,4.6,71.8,7,13.6,0.0,2006-05-07,20060507,0.0,16.6,2006,1.5,5,0.0,22.3
127,281,6.3,70.5,8,11.3,0.0,2006-05-08,20060508,0.0,14.9,2006,2.5,5,0.0,19.7
128,281,3.9,73.9,9,11.0,0.0,2006-05-09,20060509,0.0,13.3,2006,2.6,5,0.0,18.2
129,281,1.4,74.8,10,11.8,0.0,2006-05-10,20060510,0.0,16.2,2006,0.7,5,38.5,19.7
130,281,9.0,41.4,11,7.5,0.0,2006-05-11,20060511,0.0,13.8,2006,3.1,5,0.0,19.0
131,281,3.7,60.6,12,5.5,0.0,2006-05-12,20060512,0.0,11.4,2006,1.3,5,1.0,17.0
132,281,9.8,55.3,13,7.6,0.0,2006-05-13,20060513,0.0,15.5,2006,2.0,5,1.0,23.0
133,281,11.3,40.4,14,11.6,0.0,2006-05-14,20060514,0.0,17.3,2006,2.7,5,0.0,24.3
134,281,10.2,37.0,15,7.5,0.0,2006-05-15,20060515,0.0,16.8,2006,1.0,5,0.0,25.1
135,281,8.9,37.1,16,11.0,0.0,2006-05-16,20060516,0.0,19.2,2006,1.0,5,0.0,27.2
136,281,6.7,54.5,17,13.3,0.0,2006-05-17,20060517,0.0,18.4,2006,0.6,5,0.0,24.6
137,281,4.3,70.8,18,12.1,0.0,2006-05-18,20060518,0.0,17.8,2006,0.8,5,0.5,23.5
138,281,1.4,89.1,19,14.1,0.0,2006-05-19,20060519,0.0,15.6,2006,1.1,5,48.5,19.8
139,281,10.8,61.8,20,11.8,0.0,2006-05-20,20060520,0.0,20.3,2006,1.3,5,0.0,28.6
140,281,10.0,67.0,21,13.0,0.0,2006-05-21,20060521,0.0,21.5,2006,0.9,5,0.0,30.2
141,281,7.9,68.3,22,14.1,0.0,2006-05-22,20060522,0.0,22.0,2006,2.4,5,0.0,27.1
142,281,10.2,64.4,23,13.6,0.0,2006-05-23,20060523,0.0,20.5,2006,2.3,5,0.0,28.1
143,281,10.9,74.4,24,11.0,0.0,2006-05-24,20060524,0.0,15.8,2006,2.3,5,0.0,23.3
144,281,7.0,70.0,25,9.8,0.0,2006-05-25,20060525,0.0,15.9,2006,2.2,5,0.0,22.1
145,281,3.6,76.5,26,12.8,0.0,2006-05-26,20060526,0.0,16.7,2006,1.6,5,0.5,22.7
146,281,0.2,90.6,27,14.8,0.0,2006-05-27,20060527,0.0,16.3,2006,2.8,5,1.5,17.7
147,281,3.3,83.6,28,11.3,0.0,2006-05-28,20060528,0.0,16.2,2006,1.5,5,19.5,22.8
148,281,5.7,80.4,29,10.8,0.0,2006-05-29,20060529,0.0,17.4,2006,0.7,5,6.0,25.2
149,281,9.7,71.0,30,14.1,0.0,2006-05-30,20060530,0.0,20.6,2006,1.0,5,0.0,29.6
150,281,11.8,63.5,31,11.6,0.0,2006-05-31,20060531,0.0,21.7,2006,1.0,5,0.0,30.8
151,281,10.5,66.0,1,14.6,0.0,2006-06-01,20060601,0.0,21.0,2006,1.5,6,0.0,28.2
152,281,8.6,77.6,2,13.3,0.0,2006-06-02,20060602,0.0,16.9,2006,2.9,6,0.0,22.2
153,281,9.9,68.8,3,13.8,0.0,2006-06-03,20060603,0.0,17.6,2006,2.6,6,0.0,23.7
154,281,7.7,71.5,4,12.8,0.0,2006-06-04,20060604,0.0,18.1,2006,0.6,6,0.0,25.7
155,281,10.9,68.9,5,11.8,0.0,2006-06-05,20060605,0.0,21.0,2006,1.2,6,0.0,30.6
156,281,9.0,70.0,6,15.5,0.0,2006-06-06,20060606,0.0,22.2,2006,1.4,6,0.0,31.0
157,281,5.6,78.4,7,16.6,0.0,2006-06-07,20060607,0.0,18.9,2006,2.6,6,0.0,23.6
158,281,1.0,82.9,8,16.2,0.0,2006-06-08,20060608,0.0,18.1,2006,1.1,6,0.5,20.6
159,281,11.7,61.4,9,16.7,0.0,2006-06-09,20060609,0.0,22.3,2006,1.6,6,0.0,29.2
160,281,10.9,60.0,10,14.0,0.0,2006-06-10,20060610,0.0,22.0,2006,1.6,6,5.0,29.7
161,281,10.8,65.8,11,15.8,0.0,2006-06-11,20060611,0.0,21.4,2006,1.7,6,4.0,28.3
162,281,11.9,65.5,12,12.6,0.0,2006-06-12,20060612,0.0,21.0,2006,1.6,6,0.0,29.7
163,281,11.9,65.4,13,13.0,0.0,2006-06-13,20060613,0.0,21.4,2006,1.9,6,0.0,29.5
164,281,3.5,84.3,14,13.8,0.0,2006-06-14,20060614,0.0,18.8,2006,2.9,6,13.0,23.1
165,281,9.3,70.3,15,15.8,0.0,2006-06-15,20060615,0.0,22.1,2006,2.4,6,8.0,27.7
166,281,8.7,66.1,16,13.3,0.0,2006-06-16,20060616,0.0,21.8,2006,0.8,6,0.0,31.1
167,281,11.0,62.8,17,12.8,0.0,2006-06-17,20060617,0.0,23.4,2006,0.7,6,0.0,33.2
168,281,10.5,59.0,18,16.7,0.0,2006-06-18,20060618,0.0,24.3,2006,1.9,6,0.0,31.7
169,281,10.6,59.3,19,16.2,0.0,2006-06-19,20060619,0.0,24.5,2006,1.4,6,0.0,32.5
170,281,10.0,55.5,20,16.2,0.0,2006-06-20,20060620,0.0,25.8,2006,1.4,6,0.0,33.7
171,281,5.7,66.5,21,19.3,0.0,2006-06-21,20060621,0.0,24.4,2006,1.9,6,0.5,30.5
172,281,2.0,88.9,22,19.7,0.0,2006-06-22,20060622,0.0,21.9,2006,0.6,6,9.0,25.7
173,281,6.8,83.4,23,17.5,0.0,2006-06-23,20060623,0.0,20.9,2006,2.2,6,0.0,25.2
174,281,6.9,76.3,24,17.0,0.0,2006-06-24,20060624,0.0,20.0,2006,2.6,6,0.0,25.7
175,281,0.0,87.3,25,17.7,0.0,2006-06-25,20060625,0.0,19.0,2006,2.0,6,4.5,20.3
176,281,6.7,78.5,26,18.1,0.0,2006-06-26,20060626,0.0,23.0,2006,1.1,6,0.5,29.1
177,281,9.0,74.5,27,19.2,0.0,2006-06-27,20060627,0.0,24.4,2006,1.5,6,1.5,31.5
178,281,9.8,70.8,28,19.8,0.0,2006-06-28,20060628,0.0,26.2,2006,1.2,6,0.0,33.0
179,281,7.8,72.9,29,19.6,0.0,2006-06-29,20060629,0.0,25.8,2006,1.1,6,0.0,32.4
180,281,6.1,75.9,30,22.3,0.0,2006-06-30,20060630,0.0,26.0,2006,1.5,6,1.5,30.8
181,281,0.2,88.8,1,21.8,0.0,2006-07-01,20060701,0.0,23.3,2006,1.0,7,27.5,25.2
182,281,4.2,86.6,2,18.0,0.0,2006-07-02,20060702,0.0,21.9,2006,1.5,7,30.5,28.0
183,281,7.8,83.8,3,17.7,0.0,2006-07-03,20060703,0.0,20.8,2006,2.2,7,0.0,25.6
184,281,0.0,90.8,4,19.7,0.0,2006-07-04,20060704,0.0,20.7,2006,2.3,7,25.0,21.7
185,281,2.0,81.0,5,18.3,0.0,2006-07-05,20060705,0.0,20.7,2006,1.5,7,0.5,23.7
186,281,0.3,77.9,6,17.5,0.0,2006-07-06,20060706,0.0,19.5,2006,1.3,7,0.0,21.3
187,281,6.6,77.0,7,18.6,0.0,2006-07-07,20060707,0.0,23.0,2006,0.7,7,0.0,28.7
188,281,3.0,87.0,8,20.0,0.0,2006-07-08,20060708,0.0,22.7,2006,1.5,7,7.0,26.6
189,281,0.0,96.1,9,21.1,0.0,2006-07-09,20060709,0.0,21.6,2006,0.4,7,99.0,22.6
190,281,0.0,88.8,10,20.7,0.0,2006-07-10,20060710,0.0,22.7,2006,3.4,7,85.0,24.7
191,281,4.0,80.4,11,22.7,0.0,2006-07-11,20060711,0.0,25.3,2006,1.7,7,1.0,28.7
192,281,5.3,85.0,12,23.1,0.0,2006-07-12,20060712,0.0,26.8,2006,0.7,7,8.0,32.2
193,281,5.0,75.3,13,24.7,0.0,2006-07-13,20060713,0.0,28.6,2006,1.3,7,0.0,33.7
194,281,9.3,75.1,14,21.7,0.0,2006-07-14,20060714,0.0,27.2,2006,1.5,7,0.0,34.4
195,281,6.9,81.3,15,21.2,0.0,2006-07-15,20060715,0.0,26.5,2006,1.3,7,15.5,33.7
196,281,0.2,92.5,16,19.7,0.0,2006-07-16,20060716,0.0,21.2,2006,1.8,7,76.0,24.7
197,281,0.0,94.1,17,18.2,0.0,2006-07-17,20060717,0.0,19.5,2006,0.5,7,93.0,20.3
198,281,0.0,95.1,18,19.2,0.0,2006-07-18,20060718,0.0,19.8,2006,0.6,7,60.0,20.7
199,281,0.0,91.4,19,18.6,0.0,2006-07-19,20060719,0.0,19.5,2006,1.2,7,10.5,20.6
200,281,0.6,91.0,20,18.2,0.0,2006-07-20,20060720,0.0,19.2,2006,0.6,7,15.0,21.3
201,281,3.7,88.0,21,18.6,0.0,2006-07-21,20060721,0.0,21.5,2006,0.3,7,1.5,25.8
202,281,8.6,80.0,22,19.5,0.0,2006-07-22,20060722,0.0,24.1,2006,0.9,7,0.0,30.6
203,281,3.1,85.3,23,17.2,0.0,2006-07-23,20060723,0.0,21.0,2006,1.0,7,0.0,25.5
204,281,0.6,86.9,24,19.0,0.0,2006-07-24,20060724,0.0,21.3,2006,0.4,7,0.0,24.2
205,281,7.7,73.8,25,19.7,0.0,2006-07-25,20060725,0.0,24.7,2006,0.9,7,1.0,31.5
206,281,0.3,93.6,26,20.2,0.0,2006-07-26,20060726,0.0,21.1,2006,0.8,7,55.5,23.0
207,281,9.4,78.4,27,19.8,0.0,2006-07-27,20060727,0.0,25.8,2006,0.8,7,0.0,31.7
208,281,9.5,75.3,28,23.7,0.0,2006-07-28,20060728,0.0,27.4,2006,1.6,7,27.5,33.5
209,281,5.9,83.1,29,23.7,0.0,2006-07-29,20060729,0.0,27.0,2006,0.9,7,3.0,32.9
210,281,9.5,79.1,30,23.8,0.0,2006-07-30,20060730,0.0,28.5,2006,1.0,7,0.0,34.5
211,281,10.6,70.5,31,25.0,0.0,2006-07-31,20060731,0.0,29.6,2006,1.3,7,0.0,36.2
212,281,11.1,74.1,1,22.1,0.0,2006-08-01,20060801,0.0,28.3,2006,1.0,8,0.0,35.0
213,281,12.0,73.4,2,22.3,0.0,2006-08-02,20060802,0.0,28.7,2006,1.0,8,0.0,35.5
214,281,10.3,74.1,3,22.2,0.0,2006-08-03,20060803,0.0,28.5,2006,0.9,8,0.0,35.9
215,281,11.5,72.8,4,22.3,0.0,2006-08-04,20060804,0.0,28.8,2006,1.0,8,0.0,36.2
216,281,10.9,71.1,5,22.5,0.0,2006-08-05,20060805,0.0,28.7,2006,0.9,8,0.0,35.7
217,281,9.4,75.0,6,22.1,0.0,2006-08-06,20060806,0.0,28.3,2006,0.8,8,8.0,36.2
218,281,10.3,74.0,7,23.0,0.0,2006-08-07,20060807,0.0,28.7,2006,0.7,8,0.0,36.2
219,281,11.0,72.4,8,23.1,0.0,2006-08-08,20060808,0.0,28.7,2006,1.1,8,0.0,36.5
220,281,11.8,68.1,9,21.3,0.0,2006-08-09,20060809,0.0,28.5,2006,1.1,8,0.0,36.9
221,281,10.5,70.4,10,22.2,0.0,2006-08-10,20060810,0.0,29.3,2006,0.8,8,0.0,37.2
222,281,8.5,69.8,11,23.3,0.0,2006-08-11,20060811,0.0,29.1,2006,1.3,8,0.0,35.5
223,281,10.6,67.3,12,23.7,0.0,2006-08-12,20060812,0.0,29.5,2006,1.7,8,0.0,36.5
224,281,9.8,70.9,13,23.2,0.0,2006-08-13,20060813,0.0,28.9,2006,1.2,8,0.0,37.0
225,281,10.0,70.3,14,22.6,0.0,2006-08-14,20060814,0.0,29.4,2006,1.0,8,0.0,37.2
226,281,9.4,76.5,15,24.3,0.0,2006-08-15,20060815,0.0,29.1,2006,1.4,8,1.0,36.0
227,281,10.8,76.3,16,23.2,0.0,2006-08-16,20060816,0.0,27.4,2006,1.7,8,0.0,33.5
228,281,9.3,65.8,17,20.8,0.0,2006-08-17,20060817,0.0,27.6,2006,2.1,8,0.0,33.7
229,281,0.0,69.5,18,23.0,0.0,2006-08-18,20060818,0.0,25.6,2006,3.1,8,0.0,27.5
230,281,0.0,90.0,19,19.5,0.0,2006-08-19,20060819,0.0,21.0,2006,2.1,8,53.0,24.6
231,281,6.1,85.0,20,20.6,0.0,2006-08-20,20060820,0.0,24.2,2006,0.9,8,9.0,30.7
232,281,6.9,84.9,21,22.7,0.0,2006-08-21,20060821,0.0,26.5,2006,1.1,8,48.0,35.2
233,281,3.5,89.3,22,22.5,0.0,2006-08-22,20060822,0.0,24.4,2006,2.1,8,1.0,27.7
234,281,8.3,79.3,23,22.0,0.0,2006-08-23,20060823,0.0,26.3,2006,1.0,8,0.0,33.5
235,281,6.4,86.0,24,22.5,0.0,2006-08-24,20060824,0.0,26.0,2006,0.9,8,28.0,35.0
236,281,5.5,85.4,25,22.2,0.0,2006-08-25,20060825,0.0,25.7,2006,1.0,8,3.5,31.2
237,281,8.0,82.8,26,22.7,0.0,2006-08-26,20060826,0.0,26.4,2006,1.3,8,0.0,32.0
238,281,2.0,86.5,27,22.1,0.0,2006-08-27,20060827,0.0,24.5,2006,1.0,8,20.5,28.6
239,281,9.0,77.8,28,21.2,0.0,2006-08-28,20060828,0.0,26.1,2006,1.4,8,0.0,32.5
240,281,7.9,79.8,29,20.1,0.0,2006-08-29,20060829,0.0,25.3,2006,1.2,8,0.0,33.0
241,281,1.3,80.1,30,21.2,0.0,2006-08-30,20060830,0.0,23.3,2006,1.4,8,11.5,26.1
242,281,9.9,67.1,31,18.2,0.0,2006-08-31,20060831,0.0,22.9,2006,2.3,8,0.0,28.2
243,281,8.7,76.1,1,15.6,0.0,2006-09-01,20060901,0.0,21.7,2006,1.4,9,0.0,28.5
244,281,9.1,78.3,2,16.5,0.0,2006-09-02,20060902,0.0,22.1,2006,1.1,9,0.0,29.8
245,281,11.1,78.9,3,16.5,0.0,2006-09-03,20060903,0.0,22.3,2006,1.2,9,0.0,28.5
246,281,9.2,77.3,4,17.3,0.0,2006-09-04,20060904,0.0,23.4,2006,1.2,9,0.0,30.7
247,281,0.0,76.5,5,16.8,0.0,2006-09-05,20060905,0.0,19.9,2006,2.1,9,0.0,21.8
248,281,0.7,90.8,6,15.3,0.0,2006-09-06,20060906,0.0,17.3,2006,0.8,9,6.0,21.2
249,281,8.9,81.4,7,14.1,0.0,2006-09-07,20060907,0.0,18.5,2006,1.4,9,0.0,26.7
250,281,1.4,81.4,8,14.8,0.0,2006-09-08,20060908,0.0,20.7,2006,1.8,9,0.0,24.5
251,281,3.1,74.8,9,18.3,0.0,2006-09-09,20060909,0.0,21.8,2006,2.0,9,0.0,26.7
252,281,10.4,58.6,10,10.6,0.0,2006-09-10,20060910,0.0,16.9,2006,2.5,9,0.0,22.5
253,281,2.8,83.0,11,10.0,0.0,2006-09-11,20060911,0.0,15.6,2006,0.5,9,0.0,20.6
254,281,2.8,80.1,12,15.6,0.0,2006-09-12,20060912,0.0,19.3,2006,1.3,9,0.0,23.2
255,281,1.6,72.3,13,18.0,0.0,2006-09-13,20060913,0.0,20.4,2006,1.6,9,0.0,23.6
256,281,8.6,73.9,14,13.8,0.0,2006-09-14,20060914,0.0,19.0,2006,1.8,9,0.0,25.0
257,281,1.9,81.5,15,15.1,0.0,2006-09-15,20060915,0.0,19.2,2006,1.3,9,7.0,23.7
258,281,2.5,82.5,16,16.2,0.0,2006-09-16,20060916,0.0,19.2,2006,1.0,9,4.0,24.0
259,281,0.0,86.5,17,17.0,0.0,2006-09-17,20060917,0.0,18.7,2006,2.4,9,29.0,21.7
260,281,2.6,85.9,18,15.8,0.0,2006-09-18,20060918,0.0,17.8,2006,2.4,9,30.5,21.3
261,281,9.1,77.4,19,14.3,0.0,2006-09-19,20060919,0.0,19.4,2006,0.9,9,0.0,27.8
262,281,9.5,73.8,20,12.1,0.0,2006-09-20,20060920,0.0,18.3,2006,0.7,9,0.0,26.7
263,281,6.7,79.4,21,13.5,0.0,2006-09-21,20060921,0.0,19.1,2006,1.3,9,0.0,25.8
264,281,10.6,75.3,22,12.3,0.0,2006-09-22,20060922,0.0,17.7,2006,1.7,9,0.0,24.6
265,281,10.2,75.6,23,9.8,0.0,2006-09-23,20060923,0.0,16.4,2006,1.4,9,0.0,24.2
266,281,9.7,77.1,24,9.3,0.0,2006-09-24,20060924,0.0,15.7,2006,1.1,9,0.0,23.7
267,281,9.6,79.1,25,8.3,0.0,2006-09-25,20060925,0.0,15.9,2006,1.0,9,0.0,24.7
268,281,7.2,79.1,26,12.1,0.0,2006-09-26,20060926,0.0,17.4,2006,1.2,9,0.0,24.7
269,281,9.0,79.1,27,10.3,0.0,2006-09-27,20060927,0.0,17.5,2006,0.8,9,0.0,26.0
270,281,4.4,82.8,28,12.3,0.0,2006-09-28,20060928,0.0,17.4,2006,0.4,9,0.0,24.6
271,281,7.8,78.5,29,11.5,0.0,2006-09-29,20060929,0.0,18.3,2006,1.0,9,0.0,26.3
272,281,7.8,78.1,30,10.8,0.0,2006-09-30,20060930,0.0,17.3,2006,1.3,9,0.0,24.5
273,281,3.9,81.3,1,14.3,0.0,2006-10-01,20061001,0.0,17.7,2006,1.1,10,0.0,23.6
274,281,8.8,80.3,2,11.6,0.0,2006-10-02,20061002,0.0,17.3,2006,1.0,10,0.0,25.5
275,281,8.9,77.4,3,9.8,0.0,2006-10-03,20061003,0.0,16.7,2006,0.7,10,0.0,26.3
276,281,8.8,78.8,4,9.6,0.0,2006-10-04,20061004,0.0,16.6,2006,1.2,10,0.0,25.2
277,281,8.9,67.6,5,11.8,0.0,2006-10-05,20061005,0.0,18.3,2006,1.7,10,0.0,24.6
278,281,10.2,60.0,6,10.5,0.0,2006-10-06,20061006,0.0,18.7,2006,2.0,10,0.0,25.7
279,281,10.0,73.0,7,7.0,0.0,2006-10-07,20061007,0.0,15.9,2006,0.8,10,0.0,26.6
280,281,7.3,81.6,8,9.8,0.0,2006-10-08,20061008,0.0,16.5,2006,0.4,10,0.0,25.6
281,281,6.8,82.6,9,11.8,0.0,2006-10-09,20061009,0.0,17.7,2006,0.5,10,0.0,26.5
282,281,4.7,78.9,10,11.8,0.0,2006-10-10,20061010,0.0,19.1,2006,0.4,10,0.0,28.2
283,281,5.9,76.5,11,13.8,0.0,2006-10-11,20061011,0.0,18.6,2006,0.7,10,0.0,26.1
284,281,8.3,67.4,12,9.3,0.0,2006-10-12,20061012,0.0,16.4,2006,0.8,10,0.0,27.0
285,281,9.1,73.1,13,5.6,0.0,2006-10-13,20061013,0.0,14.8,2006,1.4,10,0.0,24.2
286,281,7.9,74.5,14,10.1,0.0,2006-10-14,20061014,0.0,16.3,2006,0.7,10,0.0,25.6
287,281,8.6,73.1,15,7.6,0.0,2006-10-15,20061015,0.0,16.6,2006,0.6,10,0.0,27.5
288,281,7.0,82.3,16,11.0,0.0,2006-10-16,20061016,0.0,16.8,2006,0.4,10,0.0,26.0
289,281,3.1,85.5,17,11.3,0.0,2006-10-17,20061017,0.0,16.2,2006,0.4,10,0.0,25.1
290,281,7.4,78.5,18,10.5,0.0,2006-10-18,20061018,0.0,17.3,2006,0.5,10,0.0,26.2
291,281,3.8,74.8,19,12.0,0.0,2006-10-19,20061019,0.0,18.3,2006,0.7,10,0.0,26.5
292,281,8.6,69.3,20,13.1,0.0,2006-10-20,20061020,0.0,19.7,2006,1.3,10,0.0,28.1
293,281,4.3,77.9,21,15.8,0.0,2006-10-21,20061021,0.0,18.7,2006,1.3,10,0.0,24.2
294,281,0.5,90.6,22,11.8,0.0,2006-10-22,20061022,0.0,16.6,2006,0.9,10,20.5,21.0
295,281,4.4,65.3,23,13.3,0.0,2006-10-23,20061023,0.0,16.1,2006,2.9,10,0.0,19.1
296,281,7.7,60.8,24,8.8,0.0,2006-10-24,20061024,0.0,14.3,2006,2.1,10,0.0,19.5
297,281,7.2,75.3,25,4.8,0.0,2006-10-25,20061025,0.0,13.1,2006,0.7,10,0.0,21.3
298,281,3.5,82.9,26,9.8,0.0,2006-10-26,20061026,0.0,14.3,2006,1.0,10,0.0,19.5
299,281,9.3,73.3,27,6.4,0.0,2006-10-27,20061027,0.0,14.4,2006,1.1,10,0.0,21.2
300,281,7.9,72.9,28,3.2,0.0,2006-10-28,20061028,0.0,10.9,2006,0.7,10,0.0,23.0
301,281,8.3,75.8,29,6.4,0.0,2006-10-29,20061029,0.0,12.9,2006,0.9,10,0.0,22.5
302,281,7.3,78.1,30,4.0,0.0,2006-10-30,20061030,0.0,11.2,2006,0.4,10,0.0,22.0
303,281,7.1,73.1,31,3.2,0.0,2006-10-31,20061031,0.0,10.6,2006,0.7,10,0.0,22.3
304,281,6.6,76.4,1,4.3,0.0,2006-11-01,20061101,0.0,12.4,2006,0.4,11,0.0,21.6
305,281,5.9,78.5,2,4.6,0.0,2006-11-02,20061102,0.0,10.9,2006,1.0,11,0.0,19.6
306,281,8.2,76.6,3,2.0,0.0,2006-11-03,20061103,0.0,10.6,2006,1.0,11,0.0,21.2
307,281,5.9,77.6,4,4.5,0.0,2006-11-04,20061104,0.0,11.4,2006,0.6,11,0.0,20.7
308,281,3.3,80.0,5,7.0,0.0,2006-11-05,20061105,0.0,12.1,2006,1.4,11,12.0,20.7
309,281,4.9,70.4,6,1.3,0.0,2006-11-06,20061106,0.0,8.0,2006,2.1,11,0.0,15.8
310,281,8.7,63.0,7,-0.3,0.0,2006-11-07,20061107,0.0,4.2,2006,3.9,11,0.0,9.8
311,281,8.6,68.4,8,-2.7,0.0,2006-11-08,20061108,0.0,10.2,2006,1.5,11,0.0,18.2
312,281,4.8,74.9,9,7.9,0.0,2006-11-09,20061109,0.0,15.6,2006,2.4,11,3.5,23.2
313,281,6.0,74.5,10,3.5,0.0,2006-11-10,20061110,0.0,10.9,2006,0.5,11,0.0,18.7
314,281,5.2,51.6,11,4.5,0.0,2006-11-11,20061111,0.0,9.6,2006,2.5,11,2.5,15.1
315,281,7.6,50.3,12,-2.0,0.0,2006-11-12,20061112,0.0,5.4,2006,1.7,11,0.0,13.3
316,281,2.1,68.6,13,-2.7,0.0,2006-11-13,20061113,0.0,6.7,2006,1.0,11,0.0,13.3
317,281,6.5,41.3,14,4.6,0.0,2006-11-14,20061114,0.0,8.9,2006,3.6,11,0.0,13.1
318,281,5.6,61.4,15,-1.2,0.0,2006-11-15,20061115,0.0,7.1,2006,2.6,11,0.0,14.8
319,281,3.0,47.1,16,-0.5,0.0,2006-11-16,20061116,0.0,3.8,2006,2.5,11,0.0,9.6
320,281,7.3,61.1,17,-5.5,0.0,2006-11-17,20061117,0.0,2.7,2006,1.0,11,0.0,13.6
321,281,0.6,79.8,18,-2.2,0.0,2006-11-18,20061118,0.0,2.5,2006,0.1,11,0.0,10.1
322,281,3.9,78.0,19,-1.4,0.0,2006-11-19,20061119,0.0,8.0,2006,0.5,11,0.0,18.0
323,281,6.3,69.9,20,1.8,0.0,2006-11-20,20061120,0.0,9.2,2006,0.8,11,0.0,16.5
324,281,4.8,74.3,21,-2.0,0.0,2006-11-21,20061121,0.0,5.5,2006,0.6,11,0.0,15.8
325,281,0.0,71.3,22,0.8,0.0,2006-11-22,20061122,0.0,7.9,2006,0.7,11,0.0,13.4
326,281,0.0,77.6,23,6.4,0.0,2006-11-23,20061123,0.0,8.1,2006,3.5,11,1.5,11.8
327,281,0.0,62.9,24,6.0,0.0,2006-11-24,20061124,0.0,8.6,2006,3.0,11,0.0,9.8
328,281,0.3,70.4,25,5.4,0.0,2006-11-25,20061125,0.0,9.5,2006,1.6,11,0.0,13.8
329,281,0.0,94.3,26,4.3,0.0,2006-11-26,20061126,0.0,9.2,2006,0.4,11,7.5,11.5
330,281,0.0,90.8,27,6.9,0.0,2006-11-27,20061127,0.0,9.5,2006,0.9,11,9.0,11.3
331,281,1.3,81.8,28,5.0,0.0,2006-11-28,20061128,0.0,7.9,2006,1.6,11,2.5,12.6
332,281,3.4,58.3,29,2.2,0.0,2006-11-29,20061129,0.0,4.2,2006,2.4,11,0.0,8.8
333,281,5.4,65.8,30,-4.0,0.0,2006-11-30,20061130,0.0,3.0,2006,1.5,11,0.0,9.6
334,281,1.0,81.6,1,-2.5,0.0,2006-12-01,20061201,0.0,1.7,2006,1.0,12,0.0,9.6
335,281,5.4,55.8,2,-2.7,0.0,2006-12-02,20061202,0.0,0.9,2006,3.9,12,0.0,5.1
336,281,5.9,43.1,3,-5.8,0.0,2006-12-03,20061203,0.0,-2.1,2006,3.6,12,0.0,2.2
337,281,5.7,51.4,4,-7.4,0.0,2006-12-04,20061204,0.0,-1.4,2006,2.5,12,0.0,5.0
338,281,1.7,69.3,5,-8.1,0.0,2006-12-05,20061205,0.0,-0.2,2006,0.9,12,0.0,7.6
339,281,4.2,78.1,6,-6.8,0.0,2006-12-06,20061206,0.0,0.6,2006,0.7,12,0.0,9.8
340,281,0.0,87.0,7,-0.6,0.0,2006-12-07,20061207,0.0,3.7,2006,0.3,12,2.0,6.1
341,281,0.0,84.5,8,4.6,0.0,2006-12-08,20061208,0.0,6.2,2006,1.9,12,3.5,7.5
342,281,0.1,82.5,9,1.3,0.0,2006-12-09,20061209,0.0,4.8,2006,1.7,12,4.5,7.8
343,281,5.9,51.5,10,-1.2,0.0,2006-12-10,20061210,0.0,1.8,2006,2.6,12,0.0,6.8
344,281,4.7,70.6,11,-6.9,0.0,2006-12-11,20061211,0.0,0.8,2006,0.5,12,0.0,10.3
345,281,5.3,71.9,12,-3.4,0.0,2006-12-12,20061212,0.0,3.4,2006,0.9,12,0.0,12.5
346,281,1.9,73.0,13,-2.2,0.0,2006-12-13,20061213,0.0,5.0,2006,1.1,12,0.0,11.5
347,281,0.0,71.6,14,-2.7,0.0,2006-12-14,20061214,0.0,3.6,2006,1.2,12,0.0,8.6
348,281,3.4,75.8,15,-5.0,0.0,2006-12-15,20061215,0.0,1.6,2006,0.6,12,0.0,10.3
349,281,0.1,80.8,16,-3.7,0.0,2006-12-16,20061216,0.0,1.3,2006,1.3,12,0.0,8.3
350,281,3.0,73.6,17,-4.9,0.0,2006-12-17,20061217,0.0,-0.2,2006,2.5,12,0.0,5.3
351,281,5.2,45.3,18,-3.2,0.0,2006-12-18,20061218,0.0,0.4,2006,2.7,12,0.0,4.9
352,281,4.3,58.9,19,-8.5,0.0,2006-12-19,20061219,0.0,-1.7,2006,0.6,12,0.0,7.6
353,281,4.8,65.1,20,-8.8,0.0,2006-12-20,20061220,0.0,-0.6,2006,0.3,12,0.0,9.8
354,281,5.1,70.6,21,-5.3,0.0,2006-12-21,20061221,0.0,1.1,2006,0.6,12,0.0,11.6
355,281,1.6,75.3,22,-7.5,0.0,2006-12-22,20061222,0.0,0.3,2006,1.1,12,0.0,9.0
356,281,5.4,65.0,23,-3.7,0.0,2006-12-23,20061223,0.0,3.3,2006,2.3,12,0.0,9.6
357,281,2.1,78.3,24,-5.6,0.0,2006-12-24,20061224,0.0,0.8,2006,0.3,12,0.0,9.8
358,281,1.7,83.0,25,-3.5,0.0,2006-12-25,20061225,0.0,3.2,2006,0.7,12,0.0,13.8
359,281,2.8,87.5,26,-2.5,0.0,2006-12-26,20061226,0.0,4.1,2006,0.4,12,0.0,15.3
360,281,2.1,66.5,27,-2.5,0.0,2006-12-27,20061227,0.0,3.5,2006,2.9,12,0.0,9.8
361,281,5.4,47.5,28,-9.3,0.0,2006-12-28,20061228,0.0,-4.3,2006,5.4,12,0.0,0.4
362,281,5.7,31.6,29,-11.8,0.0,2006-12-29,20061229,0.0,-5.8,2006,2.8,12,0.0,0.5
363,281,4.2,32.4,30,-9.1,0.0,2006-12-30,20061230,0.0,-2.3,2006,1.6,12,0.0,3.7
364,281,5.5,47.6,31,-7.3,0.0,2006-12-31,20061231,0.0,-0.2,2006,0.3,12,0.0,10.5
