,Date,rainfall,tmin,station_id,humid,snow,sunshine,date,cloud,month,day,tavg,wind,tmax,year
0,2023-01-01,0.0,-0.2,281,44.5,0.0,5.5,20230101,2.8,1,1,2.9,3.4,7.4,2023
1,2023-01-02,0.0,-2.8,281,29.0,0.0,6.3,20230102,4.5,1,2,-0.1,3.5,4.3,2023
2,2023-01-03,0.0,-4.5,281,37.9,0.0,7.3,20230103,0.8,1,3,-0.7,4.1,4.5,2023
3,2023-01-04,0.0,-4.1,281,45.1,0.0,7.1,20230104,0.9,1,4,-0.1,2.9,6.0,2023
4,2023-01-05,0.0,-8.8,281,62.3,0.0,5.6,20230105,3.9,1,5,-0.9,1.4,6.7,2023
5,2023-01-06,0.0,-4.5,281,62.9,0.0,6.1,20230106,4.0,1,6,0.5,0.8,8.1,2023
6,2023-01-07,0.5,-3.7,281,63.8,0.0,4.0,20230107,3.4,1,7,2.1,2.2,7.4,2023
7,2023-01-08,0.0,-6.1,281,60.1,0.0,7.1,20230108,0.8,1,8,0.5,1.0,9.2,2023
8,2023-01-09,0.0,-6.2,281,72.1,0.0,2.1,20230109,3.9,1,9,1.0,1.1,11.4,2023
9,2023-01-10,0.0,-6.6,281,71.5,0.0,7.3,20230110,1.9,1,10,0.6,0.5,10.4,2023
10,2023-01-11,0.0,-5.6,281,61.4,0.0,7.2,20230111,1.5,1,11,2.0,0.8,12.1,2023
11,2023-01-12,0.0,-6.3,281,54.8,0.0,7.3,20230112,2.0,1,12,3.6,0.4,15.3,2023
12,2023-01-13,14.7,4.9,281,96.3,0.0,0.1,20230113,8.6,1,13,10.2,0.4,14.9,2023
13,2023-01-14,0.1,5.8,281,91.8,0.0,0.0,20230114,8.5,1,14,8.3,1.1,10.1,2023
14,2023-01-15,3.0,-0.4,281,87.9,0.0,0.0,20230115,8.3,1,15,3.7,1.4,6.0,2023
15,2023-01-16,0.0,-4.7,281,61.5,0.0,7.1,20230116,3.1,1,16,-1.2,2.7,3.4,2023
16,2023-01-17,0.0,-5.5,281,48.4,0.0,6.2,20230117,4.6,1,17,-1.0,2.2,3.1,2023
17,2023-01-18,0.0,-4.7,281,63.9,0.0,6.9,20230118,3.4,1,18,-0.3,1.6,5.2,2023
18,2023-01-19,0.0,-8.0,281,68.5,0.0,7.4,20230119,0.9,1,19,-1.4,1.0,6.3,2023
19,2023-01-20,0.0,-5.0,281,45.8,0.0,6.9,20230120,2.6,1,20,0.0,3.6,5.1,2023
20,2023-01-21,0.0,-8.1,281,45.3,0.0,7.7,20230121,0.6,1,21,-3.5,1.6,3.4,2023
21,2023-01-22,0.0,-7.9,281,55.4,0.0,1.7,20230122,7.1,1,22,-1.5,0.6,5.3,2023
22,2023-01-23,0.0,-6.2,281,56.0,0.0,7.4,20230123,5.3,1,23,2.0,1.6,9.1,2023
23,2023-01-24,0.0,-12.5,281,36.9,0.0,7.7,20230124,0.8,1,24,-8.3,6.2,1.2,2023
24,2023-01-25,0.0,-15.0,281,32.4,0.0,7.8,20230125,0.1,1,25,-9.4,2.7,-2.8,2023
25,2023-01-26,0.0,-14.2,281,58.5,0.0,3.2,20230126,7.6,1,26,-4.8,1.1,3.1,2023
26,2023-01-27,0.0,-7.5,281,45.8,0.0,7.5,20230127,0.9,1,27,-3.7,4.0,0.2,2023
27,2023-01-28,0.0,-9.8,281,43.5,0.0,7.5,20230128,0.9,1,28,-4.2,3.1,1.3,2023
28,2023-01-29,0.0,-7.1,281,52.6,0.0,7.1,20230129,2.0,1,29,0.3,2.1,5.2,2023
29,2023-01-30,0.0,-4.4,281,37.4,0.0,7.8,20230130,0.0,1,30,0.3,2.8,5.7,2023
30,2023-01-31,0.0,-9.6,281,48.8,0.0,7.9,20230131,1.3,1,31,-1.1,0.8,9.8,2023
31,2023-02-01,0.0,-4.9,281,48.4,0.0,6.8,20230201,2.0,2,1,2.3,2.1,12.2,2023
32,2023-02-02,0.0,-5.0,281,43.5,0.0,5.5,20230202,7.1,2,2,0.0,1.3,6.0,2023
33,2023-02-03,0.0,-5.6,281,39.8,0.0,4.7,20230203,4.0,2,3,0.5,1.0,8.4,2023
34,2023-02-04,0.0,-5.5,281,45.0,0.0,8.0,20230204,0.0,2,4,0.3,2.5,6.6,2023
35,2023-02-05,0.0,-9.6,281,51.4,0.0,8.2,20230205,0.4,2,5,-0.9,0.9,9.5,2023
36,2023-02-06,0.0,-8.3,281,48.1,0.0,8.0,20230206,5.0,2,6,1.9,0.5,12.9,2023
37,2023-02-07,0.0,-4.8,281,71.5,0.0,6.1,20230207,4.0,2,7,2.9,0.9,12.8,2023
38,2023-02-08,0.0,-5.2,281,60.4,0.0,6.9,20230208,2.0,2,8,2.1,1.2,11.9,2023
39,2023-02-09,0.3,-6.3,281,64.3,0.0,3.4,20230209,6.8,2,9,2.4,1.6,9.1,2023
40,2023-02-10,10.3,-0.3,281,91.0,0.0,0.3,20230210,6.8,2,10,3.5,1.3,7.9,2023
41,2023-02-11,0.0,-3.5,281,86.0,0.0,4.5,20230211,4.4,2,11,2.1,0.7,10.3,2023
42,2023-02-12,0.0,-4.0,281,79.0,0.0,1.5,20230212,7.4,2,12,3.7,1.0,10.2,2023
43,2023-02-13,0.7,3.6,281,72.8,0.0,0.0,20230213,8.1,2,13,6.0,1.7,7.8,2023
44,2023-02-14,0.0,0.5,281,70.9,0.0,3.5,20230214,7.3,2,14,3.7,1.5,9.3,2023
45,2023-02-15,0.0,-0.5,281,76.4,0.0,0.2,20230215,8.4,2,15,2.4,1.6,4.9,2023
46,2023-02-16,0.0,-0.6,281,74.9,0.0,0.8,20230216,5.3,2,16,3.2,1.0,9.8,2023
47,2023-02-17,0.0,-2.8,281,65.1,0.0,1.3,20230217,6.4,2,17,3.4,0.5,7.8,2023
48,2023-02-18,0.0,4.3,281,74.3,0.0,0.0,20230218,7.4,2,18,6.2,0.5,8.1,2023
49,2023-02-19,0.0,1.1,281,52.6,0.0,5.8,20230219,4.6,2,19,6.8,3.8,11.0,2023
50,2023-02-20,0.0,-2.7,281,38.9,0.0,9.3,20230220,0.0,2,20,1.9,3.5,7.5,2023
51,2023-02-21,0.0,-6.5,281,49.5,0.0,9.4,20230221,0.1,2,21,-0.4,1.5,6.7,2023
52,2023-02-22,0.0,-7.7,281,58.9,0.0,8.7,20230222,3.8,2,22,2.1,0.8,10.6,2023
53,2023-02-23,0.0,2.8,281,39.5,0.0,9.0,20230223,4.9,2,23,7.3,2.3,12.5,2023
54,2023-02-24,0.0,-1.2,281,39.8,0.0,7.7,20230224,3.3,2,24,6.3,2.5,12.4,2023
55,2023-02-25,0.0,-4.4,281,45.8,0.0,9.7,20230225,1.5,2,25,2.6,1.7,9.4,2023
56,2023-02-26,0.0,-7.4,281,50.0,0.0,9.9,20230226,0.0,2,26,1.5,0.9,10.9,2023
57,2023-02-27,0.0,-7.3,281,50.1,0.0,10.1,20230227,0.0,2,27,3.7,0.8,16.3,2023
58,2023-02-28,0.0,-5.3,281,44.9,0.0,10.1,20230228,1.4,2,28,7.0,1.6,16.7,2023
59,2023-03-01,0.0,3.8,281,55.9,0.0,0.3,20230301,5.6,3,1,8.0,2.2,13.6,2023
60,2023-03-02,0.0,0.0,281,27.9,0.0,10.4,20230302,0.0,3,2,4.0,2.7,8.8,2023
61,2023-03-03,0.0,-1.2,281,31.9,0.0,10.4,20230303,0.6,3,3,6.2,2.5,14.1,2023
62,2023-03-04,0.0,-2.3,281,62.0,0.0,7.8,20230304,4.9,3,4,6.1,1.2,14.6,2023
63,2023-03-05,0.0,-1.8,281,64.6,0.0,10.0,20230305,1.5,3,5,7.0,0.8,16.3,2023
64,2023-03-06,0.0,-1.7,281,55.6,0.0,10.4,20230306,0.0,3,6,7.5,0.9,18.9,2023
65,2023-03-07,0.0,-1.3,281,46.0,0.0,9.3,20230307,0.0,3,7,11.2,1.5,21.3,2023
66,2023-03-08,0.0,3.0,281,50.6,0.0,10.2,20230308,2.3,3,8,12.0,1.5,21.5,2023
67,2023-03-09,0.5,4.6,281,55.4,0.0,7.8,20230309,2.6,3,9,14.1,1.7,22.1,2023
68,2023-03-10,0.0,2.9,281,60.1,0.0,10.0,20230310,0.3,3,10,12.3,1.4,21.9,2023
69,2023-03-11,0.0,4.0,281,57.0,0.0,8.3,20230311,4.3,3,11,14.4,1.1,24.3,2023
70,2023-03-12,17.8,1.8,281,74.8,0.0,3.0,20230312,6.4,3,12,8.7,2.8,19.4,2023
71,2023-03-13,0.0,-0.9,281,37.8,0.0,11.0,20230313,3.2,3,13,4.1,3.0,10.6,2023
72,2023-03-14,0.0,1.1,281,50.4,0.0,6.5,20230314,4.9,3,14,8.0,1.4,17.3,2023
73,2023-03-15,0.0,0.3,281,60.3,0.0,9.6,20230315,2.4,3,15,12.1,2.1,21.0,2023
74,2023-03-16,0.0,5.1,281,36.0,0.0,8.1,20230316,6.6,3,16,9.7,2.5,15.0,2023
75,2023-03-17,0.0,4.2,281,60.4,0.0,3.1,20230317,9.4,3,17,8.2,1.7,12.2,2023
76,2023-03-18,0.0,5.7,281,56.4,0.0,4.4,20230318,4.8,3,18,10.0,1.2,16.8,2023
77,2023-03-19,0.0,2.1,281,42.8,0.0,10.9,20230319,0.0,3,19,9.4,1.4,18.0,2023
78,2023-03-20,0.0,-1.0,281,50.4,0.0,10.4,20230320,2.9,3,20,10.3,1.2,19.9,2023
79,2023-03-21,0.0,5.6,281,53.8,0.0,8.7,20230321,3.6,3,21,13.0,1.3,22.4,2023
80,2023-03-22,2.3,7.3,281,74.8,0.0,0.9,20230322,8.3,3,22,15.1,1.4,21.4,2023
81,2023-03-23,22.6,13.2,281,98.3,0.0,0.0,20230323,9.3,3,23,14.5,0.8,15.5,2023
82,2023-03-24,0.0,9.3,281,73.9,0.0,2.9,20230324,8.8,3,24,11.6,2.8,15.4,2023
83,2023-03-25,0.0,8.1,281,69.5,0.0,0.0,20230325,9.3,3,25,9.6,1.7,11.9,2023
84,2023-03-26,0.0,5.9,281,74.3,0.0,3.6,20230326,6.3,3,26,10.1,1.0,17.1,2023
85,2023-03-27,0.0,2.5,281,41.8,0.0,10.4,20230327,1.6,3,27,8.5,1.6,16.2,2023
86,2023-03-28,0.0,-0.4,281,57.8,0.0,10.8,20230328,0.0,3,28,9.3,1.0,18.9,2023
87,2023-03-29,0.0,1.5,281,56.9,0.0,10.8,20230329,1.3,3,29,11.0,1.0,20.3,2023
88,2023-03-30,0.0,2.5,281,51.9,0.0,9.4,20230330,4.5,3,30,13.0,0.9,23.2,2023
89,2023-03-31,0.0,3.0,281,52.8,0.0,10.9,20230331,1.0,3,31,13.6,1.4,24.5,2023
90,2023-04-01,0.0,3.9,281,64.9,0.0,10.9,20230401,0.9,4,1,12.8,1.8,22.0,2023
91,2023-04-02,0.0,4.8,281,61.5,0.0,11.1,20230402,0.1,4,2,12.2,2.2,19.2,2023
92,2023-04-03,0.0,4.0,281,64.8,0.0,10.3,20230403,1.9,4,3,11.8,2.1,18.4,2023
93,2023-04-04,2.6,7.4,281,67.1,0.0,5.5,20230404,8.9,4,4,14.7,1.2,22.6,2023
94,2023-04-05,6.1,12.7,281,92.3,0.0,0.0,20230405,9.6,4,5,14.8,1.3,16.9,2023
95,2023-04-06,2.7,9.7,281,75.8,0.0,5.7,20230406,8.3,4,6,13.4,3.1,18.7,2023
96,2023-04-07,4.1,0.0,281,52.9,0.0,10.7,20230407,2.1,4,7,0.0,3.5,0.0,2023
97,2023-04-08,0.0,3.2,281,34.5,0.0,11.7,20230408,0.4,4,8,9.8,4.0,16.3,2023
98,2023-04-09,0.0,1.6,281,32.0,0.0,11.7,20230409,0.0,4,9,12.7,2.1,20.6,2023
99,2023-04-10,0.0,1.7,281,47.8,0.0,11.4,20230410,1.9,4,10,13.1,1.8,22.1,2023
100,2023-04-11,0.0,8.0,281,61.4,0.0,6.4,20230411,5.4,4,11,17.2,3.1,23.2,2023
101,2023-04-12,0.0,9.4,281,21.6,0.0,11.6,20230412,1.0,4,12,14.2,3.7,19.7,2023
102,2023-04-13,0.0,2.8,281,28.8,0.0,10.7,20230413,3.0,4,13,15.0,1.3,24.7,2023
103,2023-04-14,0.2,6.4,281,58.9,0.0,2.0,20230414,6.8,4,14,15.0,1.0,21.3,2023
104,2023-04-15,1.9,6.3,281,90.1,0.0,0.0,20230415,8.0,4,15,11.9,1.0,15.8,2023
105,2023-04-16,0.0,4.4,281,78.4,0.0,4.2,20230416,5.4,4,16,10.0,1.3,19.1,2023
106,2023-04-17,0.0,2.1,281,55.8,0.0,10.9,20230417,0.9,4,17,12.8,1.1,21.0,2023
107,2023-04-18,1.6,11.0,281,80.5,0.0,0.1,20230418,7.5,4,18,14.7,1.0,19.7,2023
108,2023-04-19,0.0,10.0,281,78.1,0.0,9.0,20230419,4.5,4,19,16.7,1.8,22.0,2023
109,2023-04-20,0.0,13.6,281,66.4,0.0,7.2,20230420,4.1,4,20,21.3,1.8,28.5,2023
110,2023-04-21,0.0,9.8,281,58.6,0.0,9.2,20230421,3.8,4,21,14.8,2.7,19.5,2023
111,2023-04-22,0.0,6.3,281,52.9,0.0,10.8,20230422,2.8,4,22,12.4,2.4,17.5,2023
112,2023-04-23,0.0,4.8,281,59.0,0.0,6.1,20230423,7.4,4,23,12.1,1.8,17.9,2023
113,2023-04-24,0.0,5.5,281,62.5,0.0,1.4,20230424,7.6,4,24,11.5,1.9,15.9,2023
114,2023-04-25,7.2,3.8,281,88.6,0.0,0.0,20230425,8.6,4,25,8.5,0.8,11.0,2023
115,2023-04-26,0.0,6.2,281,64.5,0.0,9.7,20230426,1.9,4,26,11.9,2.2,18.7,2023
116,2023-04-27,0.0,1.7,281,62.1,0.0,12.1,20230427,0.8,4,27,13.3,1.2,23.2,2023
117,2023-04-28,0.0,5.2,281,58.4,0.0,12.3,20230428,1.8,4,28,16.5,1.9,24.9,2023
118,2023-04-29,5.3,11.0,281,81.8,0.0,0.3,20230429,9.1,4,29,15.9,1.9,22.4,2023
119,2023-04-30,0.0,8.5,281,46.3,0.0,12.3,20230430,1.1,4,30,15.1,3.4,22.9,2023
120,2023-05-01,0.0,8.0,281,45.0,0.0,11.5,20230501,0.9,5,1,15.3,2.5,22.2,2023
121,2023-05-02,0.0,3.7,281,57.5,0.0,10.2,20230502,5.0,5,2,14.9,1.1,24.9,2023
122,2023-05-03,0.0,8.6,281,58.1,0.0,5.2,20230503,7.3,5,3,17.3,1.7,24.7,2023
123,2023-05-04,0.1,11.7,281,70.5,0.0,3.3,20230504,8.5,5,4,17.8,1.6,23.2,2023
124,2023-05-05,28.5,16.1,281,97.1,0.0,0.0,20230505,9.6,5,5,18.4,1.0,20.5,2023
125,2023-05-06,30.6,10.9,281,93.3,0.0,0.0,20230506,9.8,5,6,13.0,1.9,18.8,2023
126,2023-05-07,4.5,8.9,281,84.1,0.0,0.0,20230507,7.6,5,7,11.1,1.2,13.4,2023
127,2023-05-08,0.0,3.2,281,61.5,0.0,11.1,20230508,4.4,5,8,12.1,1.4,20.3,2023
128,2023-05-09,0.0,3.7,281,54.9,0.0,12.6,20230509,1.0,5,9,16.3,1.5,26.3,2023
129,2023-05-10,0.0,8.7,281,54.0,0.0,12.0,20230510,4.4,5,10,17.4,1.7,26.0,2023
130,2023-05-11,0.0,8.5,281,66.8,0.0,9.8,20230511,5.0,5,11,15.6,2.2,22.4,2023
131,2023-05-12,0.0,8.1,281,54.3,0.0,7.8,20230512,7.1,5,12,17.8,1.0,25.9,2023
132,2023-05-13,0.0,14.1,281,69.0,0.0,7.5,20230513,6.4,5,13,18.0,1.4,23.1,2023
133,2023-05-14,0.0,11.4,281,66.5,0.0,9.1,20230514,3.0,5,14,18.2,1.1,26.7,2023
134,2023-05-15,0.0,10.3,281,59.6,0.0,12.5,20230515,1.0,5,15,19.8,1.3,28.0,2023
135,2023-05-16,0.0,12.3,281,59.0,0.0,11.6,20230516,1.5,5,16,23.2,1.5,32.9,2023
136,2023-05-17,0.0,13.6,281,55.4,0.0,12.6,20230517,2.0,5,17,23.2,1.8,31.6,2023
137,2023-05-18,5.9,15.5,281,85.3,0.0,0.0,20230518,9.6,5,18,17.4,1.2,20.8,2023
138,2023-05-19,0.5,13.0,281,84.0,0.0,2.6,20230519,6.3,5,19,17.1,1.7,22.4,2023
139,2023-05-20,0.0,10.4,281,70.4,0.0,12.4,20230520,3.8,5,20,19.0,1.0,27.1,2023
140,2023-05-21,0.0,16.7,281,57.9,0.0,11.3,20230521,5.3,5,21,22.2,2.4,29.3,2023
141,2023-05-22,0.5,11.1,281,75.9,0.0,1.3,20230522,6.5,5,22,16.2,1.0,19.0,2023
142,2023-05-23,0.0,9.3,281,64.4,0.0,10.6,20230523,2.9,5,23,16.7,1.2,24.4,2023
143,2023-05-24,0.0,8.4,281,58.8,0.0,8.7,20230524,5.5,5,24,17.3,1.3,24.9,2023
144,2023-05-25,0.0,13.1,281,49.1,0.0,8.2,20230525,5.5,5,25,19.9,1.3,27.4,2023
145,2023-05-26,0.0,14.8,281,60.1,0.0,4.9,20230526,8.5,5,26,20.9,1.4,26.0,2023
146,2023-05-27,0.0,17.8,281,68.1,0.0,1.4,20230527,9.0,5,27,22.4,1.3,27.5,2023
147,2023-05-28,20.8,18.9,281,91.6,0.0,0.0,20230528,9.6,5,28,20.9,0.7,22.6,2023
148,2023-05-29,75.5,18.1,281,99.9,0.0,0.0,20230529,9.5,5,29,19.5,0.9,21.4,2023
149,2023-05-30,0.0,16.6,281,86.1,0.0,1.9,20230530,7.8,5,30,18.6,1.8,21.9,2023
150,2023-05-31,0.0,14.1,281,67.1,0.0,12.2,20230531,3.1,5,31,19.0,1.9,24.8,2023
151,2023-06-01,0.1,11.4,281,84.1,0.0,0.8,20230601,8.6,6,1,17.1,0.7,20.9,2023
152,2023-06-02,0.4,18.1,281,68.4,0.0,10.0,20230602,4.3,6,2,22.6,2.0,30.0,2023
153,2023-06-03,0.0,14.8,281,55.9,0.0,10.6,20230603,3.4,6,3,22.1,1.7,29.1,2023
154,2023-06-04,0.0,15.4,281,50.1,0.0,11.3,20230604,6.9,6,4,22.6,2.0,29.3,2023
155,2023-06-05,0.0,15.5,281,54.5,0.0,7.6,20230605,6.8,6,5,22.8,1.8,28.2,2023
156,2023-06-06,0.0,17.7,281,58.1,0.0,10.0,20230606,3.3,6,6,22.8,1.7,28.9,2023
157,2023-06-07,0.0,15.9,281,65.6,0.0,7.8,20230607,6.8,6,7,22.7,1.5,28.3,2023
158,2023-06-08,0.0,17.9,281,63.9,0.0,8.4,20230608,6.8,6,8,22.8,1.4,28.2,2023
159,2023-06-09,0.0,16.2,281,62.5,0.0,11.6,20230609,0.8,6,9,23.0,1.4,30.1,2023
160,2023-06-10,0.0,15.9,281,70.5,0.0,6.8,20230610,5.6,6,10,23.0,1.5,30.4,2023
161,2023-06-11,0.0,18.5,281,71.3,0.0,6.6,20230611,5.8,6,11,23.4,1.4,28.8,2023
162,2023-06-12,3.3,17.8,281,81.0,0.0,9.2,20230612,5.8,6,12,21.8,1.8,26.9,2023
163,2023-06-13,0.1,18.4,281,79.1,0.0,7.1,20230613,6.8,6,13,22.5,1.0,28.8,2023
164,2023-06-14,45.3,16.0,281,84.0,0.0,6.5,20230614,6.1,6,14,20.0,1.3,28.7,2023
165,2023-06-15,38.9,15.2,281,85.5,0.0,7.0,20230615,3.5,6,15,19.1,1.1,27.1,2023
166,2023-06-16,0.0,14.6,281,73.4,0.0,11.3,20230616,0.3,6,16,23.2,1.3,30.9,2023
167,2023-06-17,0.0,17.5,281,65.4,0.0,11.2,20230617,5.5,6,17,25.7,1.3,33.0,2023
168,2023-06-18,0.0,20.3,281,60.8,0.0,10.6,20230618,4.5,6,18,25.2,1.5,31.8,2023
169,2023-06-19,0.0,17.3,281,72.6,0.0,11.8,20230619,3.5,6,19,22.6,2.1,28.6,2023
170,2023-06-20,0.0,17.9,281,73.5,0.0,6.4,20230620,7.5,6,20,21.7,2.5,26.1,2023
171,2023-06-21,10.4,18.4,281,93.5,0.0,0.0,20230621,7.8,6,21,21.1,1.1,23.3,2023
172,2023-06-22,3.9,18.3,281,75.8,0.0,4.7,20230622,6.4,6,22,22.9,1.8,28.0,2023
173,2023-06-23,0.0,18.4,281,73.1,0.0,11.5,20230623,5.3,6,23,22.9,1.9,28.7,2023
174,2023-06-24,0.0,17.5,281,75.6,0.0,10.1,20230624,6.8,6,24,22.6,1.8,28.9,2023
175,2023-06-25,1.0,18.1,281,77.6,0.0,4.2,20230625,9.0,6,25,23.1,1.3,29.4,2023
176,2023-06-26,29.7,20.4,281,92.9,0.0,0.1,20230626,9.8,6,26,23.5,1.0,26.5,2023
177,2023-06-27,43.1,22.8,281,76.5,0.0,7.4,20230627,8.1,6,27,26.9,2.1,32.7,2023
178,2023-06-28,23.2,19.5,281,80.5,0.0,5.6,20230628,7.8,6,28,24.1,2.1,29.3,2023
179,2023-06-29,4.0,23.5,281,86.0,0.0,0.8,20230629,8.9,6,29,25.4,1.5,28.6,2023
180,2023-06-30,44.2,20.8,281,97.5,0.0,0.0,20230630,9.6,6,30,22.8,1.2,25.5,2023
181,2023-07-01,0.0,20.2,281,82.6,0.0,8.0,20230701,4.3,7,1,24.2,1.1,29.6,2023
182,2023-07-02,0.0,20.8,281,77.3,0.0,7.1,20230702,6.6,7,2,26.5,1.2,32.7,2023
183,2023-07-03,0.0,20.0,281,80.6,0.0,9.4,20230703,5.3,7,3,25.1,1.8,30.6,2023
184,2023-07-04,4.9,22.1,281,87.1,0.0,2.6,20230704,8.8,7,4,24.8,1.2,28.8,2023
185,2023-07-05,7.3,21.0,281,78.3,0.0,8.6,20230705,4.8,7,5,25.9,2.1,30.4,2023
186,2023-07-06,0.0,19.2,281,75.1,0.0,5.5,20230706,7.6,7,6,25.7,1.1,32.3,2023
187,2023-07-07,37.0,17.8,281,92.9,0.0,0.0,20230707,9.4,7,7,21.0,1.0,24.9,2023
188,2023-07-08,0.0,19.4,281,86.4,0.0,1.4,20230708,7.5,7,8,22.5,1.3,26.7,2023
189,2023-07-09,0.0,21.4,281,79.8,0.0,3.7,20230709,7.3,7,9,26.4,1.1,30.7,2023
190,2023-07-10,0.0,22.4,281,78.1,0.0,7.1,20230710,5.0,7,10,27.5,1.5,31.5,2023
191,2023-07-11,32.6,22.4,281,93.8,0.0,0.1,20230711,8.8,7,11,24.2,1.1,29.7,2023
192,2023-07-12,0.0,22.2,281,84.4,0.0,4.4,20230712,7.8,7,12,26.4,1.3,30.7,2023
193,2023-07-13,1.3,23.8,281,93.6,0.0,0.0,20230713,9.9,7,13,25.4,0.8,27.1,2023
194,2023-07-14,33.8,23.8,281,90.9,0.0,0.0,20230714,9.9,7,14,25.2,1.7,27.3,2023
195,2023-07-15,8.9,22.5,281,83.4,0.0,0.2,20230715,9.5,7,15,26.3,2.2,29.6,2023
196,2023-07-16,3.5,21.9,281,91.1,0.0,0.7,20230716,9.4,7,16,24.3,0.9,27.8,2023
197,2023-07-17,12.1,22.4,281,85.9,0.0,4.8,20230717,8.0,7,17,26.2,1.3,31.0,2023
198,2023-07-18,81.9,21.7,281,99.8,0.0,0.0,20230718,10.0,7,18,23.0,1.0,24.6,2023
199,2023-07-19,0.0,21.3,281,86.4,0.0,6.9,20230719,2.6,7,19,24.0,1.3,28.2,2023
200,2023-07-20,0.0,19.9,281,82.1,0.0,8.4,20230720,5.1,7,20,25.6,1.1,32.0,2023
201,2023-07-21,0.0,22.0,281,85.6,0.0,5.2,20230721,4.6,7,21,25.0,1.8,29.2,2023
202,2023-07-22,0.0,19.7,281,80.8,0.0,5.0,20230722,7.3,7,22,24.8,1.3,28.8,2023
203,2023-07-23,0.0,23.3,281,80.6,0.0,0.0,20230723,8.3,7,23,26.6,1.2,29.6,2023
204,2023-07-24,4.2,23.8,281,86.5,0.0,1.6,20230724,8.4,7,24,26.3,1.2,30.7,2023
205,2023-07-25,0.3,23.2,281,85.6,0.0,4.5,20230725,7.0,7,25,26.1,1.3,32.0,2023
206,2023-07-26,6.3,22.0,281,84.1,0.0,5.0,20230726,6.9,7,26,26.1,1.3,33.1,2023
207,2023-07-27,0.0,21.2,281,82.5,0.0,8.3,20230727,3.9,7,27,26.8,0.9,33.6,2023
208,2023-07-28,0.0,23.2,281,79.1,0.0,10.3,20230728,3.3,7,28,28.5,0.9,34.6,2023
209,2023-07-29,0.0,23.6,281,71.3,0.0,11.3,20230729,2.4,7,29,29.2,1.0,35.5,2023
210,2023-07-30,0.0,23.4,281,76.4,0.0,10.2,20230730,3.5,7,30,28.3,1.0,34.0,2023
211,2023-07-31,0.0,22.5,281,75.0,0.0,11.8,20230731,5.1,7,31,28.1,1.3,34.5,2023
212,2023-08-01,0.0,22.8,281,73.5,0.0,11.9,20230801,3.9,8,1,28.1,1.1,34.1,2023
213,2023-08-02,0.0,21.9,281,75.0,0.0,9.8,20230802,6.5,8,2,27.9,1.0,34.8,2023
214,2023-08-03,0.0,24.0,281,71.3,0.0,9.9,20230803,4.4,8,3,29.8,1.2,35.9,2023
215,2023-08-04,0.0,23.7,281,74.9,0.0,9.2,20230804,4.4,8,4,29.3,1.0,35.1,2023
216,2023-08-05,0.0,24.4,281,75.3,0.0,7.3,20230805,4.1,8,5,29.6,1.1,35.7,2023
217,2023-08-06,0.0,23.9,281,75.6,0.0,10.1,20230806,4.5,8,6,28.7,1.7,33.9,2023
218,2023-08-07,0.0,24.8,281,74.4,0.0,9.5,20230807,6.0,8,7,28.6,2.0,34.0,2023
219,2023-08-08,0.0,24.7,281,75.9,0.0,4.1,20230808,6.1,8,8,27.5,1.8,32.5,2023
220,2023-08-09,25.2,24.5,281,90.0,0.0,0.0,20230809,9.5,8,9,25.5,1.1,27.1,2023
221,2023-08-10,111.6,23.4,281,88.9,0.0,0.0,20230810,8.8,8,10,24.5,3.4,26.1,2023
222,2023-08-11,0.0,22.2,281,71.3,0.0,11.0,20230811,3.8,8,11,26.5,1.7,31.7,2023
223,2023-08-12,0.0,21.8,281,77.6,0.0,4.4,20230812,8.1,8,12,26.1,1.0,32.0,2023
224,2023-08-13,0.0,21.8,281,80.1,0.0,7.0,20230813,6.4,8,13,25.8,1.5,31.6,2023
225,2023-08-14,0.0,22.4,281,81.9,0.0,6.3,20230814,6.5,8,14,25.5,1.4,30.5,2023
226,2023-08-15,0.0,22.3,281,81.0,0.0,10.3,20230815,4.8,8,15,25.4,1.5,31.4,2023
227,2023-08-16,0.0,21.8,281,80.8,0.0,6.6,20230816,6.9,8,16,25.5,1.6,32.5,2023
228,2023-08-17,0.0,23.2,281,81.8,0.0,1.5,20230817,7.5,8,17,25.0,1.4,27.9,2023
229,2023-08-18,22.3,23.0,281,93.1,0.0,0.1,20230818,7.3,8,18,24.4,0.8,27.7,2023
230,2023-08-19,1.3,23.4,281,90.3,0.0,3.0,20230819,6.4,8,19,26.2,0.7,30.4,2023
231,2023-08-20,3.4,24.6,281,87.5,0.0,6.8,20230820,5.8,8,20,27.2,1.2,32.5,2023
232,2023-08-21,0.0,24.5,281,78.4,0.0,9.4,20230821,4.5,8,21,28.1,1.0,33.5,2023
233,2023-08-22,0.0,22.8,281,76.6,0.0,9.5,20230822,3.6,8,22,27.7,1.3,33.4,2023
234,2023-08-23,0.0,22.0,281,75.6,0.0,9.7,20230823,5.4,8,23,27.4,1.4,33.7,2023
235,2023-08-24,24.8,22.0,281,93.3,0.0,0.1,20230824,9.8,8,24,24.2,1.9,27.6,2023
236,2023-08-25,7.5,21.5,281,79.4,0.0,7.8,20230825,6.0,8,25,26.0,1.4,31.9,2023
237,2023-08-26,0.0,19.3,281,78.0,0.0,11.5,20230826,2.1,8,26,24.8,1.1,31.4,2023
238,2023-08-27,4.2,20.0,281,87.1,0.0,6.2,20230827,6.3,8,27,24.0,1.4,29.9,2023
239,2023-08-28,0.0,21.2,281,87.3,0.0,1.8,20230828,7.5,8,28,24.6,1.7,28.2,2023
240,2023-08-29,1.6,22.5,281,90.0,0.0,1.7,20230829,8.6,8,29,25.6,0.9,28.8,2023
241,2023-08-30,28.1,22.2,281,99.4,0.0,0.0,20230830,8.4,8,30,24.4,0.7,25.7,2023
242,2023-08-31,37.1,20.8,281,93.1,0.0,0.3,20230831,7.8,8,31,23.1,1.0,25.4,2023
243,2023-09-01,0.1,22.2,281,85.3,0.0,4.9,20230901,8.3,9,1,24.6,1.1,29.3,2023
244,2023-09-02,1.1,21.2,281,84.5,0.0,2.3,20230902,5.6,9,2,24.2,1.4,28.6,2023
245,2023-09-03,0.0,22.1,281,85.5,0.0,4.9,20230903,6.4,9,3,25.2,1.1,30.3,2023
246,2023-09-04,0.0,21.0,281,82.3,0.0,6.4,20230904,4.8,9,4,25.2,1.4,29.7,2023
247,2023-09-05,0.0,20.4,281,72.6,0.0,10.2,20230905,6.3,9,5,24.9,1.5,30.1,2023
248,2023-09-06,0.0,18.8,281,77.5,0.0,8.3,20230906,3.6,9,6,23.8,1.4,29.8,2023
249,2023-09-07,0.0,16.3,281,74.3,0.0,10.5,20230907,0.9,9,7,22.2,1.7,28.2,2023
250,2023-09-08,0.0,16.8,281,76.0,0.0,7.6,20230908,2.1,9,8,21.8,1.3,27.9,2023
251,2023-09-09,0.0,15.3,281,77.0,0.0,10.3,20230909,0.8,9,9,21.5,1.1,28.4,2023
252,2023-09-10,0.0,15.9,281,77.4,0.0,9.9,20230910,2.6,9,10,22.2,1.1,29.3,2023
253,2023-09-11,0.0,18.4,281,79.1,0.0,8.0,20230911,4.5,9,11,23.9,1.1,31.1,2023
254,2023-09-12,0.0,20.8,281,81.0,0.0,3.6,20230912,8.9,9,12,24.8,0.9,30.0,2023
255,2023-09-13,0.7,21.4,281,89.3,0.0,0.0,20230913,8.9,9,13,23.8,1.3,27.1,2023
256,2023-09-14,6.4,20.8,281,92.4,0.0,0.0,20230914,9.9,9,14,22.1,1.0,24.7,2023
257,2023-09-15,11.9,20.8,281,97.1,0.0,0.0,20230915,7.4,9,15,22.3,0.6,24.7,2023
258,2023-09-16,20.3,21.3,281,98.9,0.0,0.0,20230916,8.1,9,16,22.6,0.6,24.3,2023
259,2023-09-17,13.7,21.8,281,91.0,0.0,2.0,20230917,9.4,9,17,23.8,0.6,27.6,2023
260,2023-09-18,5.2,22.0,281,82.1,0.0,7.7,20230918,5.8,9,18,25.5,1.0,30.7,2023
261,2023-09-19,0.0,20.6,281,77.6,0.0,8.1,20230919,4.5,9,19,24.3,1.5,29.1,2023
262,2023-09-20,43.6,19.8,281,93.1,0.0,0.0,20230920,9.8,9,20,21.3,1.3,24.7,2023
263,2023-09-21,8.6,17.5,281,95.5,0.0,0.0,20230921,7.4,9,21,19.1,1.1,21.4,2023
264,2023-09-22,0.0,15.2,281,80.6,0.0,7.6,20230922,5.1,9,22,19.4,0.8,24.4,2023
265,2023-09-23,0.0,13.3,281,77.8,0.0,5.8,20230923,5.9,9,23,18.9,1.5,24.9,2023
266,2023-09-24,0.0,14.4,281,70.8,0.0,8.4,20230924,5.1,9,24,19.6,2.4,24.9,2023
267,2023-09-25,1.5,17.4,281,81.0,0.0,0.7,20230925,8.5,9,25,20.6,1.2,24.6,2023
268,2023-09-26,23.5,19.3,281,99.6,0.0,0.0,20230926,8.4,9,26,20.3,0.8,21.1,2023
269,2023-09-27,0.0,20.3,281,87.4,0.0,0.5,20230927,8.4,9,27,22.6,1.0,25.7,2023
270,2023-09-28,0.0,17.4,281,77.3,0.0,9.2,20230928,3.1,9,28,22.4,2.0,28.1,2023
271,2023-09-29,0.0,15.1,281,82.5,0.0,5.4,20230929,5.5,9,29,20.7,0.9,26.2,2023
272,2023-09-30,3.7,14.8,281,79.1,0.0,5.3,20230930,5.6,9,30,19.0,1.7,24.3,2023
273,2023-10-01,0.0,11.5,281,69.3,0.0,9.7,20231001,2.0,10,1,17.9,1.7,24.1,2023
274,2023-10-02,0.0,9.3,281,73.3,0.0,9.5,20231002,3.9,10,2,15.5,1.0,24.1,2023
275,2023-10-03,0.2,9.8,281,86.9,0.0,0.4,20231003,7.4,10,3,15.2,0.6,20.9,2023
276,2023-10-04,0.0,12.9,281,73.5,0.0,7.9,20231004,7.0,10,4,18.5,1.5,24.2,2023
277,2023-10-05,0.0,10.8,281,45.9,0.0,8.4,20231005,4.6,10,5,15.6,2.4,20.7,2023
278,2023-10-06,0.0,8.6,281,65.4,0.0,9.0,20231006,5.9,10,6,15.2,0.9,21.8,2023
279,2023-10-07,0.0,11.0,281,76.1,0.0,3.3,20231007,8.5,10,7,16.2,1.0,22.1,2023
280,2023-10-08,0.0,14.1,281,75.0,0.0,0.0,20231008,8.6,10,8,16.6,1.3,19.8,2023
281,2023-10-09,0.0,14.0,281,78.3,0.0,1.5,20231009,7.4,10,9,17.2,0.7,21.5,2023
282,2023-10-10,0.0,12.3,281,75.4,0.0,6.9,20231010,4.9,10,10,16.5,1.4,22.2,2023
283,2023-10-11,0.0,8.7,281,73.0,0.0,7.5,20231011,2.0,10,11,14.1,1.1,22.3,2023
284,2023-10-12,0.0,6.4,281,74.1,0.0,9.6,20231012,3.8,10,12,14.1,0.8,23.1,2023
285,2023-10-13,0.0,10.4,281,75.5,0.0,6.4,20231013,8.0,10,13,15.9,0.7,23.1,2023
286,2023-10-14,0.6,11.6,281,83.0,0.0,5.5,20231014,5.3,10,14,15.9,0.9,23.3,2023
287,2023-10-15,0.0,10.1,281,75.1,0.0,8.0,20231015,2.3,10,15,15.2,2.0,21.9,2023
288,2023-10-16,0.0,8.9,281,69.1,0.0,9.0,20231016,1.5,10,16,15.0,1.5,21.8,2023
289,2023-10-17,0.0,6.3,281,62.6,0.0,9.8,20231017,0.0,10,17,13.1,1.4,21.6,2023
290,2023-10-18,0.0,4.3,281,72.6,0.0,9.5,20231018,3.5,10,18,12.9,0.9,23.2,2023
291,2023-10-19,1.8,8.5,281,74.5,0.0,3.5,20231019,8.0,10,19,15.4,1.0,22.7,2023
292,2023-10-20,2.9,9.1,281,57.3,0.0,7.1,20231020,3.5,10,20,13.4,3.1,17.8,2023
293,2023-10-21,0.0,3.7,281,61.3,0.0,5.6,20231021,1.8,10,21,10.1,1.9,16.9,2023
294,2023-10-22,0.0,2.5,281,63.1,0.0,7.6,20231022,4.5,10,22,11.6,1.7,19.1,2023
295,2023-10-23,0.0,5.4,281,76.5,0.0,8.8,20231023,0.5,10,23,12.1,1.0,21.2,2023
296,2023-10-24,0.0,5.3,281,76.4,0.0,7.8,20231024,2.9,10,24,12.6,0.8,21.5,2023
297,2023-10-25,0.0,6.6,281,78.3,0.0,8.9,20231025,0.3,10,25,13.9,1.0,23.1,2023
298,2023-10-26,0.0,6.3,281,80.0,0.0,8.8,20231026,1.6,10,26,14.0,1.0,22.7,2023
299,2023-10-27,0.0,7.4,281,85.4,0.0,3.2,20231027,4.0,10,27,12.1,1.1,19.4,2023
300,2023-10-28,0.0,4.2,281,79.1,0.0,8.8,20231028,1.0,10,28,11.4,0.8,20.7,2023
301,2023-10-29,0.0,5.0,281,77.5,0.0,8.8,20231029,1.5,10,29,11.5,0.7,20.1,2023
302,2023-10-30,0.0,5.0,281,78.3,0.0,8.9,20231030,1.0,10,30,12.0,0.9,21.8,2023
303,2023-10-31,0.0,4.3,281,71.1,0.0,8.0,20231031,0.4,10,31,12.4,1.1,23.9,2023
304,2023-11-01,0.0,4.4,281,73.5,0.0,8.8,20231101,0.9,11,1,13.9,0.7,23.9,2023
305,2023-11-02,0.0,8.6,281,75.4,0.0,7.8,20231102,0.8,11,2,16.0,0.9,26.2,2023
306,2023-11-03,0.0,8.2,281,73.3,0.0,8.5,20231103,2.8,11,3,16.0,1.1,25.7,2023
307,2023-11-04,0.0,11.8,281,83.0,0.0,3.9,20231104,8.0,11,4,17.0,1.3,22.5,2023
308,2023-11-05,1.6,13.9,281,84.1,0.0,0.8,20231105,8.6,11,5,18.6,1.3,23.2,2023
309,2023-11-06,4.0,12.7,281,65.6,0.0,0.2,20231106,7.1,11,6,17.7,3.1,21.7,2023
310,2023-11-07,0.0,4.0,281,44.3,0.0,7.5,20231107,1.5,11,7,10.5,4.1,14.9,2023
311,2023-11-08,0.0,-0.8,281,67.3,0.0,8.0,20231108,1.4,11,8,8.2,0.7,18.1,2023
312,2023-11-09,0.1,3.3,281,76.4,0.0,7.1,20231109,5.9,11,9,12.6,0.8,20.5,2023
313,2023-11-10,10.6,3.8,281,61.1,0.0,3.2,20231110,6.3,11,10,9.7,2.5,14.2,2023
314,2023-11-11,0.0,-1.4,281,55.6,0.0,4.7,20231111,4.9,11,11,4.8,1.8,10.5,2023
315,2023-11-12,0.0,1.3,281,50.9,0.0,6.8,20231112,1.9,11,12,4.3,3.4,8.8,2023
316,2023-11-13,0.0,-0.4,281,44.3,0.0,7.8,20231113,0.0,11,13,4.7,3.0,9.7,2023
317,2023-11-14,0.0,1.6,281,61.8,0.0,7.8,20231114,2.0,11,14,5.9,2.3,12.5,2023
318,2023-11-15,0.0,-1.8,281,69.0,0.0,7.7,20231115,0.4,11,15,5.2,1.2,14.1,2023
319,2023-11-16,8.2,-0.6,281,88.5,0.0,0.3,20231116,8.0,11,16,4.9,1.0,11.0,2023
320,2023-11-17,0.0,2.0,281,60.5,0.0,6.5,20231117,4.4,11,17,5.6,2.8,10.4,2023
321,2023-11-18,0.1,-1.9,281,55.0,0.0,7.6,20231118,1.1,11,18,3.0,4.8,6.7,2023
322,2023-11-19,0.0,2.3,281,57.5,0.0,7.2,20231119,2.0,11,19,8.7,3.1,13.8,2023
323,2023-11-20,0.0,-0.3,281,53.1,0.0,7.7,20231120,0.3,11,20,6.9,1.7,13.9,2023
324,2023-11-21,0.0,-3.3,281,66.9,0.0,7.6,20231121,0.4,11,21,4.8,0.9,16.1,2023
325,2023-11-22,0.0,-1.6,281,69.9,0.0,7.6,20231122,1.6,11,22,7.0,0.8,17.5,2023
326,2023-11-23,0.0,4.7,281,56.1,0.0,6.8,20231123,2.8,11,23,12.1,2.1,20.7,2023
327,2023-11-24,0.0,-1.1,281,39.0,0.0,7.6,20231124,0.1,11,24,3.2,4.6,8.9,2023
328,2023-11-25,0.0,-3.9,281,42.5,0.0,7.5,20231125,0.3,11,25,0.1,1.2,6.0,2023
329,2023-11-26,0.0,-4.8,281,56.9,0.0,6.1,20231126,5.6,11,26,3.4,1.0,10.0,2023
330,2023-11-27,0.1,3.1,281,78.8,0.0,1.6,20231127,6.1,11,27,7.4,1.2,13.2,2023
331,2023-11-28,0.0,1.7,281,49.6,0.0,7.0,20231128,1.5,11,28,5.5,3.4,9.1,2023
332,2023-11-29,0.0,0.4,281,60.0,0.0,2.8,20231129,5.4,11,29,4.2,2.0,7.2,2023
333,2023-11-30,0.0,-3.3,281,43.6,0.0,7.3,20231130,0.8,11,30,-0.5,4.1,2.6,2023
334,2023-12-01,0.0,-3.3,281,48.8,0.0,7.3,20231201,0.0,12,1,0.5,3.5,5.3,2023
335,2023-12-02,0.0,-3.8,281,57.0,0.0,6.8,20231202,2.8,12,2,3.6,1.6,9.6,2023
336,2023-12-03,0.0,-3.6,281,48.0,0.0,7.2,20231203,0.0,12,3,3.8,2.0,10.1,2023
337,2023-12-04,0.0,-6.6,281,57.9,0.0,7.2,20231204,3.0,12,4,1.8,0.8,11.9,2023
338,2023-12-05,0.0,-3.1,281,59.3,0.0,6.8,20231205,3.9,12,5,3.6,0.6,13.4,2023
339,2023-12-06,0.3,-4.0,281,73.8,0.0,3.7,20231206,4.0,12,6,4.4,1.1,11.7,2023
340,2023-12-07,0.0,-0.8,281,48.0,0.0,7.2,20231207,0.0,12,7,5.9,2.6,11.3,2023
341,2023-12-08,0.0,-2.5,281,69.9,0.0,7.0,20231208,0.0,12,8,8.6,1.2,17.9,2023
342,2023-12-09,0.0,4.3,281,79.4,0.0,6.8,20231209,1.6,12,9,10.6,1.0,19.1,2023
343,2023-12-10,0.0,2.2,281,81.0,0.0,6.8,20231210,5.6,12,10,9.3,1.0,16.3,2023
344,2023-12-11,25.4,7.7,281,91.8,0.0,0.0,20231211,7.9,12,11,12.4,2.5,13.5,2023
345,2023-12-12,0.0,5.9,281,72.3,0.0,0.0,20231212,5.9,12,12,8.7,1.9,12.2,2023
346,2023-12-13,0.0,1.5,281,82.6,0.0,4.2,20231213,6.0,12,13,7.1,0.8,12.3,2023
347,2023-12-14,23.9,4.6,281,94.9,0.0,0.0,20231214,9.9,12,14,8.4,0.5,11.0,2023
348,2023-12-15,53.3,5.4,281,97.9,0.0,0.0,20231215,8.6,12,15,7.6,1.7,10.1,2023
349,2023-12-16,0.1,-4.1,281,67.0,0.0,3.1,20231216,6.5,12,16,1.7,4.2,6.5,2023
350,2023-12-17,0.0,-8.0,281,48.3,0.0,7.2,20231217,0.5,12,17,-5.6,3.8,-2.5,2023
351,2023-12-18,0.0,-7.6,281,46.0,0.0,5.9,20231218,7.1,12,18,-3.4,2.6,0.1,2023
352,2023-12-19,0.0,-4.4,281,44.8,0.0,3.4,20231219,8.0,12,19,-0.6,1.4,3.3,2023
353,2023-12-20,0.1,-7.4,281,60.4,0.0,6.6,20231220,5.4,12,20,-2.8,3.5,0.5,2023
354,2023-12-21,0.0,-9.4,281,46.0,0.0,7.2,20231221,0.0,12,21,-7.1,4.0,-3.3,2023
355,2023-12-22,0.0,-10.3,281,44.4,0.0,7.2,20231222,0.0,12,22,-7.0,3.8,-3.0,2023
356,2023-12-23,0.0,-8.2,281,51.1,0.0,7.2,20231223,3.9,12,23,-4.2,2.6,1.3,2023
357,2023-12-24,0.0,-8.0,281,68.3,0.0,4.7,20231224,3.9,12,24,-2.3,1.4,4.0,2023
358,2023-12-25,0.0,-7.9,281,68.9,0.0,6.5,20231225,1.8,12,25,-1.1,1.9,5.3,2023
359,2023-12-26,0.0,-3.3,281,64.0,0.0,7.1,20231226,4.5,12,26,2.1,2.0,8.1,2023
360,2023-12-27,0.0,-3.0,281,69.8,0.0,7.0,20231227,2.6,12,27,2.2,0.5,10.0,2023
361,2023-12-28,0.0,-5.3,281,69.6,0.0,7.0,20231228,0.3,12,28,1.8,1.5,9.9,2023
362,2023-12-29,0.0,-5.3,281,68.8,0.0,7.0,20231229,2.0,12,29,2.0,1.3,8.6,2023
363,2023-12-30,0.6,-4.4,281,77.5,0.0,4.6,20231230,4.8,12,30,2.4,0.8,8.8,2023
364,2023-12-31,1.6,0.1,281,84.5,0.0,0.9,20231231,5.4,12,31,4.1,1.9,8.2,2023
