,snow,month,sunshine,date,station_id,year,cloud,wind,tmax,rainfall,day,tavg,humid,Date,tmin
0,0.0,1,1.8,20070101,281,2007,0.0,0.7,10.6,0.0,1,2.3,54.1,2007-01-01,-5.5
1,0.0,1,4.0,20070102,281,2007,0.0,0.5,13.8,0.0,2,4.7,65.9,2007-01-02,-0.5
2,0.0,1,0.2,20070103,281,2007,0.0,1.8,8.8,0.0,3,4.9,77.1,2007-01-03,-0.2
3,0.0,1,2.5,20070104,281,2007,0.0,0.9,10.0,0.0,4,2.8,82.3,2007-01-04,-2.5
4,0.0,1,2.1,20070105,281,2007,0.0,0.4,10.8,0.0,5,3.7,76.0,2007-01-05,-1.7
5,0.0,1,2.4,20070106,281,2007,0.0,3.4,6.0,0.0,6,0.9,62.4,2007-01-06,-2.7
6,0.0,1,4.7,20070107,281,2007,0.0,5.0,3.2,0.0,7,-0.6,54.9,2007-01-07,-3.7
7,0.0,1,5.6,20070108,281,2007,0.0,3.5,4.5,0.0,8,0.3,47.1,2007-01-08,-2.4
8,0.0,1,5.8,20070109,281,2007,0.0,1.9,6.3,0.0,9,-0.6,51.4,2007-01-09,-5.8
9,0.0,1,5.7,20070110,281,2007,0.0,2.1,6.3,0.0,10,0.0,58.9,2007-01-10,-6.4
10,0.0,1,4.7,20070111,281,2007,0.0,1.2,5.6,0.0,11,-1.7,59.6,2007-01-11,-9.0
11,0.0,1,3.8,20070112,281,2007,0.0,3.1,4.5,0.0,12,-0.7,46.4,2007-01-12,-6.8
12,0.0,1,4.9,20070113,281,2007,0.0,3.1,2.7,0.0,13,-2.8,48.3,2007-01-13,-5.3
13,0.0,1,5.9,20070114,281,2007,0.0,2.6,6.0,0.0,14,-1.9,37.5,2007-01-14,-7.9
14,0.0,1,5.4,20070115,281,2007,0.0,0.6,8.8,0.0,15,-1.3,48.6,2007-01-15,-9.3
15,0.0,1,0.2,20070116,281,2007,0.0,0.9,7.6,0.0,16,3.0,40.9,2007-01-16,-2.5
16,0.0,1,2.3,20070117,281,2007,0.0,2.2,8.8,0.0,17,3.1,51.1,2007-01-17,-0.6
17,0.0,1,4.9,20070118,281,2007,0.0,2.6,8.8,0.0,18,2.2,46.9,2007-01-18,-5.8
18,0.0,1,5.8,20070119,281,2007,0.0,0.7,8.1,0.0,19,-2.1,53.5,2007-01-19,-10.8
19,0.0,1,0.7,20070120,281,2007,0.0,0.3,7.3,0.0,20,2.0,58.8,2007-01-20,-4.6
20,0.0,1,2.8,20070121,281,2007,0.0,0.5,10.8,0.0,21,2.3,81.5,2007-01-21,-3.0
21,0.0,1,6.1,20070122,281,2007,0.0,1.3,9.1,0.0,22,1.2,65.6,2007-01-22,-6.4
22,0.0,1,3.0,20070123,281,2007,0.0,0.6,9.8,0.0,23,0.3,62.1,2007-01-23,-7.0
23,0.0,1,5.4,20070124,281,2007,0.0,0.9,10.6,0.0,24,1.0,56.8,2007-01-24,-4.9
24,0.0,1,6.8,20070125,281,2007,0.0,1.4,9.3,0.0,25,-0.2,58.3,2007-01-25,-8.1
25,0.0,1,2.0,20070126,281,2007,0.0,1.6,6.5,0.5,26,-0.5,75.6,2007-01-26,-8.3
26,0.0,1,1.2,20070127,281,2007,0.0,2.3,4.6,0.0,27,1.1,72.6,2007-01-27,-3.2
27,0.0,1,6.8,20070128,281,2007,0.0,1.8,6.0,0.0,28,-1.1,68.5,2007-01-28,-7.3
28,0.0,1,7.4,20070129,281,2007,0.0,0.5,8.5,0.0,29,-1.5,68.1,2007-01-29,-8.0
29,0.0,1,3.7,20070130,281,2007,0.0,2.4,7.3,0.0,30,-1.3,65.1,2007-01-30,-9.1
30,0.0,1,7.6,20070131,281,2007,0.0,4.4,4.4,0.0,31,-0.5,46.5,2007-01-31,-3.9
31,0.0,2,7.6,20070201,281,2007,0.0,3.8,1.3,0.0,1,-2.5,48.0,2007-02-01,-6.0
32,0.0,2,8.4,20070202,281,2007,0.0,2.8,3.5,0.0,2,-2.4,42.6,2007-02-02,-7.5
33,0.0,2,8.6,20070203,281,2007,0.0,3.1,9.0,0.0,3,2.3,50.9,2007-02-03,-6.4
34,0.0,2,8.6,20070204,281,2007,0.0,1.1,13.6,0.0,4,3.3,46.6,2007-02-04,-4.5
35,0.0,2,7.2,20070205,281,2007,0.0,1.0,14.5,0.0,5,3.4,53.3,2007-02-05,-7.6
36,0.0,2,6.7,20070206,281,2007,0.0,0.6,16.2,0.0,6,5.5,64.5,2007-02-06,-3.7
37,0.0,2,6.7,20070207,281,2007,0.0,1.3,16.2,0.0,7,6.2,79.6,2007-02-07,-2.0
38,0.0,2,0.0,20070208,281,2007,0.0,0.5,9.6,16.0,8,7.6,95.6,2007-02-08,5.5
39,0.0,2,1.2,20070209,281,2007,0.0,2.2,9.6,0.5,9,7.0,82.0,2007-02-09,4.5
40,0.0,2,4.0,20070210,281,2007,0.0,3.4,8.8,0.0,10,4.4,63.5,2007-02-10,0.6
41,0.0,2,9.4,20070211,281,2007,0.0,2.8,9.5,0.0,11,3.2,46.6,2007-02-11,-1.1
42,0.0,2,8.5,20070212,281,2007,0.0,1.2,10.1,0.0,12,1.7,57.8,2007-02-12,-4.8
43,0.0,2,3.9,20070213,281,2007,0.0,0.6,12.6,17.0,13,4.1,74.0,2007-02-13,-5.8
44,0.0,2,6.5,20070214,281,2007,0.0,5.1,8.8,6.0,14,3.9,57.6,2007-02-14,-1.7
45,0.0,2,9.8,20070215,281,2007,0.0,4.3,6.9,0.0,15,1.4,35.1,2007-02-15,-3.2
46,0.0,2,9.5,20070216,281,2007,0.0,1.2,11.0,0.0,16,2.0,60.3,2007-02-16,-7.0
47,0.0,2,0.0,20070217,281,2007,0.0,0.5,6.8,4.0,17,4.3,90.8,2007-02-17,-0.8
48,0.0,2,5.0,20070218,281,2007,0.0,1.1,13.5,0.0,18,4.9,83.9,2007-02-18,0.8
49,0.0,2,9.1,20070219,281,2007,0.0,0.8,14.6,0.0,19,5.7,74.3,2007-02-19,0.3
50,0.0,2,8.0,20070220,281,2007,0.0,0.6,15.3,0.0,20,5.3,69.9,2007-02-20,-2.7
51,0.0,2,8.9,20070221,281,2007,0.0,0.6,17.0,0.0,21,4.6,65.0,2007-02-21,-3.7
52,0.0,2,5.5,20070222,281,2007,0.0,0.6,15.1,0.0,22,4.4,63.6,2007-02-22,-4.3
53,0.0,2,9.5,20070223,281,2007,0.0,1.5,13.6,0.0,23,5.3,61.4,2007-02-23,-1.6
54,0.0,2,1.9,20070224,281,2007,0.0,1.2,8.8,0.0,24,1.3,79.8,2007-02-24,-4.8
55,0.0,2,4.6,20070225,281,2007,0.0,1.5,10.3,0.0,25,4.1,75.3,2007-02-25,0.2
56,0.0,2,7.9,20070226,281,2007,0.0,0.7,13.5,0.0,26,4.0,74.0,2007-02-26,-3.0
57,0.0,2,8.5,20070227,281,2007,0.0,1.4,16.3,0.0,27,6.2,65.3,2007-02-27,-4.0
58,0.0,2,9.9,20070228,281,2007,0.0,2.3,11.8,0.0,28,5.6,57.1,2007-02-28,-1.7
59,0.0,3,7.4,20070301,281,2007,0.0,1.1,15.3,0.0,1,5.4,70.6,2007-03-01,-5.3
60,0.0,3,0.3,20070302,281,2007,0.0,0.5,12.0,3.0,2,8.0,83.1,2007-03-02,3.5
61,0.0,3,3.2,20070303,281,2007,0.0,1.6,17.0,0.0,3,11.4,87.8,2007-03-03,8.3
62,0.0,3,0.0,20070304,281,2007,0.0,2.5,15.1,25.5,4,12.0,91.8,2007-03-04,9.5
63,0.0,3,6.8,20070305,281,2007,0.0,5.6,14.6,0.5,5,3.6,61.4,2007-03-05,-2.9
64,0.0,3,10.3,20070306,281,2007,0.0,4.7,3.0,0.0,6,-2.3,41.3,2007-03-06,-6.1
65,0.0,3,10.5,20070307,281,2007,0.0,3.7,4.5,0.0,7,-0.7,42.9,2007-03-07,-5.1
66,0.0,3,10.1,20070308,281,2007,0.0,3.1,8.5,0.0,8,2.5,48.1,2007-03-08,-2.2
67,0.0,3,9.1,20070309,281,2007,0.0,2.1,11.8,0.0,9,3.8,54.1,2007-03-09,-2.2
68,0.0,3,7.8,20070310,281,2007,0.0,3.0,15.1,0.0,10,4.3,53.0,2007-03-10,-2.0
69,0.0,3,9.4,20070311,281,2007,0.0,4.7,7.4,0.0,11,1.3,35.8,2007-03-11,-4.0
70,0.0,3,9.5,20070312,281,2007,0.0,3.6,11.1,0.0,12,5.1,32.6,2007-03-12,-0.2
71,0.0,3,7.4,20070313,281,2007,0.0,2.4,12.8,0.0,13,4.9,37.8,2007-03-13,-2.2
72,0.0,3,7.5,20070314,281,2007,0.0,1.0,14.3,0.0,14,5.2,50.4,2007-03-14,-3.4
73,0.0,3,3.4,20070315,281,2007,0.0,0.9,14.0,0.0,15,7.1,70.0,2007-03-15,2.0
74,0.0,3,5.2,20070316,281,2007,0.0,2.3,11.1,0.0,16,7.3,64.5,2007-03-16,3.2
75,0.0,3,1.3,20070317,281,2007,0.0,1.7,7.0,1.0,17,3.9,82.5,2007-03-17,0.2
76,0.0,3,7.3,20070318,281,2007,0.0,0.9,13.0,0.0,18,4.5,67.8,2007-03-18,-3.5
77,0.0,3,3.6,20070319,281,2007,0.0,1.8,11.1,0.0,19,4.0,74.3,2007-03-19,-1.2
78,0.0,3,6.4,20070320,281,2007,0.0,0.7,12.1,0.0,20,6.5,60.3,2007-03-20,1.3
79,0.0,3,8.1,20070321,281,2007,0.0,0.9,15.5,0.0,21,7.0,63.3,2007-03-21,-2.2
80,0.0,3,9.5,20070322,281,2007,0.0,1.2,17.8,0.0,22,8.1,61.0,2007-03-22,-1.3
81,0.0,3,9.3,20070323,281,2007,0.0,1.2,22.2,0.0,23,12.2,44.6,2007-03-23,-0.8
82,0.0,3,1.4,20070324,281,2007,0.0,1.8,17.2,5.5,24,12.3,85.3,2007-03-24,8.1
83,0.0,3,10.5,20070325,281,2007,0.0,3.5,19.6,0.0,25,13.2,44.0,2007-03-25,8.3
84,0.0,3,8.2,20070326,281,2007,0.0,1.8,21.2,0.5,26,11.6,47.5,2007-03-26,5.1
85,0.0,3,5.3,20070327,281,2007,0.0,1.8,20.2,1.0,27,12.4,63.9,2007-03-27,5.9
86,0.0,3,9.2,20070328,281,2007,0.0,1.7,22.3,3.0,28,12.5,61.5,2007-03-28,2.0
87,0.0,3,0.3,20070329,281,2007,0.0,2.9,13.1,20.5,29,9.2,86.0,2007-03-29,6.3
88,0.0,3,7.2,20070330,281,2007,0.0,0.9,17.2,0.0,30,10.5,73.8,2007-03-30,6.0
89,0.0,3,2.0,20070331,281,2007,0.0,2.2,15.3,11.5,31,10.7,81.9,2007-03-31,8.5
90,0.0,4,2.1,20070401,281,2007,0.0,2.3,15.1,0.0,1,11.0,51.8,2007-04-01,6.6
91,0.0,4,10.7,20070402,281,2007,0.0,3.6,14.1,0.0,2,9.1,41.6,2007-04-02,3.9
92,0.0,4,10.7,20070403,281,2007,0.0,3.4,12.3,0.0,3,6.6,40.6,2007-04-03,-0.1
93,0.0,4,9.6,20070404,281,2007,0.0,2.6,13.3,0.5,4,6.2,51.6,2007-04-04,0.3
94,0.0,4,10.1,20070405,281,2007,0.0,0.9,17.2,0.0,5,7.7,58.5,2007-04-05,-2.7
95,0.0,4,9.2,20070406,281,2007,0.0,1.2,20.2,0.0,6,11.5,51.8,2007-04-06,0.5
96,0.0,4,10.6,20070407,281,2007,0.0,2.4,19.3,0.0,7,12.2,41.5,2007-04-07,5.0
97,0.0,4,7.7,20070408,281,2007,0.0,1.2,17.3,0.0,8,9.2,56.1,2007-04-08,0.6
98,0.0,4,11.2,20070409,281,2007,0.0,1.1,19.7,0.0,9,9.7,52.4,2007-04-09,-0.4
99,0.0,4,9.9,20070410,281,2007,0.0,1.1,21.3,0.0,10,11.1,54.9,2007-04-10,-0.5
100,0.0,4,8.3,20070411,281,2007,0.0,1.7,19.0,0.0,11,12.0,70.1,2007-04-11,6.3
101,0.0,4,6.8,20070412,281,2007,0.0,1.1,22.2,0.0,12,13.8,58.9,2007-04-12,5.0
102,0.0,4,7.4,20070413,281,2007,0.0,3.0,22.6,13.5,13,13.0,71.1,2007-04-13,7.4
103,0.0,4,11.0,20070414,281,2007,0.0,1.4,22.0,0.0,14,13.1,51.6,2007-04-14,3.5
104,0.0,4,6.9,20070415,281,2007,0.0,2.3,19.0,3.5,15,10.3,69.5,2007-04-15,4.1
105,0.0,4,0.0,20070416,281,2007,0.0,1.6,9.1,12.0,16,6.8,84.8,2007-04-16,2.2
106,0.0,4,7.4,20070417,281,2007,0.0,1.7,15.1,0.0,17,7.9,77.4,2007-04-17,1.2
107,0.0,4,8.7,20070418,281,2007,0.0,1.4,16.1,0.0,18,9.4,74.8,2007-04-18,4.5
108,0.0,4,10.4,20070419,281,2007,0.0,1.4,21.5,0.0,19,12.4,56.4,2007-04-19,1.1
109,0.0,4,6.4,20070420,281,2007,0.0,3.0,20.7,0.0,20,15.3,62.8,2007-04-20,5.1
110,0.0,4,7.5,20070421,281,2007,0.0,2.4,24.6,0.0,21,19.6,68.3,2007-04-21,14.0
111,0.0,4,1.3,20070422,281,2007,0.0,2.1,21.3,0.0,22,15.8,68.9,2007-04-22,9.3
112,0.0,4,10.7,20070423,281,2007,0.0,2.3,18.6,0.0,23,11.4,54.1,2007-04-23,4.9
113,0.0,4,7.8,20070424,281,2007,0.0,1.1,19.7,0.0,24,12.6,56.0,2007-04-24,4.5
114,0.0,4,10.8,20070425,281,2007,0.0,2.9,22.3,0.0,25,15.2,41.5,2007-04-25,8.8
115,0.0,4,11.2,20070426,281,2007,0.0,2.4,25.1,0.0,26,13.9,55.5,2007-04-26,4.0
116,0.0,4,7.4,20070427,281,2007,0.0,1.4,23.7,0.0,27,14.9,57.5,2007-04-27,5.4
117,0.0,4,11.6,20070428,281,2007,0.0,2.5,25.2,0.0,28,17.1,25.3,2007-04-28,5.8
118,0.0,4,11.4,20070429,281,2007,0.0,3.2,27.2,0.0,29,19.9,19.0,2007-04-29,12.3
119,0.0,4,2.3,20070430,281,2007,0.0,1.4,22.6,3.5,30,16.8,35.8,2007-04-30,10.8
120,0.0,5,0.7,20070501,281,2007,0.0,1.3,17.1,20.0,1,14.0,89.8,2007-05-01,11.3
121,0.0,5,10.8,20070502,281,2007,0.0,2.4,25.2,0.0,2,17.3,56.1,2007-05-02,10.6
122,0.0,5,9.4,20070503,281,2007,0.0,1.6,25.6,0.0,3,16.7,57.0,2007-05-03,6.9
123,0.0,5,9.4,20070504,281,2007,0.0,1.6,27.7,0.0,4,19.0,63.9,2007-05-04,8.1
124,0.0,5,10.3,20070505,281,2007,0.0,2.5,24.7,0.0,5,17.0,71.3,2007-05-05,10.1
125,0.0,5,3.8,20070506,281,2007,0.0,1.9,18.2,0.0,6,14.8,76.0,2007-05-06,10.8
126,0.0,5,11.2,20070507,281,2007,0.0,2.1,29.7,0.0,7,19.6,46.9,2007-05-07,7.0
127,0.0,5,9.3,20070508,281,2007,0.0,1.9,32.9,0.0,8,22.2,35.8,2007-05-08,10.6
128,0.0,5,8.6,20070509,281,2007,0.0,2.4,24.8,13.0,9,15.1,65.3,2007-05-09,8.8
129,0.0,5,11.1,20070510,281,2007,0.0,2.0,24.1,0.0,10,15.5,65.9,2007-05-10,9.1
130,0.0,5,11.2,20070511,281,2007,0.0,0.9,26.7,0.0,11,17.4,55.6,2007-05-11,6.5
131,0.0,5,0.0,20070512,281,2007,0.0,1.2,16.5,7.0,12,14.7,77.3,2007-05-12,13.3
132,0.0,5,11.9,20070513,281,2007,0.0,2.5,26.0,0.0,13,18.1,43.3,2007-05-13,11.3
133,0.0,5,10.0,20070514,281,2007,0.0,1.8,28.2,0.0,14,19.0,45.9,2007-05-14,8.6
134,0.0,5,10.2,20070515,281,2007,0.0,1.2,26.7,0.0,15,17.8,63.0,2007-05-15,10.1
135,0.0,5,0.1,20070516,281,2007,0.0,1.2,21.0,11.5,16,15.1,85.1,2007-05-16,10.8
136,0.0,5,9.5,20070517,281,2007,0.0,3.7,25.8,0.0,17,18.7,55.4,2007-05-17,13.5
137,0.0,5,10.6,20070518,281,2007,0.0,2.3,26.2,0.0,18,18.0,56.0,2007-05-18,11.3
138,0.0,5,6.8,20070519,281,2007,0.0,1.8,22.0,1.5,19,15.9,71.9,2007-05-19,11.6
139,0.0,5,10.1,20070520,281,2007,0.0,1.6,23.5,0.0,20,17.1,71.8,2007-05-20,12.5
140,0.0,5,9.8,20070521,281,2007,0.0,1.3,24.8,0.0,21,16.7,60.5,2007-05-21,9.1
141,0.0,5,12.1,20070522,281,2007,0.0,1.0,29.7,0.0,22,18.7,52.4,2007-05-22,5.9
142,0.0,5,10.3,20070523,281,2007,0.0,1.3,27.5,0.0,23,20.5,57.3,2007-05-23,10.0
143,0.0,5,7.7,20070524,281,2007,0.0,1.5,27.1,13.5,24,20.6,70.8,2007-05-24,14.5
144,0.0,5,10.0,20070525,281,2007,0.0,2.8,28.7,6.5,25,22.0,57.8,2007-05-25,16.7
145,0.0,5,9.7,20070526,281,2007,0.0,2.5,31.7,0.0,26,23.4,38.8,2007-05-26,16.8
146,0.0,5,8.6,20070527,281,2007,0.0,2.8,28.2,0.0,27,19.0,58.9,2007-05-27,14.8
147,0.0,5,9.0,20070528,281,2007,0.0,3.1,19.6,0.0,28,15.7,69.8,2007-05-28,13.1
148,0.0,5,7.6,20070529,281,2007,0.0,1.0,28.2,2.5,29,18.3,76.1,2007-05-29,10.3
149,0.0,5,9.6,20070530,281,2007,0.0,2.2,24.7,1.0,30,17.6,75.6,2007-05-30,14.1
150,0.0,5,9.9,20070531,281,2007,0.0,2.0,22.8,0.0,31,16.9,76.9,2007-05-31,12.8
151,0.0,6,5.4,20070601,281,2007,0.0,1.8,21.2,0.0,1,16.3,77.9,2007-06-01,11.6
152,0.0,6,3.4,20070602,281,2007,0.0,1.8,19.7,0.0,2,16.6,77.4,2007-06-02,11.8
153,0.0,6,10.1,20070603,281,2007,0.0,2.2,24.5,0.0,3,19.0,73.3,2007-06-03,14.6
154,0.0,6,8.3,20070604,281,2007,0.0,1.0,28.7,0.0,4,21.6,66.4,2007-06-04,12.6
155,0.0,6,9.4,20070605,281,2007,0.0,2.4,30.7,0.0,5,24.4,59.9,2007-06-05,19.3
156,0.0,6,10.3,20070606,281,2007,0.0,2.3,30.7,0.0,6,24.6,54.5,2007-06-06,18.8
157,0.0,6,8.7,20070607,281,2007,0.0,2.2,29.5,0.0,7,24.1,48.5,2007-06-07,18.6
158,0.0,6,9.1,20070608,281,2007,0.0,2.8,27.7,9.5,8,20.6,69.5,2007-06-08,15.6
159,0.0,6,6.1,20070609,281,2007,0.0,1.3,21.3,7.5,9,17.6,75.6,2007-06-09,14.1
160,0.0,6,9.4,20070610,281,2007,0.0,1.6,24.7,0.0,10,18.5,75.6,2007-06-10,13.3
161,0.0,6,9.9,20070611,281,2007,0.0,1.0,31.2,0.0,11,21.6,67.1,2007-06-11,11.8
162,0.0,6,10.6,20070612,281,2007,0.0,1.2,32.2,0.0,12,24.0,58.0,2007-06-12,16.1
163,0.0,6,3.2,20070613,281,2007,0.0,1.0,26.2,0.0,13,21.5,73.6,2007-06-13,15.3
164,0.0,6,1.5,20070614,281,2007,0.0,1.1,22.8,9.5,14,19.6,81.0,2007-06-14,17.6
165,0.0,6,6.5,20070615,281,2007,0.0,1.8,23.6,0.0,15,19.3,72.0,2007-06-15,15.1
166,0.0,6,12.1,20070616,281,2007,0.0,2.7,26.5,0.0,16,19.5,50.9,2007-06-16,10.3
167,0.0,6,3.3,20070617,281,2007,0.0,1.6,23.0,2.5,17,18.6,72.1,2007-06-17,14.6
168,0.0,6,12.3,20070618,281,2007,0.0,1.6,30.7,0.0,18,20.7,67.8,2007-06-18,13.0
169,0.0,6,12.3,20070619,281,2007,0.0,2.0,26.3,0.0,19,19.6,78.6,2007-06-19,11.8
170,0.0,6,8.6,20070620,281,2007,0.0,1.2,32.5,0.0,20,24.7,65.9,2007-06-20,16.7
171,0.0,6,4.3,20070621,281,2007,0.0,1.2,30.0,24.5,21,24.2,76.3,2007-06-21,19.8
172,0.0,6,1.9,20070622,281,2007,0.0,0.6,23.7,14.5,22,20.4,90.3,2007-06-22,17.2
173,0.0,6,4.5,20070623,281,2007,0.0,0.7,27.5,10.0,23,20.1,84.6,2007-06-23,15.8
174,0.0,6,0.2,20070624,281,2007,0.0,0.6,22.5,28.0,24,20.4,92.4,2007-06-24,16.7
175,0.0,6,5.5,20070625,281,2007,0.0,1.7,28.1,0.0,25,22.6,79.8,2007-06-25,19.5
176,0.0,6,8.7,20070626,281,2007,0.0,1.3,28.7,0.0,26,23.2,78.5,2007-06-26,20.0
177,0.0,6,8.6,20070627,281,2007,0.0,0.7,33.0,0.0,27,26.2,71.8,2007-06-27,18.6
178,0.0,6,7.2,20070628,281,2007,0.0,1.2,31.0,7.0,28,26.5,76.8,2007-06-28,22.3
179,0.0,6,7.2,20070629,281,2007,0.0,2.1,31.3,7.0,29,26.6,72.3,2007-06-29,22.3
180,0.0,6,8.0,20070630,281,2007,0.0,2.4,26.7,0.0,30,23.0,78.4,2007-06-30,20.6
181,0.0,7,0.2,20070701,281,2007,0.0,1.9,21.1,38.0,1,19.9,92.8,2007-07-01,18.7
182,0.0,7,3.4,20070702,281,2007,0.0,1.3,26.8,3.5,2,22.6,88.5,2007-07-02,19.7
183,0.0,7,6.9,20070703,281,2007,0.0,1.4,28.7,0.0,3,24.1,84.1,2007-07-03,21.0
184,0.0,7,0.8,20070704,281,2007,0.0,1.0,24.6,18.0,4,21.8,92.0,2007-07-04,19.2
185,0.0,7,7.0,20070705,281,2007,0.0,1.2,29.6,0.0,5,23.6,79.8,2007-07-05,18.7
186,0.0,7,10.6,20070706,281,2007,0.0,2.1,28.1,0.0,6,23.0,79.0,2007-07-06,18.2
187,0.0,7,9.5,20070707,281,2007,0.0,1.4,27.6,0.0,7,23.2,75.8,2007-07-07,20.0
188,0.0,7,6.5,20070708,281,2007,0.0,1.6,26.7,0.0,8,22.3,81.9,2007-07-08,19.6
189,0.0,7,1.3,20070709,281,2007,0.0,1.7,24.0,24.0,9,20.5,87.0,2007-07-09,18.0
190,0.0,7,0.0,20070710,281,2007,0.0,0.9,22.8,34.5,10,21.3,95.8,2007-07-10,18.7
191,0.0,7,4.4,20070711,281,2007,0.0,2.3,24.1,0.0,11,20.6,83.3,2007-07-11,19.1
192,0.0,7,8.0,20070712,281,2007,0.0,1.4,31.3,0.0,12,24.1,76.8,2007-07-12,19.2
193,0.0,7,1.0,20070713,281,2007,0.0,2.5,24.0,3.5,13,21.0,88.6,2007-07-13,19.2
194,0.0,7,4.7,20070714,281,2007,0.0,3.3,24.2,3.0,14,21.3,74.8,2007-07-14,18.3
195,0.0,7,10.5,20070715,281,2007,0.0,2.0,29.5,0.0,15,21.5,72.0,2007-07-15,16.2
196,0.0,7,0.7,20070716,281,2007,0.0,1.6,23.2,3.5,16,20.0,90.8,2007-07-16,17.2
197,0.0,7,1.6,20070717,281,2007,0.0,1.1,26.3,0.0,17,22.4,83.6,2007-07-17,19.3
198,0.0,7,10.4,20070718,281,2007,0.0,0.8,32.7,0.0,18,25.0,74.0,2007-07-18,17.3
199,0.0,7,0.0,20070719,281,2007,0.0,0.8,27.8,3.5,19,24.5,89.6,2007-07-19,19.8
200,0.0,7,2.3,20070720,281,2007,0.0,1.4,25.3,35.5,20,22.6,90.3,2007-07-20,19.5
201,0.0,7,0.3,20070721,281,2007,0.0,0.2,24.7,0.5,21,22.0,91.4,2007-07-21,19.5
202,0.0,7,4.4,20070722,281,2007,0.0,0.9,29.0,3.5,22,23.3,87.5,2007-07-22,19.8
203,0.0,7,8.0,20070723,281,2007,0.0,0.6,31.1,4.5,23,25.3,82.1,2007-07-23,19.2
204,0.0,7,4.4,20070724,281,2007,0.0,0.4,30.1,0.5,24,26.0,84.9,2007-07-24,23.2
205,0.0,7,9.6,20070725,281,2007,0.0,1.4,33.9,0.0,25,27.7,75.6,2007-07-25,22.7
206,0.0,7,11.1,20070726,281,2007,0.0,1.7,34.4,0.0,26,28.4,72.0,2007-07-26,22.8
207,0.0,7,11.3,20070727,281,2007,0.0,1.5,35.5,0.0,27,29.1,71.0,2007-07-27,22.7
208,0.0,7,9.9,20070728,281,2007,0.0,2.4,33.7,0.0,28,29.1,67.8,2007-07-28,24.8
209,0.0,7,6.7,20070729,281,2007,0.0,1.5,34.2,9.0,29,25.5,81.3,2007-07-29,20.7
210,0.0,7,9.8,20070730,281,2007,0.0,1.4,29.2,0.0,30,23.6,80.1,2007-07-30,19.7
211,0.0,7,10.2,20070731,281,2007,0.0,0.9,33.0,0.0,31,26.1,73.1,2007-07-31,19.8
212,0.0,8,9.7,20070801,281,2007,0.0,1.3,34.4,0.0,1,28.1,70.1,2007-08-01,21.2
213,0.0,8,8.5,20070802,281,2007,0.0,1.0,35.2,0.0,2,28.5,68.9,2007-08-02,22.8
214,0.0,8,5.9,20070803,281,2007,0.0,1.5,35.0,28.5,3,27.2,74.8,2007-08-03,22.8
215,0.0,8,8.9,20070804,281,2007,0.0,1.4,34.0,0.0,4,27.7,74.9,2007-08-04,22.6
216,0.0,8,2.2,20070805,281,2007,0.0,0.7,29.3,0.5,5,26.3,78.8,2007-08-05,23.7
217,0.0,8,1.9,20070806,281,2007,0.0,0.4,28.6,3.5,6,25.1,87.5,2007-08-06,22.1
218,0.0,8,2.8,20070807,281,2007,0.0,0.4,28.3,42.5,7,24.8,93.0,2007-08-07,22.0
219,0.0,8,0.1,20070808,281,2007,0.0,0.6,25.6,52.0,8,23.9,99.0,2007-08-08,21.3
220,0.0,8,5.2,20070809,281,2007,0.0,0.8,31.7,0.0,9,27.2,83.1,2007-08-09,23.6
221,0.0,8,9.0,20070810,281,2007,0.0,1.0,33.5,0.0,10,27.8,76.6,2007-08-10,23.0
222,0.0,8,10.5,20070811,281,2007,0.0,1.5,33.9,0.0,11,27.3,73.5,2007-08-11,21.1
223,0.0,8,2.8,20070812,281,2007,0.0,2.6,28.7,0.0,12,25.9,83.1,2007-08-12,24.2
224,0.0,8,5.9,20070813,281,2007,0.0,1.5,31.1,7.5,13,26.3,86.8,2007-08-13,24.0
225,0.0,8,2.1,20070814,281,2007,0.0,1.4,30.3,2.0,14,27.0,84.8,2007-08-14,25.1
226,0.0,8,7.7,20070815,281,2007,0.0,0.7,33.5,0.5,15,27.2,80.4,2007-08-15,23.2
227,0.0,8,10.4,20070816,281,2007,0.0,0.7,35.2,0.0,16,27.9,77.4,2007-08-16,21.2
228,0.0,8,11.3,20070817,281,2007,0.0,1.1,36.5,0.0,17,28.5,72.3,2007-08-17,22.3
229,0.0,8,10.5,20070818,281,2007,0.0,0.7,35.5,0.0,18,28.7,73.5,2007-08-18,22.2
230,0.0,8,7.4,20070819,281,2007,0.0,0.8,34.7,0.0,19,28.2,76.0,2007-08-19,22.7
231,0.0,8,10.7,20070820,281,2007,0.0,0.9,34.4,0.0,20,28.4,70.8,2007-08-20,23.0
232,0.0,8,10.0,20070821,281,2007,0.0,2.0,35.5,0.0,21,29.3,68.4,2007-08-21,24.6
233,0.0,8,5.4,20070822,281,2007,0.0,1.0,31.3,28.0,22,26.5,84.8,2007-08-22,23.7
234,0.0,8,10.2,20070823,281,2007,0.0,1.2,32.7,0.0,23,26.4,78.1,2007-08-23,22.8
235,0.0,8,8.9,20070824,281,2007,0.0,0.7,34.5,0.0,24,27.3,77.4,2007-08-24,21.7
236,0.0,8,10.1,20070825,281,2007,0.0,0.9,35.7,0.0,25,28.7,71.1,2007-08-25,22.6
237,0.0,8,7.6,20070826,281,2007,0.0,0.7,35.2,0.5,26,28.1,75.8,2007-08-26,22.2
238,0.0,8,6.1,20070827,281,2007,0.0,1.1,33.0,3.0,27,26.8,84.5,2007-08-27,23.5
239,0.0,8,4.7,20070828,281,2007,0.0,1.5,30.8,44.5,28,24.4,89.8,2007-08-28,21.1
240,0.0,8,0.0,20070829,281,2007,0.0,1.7,22.8,24.5,29,20.7,97.5,2007-08-29,17.8
241,0.0,8,0.0,20070830,281,2007,0.0,1.3,23.3,20.0,30,20.3,90.6,2007-08-30,18.1
242,0.0,8,5.8,20070831,281,2007,0.0,0.9,26.2,1.0,31,21.5,85.6,2007-08-31,18.2
243,0.0,9,0.0,20070901,281,2007,0.0,1.4,20.2,90.0,1,18.7,97.8,2007-09-01,17.6
244,0.0,9,0.0,20070902,281,2007,0.0,0.4,22.2,5.0,2,20.0,97.5,2007-09-02,18.1
245,0.0,9,6.0,20070903,281,2007,0.0,1.1,25.5,0.0,3,21.2,86.5,2007-09-03,18.6
246,0.0,9,0.5,20070904,281,2007,0.0,0.8,23.2,28.5,4,19.5,92.8,2007-09-04,17.5
247,0.0,9,0.4,20070905,281,2007,0.0,2.0,21.7,10.0,5,20.0,90.9,2007-09-05,17.7
248,0.0,9,1.0,20070906,281,2007,0.0,1.4,22.7,19.5,6,20.0,88.1,2007-09-06,18.0
249,0.0,9,5.7,20070907,281,2007,0.0,0.9,26.2,12.5,7,21.5,85.5,2007-09-07,17.7
250,0.0,9,8.0,20070908,281,2007,0.0,1.3,27.8,1.0,8,21.6,79.5,2007-09-08,17.8
251,0.0,9,8.5,20070909,281,2007,0.0,1.1,28.0,0.0,9,21.7,73.6,2007-09-09,16.7
252,0.0,9,9.8,20070910,281,2007,0.0,0.8,30.7,0.0,10,21.6,76.3,2007-09-10,13.6
253,0.0,9,8.3,20070911,281,2007,0.0,0.8,29.2,0.0,11,21.9,73.4,2007-09-11,15.5
254,0.0,9,9.6,20070912,281,2007,0.0,0.7,28.5,0.0,12,21.3,80.3,2007-09-12,15.3
255,0.0,9,6.2,20070913,281,2007,0.0,1.2,27.7,0.0,13,20.6,83.3,2007-09-13,15.1
256,0.0,9,0.1,20070914,281,2007,0.0,1.4,22.6,31.0,14,19.7,96.0,2007-09-14,17.2
257,0.0,9,0.0,20070915,281,2007,0.0,1.2,22.2,24.0,15,20.9,98.8,2007-09-15,19.5
258,0.0,9,0.4,20070916,281,2007,0.0,1.9,23.7,44.0,16,21.0,91.0,2007-09-16,18.8
259,0.0,9,1.1,20070917,281,2007,0.0,1.7,24.5,7.0,17,21.8,85.4,2007-09-17,20.0
260,0.0,9,0.4,20070918,281,2007,0.0,1.5,23.2,0.0,18,21.7,86.5,2007-09-18,19.7
261,0.0,9,8.1,20070919,281,2007,0.0,1.3,32.5,0.0,19,26.0,81.0,2007-09-19,21.7
262,0.0,9,7.7,20070920,281,2007,0.0,1.2,32.4,0.0,20,27.3,70.8,2007-09-20,21.5
263,0.0,9,8.3,20070921,281,2007,0.0,1.2,32.4,0.0,21,27.4,73.5,2007-09-21,23.0
264,0.0,9,3.5,20070922,281,2007,0.0,2.1,25.8,0.5,22,22.7,76.1,2007-09-22,19.1
265,0.0,9,0.0,20070923,281,2007,0.0,1.6,22.2,0.5,23,20.5,74.0,2007-09-23,18.2
266,0.0,9,1.1,20070924,281,2007,0.0,0.4,21.7,18.5,24,19.1,90.6,2007-09-24,17.2
267,0.0,9,9.0,20070925,281,2007,0.0,1.4,26.3,0.0,25,20.0,84.3,2007-09-25,16.3
268,0.0,9,7.4,20070926,281,2007,0.0,0.7,26.3,0.0,26,19.9,81.8,2007-09-26,14.6
269,0.0,9,9.6,20070927,281,2007,0.0,1.3,30.2,0.0,27,23.1,71.8,2007-09-27,15.6
270,0.0,9,0.6,20070928,281,2007,0.0,0.8,23.2,1.5,28,20.5,85.6,2007-09-28,18.0
271,0.0,9,2.1,20070929,281,2007,0.0,1.3,23.0,0.0,29,19.0,79.6,2007-09-29,16.6
272,0.0,9,0.9,20070930,281,2007,0.0,0.4,21.2,0.5,30,17.8,84.8,2007-09-30,15.6
273,0.0,10,4.9,20071001,281,2007,0.0,0.4,24.5,0.0,1,19.3,78.5,2007-10-01,15.6
274,0.0,10,5.1,20071002,281,2007,0.0,0.8,25.7,0.0,2,19.3,79.9,2007-10-02,15.8
275,0.0,10,3.1,20071003,281,2007,0.0,0.4,25.5,0.0,3,20.4,83.4,2007-10-03,17.0
276,0.0,10,1.0,20071004,281,2007,0.0,0.6,23.2,0.0,4,19.5,90.4,2007-10-04,16.6
277,0.0,10,9.3,20071005,281,2007,0.0,1.7,24.7,0.0,5,18.1,77.4,2007-10-05,13.3
278,0.0,10,9.9,20071006,281,2007,0.0,1.6,24.7,0.0,6,17.3,77.3,2007-10-06,11.1
279,0.0,10,4.9,20071007,281,2007,0.0,0.8,27.3,1.5,7,18.4,88.9,2007-10-07,10.6
280,0.0,10,3.3,20071008,281,2007,0.0,1.1,22.2,2.0,8,18.0,74.6,2007-10-08,14.5
281,0.0,10,8.3,20071009,281,2007,0.0,1.4,22.7,0.0,9,15.7,72.6,2007-10-09,9.3
282,0.0,10,5.3,20071010,281,2007,0.0,1.2,21.8,0.0,10,15.3,81.1,2007-10-10,10.6
283,0.0,10,3.3,20071011,281,2007,0.0,1.0,21.7,0.0,11,15.8,69.1,2007-10-11,10.6
284,0.0,10,3.5,20071012,281,2007,0.0,0.5,22.6,0.0,12,16.2,73.0,2007-10-12,12.5
285,0.0,10,5.5,20071013,281,2007,0.0,0.6,22.6,0.0,13,16.4,77.5,2007-10-13,11.0
286,0.0,10,5.4,20071014,281,2007,0.0,1.1,22.2,0.5,14,16.6,82.9,2007-10-14,11.3
287,0.0,10,7.5,20071015,281,2007,0.0,1.2,19.7,0.0,15,13.0,86.5,2007-10-15,8.8
288,0.0,10,6.6,20071016,281,2007,0.0,0.8,21.3,0.0,16,13.1,82.8,2007-10-16,7.5
289,0.0,10,8.1,20071017,281,2007,0.0,0.9,21.2,0.0,17,12.5,79.4,2007-10-17,7.0
290,0.0,10,5.5,20071018,281,2007,0.0,0.8,20.1,0.0,18,13.2,81.0,2007-10-18,4.9
291,0.0,10,5.1,20071019,281,2007,0.0,2.5,19.7,0.0,19,13.0,66.6,2007-10-19,6.5
292,0.0,10,9.7,20071020,281,2007,0.0,4.0,12.1,0.0,20,8.4,47.6,2007-10-20,4.0
293,0.0,10,9.2,20071021,281,2007,0.0,2.5,19.2,0.0,21,11.3,55.6,2007-10-21,5.0
294,0.0,10,7.3,20071022,281,2007,0.0,1.5,21.5,0.0,22,12.8,69.1,2007-10-22,5.4
295,0.0,10,7.9,20071023,281,2007,0.0,0.8,21.7,0.0,23,12.2,82.0,2007-10-23,4.4
296,0.0,10,5.5,20071024,281,2007,0.0,0.7,23.3,0.0,24,13.2,84.9,2007-10-24,6.4
297,0.0,10,0.7,20071025,281,2007,0.0,0.3,19.0,4.5,25,14.3,91.3,2007-10-25,9.0
298,0.0,10,0.0,20071026,281,2007,0.0,0.5,16.7,20.0,26,14.0,97.9,2007-10-26,9.3
299,0.0,10,9.0,20071027,281,2007,0.0,1.1,20.1,0.0,27,11.6,80.6,2007-10-27,6.0
300,0.0,10,5.7,20071028,281,2007,0.0,0.6,20.2,0.0,28,11.9,79.0,2007-10-28,2.5
301,0.0,10,5.7,20071029,281,2007,0.0,2.9,16.5,0.0,29,11.8,65.1,2007-10-29,6.8
302,0.0,10,5.6,20071030,281,2007,0.0,0.7,18.2,0.0,30,9.7,75.5,2007-10-30,2.9
303,0.0,10,4.6,20071031,281,2007,0.0,0.9,19.6,0.0,31,10.3,67.9,2007-10-31,1.5
304,0.0,11,6.2,20071101,281,2007,0.0,2.8,14.5,0.0,1,10.5,49.3,2007-11-01,5.3
305,0.0,11,8.9,20071102,281,2007,0.0,1.8,15.3,0.0,2,7.4,63.3,2007-11-02,0.5
306,0.0,11,8.9,20071103,281,2007,0.0,0.9,17.6,0.0,3,6.8,72.9,2007-11-03,-0.6
307,0.0,11,4.7,20071104,281,2007,0.0,0.5,18.5,0.0,4,8.1,82.0,2007-11-04,0.3
308,0.0,11,0.0,20071105,281,2007,0.0,0.2,14.6,0.0,5,9.7,86.9,2007-11-05,5.0
309,0.0,11,1.8,20071106,281,2007,0.0,0.4,17.7,0.0,6,10.3,81.5,2007-11-06,4.3
310,0.0,11,6.5,20071107,281,2007,0.0,0.4,20.2,0.0,7,8.1,80.0,2007-11-07,1.3
311,0.0,11,5.4,20071108,281,2007,0.0,0.5,20.2,0.0,8,9.2,79.9,2007-11-08,1.2
312,0.0,11,5.6,20071109,281,2007,0.0,0.5,19.8,0.0,9,10.3,82.4,2007-11-09,3.5
313,0.0,11,5.3,20071110,281,2007,0.0,2.3,15.6,0.0,10,10.7,61.6,2007-11-10,5.1
314,0.0,11,7.8,20071111,281,2007,0.0,2.6,14.6,0.0,11,8.6,59.1,2007-11-11,5.0
315,0.0,11,7.8,20071112,281,2007,0.0,1.1,15.5,0.0,12,5.6,68.9,2007-11-12,-1.2
316,0.0,11,7.2,20071113,281,2007,0.0,1.3,17.1,0.0,13,7.0,66.8,2007-11-13,-2.5
317,0.0,11,5.5,20071114,281,2007,0.0,0.5,17.2,0.0,14,7.7,76.8,2007-11-14,1.0
318,0.0,11,2.5,20071115,281,2007,0.0,0.7,16.2,0.0,15,7.3,82.1,2007-11-15,0.6
319,0.0,11,6.4,20071116,281,2007,0.0,1.7,13.6,0.0,16,6.3,53.6,2007-11-16,-2.2
320,0.0,11,7.5,20071117,281,2007,0.0,2.6,12.3,0.0,17,6.5,51.9,2007-11-17,-3.0
321,0.0,11,5.6,20071118,281,2007,0.0,4.1,8.8,0.0,18,2.3,26.0,2007-11-18,-3.0
322,0.0,11,6.2,20071119,281,2007,0.0,1.3,7.1,0.0,19,-1.2,44.0,2007-11-19,-7.9
323,0.0,11,6.8,20071120,281,2007,0.0,3.4,7.1,0.0,20,2.9,44.8,2007-11-20,-5.0
324,0.0,11,4.7,20071121,281,2007,0.0,2.0,10.3,0.0,21,2.2,50.3,2007-11-21,-6.8
325,0.0,11,6.4,20071122,281,2007,0.0,1.0,11.0,0.0,22,1.5,51.9,2007-11-22,-5.9
326,0.0,11,2.8,20071123,281,2007,0.0,0.3,13.5,0.0,23,1.9,70.9,2007-11-23,-4.9
327,0.0,11,3.6,20071124,281,2007,0.0,1.1,14.5,0.0,24,4.7,70.4,2007-11-24,-2.2
328,0.0,11,5.0,20071125,281,2007,0.0,0.7,15.6,0.0,25,3.5,68.0,2007-11-25,-5.3
329,0.0,11,3.1,20071126,281,2007,0.0,2.0,16.2,0.0,26,6.2,67.0,2007-11-26,-3.9
330,0.0,11,0.9,20071127,281,2007,0.0,2.1,9.6,0.0,27,4.2,40.5,2007-11-27,-1.3
331,0.0,11,5.8,20071128,281,2007,0.0,0.6,13.1,0.0,28,2.4,63.1,2007-11-28,-7.0
332,0.0,11,1.7,20071129,281,2007,0.0,0.9,15.3,0.0,29,6.3,71.8,2007-11-29,-2.0
333,0.0,11,6.4,20071130,281,2007,0.0,3.1,10.1,0.0,30,4.6,37.0,2007-11-30,-0.2
334,0.0,12,5.8,20071201,281,2007,0.0,2.5,10.0,0.0,1,3.9,48.8,2007-12-01,-1.6
335,0.0,12,0.0,20071202,281,2007,0.0,0.8,8.1,8.5,2,2.6,84.1,2007-12-02,-2.7
336,0.0,12,5.3,20071203,281,2007,0.0,3.3,8.1,0.0,3,3.4,59.4,2007-12-03,-0.4
337,0.0,12,5.4,20071204,281,2007,0.0,3.3,4.6,0.0,4,0.1,45.5,2007-12-04,-2.7
338,0.0,12,5.9,20071205,281,2007,0.0,3.3,4.9,0.0,5,0.0,41.5,2007-12-05,-3.7
339,0.0,12,0.4,20071206,281,2007,0.0,1.5,6.1,0.0,6,0.2,61.6,2007-12-06,-4.1
340,0.0,12,3.3,20071207,281,2007,0.0,2.1,7.6,0.0,7,2.1,68.9,2007-12-07,-4.5
341,0.0,12,6.0,20071208,281,2007,0.0,2.8,7.1,0.0,8,2.0,56.3,2007-12-08,-3.7
342,0.0,12,5.6,20071209,281,2007,0.0,1.5,8.8,0.0,9,0.6,60.6,2007-12-09,-6.3
343,0.0,12,1.7,20071210,281,2007,0.0,0.3,9.0,0.0,10,1.5,68.5,2007-12-10,-6.9
344,0.0,12,0.2,20071211,281,2007,0.0,1.0,10.6,2.5,11,5.8,87.3,2007-12-11,2.7
345,0.0,12,0.0,20071212,281,2007,0.0,0.8,7.5,0.0,12,3.6,81.6,2007-12-12,-1.2
346,0.0,12,1.2,20071213,281,2007,0.0,3.5,6.9,0.0,13,3.3,59.0,2007-12-13,0.2
347,0.0,12,5.9,20071214,281,2007,0.0,3.2,5.9,0.0,14,1.4,45.9,2007-12-14,-2.0
348,0.0,12,3.8,20071215,281,2007,0.0,2.2,7.5,0.0,15,0.1,66.9,2007-12-15,-7.1
349,0.0,12,5.3,20071216,281,2007,0.0,1.8,6.4,0.0,16,0.3,56.6,2007-12-16,-4.0
350,0.0,12,3.5,20071217,281,2007,0.0,2.0,8.8,0.0,17,2.9,58.5,2007-12-17,-3.2
351,0.0,12,2.9,20071218,281,2007,0.0,2.3,6.5,0.0,18,1.7,55.9,2007-12-18,-2.2
352,0.0,12,4.1,20071219,281,2007,0.0,2.0,6.9,0.0,19,0.3,61.3,2007-12-19,-6.0
353,0.0,12,3.5,20071220,281,2007,0.0,0.6,10.5,0.0,20,-0.1,71.6,2007-12-20,-7.8
354,0.0,12,0.0,20071221,281,2007,0.0,0.5,10.0,0.0,21,2.6,74.9,2007-12-21,-4.8
355,0.0,12,0.1,20071222,281,2007,0.0,1.2,10.3,0.0,22,6.7,67.3,2007-12-22,2.4
356,0.0,12,4.4,20071223,281,2007,0.0,1.9,10.8,0.0,23,4.4,65.1,2007-12-23,-3.2
357,0.0,12,1.5,20071224,281,2007,0.0,0.6,9.3,0.0,24,1.3,74.9,2007-12-24,-5.5
358,0.0,12,2.3,20071225,281,2007,0.0,1.0,12.3,0.0,25,5.4,72.9,2007-12-25,-0.8
359,0.0,12,1.1,20071226,281,2007,0.0,1.1,14.3,0.0,26,6.8,71.6,2007-12-26,-0.1
360,0.0,12,0.4,20071227,281,2007,0.0,0.2,10.8,6.5,27,3.7,86.3,2007-12-27,-3.4
361,0.0,12,0.0,20071228,281,2007,0.0,1.3,7.3,13.0,28,6.2,93.5,2007-12-28,5.1
362,0.0,12,2.9,20071229,281,2007,0.0,3.6,6.1,0.0,29,3.0,63.6,2007-12-29,-0.6
363,0.3,12,2.8,20071230,281,2007,0.0,5.2,-0.5,0.1,30,-3.4,55.4,2007-12-30,-5.5
364,0.0,12,5.4,20071231,281,2007,0.0,5.0,0.3,0.0,31,-3.6,52.3,2007-12-31,-5.5
