,cloud,tavg,tmax,wind,month,year,day,station_id,Date,tmin,rainfall,humid,snow,date,sunshine
0,0.0,-3.6,1.2,3.5,1,2009,1,281,2009-01-01,-8.2,0.0,43.0,0.0,20090101,8.0
1,0.0,-3.0,4.6,1.9,1,2009,2,281,2009-01-02,-7.8,0.0,49.6,0.0,20090102,7.6
2,0.0,-2.1,7.9,1.5,1,2009,3,281,2009-01-03,-11.2,0.0,50.4,0.0,20090103,7.6
3,0.0,-2.3,6.5,1.3,1,2009,4,281,2009-01-04,-8.7,0.0,54.3,0.0,20090104,2.1
4,0.0,-0.3,6.4,2.6,1,2009,5,281,2009-01-05,-7.8,0.0,56.6,0.0,20090105,7.4
5,0.0,-1.8,5.7,1.2,1,2009,6,281,2009-01-06,-9.5,0.0,60.1,0.0,20090106,7.4
6,0.0,-0.1,7.4,1.6,1,2009,7,281,2009-01-07,-7.0,0.0,42.8,0.0,20090107,7.1
7,0.0,-1.5,7.6,1.8,1,2009,8,281,2009-01-08,-9.3,0.0,48.6,0.0,20090108,5.9
8,0.0,-0.9,4.6,3.1,1,2009,9,281,2009-01-09,-6.5,0.0,39.9,0.0,20090109,5.9
9,0.0,-3.7,0.5,4.3,1,2009,10,281,2009-01-10,-6.4,0.0,44.8,0.0,20090110,7.7
10,0.0,-3.1,2.6,3.7,1,2009,11,281,2009-01-11,-8.4,0.0,44.1,0.0,20090111,6.5
11,0.0,-4.7,0.1,5.1,1,2009,12,281,2009-01-12,-7.9,0.0,49.6,0.0,20090112,7.7
12,0.0,-3.7,1.8,3.5,1,2009,13,281,2009-01-13,-9.2,0.0,41.6,0.0,20090113,7.8
13,0.0,-3.2,1.9,3.6,1,2009,14,281,2009-01-14,-7.5,0.0,43.0,0.0,20090114,6.6
14,0.0,-5.0,1.4,3.0,1,2009,15,281,2009-01-15,-10.0,0.0,30.4,0.0,20090115,7.9
15,0.0,-3.1,6.1,1.4,1,2009,16,281,2009-01-16,-13.6,0.0,57.6,0.0,20090116,7.8
16,0.0,-1.2,8.6,0.7,1,2009,17,281,2009-01-17,-9.1,0.0,64.1,0.0,20090117,7.5
17,0.0,0.4,6.1,0.7,1,2009,18,281,2009-01-18,-5.8,2.5,83.6,0.0,20090118,0.0
18,0.0,2.4,6.8,3.3,1,2009,19,281,2009-01-19,-2.0,0.0,49.3,0.0,20090119,7.6
19,0.0,1.1,8.3,1.1,1,2009,20,281,2009-01-20,-5.0,0.0,47.5,0.0,20090120,3.5
20,0.0,-0.9,6.2,0.8,1,2009,21,281,2009-01-21,-5.7,0.0,64.5,0.0,20090121,0.0
21,0.0,-0.6,9.2,0.7,1,2009,22,281,2009-01-22,-7.5,0.0,68.8,0.0,20090122,4.5
22,0.0,-3.4,4.1,5.1,1,2009,23,281,2009-01-23,-9.2,0.0,47.3,0.0,20090123,3.0
23,0.0,-5.4,0.3,3.5,1,2009,24,281,2009-01-24,-14.4,0.0,46.1,0.0,20090124,6.5
24,0.0,-2.1,3.6,2.3,1,2009,25,281,2009-01-25,-6.8,0.0,54.5,0.0,20090125,4.6
25,0.0,-2.9,3.4,2.3,1,2009,26,281,2009-01-26,-10.2,0.0,67.3,0.0,20090126,4.6
26,0.0,-3.1,5.5,1.3,1,2009,27,281,2009-01-27,-9.8,0.0,55.5,0.0,20090127,8.0
27,0.0,-2.4,10.4,0.7,1,2009,28,281,2009-01-28,-11.9,0.0,60.8,0.0,20090128,8.0
28,0.0,-0.7,4.2,0.5,1,2009,29,281,2009-01-29,-7.6,0.2,69.4,0.0,20090129,0.0
29,0.0,5.8,9.4,1.3,1,2009,30,281,2009-01-30,1.0,4.5,81.3,0.0,20090130,0.0
30,0.0,6.1,9.5,2.5,1,2009,31,281,2009-01-31,-0.6,0.0,61.1,0.0,20090131,1.4
31,0.0,1.6,10.3,0.9,2,2009,1,281,2009-02-01,-4.9,0.0,76.8,0.0,20090201,7.6
32,0.0,5.0,13.7,1.2,2,2009,2,281,2009-02-02,-2.4,0.0,72.4,0.0,20090202,6.3
33,0.0,5.2,10.5,1.7,2,2009,3,281,2009-02-03,0.6,0.0,74.8,0.0,20090203,1.1
34,0.0,5.0,13.9,0.7,2,2009,4,281,2009-02-04,-2.2,0.0,71.8,0.0,20090204,6.7
35,0.0,4.0,12.8,1.8,2,2009,5,281,2009-02-05,-3.6,0.0,65.4,0.0,20090205,3.4
36,0.0,3.1,12.4,0.7,2,2009,6,281,2009-02-06,-3.7,0.0,73.0,0.0,20090206,6.1
37,0.0,4.5,11.9,2.1,2,2009,7,281,2009-02-07,-2.8,0.0,64.1,0.0,20090207,7.0
38,0.0,3.9,12.8,1.0,2,2009,8,281,2009-02-08,-3.7,0.0,61.3,0.0,20090208,8.5
39,0.0,5.0,11.6,1.9,2,2009,9,281,2009-02-09,-0.4,0.0,53.1,0.0,20090209,3.6
40,0.0,4.0,10.6,2.5,2,2009,10,281,2009-02-10,-2.2,0.0,60.5,0.0,20090210,9.2
41,0.0,5.3,14.8,2.2,2,2009,11,281,2009-02-11,-3.8,0.0,56.4,0.0,20090211,7.0
42,0.0,7.1,15.8,0.8,2,2009,12,281,2009-02-12,-5.0,0.0,54.0,0.0,20090212,5.6
43,0.0,15.9,19.2,2.6,2,2009,13,281,2009-02-13,11.6,7.5,77.3,0.0,20090213,0.0
44,0.0,10.0,16.3,3.4,2,2009,14,281,2009-02-14,5.8,0.0,50.8,0.0,20090214,7.5
45,0.0,2.9,9.7,3.2,2,2009,15,281,2009-02-15,-1.5,0.0,56.6,0.0,20090215,1.1
46,0.0,-1.9,3.0,4.3,2,2009,16,281,2009-02-16,-5.3,0.0,27.8,0.0,20090216,9.1
47,0.0,-1.6,4.3,2.9,2,2009,17,281,2009-02-17,-7.8,0.0,27.8,0.0,20090217,10.3
48,0.0,0.7,6.3,2.9,2,2009,18,281,2009-02-18,-5.2,0.0,32.4,0.0,20090218,7.8
49,0.0,1.9,7.1,1.2,2,2009,19,281,2009-02-19,-2.5,2.5,67.0,0.0,20090219,0.1
50,0.0,1.3,5.5,4.4,2,2009,20,281,2009-02-20,-3.5,0.5,61.9,0.0,20090220,4.6
51,0.0,-0.5,8.3,2.0,2,2009,21,281,2009-02-21,-7.8,0.0,46.9,0.0,20090221,10.2
52,0.0,0.3,3.2,0.7,2,2009,22,281,2009-02-22,-5.3,11.5,85.0,0.0,20090222,0.0
53,0.0,5.0,11.0,1.5,2,2009,23,281,2009-02-23,0.8,0.0,86.0,0.0,20090223,3.1
54,0.0,8.8,15.7,1.0,2,2009,24,281,2009-02-24,3.6,0.5,71.1,0.0,20090224,6.3
55,0.0,8.8,14.2,2.0,2,2009,25,281,2009-02-25,4.8,3.5,64.8,0.0,20090225,2.7
56,0.0,6.3,11.0,1.7,2,2009,26,281,2009-02-26,2.4,0.0,50.4,0.0,20090226,2.2
57,0.0,7.0,13.0,1.3,2,2009,27,281,2009-02-27,1.9,0.4,53.5,0.0,20090227,3.7
58,0.0,5.1,13.5,1.0,2,2009,28,281,2009-02-28,-2.9,0.0,66.9,0.0,20090228,8.5
59,0.0,5.5,14.1,2.3,3,2009,1,281,2009-03-01,-3.1,0.0,43.1,0.0,20090301,10.4
60,0.0,2.7,7.4,2.1,3,2009,2,281,2009-03-02,-2.9,0.0,59.0,0.0,20090302,1.1
61,0.0,3.3,5.9,1.7,3,2009,3,281,2009-03-03,1.4,1.5,84.3,0.0,20090303,0.0
62,0.0,5.5,12.6,1.5,3,2009,4,281,2009-03-04,1.4,0.0,72.4,0.0,20090304,6.2
63,0.0,6.4,12.2,1.5,3,2009,5,281,2009-03-05,-0.1,3.5,81.3,0.0,20090305,0.7
64,0.0,5.4,10.1,5.1,3,2009,6,281,2009-03-06,0.0,0.0,47.9,0.0,20090306,7.5
65,0.0,4.1,11.4,2.6,3,2009,7,281,2009-03-07,-2.1,0.0,36.9,0.0,20090307,8.6
66,0.0,6.8,16.8,1.1,3,2009,8,281,2009-03-08,-1.0,0.0,47.6,0.0,20090308,9.5
67,0.0,8.0,16.2,1.7,3,2009,9,281,2009-03-09,-0.7,0.0,44.5,0.0,20090309,4.7
68,0.0,8.3,14.9,3.2,3,2009,10,281,2009-03-10,3.0,0.0,33.5,0.0,20090310,8.7
69,0.0,4.9,13.0,1.8,3,2009,11,281,2009-03-11,-2.4,0.0,33.6,0.0,20090311,6.3
70,0.0,6.2,14.7,2.0,3,2009,12,281,2009-03-12,-5.1,0.0,51.6,0.0,20090312,7.0
71,0.0,7.3,11.2,3.6,3,2009,13,281,2009-03-13,1.1,4.5,74.0,0.0,20090313,0.0
72,0.0,2.1,7.8,5.5,3,2009,14,281,2009-03-14,-2.7,0.0,34.6,0.0,20090314,10.8
73,0.0,7.0,14.5,2.8,3,2009,15,281,2009-03-15,-1.5,0.0,38.0,0.0,20090315,10.8
74,0.0,11.3,19.9,2.3,3,2009,16,281,2009-03-16,0.3,0.0,49.6,0.0,20090316,6.9
75,0.0,13.0,22.6,1.8,3,2009,17,281,2009-03-17,1.4,0.0,41.9,0.0,20090317,9.6
76,0.0,14.8,20.7,2.1,3,2009,18,281,2009-03-18,6.6,0.0,68.8,0.0,20090318,0.7
77,0.0,15.5,25.5,1.9,3,2009,19,281,2009-03-19,6.7,0.0,71.1,0.0,20090319,9.3
78,0.0,8.6,13.4,3.3,3,2009,20,281,2009-03-20,2.8,0.0,61.0,0.0,20090320,5.7
79,0.0,11.0,20.2,1.3,3,2009,21,281,2009-03-21,-0.9,2.0,67.1,0.0,20090321,6.1
80,0.0,13.6,17.4,3.0,3,2009,22,281,2009-03-22,8.7,1.5,73.3,0.0,20090322,0.7
81,0.0,8.7,14.5,2.2,3,2009,23,281,2009-03-23,4.2,0.0,47.6,0.0,20090323,4.9
82,0.0,6.6,11.9,2.8,3,2009,24,281,2009-03-24,0.2,0.0,32.9,0.0,20090324,8.5
83,0.0,4.4,10.1,3.8,3,2009,25,281,2009-03-25,0.4,0.0,34.6,0.0,20090325,10.1
84,0.0,6.1,15.0,3.2,3,2009,26,281,2009-03-26,-5.1,0.0,41.6,0.0,20090326,10.1
85,0.0,6.3,13.5,3.2,3,2009,27,281,2009-03-27,0.4,0.0,36.1,0.0,20090327,11.0
86,0.0,6.4,14.5,2.6,3,2009,28,281,2009-03-28,2.2,0.0,36.4,0.0,20090328,9.2
87,0.0,5.2,9.2,2.2,3,2009,29,281,2009-03-29,1.3,0.0,65.6,0.0,20090329,2.0
88,0.0,7.6,12.7,1.8,3,2009,30,281,2009-03-30,2.4,0.0,59.4,0.0,20090330,4.6
89,0.0,8.7,14.0,2.7,3,2009,31,281,2009-03-31,5.3,0.0,49.6,0.0,20090331,7.6
90,0.0,5.2,12.1,3.2,4,2009,1,281,2009-04-01,-0.6,0.0,55.5,0.0,20090401,6.5
91,0.0,8.5,17.3,2.1,4,2009,2,281,2009-04-02,-2.4,0.0,43.1,0.0,20090402,10.9
92,0.0,12.7,19.6,2.6,4,2009,3,281,2009-04-03,6.7,0.0,27.5,0.0,20090403,5.9
93,0.0,11.9,16.8,3.6,4,2009,4,281,2009-04-04,8.0,0.0,32.1,0.0,20090404,8.5
94,0.0,11.4,21.1,2.1,4,2009,5,281,2009-04-05,3.8,0.0,50.0,0.0,20090405,10.5
95,0.0,11.6,21.5,2.5,4,2009,6,281,2009-04-06,-0.5,0.0,42.1,0.0,20090406,11.1
96,0.0,13.7,25.1,2.0,4,2009,7,281,2009-04-07,1.9,0.0,41.9,0.0,20090407,11.3
97,0.0,13.6,25.4,1.6,4,2009,8,281,2009-04-08,4.1,0.0,50.9,0.0,20090408,9.7
98,0.0,14.7,27.3,1.1,4,2009,9,281,2009-04-09,2.8,0.0,43.3,0.0,20090409,11.1
99,0.0,16.7,28.6,1.2,4,2009,10,281,2009-04-10,3.7,0.0,33.8,0.0,20090410,11.0
100,0.0,14.1,24.5,2.3,4,2009,11,281,2009-04-11,4.6,0.0,47.9,0.0,20090411,10.1
101,0.0,16.1,26.5,1.7,4,2009,12,281,2009-04-12,5.0,0.0,42.6,0.0,20090412,9.0
102,0.0,17.5,24.3,1.8,4,2009,13,281,2009-04-13,6.8,0.0,43.0,0.0,20090413,3.4
103,0.0,13.0,18.7,2.6,4,2009,14,281,2009-04-14,5.0,0.0,60.3,0.0,20090414,1.7
104,0.0,12.1,21.6,2.2,4,2009,15,281,2009-04-15,1.8,1.0,68.5,0.0,20090415,4.7
105,0.0,9.9,11.7,2.3,4,2009,16,281,2009-04-16,6.2,0.0,69.4,0.0,20090416,0.0
106,0.0,12.8,22.9,1.2,4,2009,17,281,2009-04-17,3.9,0.0,59.1,0.0,20090417,11.4
107,0.0,17.4,29.4,2.1,4,2009,18,281,2009-04-18,4.3,0.0,39.9,0.0,20090418,11.7
108,0.0,16.1,26.4,2.7,4,2009,19,281,2009-04-19,6.4,0.0,59.5,0.0,20090419,10.3
109,0.0,14.2,16.1,3.0,4,2009,20,281,2009-04-20,12.8,7.0,84.8,0.0,20090420,0.0
110,0.0,14.9,19.4,4.8,4,2009,21,281,2009-04-21,12.1,0.1,52.6,0.0,20090421,5.5
111,0.0,15.2,22.7,5.2,4,2009,22,281,2009-04-22,9.4,0.0,33.8,0.0,20090422,12.0
112,0.0,12.2,18.6,2.5,4,2009,23,281,2009-04-23,4.4,0.0,55.5,0.0,20090423,11.1
113,0.0,12.5,16.7,2.4,4,2009,24,281,2009-04-24,10.0,6.5,68.8,0.0,20090424,0.1
114,0.0,12.2,18.8,3.6,4,2009,25,281,2009-04-25,9.1,6.0,68.5,0.0,20090425,4.9
115,0.0,11.0,16.8,3.0,4,2009,26,281,2009-04-26,8.5,0.0,57.6,0.0,20090426,5.2
116,0.0,11.5,17.8,1.8,4,2009,27,281,2009-04-27,4.7,0.0,56.6,0.0,20090427,7.7
117,0.0,12.0,23.2,1.7,4,2009,28,281,2009-04-28,2.0,0.0,55.5,0.0,20090428,8.6
118,0.0,14.0,25.3,1.4,4,2009,29,281,2009-04-29,2.0,0.0,47.3,0.0,20090429,12.1
119,0.0,16.7,25.7,1.6,4,2009,30,281,2009-04-30,3.3,0.0,35.0,0.0,20090430,10.9
120,0.0,17.8,26.7,1.4,5,2009,1,281,2009-05-01,6.2,0.0,37.9,0.0,20090501,11.4
121,0.0,16.7,24.0,1.9,5,2009,2,281,2009-05-02,10.2,15.5,69.4,0.0,20090502,4.1
122,0.0,17.6,23.8,1.5,5,2009,3,281,2009-05-03,12.7,1.5,72.1,0.0,20090503,5.2
123,0.0,19.1,28.4,1.6,5,2009,4,281,2009-05-04,9.6,0.0,55.6,0.0,20090504,12.1
124,0.0,18.2,28.9,1.7,5,2009,5,281,2009-05-05,8.8,0.0,49.9,0.0,20090505,10.8
125,0.0,17.5,27.6,1.8,5,2009,6,281,2009-05-06,7.8,0.0,57.6,0.0,20090506,12.0
126,0.0,17.7,30.1,1.5,5,2009,7,281,2009-05-07,7.5,0.0,53.0,0.0,20090507,8.9
127,0.0,19.0,29.1,1.6,5,2009,8,281,2009-05-08,8.6,0.0,47.3,0.0,20090508,11.4
128,0.0,22.1,32.7,1.7,5,2009,9,281,2009-05-09,9.2,0.0,39.4,0.0,20090509,9.9
129,0.0,20.3,31.8,2.1,5,2009,10,281,2009-05-10,10.9,0.0,46.9,0.0,20090510,11.5
130,0.0,20.0,29.9,1.8,5,2009,11,281,2009-05-11,8.9,0.0,55.4,0.0,20090511,7.5
131,0.0,18.4,21.5,1.9,5,2009,12,281,2009-05-12,15.0,4.0,77.8,0.0,20090512,0.0
132,0.0,19.5,26.4,2.3,5,2009,13,281,2009-05-13,13.4,0.0,47.4,0.0,20090513,10.3
133,0.0,18.7,26.8,2.2,5,2009,14,281,2009-05-14,9.9,0.0,30.1,0.0,20090514,12.3
134,0.0,17.2,21.6,1.9,5,2009,15,281,2009-05-15,12.1,0.0,49.1,0.0,20090515,0.1
135,0.0,13.6,15.2,1.7,5,2009,16,281,2009-05-16,12.5,28.0,87.9,0.0,20090516,0.0
136,0.0,16.9,21.7,3.2,5,2009,17,281,2009-05-17,12.3,3.5,68.0,0.0,20090517,3.2
137,0.0,18.8,27.2,2.6,5,2009,18,281,2009-05-18,10.3,0.0,37.3,0.0,20090518,11.0
138,0.0,21.9,29.8,3.0,5,2009,19,281,2009-05-19,12.7,0.0,32.8,0.0,20090519,11.2
139,0.0,21.9,30.6,1.1,5,2009,20,281,2009-05-20,11.5,0.0,44.1,0.0,20090520,3.1
140,0.0,15.5,23.7,2.0,5,2009,21,281,2009-05-21,13.8,76.0,87.6,0.0,20090521,0.0
141,0.0,19.5,25.5,2.4,5,2009,22,281,2009-05-22,15.7,0.1,68.1,0.0,20090522,6.4
142,0.0,18.1,21.2,1.4,5,2009,23,281,2009-05-23,16.4,0.1,67.1,0.0,20090523,0.1
143,0.0,16.5,21.8,1.6,5,2009,24,281,2009-05-24,12.0,3.5,73.6,0.0,20090524,4.2
144,0.0,18.3,28.4,1.0,5,2009,25,281,2009-05-25,10.2,0.0,65.0,0.0,20090525,9.3
145,0.0,20.4,27.8,1.2,5,2009,26,281,2009-05-26,12.0,0.0,56.1,0.0,20090526,2.8
146,0.0,18.7,24.7,2.2,5,2009,27,281,2009-05-27,12.7,0.3,58.8,0.0,20090527,10.7
147,0.0,17.1,25.4,2.1,5,2009,28,281,2009-05-28,9.7,0.0,69.5,0.0,20090528,12.4
148,0.0,15.9,22.8,2.5,5,2009,29,281,2009-05-29,10.2,0.0,69.6,0.0,20090529,10.8
149,0.0,15.4,23.0,1.7,5,2009,30,281,2009-05-30,9.5,0.0,68.1,0.0,20090530,4.8
150,0.0,18.3,27.4,2.2,5,2009,31,281,2009-05-31,8.7,0.0,47.0,0.0,20090531,11.5
151,0.0,20.9,30.1,1.8,6,2009,1,281,2009-06-01,8.5,0.0,43.5,0.0,20090601,12.8
152,0.0,21.1,27.3,2.1,6,2009,2,281,2009-06-02,13.2,0.0,58.6,0.0,20090602,4.1
153,0.0,19.2,22.0,2.0,6,2009,3,281,2009-06-03,16.8,0.1,68.4,0.0,20090603,1.3
154,0.0,19.7,26.0,1.7,6,2009,4,281,2009-06-04,13.9,0.0,68.5,0.0,20090604,7.1
155,0.0,18.3,23.8,2.5,6,2009,5,281,2009-06-05,12.9,0.0,72.3,0.0,20090605,10.2
156,0.0,18.0,22.4,2.1,6,2009,6,281,2009-06-06,16.5,0.0,73.6,0.0,20090606,3.5
157,0.0,17.5,21.1,2.2,6,2009,7,281,2009-06-07,15.6,0.0,68.1,0.0,20090607,0.3
158,0.0,18.8,24.4,2.0,6,2009,8,281,2009-06-08,13.2,0.0,68.4,0.0,20090608,6.4
159,0.0,19.3,23.3,1.1,6,2009,9,281,2009-06-09,15.4,1.0,71.6,0.0,20090609,0.0
160,0.0,21.9,27.6,2.4,6,2009,10,281,2009-06-10,17.2,2.0,64.5,0.0,20090610,3.6
161,0.0,22.4,30.5,3.3,6,2009,11,281,2009-06-11,16.0,2.0,48.9,0.0,20090611,12.9
162,0.0,23.6,28.6,2.1,6,2009,12,281,2009-06-12,16.4,0.0,38.4,0.0,20090612,5.7
163,0.0,20.5,28.9,2.5,6,2009,13,281,2009-06-13,11.9,0.0,48.6,0.0,20090613,12.1
164,0.0,19.3,24.8,2.2,6,2009,14,281,2009-06-14,15.6,0.0,65.6,0.0,20090614,4.2
165,0.0,20.2,26.4,1.6,6,2009,15,281,2009-06-15,15.6,0.0,65.6,0.0,20090615,2.9
166,0.0,21.5,29.6,1.8,6,2009,16,281,2009-06-16,16.1,0.0,65.4,0.0,20090616,7.5
167,0.0,20.0,24.0,2.4,6,2009,17,281,2009-06-17,17.2,0.0,75.6,0.0,20090617,1.2
168,0.0,23.3,31.5,1.8,6,2009,18,281,2009-06-18,16.7,0.1,57.6,0.0,20090618,9.8
169,0.0,24.2,32.5,1.4,6,2009,19,281,2009-06-19,15.7,0.0,55.6,0.0,20090619,8.1
170,0.0,23.1,27.9,1.4,6,2009,20,281,2009-06-20,18.9,17.5,73.1,0.0,20090620,0.5
171,0.0,26.0,31.0,1.5,6,2009,21,281,2009-06-21,21.0,0.0,73.4,0.0,20090621,6.5
172,0.0,20.0,25.8,1.8,6,2009,22,281,2009-06-22,17.3,48.5,85.1,0.0,20090622,0.6
173,0.0,23.7,29.9,1.8,6,2009,23,281,2009-06-23,17.5,0.0,59.9,0.0,20090623,10.6
174,0.0,25.6,32.7,2.1,6,2009,24,281,2009-06-24,16.6,0.0,48.6,0.0,20090624,13.1
175,0.0,26.0,33.8,1.6,6,2009,25,281,2009-06-25,15.8,0.0,45.8,0.0,20090625,12.7
176,0.0,26.3,33.8,1.7,6,2009,26,281,2009-06-26,15.9,0.0,47.0,0.0,20090626,12.6
177,0.0,25.1,31.3,1.5,6,2009,27,281,2009-06-27,17.6,0.0,62.1,0.0,20090627,7.2
178,0.0,25.9,31.3,1.6,6,2009,28,281,2009-06-28,19.2,0.0,65.1,0.0,20090628,8.5
179,0.0,24.1,27.8,1.2,6,2009,29,281,2009-06-29,21.5,35.5,79.6,0.0,20090629,0.8
180,0.0,21.2,26.2,0.9,6,2009,30,281,2009-06-30,18.2,5.0,84.3,0.0,20090630,0.0
181,0.0,22.3,28.5,1.3,7,2009,1,281,2009-07-01,17.6,1.0,70.6,0.0,20090701,7.1
182,0.0,20.6,29.3,1.3,7,2009,2,281,2009-07-02,17.1,23.0,79.3,0.0,20090702,4.2
183,0.0,21.4,27.7,1.5,7,2009,3,281,2009-07-03,17.2,0.5,73.8,0.0,20090703,4.6
184,0.0,21.7,28.1,1.4,7,2009,4,281,2009-07-04,18.0,4.5,76.8,0.0,20090704,5.4
185,0.0,22.9,28.7,1.7,7,2009,5,281,2009-07-05,19.1,0.0,73.9,0.0,20090705,7.1
186,0.0,23.7,29.7,1.3,7,2009,6,281,2009-07-06,17.9,0.0,72.4,0.0,20090706,8.1
187,0.0,18.9,22.1,1.1,7,2009,7,281,2009-07-07,16.1,82.0,90.9,0.0,20090707,0.0
188,0.0,25.2,30.6,1.2,7,2009,8,281,2009-07-08,19.6,0.1,74.5,0.0,20090708,8.2
189,0.0,25.6,28.4,2.5,7,2009,9,281,2009-07-09,21.7,29.5,76.6,0.0,20090709,0.3
190,0.0,24.4,29.3,2.9,7,2009,10,281,2009-07-10,20.4,0.0,64.8,0.0,20090710,10.5
191,0.0,23.8,29.8,1.0,7,2009,11,281,2009-07-11,19.3,3.0,71.1,0.0,20090711,2.2
192,0.0,23.5,27.8,2.3,7,2009,12,281,2009-07-12,18.6,9.5,81.0,0.0,20090712,0.0
193,0.0,26.3,30.0,2.4,7,2009,13,281,2009-07-13,24.0,3.5,74.3,0.0,20090713,2.0
194,0.0,27.0,30.2,2.1,7,2009,14,281,2009-07-14,22.5,1.0,72.6,0.0,20090714,0.7
195,0.0,21.0,28.6,2.7,7,2009,15,281,2009-07-15,19.1,64.5,81.5,0.0,20090715,2.4
196,0.0,21.9,24.9,1.0,7,2009,16,281,2009-07-16,18.4,14.5,88.3,0.0,20090716,0.5
197,0.0,24.9,29.5,0.7,7,2009,17,281,2009-07-17,21.4,2.5,86.1,0.0,20090717,0.4
198,0.0,27.9,31.5,3.3,7,2009,18,281,2009-07-18,24.7,0.0,66.3,0.0,20090718,0.7
199,0.0,26.0,30.1,2.2,7,2009,19,281,2009-07-19,21.6,1.0,75.0,0.0,20090719,0.5
200,0.0,24.9,29.8,1.4,7,2009,20,281,2009-07-20,21.1,0.1,79.9,0.0,20090720,1.4
201,0.0,25.7,30.1,2.2,7,2009,21,281,2009-07-21,23.6,50.0,78.9,0.0,20090721,3.5
202,0.0,22.6,26.6,2.2,7,2009,22,281,2009-07-22,19.7,0.0,75.5,0.0,20090722,9.1
203,0.0,21.9,26.5,1.8,7,2009,23,281,2009-07-23,17.0,0.2,78.4,0.0,20090723,4.2
204,0.0,20.8,22.3,2.0,7,2009,24,281,2009-07-24,19.4,16.5,80.3,0.0,20090724,0.2
205,0.0,21.0,23.8,1.8,7,2009,25,281,2009-07-25,19.4,0.2,76.9,0.0,20090725,0.0
206,0.0,20.5,23.7,1.9,7,2009,26,281,2009-07-26,18.2,0.0,73.8,0.0,20090726,1.2
207,0.0,20.3,25.7,1.4,7,2009,27,281,2009-07-27,15.9,0.0,76.4,0.0,20090727,3.7
208,0.0,20.1,23.6,1.1,7,2009,28,281,2009-07-28,16.7,11.0,84.1,0.0,20090728,0.0
209,0.0,21.8,25.7,1.5,7,2009,29,281,2009-07-29,19.0,32.0,79.5,0.0,20090729,1.6
210,0.0,22.1,26.9,1.7,7,2009,30,281,2009-07-30,18.7,0.0,76.4,0.0,20090730,7.9
211,0.0,21.8,26.8,1.5,7,2009,31,281,2009-07-31,18.8,0.0,73.9,0.0,20090731,3.9
212,0.0,21.5,26.9,1.7,8,2009,1,281,2009-08-01,17.9,0.0,76.8,0.0,20090801,5.2
213,0.0,20.5,25.6,1.3,8,2009,2,281,2009-08-02,15.6,0.0,77.3,0.0,20090802,2.2
214,0.0,20.8,23.8,1.2,8,2009,3,281,2009-08-03,17.4,0.0,78.0,0.0,20090803,1.4
215,0.0,21.9,26.8,1.7,8,2009,4,281,2009-08-04,16.1,0.0,72.9,0.0,20090804,6.0
216,0.0,22.3,26.3,2.3,8,2009,5,281,2009-08-05,19.5,0.0,72.1,0.0,20090805,7.0
217,0.0,21.4,23.6,1.2,8,2009,6,281,2009-08-06,19.9,10.5,85.6,0.0,20090806,0.0
218,0.0,22.4,24.2,1.2,8,2009,7,281,2009-08-07,20.8,1.0,86.4,0.0,20090807,0.0
219,0.0,23.5,27.2,1.6,8,2009,8,281,2009-08-08,21.9,0.5,82.9,0.0,20090808,1.2
220,0.0,23.1,26.6,1.9,8,2009,9,281,2009-08-09,21.5,0.0,79.6,0.0,20090809,1.3
221,0.0,23.7,26.3,1.0,8,2009,10,281,2009-08-10,21.7,0.2,81.6,0.0,20090810,0.0
222,0.0,23.2,25.3,1.8,8,2009,11,281,2009-08-11,22.3,8.5,87.6,0.0,20090811,0.0
223,0.0,25.5,30.0,1.7,8,2009,12,281,2009-08-12,21.7,17.5,82.5,0.0,20090812,1.2
224,0.0,24.5,30.8,0.8,8,2009,13,281,2009-08-13,21.6,5.5,81.5,0.0,20090813,3.8
225,0.0,25.8,31.2,1.0,8,2009,14,281,2009-08-14,21.1,0.0,73.9,0.0,20090814,6.6
226,0.0,24.5,32.2,1.2,8,2009,15,281,2009-08-15,20.0,0.0,74.9,0.0,20090815,9.2
227,0.0,23.4,27.1,1.6,8,2009,16,281,2009-08-16,19.5,0.1,74.5,0.0,20090816,0.0
228,0.0,23.6,25.8,1.4,8,2009,17,281,2009-08-17,21.0,0.0,79.1,0.0,20090817,0.0
229,0.0,25.8,31.6,0.9,8,2009,18,281,2009-08-18,20.3,0.0,74.5,0.0,20090818,5.7
230,0.0,27.2,33.7,0.9,8,2009,19,281,2009-08-19,21.9,0.0,72.0,0.0,20090819,6.4
231,0.0,27.3,32.3,2.0,8,2009,20,281,2009-08-20,23.0,15.0,73.4,0.0,20090820,3.5
232,0.0,26.1,31.6,2.6,8,2009,21,281,2009-08-21,20.5,0.1,60.3,0.0,20090821,11.1
233,0.0,24.9,31.7,2.0,8,2009,22,281,2009-08-22,16.7,0.0,55.1,0.0,20090822,11.4
234,0.0,25.2,31.7,2.0,8,2009,23,281,2009-08-23,18.2,0.0,52.8,0.0,20090823,10.2
235,0.0,21.7,27.7,1.9,8,2009,24,281,2009-08-24,15.3,0.0,68.8,0.0,20090824,11.1
236,0.0,21.9,28.2,1.4,8,2009,25,281,2009-08-25,17.7,0.0,73.5,0.0,20090825,5.7
237,0.0,24.5,31.0,1.3,8,2009,26,281,2009-08-26,17.2,0.0,64.6,0.0,20090826,9.2
238,0.0,24.8,29.3,1.8,8,2009,27,281,2009-08-27,19.9,0.0,75.0,0.0,20090827,1.4
239,0.0,26.4,32.5,2.2,8,2009,28,281,2009-08-28,20.6,0.0,62.6,0.0,20090828,10.8
240,0.0,21.5,26.3,2.7,8,2009,29,281,2009-08-29,16.1,0.0,68.9,0.0,20090829,6.1
241,0.0,20.6,22.2,2.2,8,2009,30,281,2009-08-30,18.7,0.1,69.9,0.0,20090830,0.0
242,0.0,19.8,25.0,2.5,8,2009,31,281,2009-08-31,15.1,0.0,69.3,0.0,20090831,3.3
243,0.0,18.8,25.1,2.1,9,2009,1,281,2009-09-01,12.7,0.0,69.8,0.0,20090901,7.7
244,0.0,19.4,25.7,1.8,9,2009,2,281,2009-09-02,13.3,0.0,70.9,0.0,20090902,10.2
245,0.0,20.1,26.8,1.6,9,2009,3,281,2009-09-03,12.1,0.0,72.9,0.0,20090903,9.3
246,0.0,20.4,25.2,1.5,9,2009,4,281,2009-09-04,16.6,0.0,78.6,0.0,20090904,0.2
247,0.0,21.3,28.1,1.5,9,2009,5,281,2009-09-05,15.6,0.0,71.8,0.0,20090905,10.3
248,0.0,23.2,33.0,1.3,9,2009,6,281,2009-09-06,15.1,0.0,68.8,0.0,20090906,9.5
249,0.0,23.9,30.5,1.2,9,2009,7,281,2009-09-07,17.8,1.5,72.3,0.0,20090907,7.2
250,0.0,21.0,25.1,1.8,9,2009,8,281,2009-09-08,18.8,3.0,77.9,0.0,20090908,4.6
251,0.0,21.3,28.7,1.1,9,2009,9,281,2009-09-09,16.1,0.0,69.8,0.0,20090909,4.7
252,0.0,21.0,29.8,1.3,9,2009,10,281,2009-09-10,13.3,0.0,69.1,0.0,20090910,10.6
253,0.0,21.1,28.4,1.0,9,2009,11,281,2009-09-11,16.4,3.5,76.5,0.0,20090911,3.7
254,0.0,20.1,26.2,1.8,9,2009,12,281,2009-09-12,16.2,1.5,67.8,0.0,20090912,4.7
255,0.0,19.4,28.1,1.3,9,2009,13,281,2009-09-13,11.9,0.0,67.9,0.0,20090913,11.2
256,0.0,18.6,24.2,0.8,9,2009,14,281,2009-09-14,14.3,2.5,78.6,0.0,20090914,0.0
257,0.0,20.3,27.9,2.3,9,2009,15,281,2009-09-15,14.2,0.0,65.6,0.0,20090915,11.3
258,0.0,19.6,27.0,1.4,9,2009,16,281,2009-09-16,13.4,0.0,66.5,0.0,20090916,8.0
259,0.0,19.6,28.4,1.0,9,2009,17,281,2009-09-17,11.9,0.0,68.6,0.0,20090917,8.9
260,0.0,19.9,30.5,1.6,9,2009,18,281,2009-09-18,12.7,0.0,67.6,0.0,20090918,11.0
261,0.0,18.8,24.5,2.0,9,2009,19,281,2009-09-19,12.4,0.0,65.1,0.0,20090919,8.9
262,0.0,18.8,24.3,1.8,9,2009,20,281,2009-09-20,12.9,0.0,65.9,0.0,20090920,8.9
263,0.0,18.0,21.4,0.8,9,2009,21,281,2009-09-21,15.7,0.0,80.4,0.0,20090921,0.0
264,0.0,19.8,26.1,1.5,9,2009,22,281,2009-09-22,16.1,0.0,73.4,0.0,20090922,3.3
265,0.0,19.5,25.2,0.7,9,2009,23,281,2009-09-23,16.9,9.5,85.0,0.0,20090923,3.0
266,0.0,20.9,29.4,1.0,9,2009,24,281,2009-09-24,17.2,0.0,79.8,0.0,20090924,4.8
267,0.0,20.7,25.7,0.9,9,2009,25,281,2009-09-25,16.2,0.0,79.3,0.0,20090925,0.2
268,0.0,20.4,26.3,1.5,9,2009,26,281,2009-09-26,14.0,0.0,75.1,0.0,20090926,5.4
269,0.0,19.2,21.6,1.0,9,2009,27,281,2009-09-27,17.2,20.0,86.4,0.0,20090927,0.0
270,0.0,18.5,21.5,0.7,9,2009,28,281,2009-09-28,16.9,13.5,90.0,0.0,20090928,0.3
271,0.0,19.0,23.6,1.1,9,2009,29,281,2009-09-29,15.9,0.0,82.6,0.0,20090929,0.3
272,0.0,18.2,23.5,1.1,9,2009,30,281,2009-09-30,13.8,0.0,80.5,0.0,20090930,1.8
273,0.0,19.6,27.0,0.7,10,2009,1,281,2009-10-01,11.9,0.0,74.8,0.0,20091001,8.1
274,0.0,20.9,26.0,2.4,10,2009,2,281,2009-10-02,17.1,17.5,64.8,0.0,20091002,8.7
275,0.0,17.2,25.2,2.5,10,2009,3,281,2009-10-03,10.0,0.0,47.9,0.0,20091003,10.8
276,0.0,14.3,24.5,1.4,10,2009,4,281,2009-10-04,7.7,0.0,67.4,0.0,20091004,6.8
277,0.0,13.4,23.6,0.8,10,2009,5,281,2009-10-05,6.2,0.0,64.0,0.0,20091005,9.7
278,0.0,13.5,23.3,1.0,10,2009,6,281,2009-10-06,6.3,0.0,74.5,0.0,20091006,5.6
279,0.0,16.2,21.5,2.8,10,2009,7,281,2009-10-07,9.9,0.0,65.3,0.0,20091007,0.6
280,0.0,16.1,21.0,2.0,10,2009,8,281,2009-10-08,12.7,0.0,56.4,0.0,20091008,3.8
281,0.0,14.0,21.7,1.0,10,2009,9,281,2009-10-09,7.8,0.0,67.6,0.0,20091009,9.1
282,0.0,13.1,22.8,1.0,10,2009,10,281,2009-10-10,5.9,0.0,70.0,0.0,20091010,10.1
283,0.0,14.1,23.1,0.9,10,2009,11,281,2009-10-11,5.6,0.0,70.5,0.0,20091011,9.2
284,0.0,15.6,22.7,1.3,10,2009,12,281,2009-10-12,10.0,0.0,67.5,0.0,20091012,5.5
285,0.0,15.7,23.7,1.7,10,2009,13,281,2009-10-13,9.6,0.0,54.0,0.0,20091013,10.1
286,0.0,13.4,18.5,2.2,10,2009,14,281,2009-10-14,9.0,4.0,75.4,0.0,20091014,6.4
287,0.0,12.1,22.3,1.3,10,2009,15,281,2009-10-15,5.9,0.0,68.6,0.0,20091015,8.5
288,0.0,12.5,22.6,0.9,10,2009,16,281,2009-10-16,4.4,0.0,68.6,0.0,20091016,9.8
289,0.0,14.4,20.9,2.8,10,2009,17,281,2009-10-17,7.4,2.0,61.5,0.0,20091017,6.6
290,0.0,14.9,20.4,3.3,10,2009,18,281,2009-10-18,9.5,0.0,49.6,0.0,20091018,9.9
291,0.0,14.1,22.9,3.3,10,2009,19,281,2009-10-19,6.0,0.0,54.4,0.0,20091019,7.3
292,0.0,11.0,18.2,3.0,10,2009,20,281,2009-10-20,3.8,0.0,53.1,0.0,20091020,9.5
293,0.0,11.0,22.0,1.5,10,2009,21,281,2009-10-21,1.4,0.0,57.8,0.0,20091021,9.2
294,0.0,11.3,21.4,0.8,10,2009,22,281,2009-10-22,1.7,0.0,58.3,0.0,20091022,7.2
295,0.0,12.3,23.9,0.7,10,2009,23,281,2009-10-23,3.1,0.0,61.8,0.0,20091023,9.0
296,0.0,13.5,20.5,1.6,10,2009,24,281,2009-10-24,7.2,0.0,76.5,0.0,20091024,5.6
297,0.0,12.7,20.3,1.3,10,2009,25,281,2009-10-25,5.3,0.0,71.5,0.0,20091025,7.5
298,0.0,13.1,22.7,1.1,10,2009,26,281,2009-10-26,5.3,0.0,67.6,0.0,20091026,9.5
299,0.0,14.0,23.1,1.4,10,2009,27,281,2009-10-27,7.3,0.0,67.8,0.0,20091027,7.6
300,0.0,12.7,23.4,0.7,10,2009,28,281,2009-10-28,4.8,0.0,70.4,0.0,20091028,7.2
301,0.0,14.7,23.1,1.0,10,2009,29,281,2009-10-29,8.0,0.0,69.5,0.0,20091029,6.1
302,0.0,14.7,23.0,1.1,10,2009,30,281,2009-10-30,8.5,0.0,73.4,0.0,20091030,5.0
303,0.0,17.4,24.3,2.0,10,2009,31,281,2009-10-31,8.9,0.0,71.1,0.0,20091031,3.5
304,0.0,13.7,20.6,2.7,11,2009,1,281,2009-11-01,8.1,0.1,62.5,0.0,20091101,3.1
305,0.0,5.2,9.0,4.3,11,2009,2,281,2009-11-02,-0.1,0.0,43.0,0.0,20091102,8.1
306,0.0,5.4,12.4,3.7,11,2009,3,281,2009-11-03,-1.7,0.0,40.0,0.0,20091103,9.7
307,0.0,9.1,15.6,2.0,11,2009,4,281,2009-11-04,0.8,0.0,60.3,0.0,20091104,5.5
308,0.0,11.6,21.1,1.2,11,2009,5,281,2009-11-05,3.7,0.0,68.9,0.0,20091105,6.5
309,0.0,12.9,22.6,1.0,11,2009,6,281,2009-11-06,3.5,0.0,70.3,0.0,20091106,7.5
310,0.0,14.5,23.6,0.9,11,2009,7,281,2009-11-07,5.7,0.0,71.0,0.0,20091107,5.4
311,0.0,16.7,23.5,0.8,11,2009,8,281,2009-11-08,12.7,6.0,83.9,0.0,20091108,1.4
312,0.0,16.4,21.3,1.6,11,2009,9,281,2009-11-09,13.4,0.0,79.4,0.0,20091109,0.6
313,0.0,14.2,15.6,2.6,11,2009,10,281,2009-11-10,12.7,2.5,70.0,0.0,20091110,0.0
314,0.0,10.2,13.1,3.9,11,2009,11,281,2009-11-11,8.3,0.0,62.8,0.0,20091111,0.0
315,0.0,10.4,11.7,4.0,11,2009,12,281,2009-11-12,9.1,0.0,61.9,0.0,20091112,0.0
316,0.0,10.6,11.9,1.2,11,2009,13,281,2009-11-13,9.1,8.5,88.0,0.0,20091113,0.0
317,0.0,9.4,15.1,4.4,11,2009,14,281,2009-11-14,4.3,0.0,60.8,0.0,20091114,5.5
318,0.0,3.7,7.3,5.3,11,2009,15,281,2009-11-15,1.4,0.0,51.1,0.0,20091115,6.0
319,0.0,2.4,6.3,3.3,11,2009,16,281,2009-11-16,0.5,0.0,44.1,0.0,20091116,5.5
320,0.0,2.0,6.7,3.0,11,2009,17,281,2009-11-17,-1.7,0.0,34.4,0.0,20091117,1.6
321,0.0,1.8,7.6,2.7,11,2009,18,281,2009-11-18,-5.0,0.0,28.1,0.0,20091118,7.8
322,0.0,3.5,9.9,2.3,11,2009,19,281,2009-11-19,-1.1,0.0,46.3,0.0,20091119,6.1
323,0.0,3.2,8.9,2.7,11,2009,20,281,2009-11-20,-2.5,0.0,44.6,0.0,20091120,5.7
324,0.0,2.2,8.6,2.3,11,2009,21,281,2009-11-21,-5.1,0.0,44.8,0.0,20091121,7.6
325,0.0,-0.5,9.7,0.9,11,2009,22,281,2009-11-22,-8.2,0.0,55.4,0.0,20091122,7.0
326,0.0,2.8,14.2,0.8,11,2009,23,281,2009-11-23,-6.2,0.0,64.4,0.0,20091123,7.8
327,0.0,3.3,14.9,0.5,11,2009,24,281,2009-11-24,-4.4,0.0,69.6,0.0,20091124,7.6
328,0.0,2.9,12.7,0.9,11,2009,25,281,2009-11-25,-4.2,0.0,77.3,0.0,20091125,4.3
329,0.0,4.7,16.2,0.4,11,2009,26,281,2009-11-26,-2.6,0.0,77.4,0.0,20091126,5.9
330,0.0,6.1,14.7,1.7,11,2009,27,281,2009-11-27,0.8,0.0,74.8,0.0,20091127,5.2
331,0.0,6.2,13.0,1.0,11,2009,28,281,2009-11-28,-0.5,0.0,76.8,0.0,20091128,3.2
332,0.0,6.5,9.9,1.2,11,2009,29,281,2009-11-29,2.9,18.0,90.0,0.0,20091129,0.0
333,0.0,4.4,8.7,1.9,11,2009,30,281,2009-11-30,-1.2,1.5,83.3,0.0,20091130,0.1
334,0.0,1.8,11.0,1.2,12,2009,1,281,2009-12-01,-4.2,0.0,78.1,0.0,20091201,7.0
335,0.0,1.6,11.1,0.8,12,2009,2,281,2009-12-02,-4.5,0.0,78.6,0.0,20091202,6.0
336,0.0,4.2,11.5,2.2,12,2009,3,281,2009-12-03,-2.0,0.0,70.5,0.0,20091203,5.3
337,0.0,2.6,12.0,0.7,12,2009,4,281,2009-12-04,-4.2,0.0,75.4,0.0,20091204,7.3
338,0.0,3.3,7.9,4.5,12,2009,5,281,2009-12-05,-1.3,2.0,57.4,0.0,20091205,4.3
339,0.0,-0.5,3.8,4.8,12,2009,6,281,2009-12-06,-3.3,0.0,31.9,0.0,20091206,7.6
340,0.0,-0.2,8.2,1.5,12,2009,7,281,2009-12-07,-6.0,0.0,38.3,0.0,20091207,7.6
341,0.0,0.4,10.5,0.7,12,2009,8,281,2009-12-08,-8.9,0.0,56.1,0.0,20091208,5.7
342,0.0,3.7,8.8,0.3,12,2009,9,281,2009-12-09,-2.9,0.5,65.4,0.0,20091209,0.0
343,0.0,8.8,10.6,0.9,12,2009,10,281,2009-12-10,5.4,15.0,92.0,0.0,20091210,0.0
344,0.0,10.5,15.0,2.0,12,2009,11,281,2009-12-11,8.0,13.5,82.8,0.0,20091211,2.8
345,0.0,8.3,13.3,2.6,12,2009,12,281,2009-12-12,3.2,0.0,65.9,0.0,20091212,4.7
346,0.0,5.2,11.3,1.7,12,2009,13,281,2009-12-13,1.6,0.0,54.5,0.0,20091213,2.4
347,0.0,3.1,8.0,2.9,12,2009,14,281,2009-12-14,0.4,0.0,28.1,0.0,20091214,7.4
348,0.0,-0.1,2.2,3.5,12,2009,15,281,2009-12-15,-2.4,0.0,26.4,0.0,20091215,1.0
349,0.0,-4.0,-0.4,3.9,12,2009,16,281,2009-12-16,-7.3,0.0,33.4,0.0,20091216,5.7
350,0.0,-3.2,0.4,4.1,12,2009,17,281,2009-12-17,-5.9,0.0,45.4,0.0,20091217,7.6
351,0.0,-5.0,-0.4,4.5,12,2009,18,281,2009-12-18,-7.9,0.0,46.0,0.0,20091218,7.6
352,0.0,-3.4,0.4,5.2,12,2009,19,281,2009-12-19,-6.6,0.0,49.8,0.0,20091219,7.6
353,0.0,-1.6,1.4,4.3,12,2009,20,281,2009-12-20,-3.9,0.0,57.5,0.0,20091220,3.2
354,0.0,-2.7,2.8,2.7,12,2009,21,281,2009-12-21,-9.2,0.0,33.8,0.0,20091221,7.5
355,0.0,-0.4,8.4,1.5,12,2009,22,281,2009-12-22,-8.3,0.0,58.0,0.0,20091222,7.5
356,0.0,1.9,11.0,1.3,12,2009,23,281,2009-12-23,-5.5,0.0,70.5,0.0,20091223,5.1
357,0.0,1.7,11.2,0.3,12,2009,24,281,2009-12-24,-5.4,0.0,76.8,0.0,20091224,3.0
358,0.0,2.7,8.9,2.1,12,2009,25,281,2009-12-25,-2.5,0.0,73.9,0.0,20091225,0.2
359,0.0,-2.1,2.1,4.4,12,2009,26,281,2009-12-26,-6.5,0.0,36.1,0.0,20091226,7.5
360,0.0,-3.7,4.2,2.2,12,2009,27,281,2009-12-27,-10.7,0.0,50.5,0.0,20091227,6.3
361,0.0,-3.9,1.1,3.5,12,2009,28,281,2009-12-28,-9.0,0.0,41.0,0.0,20091228,7.2
362,0.0,-5.1,3.8,0.9,12,2009,29,281,2009-12-29,-13.6,0.0,58.4,0.0,20091229,7.6
363,0.0,-0.4,6.3,3.5,12,2009,30,281,2009-12-30,-5.2,0.0,51.4,0.0,20091230,5.3
364,0.0,-5.9,-2.3,5.0,12,2009,31,281,2009-12-31,-8.2,0.0,33.9,0.0,20091231,7.6
