,tmin,cloud,sunshine,tavg,wind,day,rainfall,date,humid,tmax,year,snow,Date,station_id,month
0,-5.6,1.6,7.1,0.2,3.5,1,0.0,20200101,54.4,5.0,2020,0.0,2020-01-01,281,1
1,-2.3,3.0,7.5,3.2,2.9,2,0.0,20200102,58.6,7.7,2020,0.0,2020-01-02,281,1
2,-0.7,0.6,7.1,3.7,2.5,3,0.0,20200103,51.1,9.0,2020,0.0,2020-01-03,281,1
3,-2.9,2.1,5.7,2.0,2.5,4,0.0,20200104,55.4,8.5,2020,0.0,2020-01-04,281,1
4,-6.9,3.5,7.7,0.2,0.8,5,0.0,20200105,61.9,10.4,2020,0.0,2020-01-05,281,1
5,-3.6,10.0,0.0,1.5,0.5,6,10.5,20200106,80.5,3.6,2020,0.0,2020-01-06,281,1
6,3.6,9.8,0.0,8.0,0.8,7,48.0,20200107,93.4,14.8,2020,0.0,2020-01-07,281,1
7,5.1,8.3,1.8,7.8,4.1,8,0.4,20200108,66.0,15.1,2020,0.0,2020-01-08,281,1
8,-1.2,3.4,6.8,2.9,3.3,9,0.0,20200109,56.5,6.9,2020,0.0,2020-01-09,281,1
9,-4.7,2.5,7.6,1.0,1.1,10,0.0,20200110,62.4,9.5,2020,0.0,2020-01-10,281,1
10,-1.2,2.6,7.6,2.8,2.4,11,0.0,20200111,50.4,8.5,2020,0.0,2020-01-11,281,1
11,-0.4,3.1,6.9,2.6,3.5,12,0.0,20200112,50.0,6.5,2020,0.0,2020-01-12,281,1
12,-0.9,2.1,7.7,1.7,3.6,13,0.0,20200113,46.5,6.0,2020,0.0,2020-01-13,281,1
13,-1.6,4.3,6.4,1.2,2.6,14,0.0,20200114,40.0,6.3,2020,0.0,2020-01-14,281,1
14,-3.2,0.5,7.8,0.5,2.7,15,0.0,20200115,46.3,5.7,2020,0.0,2020-01-15,281,1
15,-6.1,5.8,5.6,-0.8,1.4,16,0.0,20200116,51.9,6.3,2020,0.0,2020-01-16,281,1
16,-4.3,6.3,4.4,0.1,0.9,17,0.0,20200117,60.1,8.0,2020,0.0,2020-01-17,281,1
17,-3.7,6.9,0.6,2.9,1.5,18,0.2,20200118,46.6,7.9,2020,0.0,2020-01-18,281,1
18,-5.2,4.9,4.2,2.5,1.9,19,0.0,20200119,52.9,9.1,2020,0.0,2020-01-19,281,1
19,1.5,2.1,6.5,4.3,3.0,20,0.0,20200120,45.0,8.5,2020,0.0,2020-01-20,281,1
20,-4.6,2.0,7.8,1.3,1.3,21,0.0,20200121,42.4,8.7,2020,0.0,2020-01-21,281,1
21,-1.1,9.8,0.0,2.8,0.6,22,3.5,20200122,70.0,6.3,2020,0.0,2020-01-22,281,1
22,2.7,8.8,0.0,5.0,0.9,23,7.5,20200123,91.1,8.5,2020,0.0,2020-01-23,281,1
23,0.7,5.9,5.1,6.1,1.2,24,0.0,20200124,78.6,13.1,2020,0.0,2020-01-24,281,1
24,2.9,9.4,0.6,6.3,0.9,25,0.0,20200125,76.0,10.3,2020,0.0,2020-01-25,281,1
25,-0.1,8.9,2.3,6.1,2.1,26,0.5,20200126,75.6,11.5,2020,0.0,2020-01-26,281,1
26,4.6,10.0,0.0,6.5,4.3,27,28.5,20200127,84.5,8.6,2020,0.0,2020-01-27,281,1
27,4.5,8.0,0.0,6.9,1.5,28,2.0,20200128,80.9,10.4,2020,0.0,2020-01-28,281,1
28,2.3,8.8,1.6,5.4,0.9,29,0.1,20200129,77.8,11.2,2020,0.0,2020-01-29,281,1
29,0.5,7.0,3.3,4.9,1.0,30,0.1,20200130,71.6,9.9,2020,0.0,2020-01-30,281,1
30,-1.8,6.3,0.8,3.0,0.9,31,0.0,20200131,75.1,8.2,2020,0.0,2020-01-31,281,1
31,-3.4,2.1,6.7,2.8,2.4,1,0.0,20200201,66.3,8.9,2020,0.0,2020-02-01,281,2
32,-3.3,3.0,7.9,2.8,1.4,2,0.0,20200202,59.9,10.6,2020,0.0,2020-02-02,281,2
33,-1.0,1.4,6.9,3.1,3.4,3,0.0,20200203,42.5,8.1,2020,0.0,2020-02-03,281,2
34,-5.0,0.0,8.8,1.8,2.0,4,0.0,20200204,37.3,8.4,2020,0.0,2020-02-04,281,2
35,-5.9,0.1,9.2,-1.4,3.7,5,0.0,20200205,32.1,2.8,2020,0.0,2020-02-05,281,2
36,-9.8,3.6,8.8,-2.3,1.5,6,0.0,20200206,50.9,4.6,2020,0.0,2020-02-06,281,2
37,-6.5,5.4,8.1,0.5,2.2,7,0.0,20200207,54.5,7.8,2020,0.0,2020-02-07,281,2
38,-0.4,0.9,8.8,2.7,3.0,8,0.0,20200208,45.4,7.7,2020,0.0,2020-02-08,281,2
39,-7.0,0.0,9.2,1.2,1.9,9,0.0,20200209,47.3,8.8,2020,0.0,2020-02-09,281,2
40,-1.7,2.8,8.4,4.7,2.2,10,0.0,20200210,50.6,11.9,2020,0.0,2020-02-10,281,2
41,-5.0,4.5,7.4,4.6,0.8,11,0.0,20200211,64.8,13.6,2020,0.0,2020-02-11,281,2
42,4.8,8.3,0.0,8.0,1.0,12,8.1,20200212,93.1,11.7,2020,0.0,2020-02-12,281,2
43,3.6,5.6,6.9,10.0,1.9,13,0.0,20200213,77.5,15.2,2020,0.0,2020-02-13,281,2
44,2.8,5.1,6.8,8.5,0.9,14,0.0,20200214,74.5,17.4,2020,0.0,2020-02-14,281,2
45,3.4,8.3,4.9,10.2,1.7,15,0.0,20200215,79.1,16.6,2020,0.0,2020-02-15,281,2
46,-0.8,8.8,2.9,4.5,3.9,16,4.4,20200216,71.4,11.5,2020,0.0,2020-02-16,281,2
47,-4.6,5.9,3.5,-1.7,4.3,17,0.0,20200217,53.8,1.7,2020,0.0,2020-02-17,281,2
48,-6.2,0.0,9.3,-0.6,3.5,18,0.0,20200218,43.8,4.5,2020,0.0,2020-02-18,281,2
49,-2.8,3.8,8.8,3.4,1.7,19,0.0,20200219,47.0,11.0,2020,0.0,2020-02-19,281,2
50,-2.8,1.4,8.6,4.5,0.9,20,0.0,20200220,60.3,13.8,2020,0.0,2020-02-20,281,2
51,-2.7,5.9,8.1,7.4,1.0,21,0.0,20200221,60.1,16.4,2020,0.0,2020-02-21,281,2
52,2.8,1.5,8.4,8.2,3.7,22,0.0,20200222,46.3,12.4,2020,0.0,2020-02-22,281,2
53,-1.0,0.0,9.5,4.0,2.3,23,0.0,20200223,42.3,11.0,2020,0.0,2020-02-23,281,2
54,-4.3,4.4,7.9,6.3,0.9,24,0.0,20200224,46.8,17.2,2020,0.0,2020-02-24,281,2
55,5.2,8.6,0.0,6.9,1.0,25,42.5,20200225,93.9,7.9,2020,0.0,2020-02-25,281,2
56,6.0,8.1,0.5,7.4,1.3,26,0.0,20200226,84.4,11.1,2020,0.0,2020-02-26,281,2
57,2.3,7.1,1.0,5.0,1.8,27,0.0,20200227,69.8,8.4,2020,0.0,2020-02-27,281,2
58,-0.2,8.0,0.0,3.1,0.7,28,0.4,20200228,88.1,8.2,2020,0.0,2020-02-28,281,2
59,-0.2,6.4,2.6,5.0,0.8,29,0.0,20200229,87.8,11.6,2020,0.0,2020-02-29,281,2
60,1.7,7.9,3.4,8.2,1.2,1,0.0,20200301,76.5,13.8,2020,0.0,2020-03-01,281,3
61,-0.7,7.3,4.3,5.6,1.5,3,0.0,20200303,76.4,11.2,2020,0.0,2020-03-03,281,3
62,0.3,4.6,9.0,5.5,3.6,4,0.0,20200304,49.9,10.7,2020,0.0,2020-03-04,281,3
63,-2.4,0.0,10.7,2.9,2.4,5,0.0,20200305,47.5,10.1,2020,0.0,2020-03-05,281,3
64,-6.3,2.5,11.0,3.5,0.9,6,0.0,20200306,50.6,13.5,2020,0.0,2020-03-06,281,3
65,-1.2,8.3,0.1,4.5,0.7,7,1.3,20200307,73.0,10.4,2020,0.0,2020-03-07,281,3
66,1.4,3.0,7.4,6.9,1.2,8,0.0,20200308,79.9,15.2,2020,0.0,2020-03-08,281,3
67,-0.6,8.9,2.2,7.8,1.0,9,1.7,20200309,83.4,15.2,2020,0.0,2020-03-09,281,3
68,5.5,9.6,0.0,8.6,2.3,10,10.5,20200310,87.5,10.6,2020,0.0,2020-03-10,281,3
69,2.2,0.0,11.0,6.0,3.7,11,0.0,20200311,40.9,11.1,2020,0.0,2020-03-11,281,3
70,-2.1,0.9,10.8,7.9,1.5,12,0.0,20200312,38.5,15.7,2020,0.0,2020-03-12,281,3
71,1.5,7.3,4.4,8.6,1.9,13,0.0,20200313,41.8,15.2,2020,0.0,2020-03-13,281,3
72,1.0,2.3,10.7,5.8,3.2,14,0.0,20200314,32.0,11.4,2020,0.0,2020-03-14,281,3
73,-1.1,2.5,7.1,5.4,3.1,15,0.0,20200315,45.1,12.4,2020,0.0,2020-03-15,281,3
74,-1.4,1.1,11.2,5.2,1.9,16,0.0,20200316,45.0,11.6,2020,0.0,2020-03-16,281,3
75,-0.4,1.6,10.4,9.6,2.4,17,0.0,20200317,43.8,17.9,2020,0.0,2020-03-17,281,3
76,0.1,0.0,10.9,9.3,1.4,18,0.0,20200318,52.9,18.0,2020,0.0,2020-03-18,281,3
77,2.5,1.9,9.6,10.1,3.5,19,0.0,20200319,46.9,19.4,2020,0.0,2020-03-19,281,3
78,5.9,0.0,10.7,11.2,2.9,20,0.0,20200320,33.9,18.0,2020,0.0,2020-03-20,281,3
79,1.5,1.0,10.0,13.9,1.8,21,0.0,20200321,48.6,23.1,2020,0.0,2020-03-21,281,3
80,4.4,2.6,10.1,12.0,2.6,22,0.0,20200322,63.5,16.9,2020,0.0,2020-03-22,281,3
81,-0.4,0.0,10.8,9.5,1.9,23,0.0,20200323,55.5,19.1,2020,0.0,2020-03-23,281,3
82,0.8,1.1,10.6,8.9,1.3,24,0.0,20200324,60.9,17.2,2020,0.0,2020-03-24,281,3
83,0.6,2.4,10.5,11.0,1.1,25,0.0,20200325,60.4,21.0,2020,0.0,2020-03-25,281,3
84,5.8,9.6,0.0,11.9,0.7,26,3.0,20200326,79.8,17.1,2020,0.0,2020-03-26,281,3
85,8.3,9.0,0.0,12.5,1.1,27,4.6,20200327,94.3,16.0,2020,0.0,2020-03-27,281,3
86,4.4,8.8,0.1,7.4,1.5,28,0.0,20200328,66.3,11.1,2020,0.0,2020-03-28,281,3
87,0.4,6.6,4.4,7.0,1.8,29,0.0,20200329,73.4,13.6,2020,0.0,2020-03-29,281,3
88,3.9,6.3,9.0,9.8,1.3,30,0.0,20200330,67.5,17.9,2020,0.0,2020-03-30,281,3
89,1.7,4.0,10.7,10.9,1.1,31,0.0,20200331,63.6,20.3,2020,0.0,2020-03-31,281,3
90,7.6,5.8,4.1,11.9,1.4,1,0.0,20200401,58.8,19.2,2020,0.0,2020-04-01,281,4
91,0.9,0.0,10.7,9.9,1.3,2,0.0,20200402,47.4,18.0,2020,0.0,2020-04-02,281,4
92,1.2,0.1,10.8,12.0,1.7,3,0.0,20200403,37.4,20.3,2020,0.0,2020-04-03,281,4
93,3.6,0.1,10.9,9.7,2.4,4,0.0,20200404,49.8,19.1,2020,0.0,2020-04-04,281,4
94,-1.4,0.0,11.4,7.8,1.4,5,0.0,20200405,48.3,16.4,2020,0.0,2020-04-05,281,4
95,-1.7,3.4,10.1,9.9,1.4,6,0.0,20200406,42.9,18.9,2020,0.0,2020-04-06,281,4
96,5.8,1.9,10.5,14.0,2.6,7,0.0,20200407,34.9,20.7,2020,0.0,2020-04-07,281,4
97,3.4,0.0,11.5,10.7,3.0,8,0.0,20200408,47.4,18.8,2020,0.0,2020-04-08,281,4
98,-0.4,2.8,10.8,8.6,1.9,9,0.0,20200409,59.3,17.4,2020,0.0,2020-04-09,281,4
99,5.7,8.1,3.9,9.7,1.6,10,0.0,20200410,55.3,14.9,2020,0.0,2020-04-10,281,4
100,2.0,8.3,3.3,9.8,1.2,11,0.0,20200411,62.9,14.8,2020,0.0,2020-04-11,281,4
101,5.4,7.0,2.3,9.0,2.3,12,1.8,20200412,75.9,13.2,2020,0.0,2020-04-12,281,4
102,2.6,5.0,5.8,9.0,2.3,13,0.0,20200413,48.0,15.9,2020,0.0,2020-04-13,281,4
103,-1.5,0.4,11.9,11.8,1.8,14,0.0,20200414,40.0,23.2,2020,0.0,2020-04-14,281,4
104,2.9,6.1,9.2,13.1,1.9,15,0.0,20200415,45.1,22.7,2020,0.0,2020-04-15,281,4
105,5.0,3.8,10.2,11.2,2.3,16,0.0,20200416,67.0,16.3,2020,0.0,2020-04-16,281,4
106,8.1,7.6,0.1,10.6,1.0,17,18.2,20200417,90.1,12.5,2020,0.0,2020-04-17,281,4
107,8.0,5.4,4.3,12.6,1.8,18,0.0,20200418,76.8,18.9,2020,0.0,2020-04-18,281,4
108,6.9,8.9,0.0,10.2,1.6,19,16.1,20200419,87.8,13.3,2020,0.0,2020-04-19,281,4
109,9.2,7.6,4.1,12.9,2.7,20,0.4,20200420,69.6,19.2,2020,0.0,2020-04-20,281,4
110,5.3,5.9,11.1,10.9,4.1,21,0.0,20200421,36.6,17.5,2020,0.0,2020-04-21,281,4
111,2.6,3.3,10.2,8.1,4.0,22,0.0,20200422,37.8,14.2,2020,0.0,2020-04-22,281,4
112,3.5,1.8,10.8,9.5,3.8,23,0.0,20200423,41.0,15.8,2020,0.0,2020-04-23,281,4
113,3.8,0.4,11.8,10.3,2.9,24,0.0,20200424,34.9,17.9,2020,0.0,2020-04-24,281,4
114,2.7,0.0,11.6,15.9,2.9,25,0.0,20200425,38.5,22.1,2020,0.0,2020-04-25,281,4
115,6.5,1.5,11.1,12.4,2.6,26,0.0,20200426,54.3,19.6,2020,0.0,2020-04-26,281,4
116,2.4,3.4,9.1,11.0,1.9,27,0.0,20200427,64.4,19.4,2020,0.0,2020-04-27,281,4
117,3.4,0.0,12.3,14.0,1.9,28,0.0,20200428,46.4,21.6,2020,0.0,2020-04-28,281,4
118,7.3,0.0,12.2,16.4,1.6,29,0.0,20200429,41.5,25.3,2020,0.0,2020-04-29,281,4
119,5.7,0.3,12.4,17.4,2.0,30,0.0,20200430,54.3,26.6,2020,0.0,2020-04-30,281,4
120,11.7,0.1,11.8,21.6,2.3,1,0.0,20200501,65.8,29.0,2020,0.0,2020-05-01,281,5
121,15.7,7.6,7.1,22.2,2.0,2,0.0,20200502,59.4,28.6,2020,0.0,2020-05-02,281,5
122,15.7,9.0,0.0,17.4,1.3,3,4.1,20200503,90.0,20.0,2020,0.0,2020-05-03,281,5
123,13.5,6.5,8.0,19.7,2.4,4,0.0,20200504,74.9,28.5,2020,0.0,2020-05-04,281,5
124,13.3,8.5,2.1,15.7,1.8,5,2.0,20200505,80.8,20.4,2020,0.0,2020-05-05,281,5
125,10.4,2.0,11.4,15.8,2.1,6,0.0,20200506,73.9,23.5,2020,0.0,2020-05-06,281,5
126,6.2,4.9,11.5,13.7,2.1,7,0.0,20200507,61.6,21.3,2020,0.0,2020-05-07,281,5
127,5.1,5.8,10.3,16.4,1.3,8,1.2,20200508,65.0,24.7,2020,0.0,2020-05-08,281,5
128,14.4,9.8,0.0,16.3,1.3,9,21.3,20200509,91.6,18.9,2020,0.0,2020-05-09,281,5
129,15.4,5.6,5.9,18.0,3.1,10,0.0,20200510,72.3,22.6,2020,0.0,2020-05-10,281,5
130,13.7,2.9,11.9,20.5,2.5,11,0.0,20200511,48.5,27.9,2020,0.0,2020-05-11,281,5
131,10.6,0.9,11.9,18.6,3.0,12,0.0,20200512,47.9,25.8,2020,0.0,2020-05-12,281,5
132,9.4,0.6,12.8,17.5,2.5,13,0.0,20200513,42.8,24.8,2020,0.0,2020-05-13,281,5
133,7.5,6.9,7.0,17.8,1.2,14,0.0,20200514,49.6,27.0,2020,0.0,2020-05-14,281,5
134,13.9,9.6,0.0,15.0,1.5,15,8.6,20200515,86.0,16.5,2020,0.0,2020-05-15,281,5
135,14.3,8.8,3.4,18.0,1.4,16,0.0,20200516,82.1,25.2,2020,0.0,2020-05-16,281,5
136,15.4,6.5,8.5,20.5,1.3,17,0.1,20200517,77.0,28.0,2020,0.0,2020-05-17,281,5
137,16.0,8.4,1.3,17.9,2.8,18,1.1,20200518,84.6,21.4,2020,0.0,2020-05-18,281,5
138,11.5,5.1,5.4,14.6,2.5,19,8.0,20200519,72.8,19.0,2020,0.0,2020-05-19,281,5
139,7.7,4.6,9.0,14.2,1.9,20,0.0,20200520,65.4,21.1,2020,0.0,2020-05-20,281,5
140,8.2,6.6,5.6,14.1,2.0,21,0.0,20200521,74.1,21.7,2020,0.0,2020-05-21,281,5
141,10.8,5.8,10.4,15.5,2.5,22,0.0,20200522,72.1,20.6,2020,0.0,2020-05-22,281,5
142,12.3,4.1,9.3,18.8,1.1,23,0.0,20200523,66.4,26.6,2020,0.0,2020-05-23,281,5
143,13.1,6.8,7.9,20.2,1.9,24,0.0,20200524,67.3,26.8,2020,0.0,2020-05-24,281,5
144,14.1,9.0,1.4,19.7,1.4,25,0.0,20200525,66.6,24.6,2020,0.0,2020-05-25,281,5
145,13.8,7.8,5.5,20.2,1.3,26,0.0,20200526,60.6,26.2,2020,0.0,2020-05-26,281,5
146,13.9,6.8,10.4,19.4,2.1,27,0.0,20200527,54.8,26.4,2020,0.0,2020-05-27,281,5
147,10.4,2.5,11.5,18.7,1.5,28,0.0,20200528,54.8,27.4,2020,0.0,2020-05-28,281,5
148,10.1,3.4,11.5,18.5,1.7,29,0.0,20200529,57.4,26.5,2020,0.0,2020-05-29,281,5
149,10.8,7.9,10.0,19.8,1.4,30,0.0,20200530,55.0,27.2,2020,0.0,2020-05-30,281,5
150,12.6,6.8,5.5,20.4,1.4,31,0.0,20200531,66.6,27.3,2020,0.0,2020-05-31,281,5
151,14.9,3.6,8.4,22.6,2.3,1,0.0,20200601,48.0,28.5,2020,0.0,2020-06-01,281,6
152,12.2,5.5,6.9,20.9,1.1,2,0.0,20200602,47.5,28.4,2020,0.0,2020-06-02,281,6
153,14.3,4.8,7.0,22.6,1.6,3,0.0,20200603,61.1,30.0,2020,0.0,2020-06-03,281,6
154,18.2,1.3,12.6,26.5,2.0,4,0.0,20200604,56.3,33.9,2020,0.0,2020-06-04,281,6
155,18.3,4.9,9.8,23.5,2.4,5,0.0,20200605,65.5,31.1,2020,0.0,2020-06-05,281,6
156,15.1,6.0,5.5,19.7,2.3,6,0.0,20200606,72.1,24.6,2020,0.0,2020-06-06,281,6
157,12.2,0.5,12.3,21.2,1.5,7,0.0,20200607,57.8,29.9,2020,0.0,2020-06-07,281,6
158,14.2,0.1,12.8,24.1,1.1,8,0.0,20200608,55.1,34.1,2020,0.0,2020-06-08,281,6
159,16.5,0.4,12.9,25.8,1.3,9,0.0,20200609,55.8,35.3,2020,0.0,2020-06-09,281,6
160,17.6,5.3,9.4,26.2,1.5,10,0.0,20200610,60.1,33.9,2020,0.0,2020-06-10,281,6
161,20.4,5.9,4.2,24.1,1.3,11,33.3,20200611,80.3,30.1,2020,0.0,2020-06-11,281,6
162,19.1,9.0,2.5,24.4,1.2,12,20.6,20200612,79.9,30.6,2020,0.0,2020-06-12,281,6
163,19.2,9.1,4.2,24.0,1.1,13,8.5,20200613,80.3,28.8,2020,0.0,2020-06-13,281,6
164,22.1,8.8,2.6,24.7,1.9,14,21.4,20200614,79.8,29.5,2020,0.0,2020-06-14,281,6
165,18.4,5.8,12.6,24.3,2.4,15,0.0,20200615,58.4,30.2,2020,0.0,2020-06-15,281,6
166,17.3,6.0,12.6,22.9,2.1,16,0.0,20200616,56.1,28.7,2020,0.0,2020-06-16,281,6
167,15.9,9.5,3.7,22.0,0.9,17,0.0,20200617,66.5,27.6,2020,0.0,2020-06-17,281,6
168,17.8,9.3,0.0,18.6,1.2,18,5.4,20200618,89.8,20.3,2020,0.0,2020-06-18,281,6
169,17.1,5.9,6.7,20.9,1.7,19,0.3,20200619,79.5,26.6,2020,0.0,2020-06-19,281,6
170,17.9,5.5,4.6,21.4,1.3,20,0.0,20200620,74.3,27.1,2020,0.0,2020-06-20,281,6
171,15.3,1.1,12.8,20.5,1.9,21,0.0,20200621,74.5,26.1,2020,0.0,2020-06-21,281,6
172,13.4,0.3,13.3,22.9,1.3,22,0.0,20200622,65.9,31.7,2020,0.0,2020-06-22,281,6
173,16.4,5.1,11.3,24.0,1.8,23,0.0,20200623,65.1,31.6,2020,0.0,2020-06-23,281,6
174,19.9,9.1,0.0,21.5,1.4,24,6.6,20200624,84.5,24.7,2020,0.0,2020-06-24,281,6
175,20.0,9.3,1.2,22.8,1.0,25,2.3,20200625,89.0,27.1,2020,0.0,2020-06-25,281,6
176,20.0,8.0,7.7,24.3,2.0,26,0.0,20200626,69.5,28.8,2020,0.0,2020-06-26,281,6
177,20.0,7.6,5.5,24.8,1.2,27,0.0,20200627,68.1,30.2,2020,0.0,2020-06-27,281,6
178,18.7,2.1,11.3,24.4,1.8,28,0.0,20200628,69.5,31.2,2020,0.0,2020-06-28,281,6
179,18.4,8.6,0.0,21.3,2.2,29,39.2,20200629,87.5,25.6,2020,0.0,2020-06-29,281,6
180,19.0,9.4,2.7,22.7,2.6,30,4.4,20200630,78.5,27.4,2020,0.0,2020-06-30,281,6
181,17.6,7.1,1.7,21.0,1.7,1,2.3,20200701,80.0,25.8,2020,0.0,2020-07-01,281,7
182,16.0,6.1,7.8,21.9,1.5,2,0.0,20200702,75.1,27.8,2020,0.0,2020-07-02,281,7
183,17.5,9.8,0.0,19.6,1.7,3,4.6,20200703,84.5,21.9,2020,0.0,2020-07-03,281,7
184,17.4,8.0,1.6,20.1,1.1,4,0.4,20200704,84.5,23.3,2020,0.0,2020-07-04,281,7
185,16.4,7.0,3.5,22.0,1.0,5,0.0,20200705,79.9,27.6,2020,0.0,2020-07-05,281,7
186,18.1,9.0,1.6,23.2,0.9,6,0.0,20200706,83.5,28.0,2020,0.0,2020-07-06,281,7
187,21.3,5.3,6.7,25.8,1.5,7,0.0,20200707,75.5,31.0,2020,0.0,2020-07-07,281,7
188,19.5,4.9,8.5,24.1,1.9,8,0.0,20200708,76.6,29.8,2020,0.0,2020-07-08,281,7
189,20.0,6.5,5.7,22.9,2.4,9,0.0,20200709,80.9,27.3,2020,0.0,2020-07-09,281,7
190,20.6,8.8,1.2,22.7,1.2,10,23.3,20200710,90.3,26.8,2020,0.0,2020-07-10,281,7
191,19.7,0.0,3.9,23.1,1.8,11,0.0,20200711,83.0,30.3,2020,0.0,2020-07-11,281,7
192,17.7,0.0,0.0,19.4,2.0,12,24.8,20200712,90.1,21.2,2020,0.0,2020-07-12,281,7
193,17.6,7.3,0.0,19.1,2.4,13,74.9,20200713,91.0,21.3,2020,0.0,2020-07-13,281,7
194,18.2,6.9,0.0,18.9,0.9,14,0.3,20200714,92.5,20.5,2020,0.0,2020-07-14,281,7
195,16.8,8.1,0.0,18.5,1.1,15,3.1,20200715,89.5,20.6,2020,0.0,2020-07-15,281,7
196,13.6,3.0,10.2,19.6,1.3,16,0.0,20200716,80.0,27.0,2020,0.0,2020-07-16,281,7
197,14.9,1.3,12.8,20.6,1.6,17,0.0,20200717,77.6,27.2,2020,0.0,2020-07-17,281,7
198,15.1,6.6,6.7,20.5,1.4,18,0.0,20200718,81.9,25.8,2020,0.0,2020-07-18,281,7
199,18.6,8.5,0.0,22.8,1.6,19,0.0,20200719,88.1,25.9,2020,0.0,2020-07-19,281,7
200,23.3,9.0,1.5,27.4,2.0,20,0.3,20200720,75.8,31.3,2020,0.0,2020-07-20,281,7
201,21.7,6.5,10.0,25.8,1.7,21,5.7,20200721,72.1,31.3,2020,0.0,2020-07-21,281,7
202,21.3,10.0,0.0,22.1,0.9,22,36.8,20200722,96.5,23.7,2020,0.0,2020-07-22,281,7
203,20.3,10.0,0.0,21.0,2.7,23,34.4,20200723,94.9,21.5,2020,0.0,2020-07-23,281,7
204,20.0,7.3,0.0,21.2,1.3,24,15.9,20200724,95.0,23.6,2020,0.0,2020-07-24,281,7
205,19.7,7.8,0.4,21.6,1.1,25,46.2,20200725,93.8,24.5,2020,0.0,2020-07-25,281,7
206,20.6,7.3,6.0,23.6,1.5,26,0.2,20200726,82.8,29.4,2020,0.0,2020-07-26,281,7
207,20.6,9.6,0.0,21.7,1.4,27,24.3,20200727,93.0,24.0,2020,0.0,2020-07-27,281,7
208,20.6,10.0,0.0,21.4,1.5,28,11.0,20200728,96.6,23.0,2020,0.0,2020-07-28,281,7
209,21.0,9.5,0.0,22.5,1.1,29,6.0,20200729,95.8,24.2,2020,0.0,2020-07-29,281,7
210,20.9,9.1,1.0,22.2,1.0,30,24.0,20200730,94.4,24.0,2020,0.0,2020-07-30,281,7
211,20.8,9.0,3.0,25.4,1.3,31,0.0,20200731,85.0,30.7,2020,0.0,2020-07-31,281,7
212,23.3,8.8,3.2,26.5,0.9,1,0.0,20200801,83.1,32.1,2020,0.0,2020-08-01,281,8
213,23.2,8.4,2.9,27.5,1.4,2,0.0,20200802,76.8,31.4,2020,0.0,2020-08-02,281,8
214,24.0,8.0,3.3,27.9,1.8,3,0.0,20200803,73.5,32.3,2020,0.0,2020-08-03,281,8
215,24.3,6.8,8.8,28.3,1.7,4,0.0,20200804,72.3,32.8,2020,0.0,2020-08-04,281,8
216,24.4,8.9,3.8,27.5,1.3,5,0.0,20200805,76.8,32.1,2020,0.0,2020-08-05,281,8
217,23.7,9.4,0.0,27.0,2.2,6,5.2,20200806,80.3,28.8,2020,0.0,2020-08-06,281,8
218,22.0,10.0,0.0,23.2,0.7,7,91.1,20200807,97.1,25.1,2020,0.0,2020-08-07,281,8
219,21.7,10.0,0.0,22.8,1.0,8,110.6,20200808,98.9,24.4,2020,0.0,2020-08-08,281,8
220,21.7,7.0,7.4,26.9,1.7,9,0.5,20200809,78.4,32.1,2020,0.0,2020-08-09,281,8
221,23.6,8.5,0.6,25.9,1.5,10,14.7,20200810,89.4,31.3,2020,0.0,2020-08-10,281,8
222,23.7,8.1,4.6,27.7,1.7,11,2.0,20200811,78.1,31.5,2020,0.0,2020-08-11,281,8
223,23.8,8.1,5.1,27.8,1.3,12,0.0,20200812,83.1,32.4,2020,0.0,2020-08-12,281,8
224,25.7,5.5,9.0,29.0,1.7,13,0.0,20200813,74.4,33.2,2020,0.0,2020-08-13,281,8
225,24.5,5.5,10.1,29.5,2.0,14,0.0,20200814,73.0,34.2,2020,0.0,2020-08-14,281,8
226,25.6,5.1,11.2,29.8,1.8,15,0.0,20200815,73.9,34.9,2020,0.0,2020-08-15,281,8
227,23.8,3.6,11.3,28.6,1.3,16,0.0,20200816,75.0,34.7,2020,0.0,2020-08-16,281,8
228,23.2,4.6,11.6,27.7,1.4,17,0.0,20200817,76.8,33.1,2020,0.0,2020-08-17,281,8
229,21.6,1.9,11.5,27.7,1.3,18,0.0,20200818,77.1,34.2,2020,0.0,2020-08-18,281,8
230,22.5,0.4,12.0,28.7,1.6,19,0.0,20200819,70.1,35.6,2020,0.0,2020-08-19,281,8
231,21.7,0.8,11.9,27.4,1.5,20,0.0,20200820,72.8,34.4,2020,0.0,2020-08-20,281,8
232,21.7,5.5,5.1,25.1,1.5,21,0.0,20200821,81.8,30.8,2020,0.0,2020-08-21,281,8
233,23.0,8.4,2.8,25.5,1.7,22,0.0,20200822,80.3,29.4,2020,0.0,2020-08-22,281,8
234,22.6,5.1,8.5,26.6,1.1,23,0.0,20200823,75.1,32.4,2020,0.0,2020-08-23,281,8
235,21.9,3.8,10.5,27.1,1.1,24,0.0,20200824,75.6,33.2,2020,0.0,2020-08-24,281,8
236,22.0,4.5,9.8,27.1,1.2,25,1.0,20200825,79.3,34.7,2020,0.0,2020-08-25,281,8
237,24.8,8.3,5.1,27.8,2.7,26,11.4,20200826,80.5,31.3,2020,0.0,2020-08-26,281,8
238,24.8,8.5,3.2,26.7,1.7,27,2.3,20200827,86.4,31.2,2020,0.0,2020-08-27,281,8
239,23.7,7.9,3.1,26.5,0.9,28,6.8,20200828,86.9,31.7,2020,0.0,2020-08-28,281,8
240,23.6,6.3,6.3,27.3,1.1,29,1.3,20200829,80.4,31.8,2020,0.0,2020-08-29,281,8
241,23.2,7.6,7.2,27.1,1.4,30,0.0,20200830,77.9,33.9,2020,0.0,2020-08-30,281,8
242,22.3,6.5,0.1,24.2,1.8,31,0.0,20200831,81.3,26.5,2020,0.0,2020-08-31,281,8
243,21.1,7.1,1.0,24.3,1.3,1,0.0,20200901,81.6,27.7,2020,0.0,2020-09-01,281,9
244,23.2,10.0,0.1,25.2,2.4,2,23.9,20200902,90.5,28.5,2020,0.0,2020-09-02,281,9
245,19.0,4.8,7.6,25.1,4.6,3,79.9,20200903,72.0,29.2,2020,0.0,2020-09-03,281,9
246,16.4,2.1,11.4,22.5,1.1,4,0.0,20200904,72.1,29.3,2020,0.0,2020-09-04,281,9
247,16.9,9.6,0.0,18.8,0.9,5,9.2,20200905,91.9,21.9,2020,0.0,2020-09-05,281,9
248,17.1,10.0,0.0,19.7,0.9,6,12.1,20200906,92.8,22.2,2020,0.0,2020-09-06,281,9
249,20.5,9.0,0.1,22.5,4.5,7,56.4,20200907,80.5,24.6,2020,0.0,2020-09-07,281,9
250,18.5,4.3,7.6,22.9,2.0,8,1.0,20200908,78.8,28.1,2020,0.0,2020-09-08,281,9
251,19.0,5.7,4.5,22.0,1.0,9,2.1,20200909,81.9,27.0,2020,0.0,2020-09-09,281,9
252,18.2,7.3,5.2,21.8,0.9,10,5.8,20200910,81.9,26.9,2020,0.0,2020-09-10,281,9
253,18.5,10.0,0.2,20.9,1.5,11,1.9,20200911,84.6,25.8,2020,0.0,2020-09-11,281,9
254,17.9,5.1,0.0,19.4,1.0,12,5.1,20200912,89.4,21.6,2020,0.0,2020-09-12,281,9
255,17.2,7.9,3.9,19.2,1.2,13,0.0,20200913,83.9,23.6,2020,0.0,2020-09-13,281,9
256,17.3,5.5,7.2,21.1,1.2,14,0.0,20200914,78.9,27.3,2020,0.0,2020-09-14,281,9
257,16.5,6.5,7.7,21.2,1.3,15,0.0,20200915,79.8,27.5,2020,0.0,2020-09-15,281,9
258,18.8,7.9,0.1,20.8,0.6,16,0.6,20200916,88.1,23.2,2020,0.0,2020-09-16,281,9
259,17.6,9.6,0.0,20.2,0.8,17,1.7,20200917,88.6,23.7,2020,0.0,2020-09-17,281,9
260,13.2,7.6,2.3,18.7,1.5,18,1.9,20200918,80.9,24.8,2020,0.0,2020-09-18,281,9
261,10.7,3.4,10.1,18.6,1.2,19,0.0,20200919,71.4,25.8,2020,0.0,2020-09-19,281,9
262,12.4,0.0,11.2,18.7,1.9,20,0.0,20200920,63.0,25.9,2020,0.0,2020-09-20,281,9
263,9.4,3.1,9.6,16.0,1.1,21,0.0,20200921,75.5,23.0,2020,0.0,2020-09-21,281,9
264,11.9,7.4,4.7,16.1,1.5,22,0.0,20200922,80.4,21.8,2020,0.0,2020-09-22,281,9
265,13.3,9.5,1.0,17.9,2.0,23,0.0,20200923,73.9,22.8,2020,0.0,2020-09-23,281,9
266,14.4,6.9,4.6,18.8,1.8,24,0.0,20200924,72.8,24.0,2020,0.0,2020-09-24,281,9
267,12.5,5.5,4.9,18.2,1.1,25,0.0,20200925,76.3,24.7,2020,0.0,2020-09-25,281,9
268,12.5,6.8,5.7,18.2,1.3,26,0.0,20200926,73.6,24.1,2020,0.0,2020-09-26,281,9
269,12.1,3.3,7.3,17.6,1.6,27,0.0,20200927,74.1,23.2,2020,0.0,2020-09-27,281,9
270,8.7,2.4,9.2,15.4,1.0,28,0.0,20200928,80.5,23.4,2020,0.0,2020-09-28,281,9
271,9.1,4.3,6.9,16.1,0.9,29,0.0,20200929,78.6,25.2,2020,0.0,2020-09-29,281,9
272,11.1,4.0,6.1,16.3,1.1,30,0.0,20200930,77.8,24.1,2020,0.0,2020-09-30,281,9
273,10.2,3.8,9.7,16.9,1.2,1,0.0,20201001,79.4,23.5,2020,0.0,2020-10-01,281,10
274,12.3,6.3,6.6,18.3,1.0,2,0.0,20201002,80.6,25.5,2020,0.0,2020-10-02,281,10
275,16.1,9.0,4.6,20.1,0.8,3,0.9,20201003,79.5,25.4,2020,0.0,2020-10-03,281,10
276,16.0,8.4,0.1,19.0,1.2,4,0.2,20201004,76.6,22.5,2020,0.0,2020-10-04,281,10
277,9.7,3.3,10.7,14.8,2.8,5,0.0,20201005,51.3,20.3,2020,0.0,2020-10-05,281,10
278,6.4,3.0,10.9,13.9,1.1,6,0.0,20201006,67.5,21.9,2020,0.0,2020-10-06,281,10
279,10.5,5.9,6.5,16.1,2.0,7,0.0,20201007,71.9,21.6,2020,0.0,2020-10-07,281,10
280,15.5,3.5,6.2,17.4,4.2,8,0.0,20201008,57.9,20.7,2020,0.0,2020-10-08,281,10
281,15.7,7.5,4.4,17.8,3.7,9,0.0,20201009,59.1,20.3,2020,0.0,2020-10-09,281,10
282,12.1,7.0,6.0,16.9,1.6,10,0.0,20201010,65.9,22.3,2020,0.0,2020-10-10,281,10
283,9.5,8.5,1.7,14.7,0.8,11,0.0,20201011,78.0,20.7,2020,0.0,2020-10-11,281,10
284,10.5,6.5,3.6,15.3,1.1,12,0.0,20201012,78.0,22.9,2020,0.0,2020-10-12,281,10
285,8.0,4.8,7.4,14.0,1.6,13,0.0,20201013,61.8,21.3,2020,0.0,2020-10-13,281,10
286,5.1,5.3,3.9,11.4,1.2,14,0.0,20201014,70.6,21.0,2020,0.0,2020-10-14,281,10
287,4.1,3.6,9.2,12.6,1.1,15,0.0,20201015,65.6,20.6,2020,0.0,2020-10-15,281,10
288,6.4,8.1,0.4,12.3,0.6,16,0.0,20201016,78.0,17.2,2020,0.0,2020-10-16,281,10
289,6.2,0.9,9.6,12.7,1.0,17,0.0,20201017,73.8,20.8,2020,0.0,2020-10-17,281,10
290,4.1,1.6,8.2,10.9,1.1,18,0.0,20201018,70.5,21.1,2020,0.0,2020-10-18,281,10
291,3.4,2.8,8.9,12.1,0.9,19,0.0,20201019,72.9,21.6,2020,0.0,2020-10-19,281,10
292,5.4,1.5,8.1,12.2,1.0,20,0.0,20201020,76.3,21.9,2020,0.0,2020-10-20,281,10
293,7.1,9.8,0.2,12.7,0.7,21,10.0,20201021,86.3,18.1,2020,0.0,2020-10-21,281,10
294,11.1,8.8,0.3,14.3,2.1,22,0.0,20201022,76.6,17.8,2020,0.0,2020-10-22,281,10
295,7.3,0.9,9.2,11.0,3.2,23,0.0,20201023,48.5,16.4,2020,0.0,2020-10-23,281,10
296,5.9,0.0,9.3,10.7,3.6,24,0.0,20201024,43.0,16.6,2020,0.0,2020-10-24,281,10
297,7.9,2.3,8.7,13.9,2.9,25,0.0,20201025,55.0,20.3,2020,0.0,2020-10-25,281,10
298,3.6,2.3,8.8,11.4,0.9,26,0.0,20201026,68.1,20.5,2020,0.0,2020-10-26,281,10
299,3.4,2.1,8.5,11.3,0.8,27,0.0,20201027,75.5,20.4,2020,0.0,2020-10-27,281,10
300,8.4,6.5,3.9,14.4,1.7,28,0.0,20201028,59.0,21.0,2020,0.0,2020-10-28,281,10
301,2.1,2.3,7.6,10.1,0.9,29,0.0,20201029,65.4,18.3,2020,0.0,2020-10-29,281,10
302,2.9,2.9,7.1,9.7,1.3,30,0.0,20201030,75.6,18.2,2020,0.0,2020-10-30,281,10
303,2.7,3.1,8.0,9.7,0.7,31,0.0,20201031,71.4,18.0,2020,0.0,2020-10-31,281,10
304,7.7,9.9,0.0,11.0,0.5,1,2.1,20201101,91.6,13.1,2020,0.0,2020-11-01,281,11
305,2.7,6.0,3.5,10.7,1.2,2,0.0,20201102,72.8,17.2,2020,0.0,2020-11-02,281,11
306,0.4,0.0,8.3,6.0,3.4,3,0.0,20201103,52.4,11.2,2020,0.0,2020-11-03,281,11
307,-1.0,0.0,8.5,5.2,2.5,4,0.0,20201104,43.0,12.7,2020,0.0,2020-11-04,281,11
308,-3.3,4.1,7.9,6.9,0.8,5,0.0,20201105,55.3,16.5,2020,0.0,2020-11-05,281,11
309,7.4,8.5,0.0,10.6,0.5,6,0.0,20201106,61.8,14.1,2020,0.0,2020-11-06,281,11
310,4.3,1.8,6.8,13.2,1.6,7,0.0,20201107,59.1,22.0,2020,0.0,2020-11-07,281,11
311,3.1,0.8,7.8,9.8,2.8,8,0.0,20201108,43.4,18.0,2020,0.0,2020-11-08,281,11
312,1.9,2.5,9.4,7.3,2.4,9,0.0,20201109,37.4,13.1,2020,0.0,2020-11-09,281,11
313,0.7,1.0,7.8,6.8,1.3,10,0.0,20201110,50.4,14.6,2020,0.0,2020-11-10,281,11
314,-2.0,0.1,7.9,6.3,0.6,11,0.0,20201111,63.8,15.9,2020,0.0,2020-11-11,281,11
315,-0.4,0.0,7.8,7.1,0.7,12,0.0,20201112,68.4,17.9,2020,0.0,2020-11-12,281,11
316,-0.6,0.5,7.6,8.5,0.8,13,0.0,20201113,66.1,19.1,2020,0.0,2020-11-13,281,11
317,2.0,4.0,6.0,9.7,1.0,14,0.0,20201114,77.3,18.7,2020,0.0,2020-11-14,281,11
318,2.7,1.9,6.6,9.0,0.8,15,0.0,20201115,78.9,17.8,2020,0.0,2020-11-15,281,11
319,2.5,3.5,7.1,10.0,1.0,16,0.0,20201116,75.4,19.3,2020,0.0,2020-11-16,281,11
320,6.1,6.5,3.6,14.0,0.5,17,0.1,20201117,77.1,21.1,2020,0.0,2020-11-17,281,11
321,12.1,7.8,1.1,17.7,0.9,18,0.0,20201118,75.3,23.6,2020,0.0,2020-11-18,281,11
322,11.8,8.3,0.9,18.1,2.7,19,28.9,20201119,81.8,24.1,2020,0.0,2020-11-19,281,11
323,3.9,5.5,6.0,8.8,4.3,20,0.0,20201120,66.4,11.9,2020,0.0,2020-11-20,281,11
324,-0.9,6.3,0.0,5.7,0.7,21,0.0,20201121,79.3,10.3,2020,0.0,2020-11-21,281,11
325,6.3,7.9,0.0,8.6,2.4,22,1.7,20201122,78.3,11.4,2020,0.0,2020-11-22,281,11
326,0.1,0.3,7.6,4.8,2.3,23,0.0,20201123,55.1,10.4,2020,0.0,2020-11-23,281,11
327,-0.5,6.3,2.5,4.9,1.1,24,0.0,20201124,60.1,11.8,2020,0.0,2020-11-24,281,11
328,-1.2,2.8,7.4,5.5,1.7,25,0.0,20201125,61.5,12.6,2020,0.0,2020-11-25,281,11
329,0.5,8.5,2.3,6.9,0.8,26,0.0,20201126,73.3,12.8,2020,0.0,2020-11-26,281,11
330,3.2,4.6,4.9,7.3,3.0,27,0.0,20201127,59.4,11.6,2020,0.0,2020-11-27,281,11
331,0.9,4.9,6.8,3.3,2.8,28,0.0,20201128,45.9,7.3,2020,0.0,2020-11-28,281,11
332,-2.3,3.5,7.4,2.9,2.9,29,0.0,20201129,56.1,7.8,2020,0.0,2020-11-29,281,11
333,-1.7,0.0,7.3,2.9,2.4,30,0.0,20201130,50.5,7.9,2020,0.0,2020-11-30,281,11
334,-5.4,2.8,7.2,1.4,1.1,1,0.0,20201201,51.6,9.6,2020,0.0,2020-12-01,281,12
335,-3.4,3.5,4.4,2.5,1.0,2,0.0,20201202,52.8,10.2,2020,0.0,2020-12-02,281,12
336,1.2,5.6,7.2,4.0,2.6,3,0.0,20201203,38.6,9.1,2020,0.0,2020-12-03,281,12
337,-2.8,1.1,7.2,2.1,2.5,4,0.0,20201204,42.1,7.2,2020,0.0,2020-12-04,281,12
338,-3.9,0.1,7.2,2.3,1.9,5,0.0,20201205,60.4,9.1,2020,0.0,2020-12-05,281,12
339,-4.5,0.9,7.2,2.9,1.5,6,0.0,20201206,66.6,10.4,2020,0.0,2020-12-06,281,12
340,-4.1,2.5,4.4,2.9,1.9,7,0.0,20201207,67.6,10.9,2020,0.0,2020-12-07,281,12
341,-5.4,2.1,4.9,0.6,2.1,8,0.0,20201208,53.8,6.2,2020,0.0,2020-12-08,281,12
342,-8.5,1.4,7.3,-0.6,1.1,9,0.0,20201209,52.1,8.9,2020,0.0,2020-12-09,281,12
343,-0.8,5.6,3.1,3.8,1.2,10,0.0,20201210,60.0,11.5,2020,0.0,2020-12-10,281,12
344,-1.5,8.5,3.1,5.0,1.3,11,0.0,20201211,68.1,11.0,2020,0.0,2020-12-11,281,12
345,-2.9,3.1,5.6,4.6,2.4,12,0.0,20201212,46.1,9.3,2020,0.0,2020-12-12,281,12
346,-5.0,7.6,2.8,1.2,1.8,13,0.0,20201213,62.0,10.6,2020,0.0,2020-12-13,281,12
347,-6.2,3.1,7.3,-3.3,3.6,14,0.0,20201214,32.1,-0.1,2020,0.0,2020-12-14,281,12
348,-8.1,0.0,7.2,-4.7,3.2,15,0.0,20201215,35.3,-0.8,2020,0.0,2020-12-15,281,12
349,-6.6,0.0,7.1,-3.9,3.3,16,0.0,20201216,35.8,-0.3,2020,0.0,2020-12-16,281,12
350,-7.3,0.6,7.1,-2.5,2.7,17,0.0,20201217,43.4,2.8,2020,0.0,2020-12-17,281,12
351,-5.5,6.0,3.2,0.0,2.1,18,0.0,20201218,53.0,6.4,2020,0.0,2020-12-18,281,12
352,-4.7,3.1,6.7,-1.9,2.9,19,0.0,20201219,31.8,2.9,2020,0.0,2020-12-19,281,12
353,-5.4,3.8,6.0,-0.7,2.7,20,0.0,20201220,42.5,4.5,2020,0.0,2020-12-20,281,12
354,-6.8,0.5,6.4,0.3,2.0,21,0.0,20201221,55.9,6.1,2020,0.0,2020-12-21,281,12
355,-5.9,0.6,6.1,1.3,1.6,22,0.0,20201222,64.8,8.4,2020,0.0,2020-12-22,281,12
356,-5.7,4.6,4.9,1.9,1.1,23,0.0,20201223,66.6,8.9,2020,0.0,2020-12-23,281,12
357,-3.2,3.6,5.1,3.6,2.5,24,0.0,20201224,56.1,10.9,2020,0.0,2020-12-24,281,12
358,-5.5,0.5,7.1,0.4,3.0,25,0.0,20201225,52.4,5.8,2020,0.0,2020-12-25,281,12
359,-8.1,5.9,3.9,-0.6,1.0,26,0.0,20201226,70.1,9.0,2020,0.0,2020-12-26,281,12
360,-3.8,8.4,0.7,1.6,0.5,27,0.0,20201227,80.8,7.8,2020,0.0,2020-12-27,281,12
361,-2.4,3.6,4.4,2.9,0.9,28,0.0,20201228,82.9,12.5,2020,0.0,2020-12-28,281,12
362,-4.2,7.8,3.3,2.7,1.5,29,0.9,20201229,78.4,12.6,2020,0.0,2020-12-29,281,12
363,-9.3,3.0,7.3,-5.9,5.4,30,0.0,20201230,51.6,0.8,2020,0.0,2020-12-30,281,12
364,-11.3,1.1,7.0,-5.9,3.7,31,0.0,20201231,49.8,-0.6,2020,0.0,2020-12-31,281,12
