,snow,month,sunshine,date,station_id,year,cloud,wind,tmax,rainfall,day,tavg,humid,Date,tmin
0,0.0,1,6.9,20170101,281,2017,0.0,1.5,10.0,0.0,1,2.6,75.4,2017-01-01,-2.6
1,0.0,1,3.6,20170102,281,2017,0.0,2.2,11.5,0.0,2,5.1,70.8,2017-01-02,-2.3
2,0.0,1,7.6,20170103,281,2017,0.0,2.2,10.8,0.0,3,4.0,49.8,2017-01-03,-2.6
3,0.0,1,6.8,20170104,281,2017,0.0,1.2,11.9,0.0,4,3.2,63.4,2017-01-04,-3.9
4,0.0,1,0.0,20170105,281,2017,0.0,1.2,7.8,0.1,5,2.9,83.6,2017-01-05,-3.0
5,0.0,1,1.4,20170106,281,2017,0.0,0.8,8.8,0.1,6,4.2,78.9,2017-01-06,-1.5
6,0.0,1,4.3,20170107,281,2017,0.0,0.4,9.3,0.0,7,2.4,76.3,2017-01-07,-4.4
7,0.0,1,0.2,20170108,281,2017,0.0,0.7,12.6,0.0,8,6.9,75.8,2017-01-08,3.8
8,0.0,1,4.0,20170109,281,2017,0.0,3.3,9.2,0.0,9,5.5,50.9,2017-01-09,-0.4
9,0.0,1,7.3,20170110,281,2017,0.0,4.4,5.7,0.0,10,1.4,42.6,2017-01-10,-1.4
10,0.0,1,7.4,20170111,281,2017,0.0,3.6,3.6,0.0,11,-1.0,34.1,2017-01-11,-5.1
11,0.0,1,6.1,20170112,281,2017,0.0,3.2,9.1,0.0,12,1.2,45.5,2017-01-12,-5.0
12,0.0,1,5.7,20170113,281,2017,0.0,3.9,5.1,0.1,13,-1.0,38.5,2017-01-13,-4.0
13,0.0,1,7.8,20170114,281,2017,0.0,4.4,0.2,0.0,14,-4.5,32.0,2017-01-14,-7.6
14,0.0,1,7.9,20170115,281,2017,0.0,3.1,3.1,0.0,15,-3.7,26.3,2017-01-15,-9.1
15,0.0,1,7.9,20170116,281,2017,0.0,1.3,6.0,0.0,16,-3.1,44.4,2017-01-16,-9.8
16,0.0,1,6.6,20170117,281,2017,0.0,0.6,7.8,0.0,17,-2.7,52.5,2017-01-17,-10.3
17,0.0,1,5.0,20170118,281,2017,0.0,1.4,6.4,0.0,18,0.4,50.5,2017-01-18,-6.8
18,0.0,1,6.6,20170119,281,2017,0.0,0.7,9.2,0.0,19,-0.3,69.5,2017-01-19,-7.2
19,0.0,1,4.1,20170120,281,2017,0.0,3.2,1.6,1.0,20,-1.6,65.9,2017-01-20,-4.3
20,0.0,1,7.8,20170121,281,2017,0.0,2.2,3.3,0.0,21,-2.7,60.1,2017-01-21,-8.2
21,0.0,1,7.8,20170122,281,2017,0.0,4.0,-0.2,0.5,22,-3.2,53.6,2017-01-22,-6.4
22,0.0,1,7.8,20170123,281,2017,0.0,4.0,0.0,0.0,23,-4.8,40.5,2017-01-23,-8.6
23,0.0,1,7.9,20170124,281,2017,0.0,2.3,2.9,0.0,24,-3.5,40.8,2017-01-24,-7.8
24,0.0,1,7.9,20170125,281,2017,0.0,1.8,5.5,0.0,25,-2.0,38.4,2017-01-25,-8.7
25,0.0,1,8.0,20170126,281,2017,0.0,1.3,9.2,0.0,26,-0.8,38.6,2017-01-26,-11.4
26,0.0,1,5.7,20170127,281,2017,0.0,3.7,7.6,0.0,27,4.2,26.1,2017-01-27,0.1
27,0.0,1,8.1,20170128,281,2017,0.0,1.1,11.0,0.0,28,1.3,29.9,2017-01-28,-7.8
28,0.0,1,0.0,20170129,281,2017,0.0,0.8,6.4,0.5,29,3.8,55.4,2017-01-29,-0.8
29,0.0,1,6.8,20170130,281,2017,0.0,4.0,4.5,0.5,30,0.9,52.4,2017-01-30,-4.8
30,0.0,1,8.3,20170131,281,2017,0.0,2.0,7.2,0.0,31,-1.0,39.3,2017-01-31,-7.9
31,0.0,2,5.9,20170201,281,2017,0.0,3.8,6.1,0.0,1,0.6,30.8,2017-02-01,-2.6
32,0.0,2,8.8,20170202,281,2017,0.0,3.6,7.9,0.0,2,0.9,27.0,2017-02-02,-4.9
33,0.0,2,8.8,20170203,281,2017,0.0,2.7,10.1,0.0,3,3.9,42.1,2017-02-03,-1.8
34,0.0,2,6.9,20170204,281,2017,0.0,0.9,13.9,0.0,4,5.0,37.4,2017-02-04,-4.6
35,0.0,2,5.4,20170205,281,2017,0.0,2.6,13.2,0.4,5,5.8,63.0,2017-02-05,2.3
36,0.0,2,9.3,20170206,281,2017,0.0,3.7,7.3,0.0,6,2.3,39.3,2017-02-06,-1.2
37,0.0,2,5.8,20170207,281,2017,0.0,1.1,8.7,0.0,7,0.7,48.6,2017-02-07,-5.9
38,0.0,2,1.8,20170208,281,2017,0.0,1.8,8.1,0.0,8,1.9,51.3,2017-02-08,-5.0
39,0.0,2,7.7,20170209,281,2017,0.0,4.9,3.2,0.0,9,-0.8,35.9,2017-02-09,-5.1
40,0.0,2,9.5,20170210,281,2017,0.0,5.0,0.7,0.0,10,-3.2,39.4,2017-02-10,-5.9
41,0.0,2,10.1,20170211,281,2017,0.0,4.0,2.9,0.0,11,-2.3,40.6,2017-02-11,-7.1
42,0.0,2,9.6,20170212,281,2017,0.0,2.9,7.0,0.0,12,0.2,41.0,2017-02-12,-6.4
43,0.0,2,9.5,20170213,281,2017,0.0,2.8,8.6,0.5,13,2.3,50.9,2017-02-13,-4.3
44,0.0,2,9.2,20170214,281,2017,0.0,1.4,7.7,0.5,14,1.0,69.3,2017-02-14,-4.8
45,0.0,2,9.6,20170215,281,2017,0.0,1.4,13.3,0.0,15,2.1,45.9,2017-02-15,-7.6
46,0.0,2,9.4,20170216,281,2017,0.0,1.7,16.7,0.5,16,7.6,50.5,2017-02-16,-5.4
47,0.0,2,6.1,20170217,281,2017,0.0,4.1,13.6,0.5,17,9.1,42.5,2017-02-17,1.2
48,0.0,2,10.3,20170218,281,2017,0.0,4.1,6.5,0.0,18,1.3,28.3,2017-02-18,-3.3
49,0.0,2,7.4,20170219,281,2017,0.0,2.0,11.7,2.5,19,3.9,51.8,2017-02-19,-4.7
50,0.0,2,7.3,20170220,281,2017,0.0,3.8,9.5,3.5,20,5.1,55.6,2017-02-20,-1.7
51,0.0,2,10.3,20170221,281,2017,0.0,1.4,9.6,0.0,21,1.6,55.4,2017-02-21,-7.3
52,0.0,2,0.0,20170222,281,2017,0.0,1.0,5.9,20.0,22,3.5,88.4,2017-02-22,-1.0
53,0.0,2,3.5,20170223,281,2017,0.0,3.8,5.2,0.0,23,2.4,53.0,2017-02-23,-1.6
54,0.0,2,10.5,20170224,281,2017,0.0,3.6,7.5,0.0,24,1.0,39.0,2017-02-24,-3.5
55,0.0,2,10.6,20170225,281,2017,0.0,2.4,10.6,0.0,25,3.5,43.9,2017-02-25,-2.2
56,0.0,2,10.3,20170226,281,2017,0.0,1.3,11.9,0.0,26,4.0,54.8,2017-02-26,-2.9
57,0.0,2,7.8,20170227,281,2017,0.0,1.4,11.8,0.1,27,3.1,76.8,2017-02-27,-3.2
58,0.0,2,9.6,20170228,281,2017,0.0,0.9,14.2,0.0,28,4.8,62.0,2017-02-28,-2.1
59,0.0,3,4.7,20170301,281,2017,0.0,0.9,14.2,0.0,1,5.8,50.9,2017-03-01,-1.4
60,0.0,3,2.8,20170302,281,2017,0.0,3.1,8.8,1.0,2,5.0,64.9,2017-03-02,1.4
61,0.0,3,10.8,20170303,281,2017,0.0,2.1,13.7,0.0,3,4.8,41.0,2017-03-03,-3.2
62,0.0,3,9.5,20170304,281,2017,0.0,0.9,16.4,0.0,4,6.4,49.0,2017-03-04,-1.6
63,0.0,3,7.7,20170305,281,2017,0.0,1.0,16.1,0.0,5,6.8,50.5,2017-03-05,-1.2
64,0.0,3,10.3,20170306,281,2017,0.0,4.2,9.0,0.0,6,5.0,33.6,2017-03-06,0.4
65,0.0,3,9.3,20170307,281,2017,0.0,3.8,6.4,0.0,7,1.5,35.4,2017-03-07,-2.1
66,0.0,3,10.2,20170308,281,2017,0.0,3.9,7.0,0.0,8,1.6,41.6,2017-03-08,-4.2
67,0.0,3,10.6,20170309,281,2017,0.0,3.5,13.4,0.0,9,6.6,32.5,2017-03-09,-0.3
68,0.0,3,10.9,20170310,281,2017,0.0,2.7,13.9,0.0,10,6.3,34.0,2017-03-10,-1.0
69,0.0,3,10.8,20170311,281,2017,0.0,1.4,16.6,0.0,11,5.9,48.4,2017-03-11,-4.9
70,0.0,3,8.9,20170312,281,2017,0.0,1.3,19.3,0.0,12,8.9,43.0,2017-03-12,-2.6
71,0.0,3,9.1,20170313,281,2017,0.0,2.2,15.8,0.0,13,9.7,44.1,2017-03-13,3.0
72,0.0,3,7.0,20170314,281,2017,0.0,1.5,14.4,0.0,14,6.9,61.5,2017-03-14,2.5
73,0.0,3,11.0,20170315,281,2017,0.0,1.4,13.0,0.0,15,4.9,61.9,2017-03-15,-2.9
74,0.0,3,8.6,20170316,281,2017,0.0,0.9,14.9,0.0,16,6.7,55.9,2017-03-16,-2.1
75,0.0,3,10.9,20170317,281,2017,0.0,1.2,17.1,0.0,17,7.2,50.1,2017-03-17,-2.5
76,0.0,3,6.9,20170318,281,2017,0.0,1.2,18.0,0.0,18,8.2,45.9,2017-03-18,-0.1
77,0.0,3,10.5,20170319,281,2017,0.0,1.4,19.0,0.0,19,8.3,47.4,2017-03-19,-1.6
78,0.0,3,3.2,20170320,281,2017,0.0,1.2,15.5,5.0,20,7.6,77.8,2017-03-20,-1.1
79,0.0,3,9.5,20170321,281,2017,0.0,2.2,16.0,3.5,21,8.0,70.5,2017-03-21,2.1
80,0.0,3,9.8,20170322,281,2017,0.0,1.4,16.1,0.0,22,7.7,50.1,2017-03-22,-1.7
81,0.0,3,8.4,20170323,281,2017,0.0,1.8,17.4,0.0,23,10.4,42.1,2017-03-23,5.3
82,0.0,3,4.2,20170324,281,2017,0.0,1.7,13.2,0.0,24,8.1,53.8,2017-03-24,1.9
83,0.0,3,0.6,20170325,281,2017,0.0,1.5,11.3,10.5,25,6.6,81.6,2017-03-25,3.7
84,0.0,3,1.6,20170326,281,2017,0.0,1.1,11.3,10.5,26,6.0,87.0,2017-03-26,3.7
85,0.0,3,4.5,20170327,281,2017,0.0,2.1,12.3,0.5,27,5.7,74.1,2017-03-27,0.6
86,0.0,3,9.0,20170328,281,2017,0.0,1.3,15.4,0.0,28,7.8,59.1,2017-03-28,-0.8
87,0.0,3,9.5,20170329,281,2017,0.0,1.7,16.1,0.5,29,9.7,67.9,2017-03-29,4.6
88,0.0,3,9.9,20170330,281,2017,0.0,1.7,20.4,0.0,30,11.0,63.3,2017-03-30,2.8
89,0.0,3,0.0,20170331,281,2017,0.0,1.8,10.6,0.5,31,9.0,72.1,2017-03-31,7.0
90,0.0,4,2.3,20170401,281,2017,0.0,1.5,11.8,15.0,1,7.2,87.4,2017-04-01,3.8
91,0.0,4,9.7,20170402,281,2017,0.0,1.5,16.1,0.0,2,7.9,66.6,2017-04-02,1.9
92,0.0,4,11.6,20170403,281,2017,0.0,2.6,22.3,0.0,3,12.5,36.6,2017-04-03,2.3
93,0.0,4,10.5,20170404,281,2017,0.0,1.4,23.6,0.0,4,14.1,43.8,2017-04-04,1.7
94,0.0,4,0.0,20170405,281,2017,0.0,1.1,17.8,1.0,5,13.9,67.9,2017-04-05,9.4
95,0.0,4,0.2,20170406,281,2017,0.0,1.8,19.9,9.0,6,16.3,83.6,2017-04-06,13.3
96,0.0,4,11.8,20170407,281,2017,0.0,1.9,22.0,0.0,7,14.5,67.8,2017-04-07,7.6
97,0.0,4,9.6,20170408,281,2017,0.0,1.5,27.4,0.0,8,16.8,56.8,2017-04-08,6.2
98,0.0,4,1.9,20170409,281,2017,0.0,2.7,15.5,0.0,9,12.8,57.9,2017-04-09,9.6
99,0.0,4,9.5,20170410,281,2017,0.0,2.7,16.3,0.5,10,11.6,55.9,2017-04-10,6.1
100,0.0,4,5.9,20170411,281,2017,0.0,2.4,18.8,19.5,11,12.5,70.9,2017-04-11,8.2
101,0.0,4,8.8,20170412,281,2017,0.0,3.1,19.4,0.0,12,13.8,25.5,2017-04-12,9.5
102,0.0,4,11.3,20170413,281,2017,0.0,2.4,22.9,0.0,13,14.6,28.9,2017-04-13,4.7
103,0.0,4,8.4,20170414,281,2017,0.0,3.0,22.1,0.0,14,15.2,49.0,2017-04-14,4.6
104,0.0,4,10.7,20170415,281,2017,0.0,2.0,26.8,0.0,15,19.0,44.1,2017-04-15,10.7
105,0.0,4,11.2,20170416,281,2017,0.0,1.2,29.5,0.0,16,18.4,42.8,2017-04-16,7.8
106,0.0,4,0.0,20170417,281,2017,0.0,1.2,16.9,20.0,17,13.2,81.6,2017-04-17,10.3
107,0.0,4,9.0,20170418,281,2017,0.0,2.4,23.0,5.4,18,15.4,63.8,2017-04-18,8.9
108,0.0,4,12.0,20170419,281,2017,0.0,4.0,21.5,0.0,19,15.5,33.6,2017-04-19,9.7
109,0.0,4,1.6,20170420,281,2017,0.0,1.7,20.8,0.2,20,13.6,53.0,2017-04-20,10.2
110,0.0,4,9.2,20170421,281,2017,0.0,2.1,22.1,0.0,21,14.1,58.9,2017-04-21,7.4
111,0.0,4,10.7,20170422,281,2017,0.0,1.6,20.3,0.0,22,12.3,67.0,2017-04-22,6.0
112,0.0,4,11.8,20170423,281,2017,0.0,1.4,23.9,0.0,23,14.0,57.1,2017-04-23,4.2
113,0.0,4,12.1,20170424,281,2017,0.0,1.8,24.7,0.0,24,16.2,45.6,2017-04-24,4.8
114,0.0,4,6.9,20170425,281,2017,0.0,1.8,24.8,0.0,25,18.5,53.6,2017-04-25,10.5
115,0.0,4,6.7,20170426,281,2017,0.0,1.7,21.1,9.0,26,14.5,72.5,2017-04-26,9.2
116,0.0,4,10.4,20170427,281,2017,0.0,2.4,21.3,0.0,27,13.4,39.3,2017-04-27,6.8
117,0.0,4,11.5,20170428,281,2017,0.0,2.5,26.3,0.0,28,16.0,34.8,2017-04-28,2.8
118,0.0,4,12.2,20170429,281,2017,0.0,2.4,27.9,0.0,29,18.7,31.5,2017-04-29,6.7
119,0.0,4,11.9,20170430,281,2017,0.0,2.2,30.7,0.0,30,21.4,39.0,2017-04-30,8.6
120,0.0,5,11.9,20170501,281,2017,0.0,2.6,22.9,0.0,1,16.7,46.5,2017-05-01,9.4
121,0.0,5,12.1,20170502,281,2017,0.0,2.0,22.8,0.0,2,14.9,51.9,2017-05-02,6.0
122,0.0,5,12.2,20170503,281,2017,0.0,1.3,28.9,0.0,3,17.5,46.3,2017-05-03,5.9
123,0.0,5,8.9,20170504,281,2017,0.0,1.3,27.6,0.0,4,19.1,56.5,2017-05-04,7.9
124,0.0,5,5.6,20170505,281,2017,0.0,1.5,27.8,6.5,5,20.0,75.6,2017-05-05,13.7
125,0.0,5,8.8,20170506,281,2017,0.0,3.0,24.6,0.0,6,18.7,32.5,2017-05-06,14.0
126,0.0,5,12.0,20170507,281,2017,0.0,3.3,27.9,0.0,7,20.0,26.6,2017-05-07,9.7
127,0.0,5,7.4,20170508,281,2017,0.0,2.1,28.2,0.0,8,20.8,28.3,2017-05-08,12.2
128,0.0,5,0.0,20170509,281,2017,0.0,1.4,19.7,17.0,9,15.3,81.5,2017-05-09,13.3
129,0.0,5,1.4,20170510,281,2017,0.0,1.4,21.4,0.2,10,16.2,81.1,2017-05-10,13.4
130,0.0,5,10.2,20170511,281,2017,0.0,1.6,27.5,0.2,11,19.6,67.9,2017-05-11,11.5
131,0.0,5,0.0,20170512,281,2017,0.0,1.0,20.8,0.0,12,17.1,83.5,2017-05-12,14.4
132,0.0,5,9.7,20170513,281,2017,0.0,1.9,28.4,0.0,13,19.8,60.0,2017-05-13,11.8
133,0.0,5,12.5,20170514,281,2017,0.0,3.6,26.2,0.0,14,19.5,31.9,2017-05-14,13.9
134,0.0,5,11.4,20170515,281,2017,0.0,2.8,24.8,0.0,15,17.6,40.0,2017-05-15,10.8
135,0.0,5,5.3,20170516,281,2017,0.0,1.5,23.3,0.5,16,16.7,62.0,2017-05-16,9.0
136,0.0,5,9.2,20170517,281,2017,0.0,1.7,24.8,0.0,17,18.1,65.8,2017-05-17,13.6
137,0.0,5,12.5,20170518,281,2017,0.0,1.8,29.7,0.0,18,21.2,50.4,2017-05-18,10.4
138,0.0,5,12.8,20170519,281,2017,0.0,3.4,32.0,0.0,19,24.8,28.3,2017-05-19,16.2
139,0.0,5,12.6,20170520,281,2017,0.0,2.1,31.5,0.0,20,24.2,31.3,2017-05-20,16.4
140,0.0,5,10.1,20170521,281,2017,0.0,1.5,31.5,0.0,21,22.5,46.0,2017-05-21,12.8
141,0.0,5,12.4,20170522,281,2017,0.0,2.1,28.7,0.0,22,19.9,59.6,2017-05-22,12.2
142,0.0,5,5.1,20170523,281,2017,0.0,1.4,27.7,0.0,23,20.9,59.0,2017-05-23,12.0
143,0.0,5,4.3,20170524,281,2017,0.0,1.5,25.0,0.2,24,19.6,75.0,2017-05-24,15.6
144,0.0,5,10.8,20170525,281,2017,0.0,2.5,32.3,0.0,25,22.1,52.6,2017-05-25,13.7
145,0.0,5,9.4,20170526,281,2017,0.0,2.5,24.2,0.0,26,15.9,59.4,2017-05-26,10.2
146,0.0,5,12.6,20170527,281,2017,0.0,1.9,27.7,0.0,27,17.9,56.1,2017-05-27,8.3
147,0.0,5,12.9,20170528,281,2017,0.0,1.9,31.2,0.0,28,22.1,48.9,2017-05-28,10.3
148,0.0,5,25.5,20170529,281,2017,0.0,2.6,36.1,0.0,29,27.7,34.3,2017-05-29,19.6
149,0.0,5,7.2,20170530,281,2017,0.0,1.6,34.2,0.0,30,25.5,40.0,2017-05-30,16.4
150,0.0,5,4.5,20170531,281,2017,0.0,1.2,32.0,0.0,31,23.9,48.8,2017-05-31,15.9
151,0.0,6,7.9,20170601,281,2017,0.0,1.9,31.7,1.0,1,21.6,68.5,2017-06-01,15.5
152,0.0,6,12.5,20170602,281,2017,0.0,2.4,27.5,0.5,2,18.6,54.1,2017-06-02,13.0
153,0.0,6,12.7,20170603,281,2017,0.0,2.4,27.9,0.0,3,19.4,48.0,2017-06-03,12.9
154,0.0,6,12.8,20170604,281,2017,0.0,2.0,28.3,0.0,4,18.6,49.6,2017-06-04,9.4
155,0.0,6,13.0,20170605,281,2017,0.0,2.2,25.8,0.0,5,18.4,55.0,2017-06-05,10.5
156,0.0,6,0.7,20170606,281,2017,0.0,1.7,21.6,1.5,6,17.6,72.3,2017-06-06,12.3
157,0.0,6,0.3,20170607,281,2017,0.0,1.9,25.8,0.3,7,20.8,70.8,2017-06-07,17.2
158,0.0,6,12.0,20170608,281,2017,0.0,3.0,29.0,0.0,8,22.4,46.8,2017-06-08,17.1
159,0.0,6,11.9,20170609,281,2017,0.0,2.2,32.7,0.0,9,24.9,38.3,2017-06-09,15.5
160,0.0,6,4.8,20170610,281,2017,0.0,2.3,29.3,0.0,10,21.6,39.8,2017-06-10,17.0
161,0.0,6,12.1,20170611,281,2017,0.0,2.2,27.1,0.0,11,20.1,44.5,2017-06-11,14.9
162,0.0,6,11.7,20170612,281,2017,0.0,2.3,23.6,0.0,12,18.2,57.0,2017-06-12,11.9
163,0.0,6,8.4,20170613,281,2017,0.0,1.6,28.6,0.5,13,19.7,61.0,2017-06-13,13.0
164,0.0,6,12.5,20170614,281,2017,0.0,2.0,29.7,0.0,14,22.3,51.8,2017-06-14,13.7
165,0.0,6,13.1,20170615,281,2017,0.0,2.7,33.5,0.0,15,25.5,39.4,2017-06-15,19.4
166,0.0,6,12.7,20170616,281,2017,0.0,2.8,26.5,0.0,16,20.9,62.8,2017-06-16,16.6
167,0.0,6,12.4,20170617,281,2017,0.0,1.8,32.0,0.0,17,22.2,60.6,2017-06-17,14.3
168,0.0,6,12.1,20170618,281,2017,0.0,1.9,34.7,0.0,18,24.5,57.4,2017-06-18,15.7
169,0.0,6,11.5,20170619,281,2017,0.0,1.4,36.9,0.0,19,27.3,46.6,2017-06-19,16.8
170,0.0,6,2.8,20170620,281,2017,0.0,1.7,31.4,2.0,20,24.6,54.6,2017-06-20,18.8
171,0.0,6,6.6,20170621,281,2017,0.0,1.5,31.1,0.5,21,23.5,63.0,2017-06-21,18.4
172,0.0,6,11.9,20170622,281,2017,0.0,1.5,31.6,0.0,22,24.4,56.5,2017-06-22,16.3
173,0.0,6,10.5,20170623,281,2017,0.0,2.1,32.1,0.0,23,25.1,58.5,2017-06-23,18.0
174,0.0,6,6.4,20170624,281,2017,0.0,1.8,32.6,0.0,24,24.9,56.8,2017-06-24,18.5
175,0.0,6,6.8,20170625,281,2017,0.0,1.9,30.3,8.0,25,23.4,64.0,2017-06-25,18.5
176,0.0,6,2.4,20170626,281,2017,0.0,1.7,26.1,0.2,26,22.3,77.0,2017-06-26,19.9
177,0.0,6,4.2,20170627,281,2017,0.0,1.5,29.2,0.0,27,23.9,66.9,2017-06-27,18.8
178,0.0,6,7.9,20170628,281,2017,0.0,1.6,32.2,0.0,28,24.8,64.1,2017-06-28,18.0
179,0.0,6,4.5,20170629,281,2017,0.0,1.2,30.2,0.1,29,25.0,63.8,2017-06-29,19.4
180,0.0,6,9.6,20170630,281,2017,0.0,1.9,33.4,0.0,30,27.3,61.3,2017-06-30,21.5
181,0.0,7,0.9,20170701,281,2017,0.0,2.1,31.6,0.1,1,27.7,63.9,2017-07-01,25.0
182,0.0,7,1.3,20170702,281,2017,0.0,1.6,33.0,2.0,2,27.5,69.3,2017-07-02,23.6
183,0.0,7,2.6,20170703,281,2017,0.0,2.8,34.1,0.2,3,28.9,62.4,2017-07-03,26.6
184,0.0,7,2.2,20170704,281,2017,0.0,1.6,32.3,7.0,4,26.2,74.4,2017-07-04,23.1
185,0.0,7,9.0,20170705,281,2017,0.0,1.8,32.8,0.0,5,26.3,69.0,2017-07-05,21.4
186,0.0,7,6.1,20170706,281,2017,0.0,1.3,34.1,0.0,6,27.0,70.6,2017-07-06,21.6
187,0.0,7,2.1,20170707,281,2017,0.0,1.1,30.4,1.0,7,27.1,73.3,2017-07-07,23.7
188,0.0,7,1.3,20170708,281,2017,0.0,1.4,30.9,1.0,8,26.9,76.5,2017-07-08,23.8
189,0.0,7,8.5,20170709,281,2017,0.0,1.5,36.1,6.5,9,29.2,68.3,2017-07-09,24.1
190,0.0,7,1.0,20170710,281,2017,0.0,1.7,33.2,0.0,10,28.9,67.4,2017-07-10,25.4
191,0.0,7,4.0,20170711,281,2017,0.0,2.3,33.9,0.0,11,29.7,56.9,2017-07-11,27.1
192,0.0,7,11.9,20170712,281,2017,0.0,2.3,37.5,0.0,12,30.4,53.4,2017-07-12,24.5
193,0.0,7,12.6,20170713,281,2017,0.0,1.9,38.9,0.0,13,30.4,51.3,2017-07-13,22.0
194,0.0,7,7.4,20170714,281,2017,0.0,2.0,35.8,96.5,14,27.1,70.3,2017-07-14,21.8
195,0.0,7,0.5,20170715,281,2017,0.0,1.3,29.6,1.0,15,25.6,80.4,2017-07-15,22.2
196,0.0,7,2.1,20170716,281,2017,0.0,1.6,33.6,0.0,16,27.4,71.9,2017-07-16,23.7
197,0.0,7,3.4,20170717,281,2017,0.0,1.8,33.6,8.5,17,26.7,75.1,2017-07-17,22.5
198,0.0,7,8.1,20170718,281,2017,0.0,1.8,32.3,0.5,18,27.1,71.8,2017-07-18,22.4
199,0.0,7,10.2,20170719,281,2017,0.0,1.4,35.4,0.0,19,28.7,66.3,2017-07-19,22.4
200,0.0,7,10.6,20170720,281,2017,0.0,1.4,36.1,0.0,20,29.6,63.6,2017-07-20,23.3
201,0.0,7,10.3,20170721,281,2017,0.0,1.5,37.4,0.0,21,30.8,63.3,2017-07-21,24.5
202,0.0,7,1.4,20170722,281,2017,0.0,1.4,34.8,1.5,22,27.1,77.1,2017-07-22,22.1
203,0.0,7,0.0,20170723,281,2017,0.0,1.1,31.8,0.0,23,27.1,81.5,2017-07-23,22.2
204,0.0,7,2.6,20170724,281,2017,0.0,0.9,35.4,3.5,24,27.9,86.0,2017-07-24,25.9
205,0.0,7,0.0,20170725,281,2017,0.0,1.2,26.4,16.0,25,25.1,87.9,2017-07-25,22.8
206,0.0,7,10.3,20170726,281,2017,0.0,2.1,29.4,0.0,26,24.3,67.8,2017-07-26,19.2
207,0.0,7,12.8,20170727,281,2017,0.0,1.5,32.7,0.0,27,25.2,61.3,2017-07-27,16.8
208,0.0,7,6.3,20170728,281,2017,0.0,1.6,33.5,0.0,28,26.8,65.5,2017-07-28,20.1
209,0.0,7,0.0,20170729,281,2017,0.0,1.7,25.6,22.0,29,23.0,88.8,2017-07-29,22.2
210,0.0,7,2.1,20170730,281,2017,0.0,0.8,30.8,0.0,30,25.8,79.6,2017-07-30,22.2
211,0.0,7,0.0,20170731,281,2017,0.0,1.0,26.4,14.0,31,24.7,91.6,2017-07-31,22.6
212,0.0,8,6.2,20170801,281,2017,0.0,1.3,32.0,2.5,1,26.2,79.4,2017-08-01,23.5
213,0.0,8,5.3,20170802,281,2017,0.0,1.3,31.3,0.0,2,25.4,75.6,2017-08-02,22.0
214,0.0,8,8.6,20170803,281,2017,0.0,1.8,31.4,0.0,3,25.8,74.0,2017-08-03,21.0
215,0.0,8,10.5,20170804,281,2017,0.0,1.8,34.2,0.0,4,28.4,70.8,2017-08-04,22.7
216,0.0,8,12.2,20170805,281,2017,0.0,1.6,35.3,0.0,5,29.1,70.3,2017-08-05,23.2
217,0.0,8,11.4,20170806,281,2017,0.0,1.4,37.1,0.0,6,29.9,65.5,2017-08-06,24.1
218,0.0,8,11.1,20170807,281,2017,0.0,1.7,36.3,0.0,7,28.7,67.3,2017-08-07,24.2
219,0.0,8,11.0,20170808,281,2017,0.0,1.6,35.4,0.0,8,28.9,61.0,2017-08-08,22.9
220,0.0,8,0.3,20170809,281,2017,0.0,1.3,29.6,13.0,9,26.5,83.5,2017-08-09,24.5
221,0.0,8,0.0,20170810,281,2017,0.0,0.9,27.4,75.5,10,24.8,92.3,2017-08-10,23.3
222,0.0,8,6.5,20170811,281,2017,0.0,1.2,30.7,0.2,11,25.3,78.9,2017-08-11,21.8
223,0.0,8,7.0,20170812,281,2017,0.0,1.4,29.1,0.0,12,24.3,74.1,2017-08-12,20.5
224,0.0,8,0.7,20170813,281,2017,0.0,1.4,27.3,0.0,13,23.3,77.1,2017-08-13,19.4
225,0.0,8,0.0,20170814,281,2017,0.0,1.2,24.3,56.0,14,22.5,91.6,2017-08-14,21.6
226,0.0,8,0.0,20170815,281,2017,0.0,1.3,25.5,14.5,15,23.4,92.8,2017-08-15,21.7
227,0.0,8,3.6,20170816,281,2017,0.0,1.1,28.8,2.0,16,25.4,80.5,2017-08-16,23.0
228,0.0,8,5.0,20170817,281,2017,0.0,1.8,29.3,0.0,17,24.8,77.4,2017-08-17,22.7
229,0.0,8,8.3,20170818,281,2017,0.0,1.2,31.9,0.0,18,25.5,73.5,2017-08-18,20.8
230,0.0,8,3.2,20170819,281,2017,0.0,1.5,29.8,5.0,19,25.3,79.9,2017-08-19,22.3
231,0.0,8,1.7,20170820,281,2017,0.0,1.9,29.1,0.5,20,25.5,82.8,2017-08-20,23.3
232,0.0,8,4.0,20170821,281,2017,0.0,1.0,32.0,13.5,21,25.6,87.9,2017-08-21,23.4
233,0.0,8,7.8,20170822,281,2017,0.0,1.3,32.7,1.5,22,27.3,78.5,2017-08-22,23.2
234,0.0,8,8.7,20170823,281,2017,0.0,1.5,35.1,3.5,23,29.0,75.3,2017-08-23,23.9
235,0.0,8,7.7,20170824,281,2017,0.0,2.4,34.7,3.0,24,29.9,68.5,2017-08-24,24.8
236,0.0,8,8.1,20170825,281,2017,0.0,1.6,33.1,1.0,25,27.0,66.3,2017-08-25,21.1
237,0.0,8,11.1,20170826,281,2017,0.0,1.7,31.8,0.0,26,23.6,58.6,2017-08-26,16.8
238,0.0,8,10.8,20170827,281,2017,0.0,1.1,30.5,0.0,27,22.4,67.6,2017-08-27,15.4
239,0.0,8,11.1,20170828,281,2017,0.0,1.2,32.6,0.0,28,25.3,64.4,2017-08-28,17.1
240,0.0,8,10.4,20170829,281,2017,0.0,2.0,31.8,0.0,29,25.8,57.4,2017-08-29,20.1
241,0.0,8,1.0,20170830,281,2017,0.0,1.7,25.8,0.0,30,20.9,55.4,2017-08-30,17.1
242,0.0,8,11.0,20170831,281,2017,0.0,1.3,28.2,0.0,31,20.6,64.3,2017-08-31,13.5
243,0.0,9,10.5,20170901,281,2017,0.0,1.9,26.5,0.0,1,20.2,64.5,2017-09-01,15.1
244,0.0,9,9.8,20170902,281,2017,0.0,1.4,26.4,0.0,2,19.5,67.6,2017-09-02,12.3
245,0.0,9,11.4,20170903,281,2017,0.0,1.3,27.4,0.0,3,20.4,67.0,2017-09-03,13.0
246,0.0,9,8.1,20170904,281,2017,0.0,1.4,27.4,0.0,4,21.2,72.8,2017-09-04,16.0
247,0.0,9,0.3,20170905,281,2017,0.0,0.7,26.2,0.5,5,21.3,82.9,2017-09-05,16.9
248,0.0,9,0.1,20170906,281,2017,0.0,1.2,25.4,5.0,6,21.4,84.1,2017-09-06,18.4
249,0.0,9,6.4,20170907,281,2017,0.0,1.5,28.6,0.5,7,21.9,74.4,2017-09-07,18.0
250,0.0,9,9.6,20170908,281,2017,0.0,1.0,30.3,0.0,8,22.7,71.4,2017-09-08,15.2
251,0.0,9,7.5,20170909,281,2017,0.0,0.9,31.2,0.0,9,22.4,73.3,2017-09-09,16.0
252,0.0,9,4.2,20170910,281,2017,0.0,1.4,28.9,0.0,10,22.4,73.1,2017-09-10,16.0
253,0.0,9,0.0,20170911,281,2017,0.0,1.3,22.5,41.5,11,20.8,91.1,2017-09-11,19.6
254,0.0,9,10.8,20170912,281,2017,0.0,1.8,29.9,0.0,12,23.5,66.1,2017-09-12,18.8
255,0.0,9,11.3,20170913,281,2017,0.0,1.6,28.5,0.0,13,21.2,59.0,2017-09-13,14.3
256,0.0,9,11.0,20170914,281,2017,0.0,1.5,26.9,0.0,14,19.7,69.6,2017-09-14,13.4
257,0.0,9,7.1,20170915,281,2017,0.0,2.8,24.5,0.0,15,20.3,61.1,2017-09-15,15.3
258,0.0,9,2.1,20170916,281,2017,0.0,3.1,24.7,0.0,16,21.8,60.8,2017-09-16,19.0
259,0.0,9,0.5,20170917,281,2017,0.0,2.1,24.9,0.0,17,21.6,73.0,2017-09-17,17.3
260,0.0,9,10.6,20170918,281,2017,0.0,1.0,28.6,0.0,18,20.6,70.0,2017-09-18,14.1
261,0.0,9,7.6,20170919,281,2017,0.0,1.3,29.1,0.0,19,22.0,66.4,2017-09-19,13.4
262,0.0,9,5.7,20170920,281,2017,0.0,2.3,25.7,0.0,20,20.3,57.8,2017-09-20,12.4
263,0.0,9,10.3,20170921,281,2017,0.0,1.1,27.4,0.0,21,18.4,69.0,2017-09-21,9.4
264,0.0,9,10.7,20170922,281,2017,0.0,0.8,28.1,0.0,22,19.8,68.1,2017-09-22,12.9
265,0.0,9,8.5,20170923,281,2017,0.0,0.9,27.6,0.0,23,20.2,68.0,2017-09-23,13.7
266,0.0,9,9.8,20170924,281,2017,0.0,1.0,29.3,0.0,24,20.6,72.3,2017-09-24,12.9
267,0.0,9,9.3,20170925,281,2017,0.0,1.2,29.4,0.0,25,20.8,72.4,2017-09-25,14.8
268,0.0,9,7.2,20170926,281,2017,0.0,1.3,28.7,0.0,26,21.0,71.6,2017-09-26,13.9
269,0.0,9,0.0,20170927,281,2017,0.0,0.7,20.1,43.0,27,18.4,90.6,2017-09-27,16.7
270,0.0,9,7.0,20170928,281,2017,0.0,1.5,26.2,0.0,28,19.9,65.9,2017-09-28,15.7
271,0.0,9,10.2,20170929,281,2017,0.0,1.8,22.3,0.0,29,15.9,49.1,2017-09-29,10.6
272,0.0,9,11.0,20170930,281,2017,0.0,1.1,27.0,0.0,30,16.1,66.0,2017-09-30,6.3
273,0.0,10,0.2,20171001,281,2017,0.0,0.8,21.0,5.0,1,15.9,80.3,2017-10-01,9.5
274,0.0,10,0.4,20171002,281,2017,0.0,1.2,24.8,16.5,2,20.3,86.4,2017-10-02,17.6
275,0.0,10,5.7,20171003,281,2017,0.0,1.6,23.1,0.0,3,18.9,76.1,2017-10-03,15.8
276,0.0,10,5.1,20171004,281,2017,0.0,1.8,21.7,0.0,4,17.3,67.5,2017-10-04,13.5
277,0.0,10,0.8,20171005,281,2017,0.0,1.2,21.3,0.0,5,15.8,74.1,2017-10-05,12.2
278,0.0,10,0.0,20171006,281,2017,0.0,0.8,19.2,8.0,6,16.4,92.6,2017-10-06,14.0
279,0.0,10,2.4,20171007,281,2017,0.0,0.9,24.5,0.0,7,19.9,83.5,2017-10-07,16.9
280,0.0,10,8.6,20171008,281,2017,0.0,0.9,28.0,0.0,8,21.0,79.0,2017-10-08,16.4
281,0.0,10,8.3,20171009,281,2017,0.0,0.8,29.1,0.0,9,21.1,79.1,2017-10-09,16.7
282,0.0,10,9.1,20171010,281,2017,0.0,1.2,29.3,0.0,10,21.9,75.3,2017-10-10,15.6
283,0.0,10,1.5,20171011,281,2017,0.0,1.5,24.1,0.0,11,19.9,77.0,2017-10-11,16.9
284,0.0,10,0.0,20171012,281,2017,0.0,1.1,17.0,28.5,12,14.5,85.9,2017-10-12,13.8
285,0.0,10,10.2,20171013,281,2017,0.0,2.0,20.6,0.0,13,14.3,62.6,2017-10-13,10.0
286,0.0,10,7.7,20171014,281,2017,0.0,1.2,20.9,0.0,14,14.5,59.8,2017-10-14,10.2
287,0.0,10,0.7,20171015,281,2017,0.0,1.6,19.7,0.2,15,15.3,68.8,2017-10-15,11.0
288,0.0,10,0.0,20171016,281,2017,0.0,1.2,19.7,0.0,16,15.2,72.0,2017-10-16,10.3
289,0.0,10,8.0,20171017,281,2017,0.0,1.4,22.5,0.0,17,15.0,71.0,2017-10-17,7.5
290,0.0,10,0.2,20171018,281,2017,0.0,2.3,18.7,0.0,18,16.4,57.6,2017-10-18,14.4
291,0.0,10,2.3,20171019,281,2017,0.0,1.3,19.4,0.0,19,14.8,76.0,2017-10-19,11.2
292,0.0,10,5.8,20171020,281,2017,0.0,1.0,21.5,0.0,20,14.4,77.9,2017-10-20,9.3
293,0.0,10,9.9,20171021,281,2017,0.0,1.6,22.0,0.0,21,14.5,70.5,2017-10-21,7.0
294,0.0,10,6.2,20171022,281,2017,0.0,3.3,21.0,0.0,22,17.0,53.4,2017-10-22,11.5
295,0.0,10,7.4,20171023,281,2017,0.0,1.5,19.2,0.0,23,13.4,51.3,2017-10-23,7.4
296,0.0,10,2.8,20171024,281,2017,0.0,0.7,18.0,0.0,24,11.0,71.9,2017-10-24,6.3
297,0.0,10,7.0,20171025,281,2017,0.0,0.8,20.1,0.0,25,10.5,75.0,2017-10-25,4.6
298,0.0,10,3.8,20171026,281,2017,0.0,0.5,19.8,0.0,26,11.0,74.1,2017-10-26,3.3
299,0.0,10,4.7,20171027,281,2017,0.0,1.0,21.7,0.0,27,13.7,73.5,2017-10-27,7.9
300,0.0,10,4.3,20171028,281,2017,0.0,1.0,22.2,0.0,28,15.0,75.1,2017-10-28,8.8
301,0.0,10,8.1,20171029,281,2017,0.0,2.6,22.7,0.0,29,14.4,57.9,2017-10-29,8.3
302,0.0,10,9.7,20171030,281,2017,0.0,2.5,15.2,0.0,30,9.1,33.3,2017-10-30,3.6
303,0.0,10,9.8,20171031,281,2017,0.0,1.1,18.6,0.0,31,7.5,53.3,2017-10-31,-1.6
304,0.0,11,8.1,20171101,281,2017,0.0,1.4,19.8,0.0,1,11.1,62.0,2017-11-01,2.2
305,0.0,11,6.6,20171102,281,2017,0.0,0.6,19.9,0.0,2,11.5,72.6,2017-11-02,5.7
306,0.0,11,5.4,20171103,281,2017,0.0,1.7,21.0,0.0,3,11.7,68.5,2017-11-03,4.9
307,0.0,11,6.6,20171104,281,2017,0.0,1.8,15.3,0.0,4,8.1,54.8,2017-11-04,2.4
308,0.0,11,9.1,20171105,281,2017,0.0,1.5,16.4,0.0,5,8.0,54.6,2017-11-05,1.8
309,0.0,11,8.9,20171106,281,2017,0.0,0.9,19.8,0.0,6,8.3,61.8,2017-11-06,-1.1
310,0.0,11,7.5,20171107,281,2017,0.0,1.3,21.0,0.0,7,12.6,63.9,2017-11-07,2.2
311,0.0,11,7.9,20171108,281,2017,0.0,2.5,21.5,0.0,8,14.6,49.4,2017-11-08,9.0
312,0.0,11,8.3,20171109,281,2017,0.0,0.8,19.3,0.0,9,9.2,57.1,2017-11-09,1.5
313,0.0,11,7.9,20171110,281,2017,0.0,2.5,21.2,0.0,10,12.1,61.5,2017-11-10,2.5
314,0.0,11,8.3,20171111,281,2017,0.0,2.8,13.3,0.0,11,6.9,39.1,2017-11-11,-0.4
315,0.0,11,8.3,20171112,281,2017,0.0,0.9,14.9,0.0,12,4.6,55.4,2017-11-12,-3.3
316,0.0,11,6.5,20171113,281,2017,0.0,1.0,16.4,0.0,13,6.6,54.6,2017-11-13,-2.1
317,0.0,11,7.8,20171114,281,2017,0.0,2.5,16.1,0.0,14,9.6,42.0,2017-11-14,3.4
318,0.0,11,5.9,20171115,281,2017,0.0,3.1,11.8,0.0,15,6.6,39.0,2017-11-15,0.8
319,0.0,11,7.9,20171116,281,2017,0.0,1.6,10.0,0.0,16,3.1,46.0,2017-11-16,-2.3
320,0.0,11,5.4,20171117,281,2017,0.0,0.6,11.9,0.0,17,4.3,49.6,2017-11-17,-5.1
321,0.0,11,7.6,20171118,281,2017,0.0,3.4,9.2,0.0,18,3.8,33.8,2017-11-18,-1.5
322,0.0,11,7.8,20171119,281,2017,0.0,3.3,5.9,0.0,19,1.5,27.4,2017-11-19,-3.2
323,0.0,11,7.6,20171120,281,2017,0.0,2.8,9.0,0.0,20,3.7,40.0,2017-11-20,-1.5
324,0.0,11,7.8,20171121,281,2017,0.0,0.9,12.8,0.0,21,2.3,56.6,2017-11-21,-5.0
325,0.0,11,1.1,20171122,281,2017,0.0,1.6,11.7,0.0,22,5.2,54.1,2017-11-22,-2.6
326,0.0,11,6.5,20171123,281,2017,0.0,2.8,7.8,0.0,23,3.0,40.9,2017-11-23,-1.6
327,0.0,11,4.5,20171124,281,2017,0.0,2.2,7.6,0.1,24,2.1,65.3,2017-11-24,-1.6
328,0.0,11,6.9,20171125,281,2017,0.0,1.4,10.5,0.0,25,3.3,60.0,2017-11-25,-5.8
329,0.0,11,5.1,20171126,281,2017,0.0,1.3,13.9,0.0,26,6.0,70.4,2017-11-26,-1.3
330,0.0,11,7.3,20171127,281,2017,0.0,0.5,15.3,0.0,27,4.9,72.8,2017-11-27,-2.2
331,0.0,11,4.4,20171128,281,2017,0.0,0.9,16.8,0.0,28,6.6,71.4,2017-11-28,-0.9
332,0.0,11,5.8,20171129,281,2017,0.0,2.1,14.8,0.0,29,8.8,47.3,2017-11-29,1.3
333,0.0,11,5.8,20171130,281,2017,0.0,3.9,8.6,0.0,30,4.2,20.5,2017-11-30,-1.2
334,0.0,12,7.7,20171201,281,2017,0.0,2.8,4.6,0.0,1,-0.9,29.6,2017-12-01,-6.4
335,0.0,12,7.7,20171202,281,2017,0.0,1.0,8.4,0.0,2,-0.8,49.9,2017-12-02,-8.6
336,0.0,12,7.6,20171203,281,2017,0.0,0.7,13.0,0.0,3,2.4,61.9,2017-12-03,-6.3
337,0.0,12,5.3,20171204,281,2017,0.0,3.0,8.8,0.0,4,2.3,51.4,2017-12-04,-1.8
338,0.0,12,7.7,20171205,281,2017,0.0,4.2,2.6,0.0,5,-1.7,34.3,2017-12-05,-4.9
339,0.0,12,6.0,20171206,281,2017,0.0,0.8,7.7,0.0,6,-1.1,54.9,2017-12-06,-7.8
340,0.0,12,2.3,20171207,281,2017,0.0,1.3,7.2,0.0,7,0.8,60.9,2017-12-07,-4.7
341,0.0,12,7.6,20171208,281,2017,0.0,3.7,3.4,0.0,8,-0.9,32.4,2017-12-08,-4.2
342,0.0,12,6.5,20171209,281,2017,0.0,1.6,7.6,0.0,9,0.9,52.1,2017-12-09,-6.4
343,0.0,12,2.3,20171210,281,2017,0.0,2.0,10.3,0.0,10,3.6,60.9,2017-12-10,-2.5
344,0.0,12,7.3,20171211,281,2017,0.0,5.2,3.0,0.0,11,-2.0,36.5,2017-12-11,-6.3
345,0.0,12,7.6,20171212,281,2017,0.0,3.7,-0.7,0.0,12,-5.3,25.6,2017-12-12,-9.1
346,0.0,12,7.7,20171213,281,2017,0.0,3.1,2.2,0.0,13,-4.1,24.1,2017-12-13,-8.6
347,0.0,12,7.4,20171214,281,2017,0.0,0.8,5.2,0.0,14,-3.9,43.3,2017-12-14,-13.4
348,0.0,12,6.7,20171215,281,2017,0.0,1.6,7.5,0.0,15,-0.7,37.3,2017-12-15,-9.6
349,0.0,12,6.2,20171216,281,2017,0.0,4.1,3.1,0.0,16,-0.3,35.5,2017-12-16,-4.9
350,0.0,12,7.6,20171217,281,2017,0.0,3.7,1.3,0.0,17,-3.5,33.9,2017-12-17,-7.6
351,0.0,12,7.6,20171218,281,2017,0.0,1.8,6.9,0.0,18,-0.9,48.3,2017-12-18,-7.3
352,0.0,12,7.4,20171219,281,2017,0.0,3.3,3.7,0.0,19,-0.1,38.1,2017-12-19,-5.9
353,0.0,12,7.6,20171220,281,2017,0.0,1.6,6.0,0.0,20,-1.9,44.8,2017-12-20,-7.1
354,0.0,12,7.6,20171221,281,2017,0.0,2.2,7.7,0.0,21,-0.3,44.1,2017-12-21,-8.5
355,0.0,12,7.6,20171222,281,2017,0.0,1.6,9.4,0.0,22,0.7,56.0,2017-12-22,-6.6
356,0.0,12,6.6,20171223,281,2017,0.0,0.5,11.1,0.0,23,0.1,66.1,2017-12-23,-6.7
357,0.0,12,0.0,20171224,281,2017,0.0,2.2,6.6,10.0,24,2.7,74.1,2017-12-24,-2.3
358,0.0,12,7.5,20171225,281,2017,0.0,4.0,4.6,0.0,25,1.1,38.0,2017-12-25,-2.0
359,0.0,12,6.1,20171226,281,2017,0.0,3.9,5.7,0.0,26,0.7,39.0,2017-12-26,-4.1
360,0.0,12,7.6,20171227,281,2017,0.0,4.3,1.1,0.0,27,-2.9,23.0,2017-12-27,-7.0
361,0.0,12,6.1,20171228,281,2017,0.0,2.2,4.8,0.0,28,-0.9,38.5,2017-12-28,-6.3
362,0.0,12,6.7,20171229,281,2017,0.0,2.6,9.5,0.0,29,3.9,58.4,2017-12-29,-1.4
363,0.0,12,2.6,20171230,281,2017,0.0,0.8,8.7,0.0,30,2.3,68.8,2017-12-30,-4.6
364,0.0,12,7.3,20171231,281,2017,0.0,3.8,7.0,0.0,31,3.3,41.0,2017-12-31,-0.6
